"Record Length",100000,"Points",-0.0005,0.024800001
"Sample Interval",1E-08,s,-0.00049999,0.024000001
"Trigger Point",50000,"Samples",-0.00049998,0.024000001
"Trigger Time",6.20896240361617E-09,s,-0.00049997,0.024800001
"",,,-0.00049996,0.024000001
"Horizontal Offset",-0.0005,s,-0.00049995,0.025600002
,,,-0.00049994,0.024800001
,,,-0.00049993,0.024000001
,,,-0.00049992,0.024000001
,,,-0.00049991,0.023200001
,,,-0.0004999,0.024000001
,,,-0.00049989,0.024000001
,,,-0.00049988,0.024000001
,,,-0.00049987,0.024800001
,,,-0.00049986,0.023200001
,,,-0.00049985,0.025600002
,,,-0.00049984,0.024000001
,,,-0.00049983,0.024800001
,,,-0.00049982,0.024800001
,,,-0.00049981,0.023200001
,,,-0.0004998,0.025600002
,,,-0.00049979,0.021600001
,,,-0.00049978,0.025600002
,,,-0.00049977,0.024800001
,,,-0.00049976,0.024000001
,,,-0.00049975,0.025600002
,,,-0.00049974,0.025600002
,,,-0.00049973,0.024000001
,,,-0.00049972,0.024000001
,,,-0.00049971,0.024800001
,,,-0.0004997,0.024000001
,,,-0.00049969,0.024000001
,,,-0.00049968,0.024800001
,,,-0.00049967,0.024000001
,,,-0.00049966,0.025600002
,,,-0.00049965,0.024000001
,,,-0.00049964,0.024000001
,,,-0.00049963,0.024000001
,,,-0.00049962,0.024800001
,,,-0.00049961,0.023200001
,,,-0.0004996,0.024800001
,,,-0.00049959,0.023200001
,,,-0.00049958,0.023200001
,,,-0.00049957,0.024800001
,,,-0.00049956,0.024000001
,,,-0.00049955,0.024000001
,,,-0.00049954,0.024000001
,,,-0.00049953,0.024800001
,,,-0.00049952,0.024800001
,,,-0.00049951,0.024000001
,,,-0.0004995,0.024800001
,,,-0.00049949,0.024000001
,,,-0.00049948,0.024000001
,,,-0.00049947,0.023200001
,,,-0.00049946,0.023200001
,,,-0.00049945,0.024000001
,,,-0.00049944,0.025600002
,,,-0.00049943,0.025600002
,,,-0.00049942,0.022400001
,,,-0.00049941,0.024000001
,,,-0.0004994,0.024800001
,,,-0.00049939,0.022400001
,,,-0.00049938,0.024000001
,,,-0.00049937,0.026400002
,,,-0.00049936,0.023200001
,,,-0.00049935,0.024000001
,,,-0.00049934,0.025600002
,,,-0.00049933,0.024800001
,,,-0.00049932,0.025600002
,,,-0.00049931,0.023200001
,,,-0.0004993,0.024000001
,,,-0.00049929,0.023200001
,,,-0.00049928,0.024000001
,,,-0.00049927,0.024000001
,,,-0.00049926,0.024800001
,,,-0.00049925,0.024800001
,,,-0.00049924,0.024000001
,,,-0.00049923,0.024000001
,,,-0.00049922,0.024800001
,,,-0.00049921,0.024800001
,,,-0.0004992,0.024800001
,,,-0.00049919,0.024000001
,,,-0.00049918,0.024000001
,,,-0.00049917,0.024000001
,,,-0.00049916,0.024000001
,,,-0.00049915,0.025600002
,,,-0.00049914,0.025600002
,,,-0.00049913,0.025600002
,,,-0.00049912,0.024000001
,,,-0.00049911,0.024000001
,,,-0.0004991,0.024000001
,,,-0.00049909,0.024800001
,,,-0.00049908,0.024000001
,,,-0.00049907,0.024800001
,,,-0.00049906,0.024000001
,,,-0.00049905,0.024800001
,,,-0.00049904,0.023200001
,,,-0.00049903,0.023200001
,,,-0.00049902,0.024000001
,,,-0.00049901,0.024000001
,,,-0.000499,0.024800001
,,,-0.00049899,0.024000001
,,,-0.00049898,0.025600002
,,,-0.00049897,0.024800001
,,,-0.00049896,0.024000001
,,,-0.00049895,0.023200001
,,,-0.00049894,0.024000001
,,,-0.00049893,0.023200001
,,,-0.00049892,0.023200001
,,,-0.00049891,0.024000001
,,,-0.0004989,0.024000001
,,,-0.00049889,0.024000001
,,,-0.00049888,0.024000001
,,,-0.00049887,0.023200001
,,,-0.00049886,0.024800001
,,,-0.00049885,0.024000001
,,,-0.00049884,0.024000001
,,,-0.00049883,0.025600002
,,,-0.00049882,0.024000001
,,,-0.00049881,0.024000001
,,,-0.0004988,0.024800001
,,,-0.00049879,0.023200001
,,,-0.00049878,0.023200001
,,,-0.00049877,0.023200001
,,,-0.00049876,0.023200001
,,,-0.00049875,0.023200001
,,,-0.00049874,0.024000001
,,,-0.00049873,0.023200001
,,,-0.00049872,0.024800001
,,,-0.00049871,0.024000001
,,,-0.0004987,0.024000001
,,,-0.00049869,0.024000001
,,,-0.00049868,0.025600002
,,,-0.00049867,0.023200001
,,,-0.00049866,0.024800001
,,,-0.00049865,0.024800001
,,,-0.00049864,0.024000001
,,,-0.00049863,0.024800001
,,,-0.00049862,0.024000001
,,,-0.00049861,0.024000001
,,,-0.0004986,0.024000001
,,,-0.00049859,0.024800001
,,,-0.00049858,0.025600002
,,,-0.00049857,0.024800001
,,,-0.00049856,0.023200001
,,,-0.00049855,0.024000001
,,,-0.00049854,0.024800001
,,,-0.00049853,0.024000001
,,,-0.00049852,0.024000001
,,,-0.00049851,0.025600002
,,,-0.0004985,0.025600002
,,,-0.00049849,0.024000001
,,,-0.00049848,0.024000001
,,,-0.00049847,0.024000001
,,,-0.00049846,0.024800001
,,,-0.00049845,0.024800001
,,,-0.00049844,0.023200001
,,,-0.00049843,0.024000001
,,,-0.00049842,0.024000001
,,,-0.00049841,0.022400001
,,,-0.0004984,0.024000001
,,,-0.00049839,0.024000001
,,,-0.00049838,0.024000001
,,,-0.00049837,0.024800001
,,,-0.00049836,0.024000001
,,,-0.00049835,0.024800001
,,,-0.00049834,0.022400001
,,,-0.00049833,0.024800001
,,,-0.00049832,0.024000001
,,,-0.00049831,0.024000001
,,,-0.0004983,0.024000001
,,,-0.00049829,0.024000001
,,,-0.00049828,0.024800001
,,,-0.00049827,0.024000001
,,,-0.00049826,0.024000001
,,,-0.00049825,0.024800001
,,,-0.00049824,0.024000001
,,,-0.00049823,0.024800001
,,,-0.00049822,0.024800001
,,,-0.00049821,0.024000001
,,,-0.0004982,0.026400002
,,,-0.00049819,0.024800001
,,,-0.00049818,0.024000001
,,,-0.00049817,0.024000001
,,,-0.00049816,0.026400002
,,,-0.00049815,0.024800001
,,,-0.00049814,0.025600002
,,,-0.00049813,0.024800001
,,,-0.00049812,0.023200001
,,,-0.00049811,0.024800001
,,,-0.0004981,0.026400002
,,,-0.00049809,0.024000001
,,,-0.00049808,0.024000001
,,,-0.00049807,0.023200001
,,,-0.00049806,0.023200001
,,,-0.00049805,0.024000001
,,,-0.00049804,0.024800001
,,,-0.00049803,0.024000001
,,,-0.00049802,0.024000001
,,,-0.00049801,0.024800001
,,,-0.000498,0.022400001
,,,-0.00049799,0.024000001
,,,-0.00049798,0.023200001
,,,-0.00049797,0.024000001
,,,-0.00049796,0.026400002
,,,-0.00049795,0.023200001
,,,-0.00049794,0.024000001
,,,-0.00049793,0.023200001
,,,-0.00049792,0.024000001
,,,-0.00049791,0.024000001
,,,-0.0004979,0.023200001
,,,-0.00049789,0.024000001
,,,-0.00049788,0.024000001
,,,-0.00049787,0.024800001
,,,-0.00049786,0.025600002
,,,-0.00049785,0.023200001
,,,-0.00049784,0.024800001
,,,-0.00049783,0.024000001
,,,-0.00049782,0.024000001
,,,-0.00049781,0.024000001
,,,-0.0004978,0.024800001
,,,-0.00049779,0.024800001
,,,-0.00049778,0.022400001
,,,-0.00049777,0.024000001
,,,-0.00049776,0.024000001
,,,-0.00049775,0.024000001
,,,-0.00049774,0.023200001
,,,-0.00049773,0.024000001
,,,-0.00049772,0.023200001
,,,-0.00049771,0.023200001
,,,-0.0004977,0.024000001
,,,-0.00049769,0.026400002
,,,-0.00049768,0.024800001
,,,-0.00049767,0.024000001
,,,-0.00049766,0.021600001
,,,-0.00049765,0.023200001
,,,-0.00049764,0.027200002
,,,-0.00049763,0.024800001
,,,-0.00049762,0.024000001
,,,-0.00049761,0.023200001
,,,-0.0004976,0.023200001
,,,-0.00049759,0.024800001
,,,-0.00049758,0.024000001
,,,-0.00049757,0.023200001
,,,-0.00049756,0.024000001
,,,-0.00049755,0.024800001
,,,-0.00049754,0.024000001
,,,-0.00049753,0.024000001
,,,-0.00049752,0.024000001
,,,-0.00049751,0.024800001
,,,-0.0004975,0.024000001
,,,-0.00049749,0.023200001
,,,-0.00049748,0.024000001
,,,-0.00049747,0.025600002
,,,-0.00049746,0.024000001
,,,-0.00049745,0.024000001
,,,-0.00049744,0.023200001
,,,-0.00049743,0.025600002
,,,-0.00049742,0.024000001
,,,-0.00049741,0.023200001
,,,-0.0004974,0.024000001
,,,-0.00049739,0.024000001
,,,-0.00049738,0.024800001
,,,-0.00049737,0.024000001
,,,-0.00049736,0.024800001
,,,-0.00049735,0.024000001
,,,-0.00049734,0.024000001
,,,-0.00049733,0.024000001
,,,-0.00049732,0.024800001
,,,-0.00049731,0.024000001
,,,-0.0004973,0.025600002
,,,-0.00049729,0.023200001
,,,-0.00049728,0.024000001
,,,-0.00049727,0.025600002
,,,-0.00049726,0.025600002
,,,-0.00049725,0.023200001
,,,-0.00049724,0.024000001
,,,-0.00049723,0.024000001
,,,-0.00049722,0.024000001
,,,-0.00049721,0.024800001
,,,-0.0004972,0.024800001
,,,-0.00049719,0.024800001
,,,-0.00049718,0.024000001
,,,-0.00049717,0.024000001
,,,-0.00049716,0.024000001
,,,-0.00049715,0.024000001
,,,-0.00049714,0.023200001
,,,-0.00049713,0.023200001
,,,-0.00049712,0.024800001
,,,-0.00049711,0.024000001
,,,-0.0004971,0.024000001
,,,-0.00049709,0.022400001
,,,-0.00049708,0.024000001
,,,-0.00049707,0.025600002
,,,-0.00049706,0.024000001
,,,-0.00049705,0.024800001
,,,-0.00049704,0.024800001
,,,-0.00049703,0.024000001
,,,-0.00049702,0.025600002
,,,-0.00049701,0.024800001
,,,-0.000497,0.024000001
,,,-0.00049699,0.026400002
,,,-0.00049698,0.023200001
,,,-0.00049697,0.024800001
,,,-0.00049696,0.024000001
,,,-0.00049695,0.024000001
,,,-0.00049694,0.024000001
,,,-0.00049693,0.024800001
,,,-0.00049692,0.024800001
,,,-0.00049691,0.024000001
,,,-0.0004969,0.024000001
,,,-0.00049689,0.024000001
,,,-0.00049688,0.024800001
,,,-0.00049687,0.024000001
,,,-0.00049686,0.024800001
,,,-0.00049685,0.024000001
,,,-0.00049684,0.023200001
,,,-0.00049683,0.024800001
,,,-0.00049682,0.024800001
,,,-0.00049681,0.026400002
,,,-0.0004968,0.023200001
,,,-0.00049679,0.024000001
,,,-0.00049678,0.025600002
,,,-0.00049677,0.024000001
,,,-0.00049676,0.024000001
,,,-0.00049675,0.024000001
,,,-0.00049674,0.024000001
,,,-0.00049673,0.024000001
,,,-0.00049672,0.024000001
,,,-0.00049671,0.025600002
,,,-0.0004967,0.025600002
,,,-0.00049669,0.024000001
,,,-0.00049668,0.024000001
,,,-0.00049667,0.025600002
,,,-0.00049666,0.024000001
,,,-0.00049665,0.024800001
,,,-0.00049664,0.024800001
,,,-0.00049663,0.023200001
,,,-0.00049662,0.023200001
,,,-0.00049661,0.024800001
,,,-0.0004966,0.025600002
,,,-0.00049659,0.023200001
,,,-0.00049658,0.024000001
,,,-0.00049657,0.023200001
,,,-0.00049656,0.024800001
,,,-0.00049655,0.024800001
,,,-0.00049654,0.024800001
,,,-0.00049653,0.024000001
,,,-0.00049652,0.024000001
,,,-0.00049651,0.023200001
,,,-0.0004965,0.024800001
,,,-0.00049649,0.023200001
,,,-0.00049648,0.024800001
,,,-0.00049647,0.024000001
,,,-0.00049646,0.024000001
,,,-0.00049645,0.022400001
,,,-0.00049644,0.024000001
,,,-0.00049643,0.026400002
,,,-0.00049642,0.024000001
,,,-0.00049641,0.023200001
,,,-0.0004964,0.024800001
,,,-0.00049639,0.024000001
,,,-0.00049638,0.025600002
,,,-0.00049637,0.024000001
,,,-0.00049636,0.023200001
,,,-0.00049635,0.024000001
,,,-0.00049634,0.025600002
,,,-0.00049633,0.024000001
,,,-0.00049632,0.024800001
,,,-0.00049631,0.024000001
,,,-0.0004963,0.024000001
,,,-0.00049629,0.025600002
,,,-0.00049628,0.024800001
,,,-0.00049627,0.024000001
,,,-0.00049626,0.024000001
,,,-0.00049625,0.022400001
,,,-0.00049624,0.024800001
,,,-0.00049623,0.024000001
,,,-0.00049622,0.024000001
,,,-0.00049621,0.025600002
,,,-0.0004962,0.024000001
,,,-0.00049619,0.024000001
,,,-0.00049618,0.024000001
,,,-0.00049617,0.024800001
,,,-0.00049616,0.024800001
,,,-0.00049615,0.024800001
,,,-0.00049614,0.023200001
,,,-0.00049613,0.024000001
,,,-0.00049612,0.024000001
,,,-0.00049611,0.024800001
,,,-0.0004961,0.024800001
,,,-0.00049609,0.024000001
,,,-0.00049608,0.022400001
,,,-0.00049607,0.023200001
,,,-0.00049606,0.024800001
,,,-0.00049605,0.024800001
,,,-0.00049604,0.022400001
,,,-0.00049603,0.024800001
,,,-0.00049602,0.024000001
,,,-0.00049601,0.024800001
,,,-0.000496,0.024800001
,,,-0.00049599,0.024000001
,,,-0.00049598,0.024000001
,,,-0.00049597,0.024000001
,,,-0.00049596,0.025600002
,,,-0.00049595,0.024000001
,,,-0.00049594,0.024000001
,,,-0.00049593,0.024000001
,,,-0.00049592,0.023200001
,,,-0.00049591,0.024800001
,,,-0.0004959,0.024800001
,,,-0.00049589,0.024000001
,,,-0.00049588,0.024000001
,,,-0.00049587,0.024800001
,,,-0.00049586,0.024000001
,,,-0.00049585,0.024000001
,,,-0.00049584,0.023200001
,,,-0.00049583,0.024800001
,,,-0.00049582,0.025600002
,,,-0.00049581,0.024800001
,,,-0.0004958,0.025600002
,,,-0.00049579,0.024000001
,,,-0.00049578,0.024000001
,,,-0.00049577,0.024000001
,,,-0.00049576,0.024000001
,,,-0.00049575,0.024800001
,,,-0.00049574,0.022400001
,,,-0.00049573,0.024000001
,,,-0.00049572,0.023200001
,,,-0.00049571,0.024000001
,,,-0.0004957,0.024800001
,,,-0.00049569,0.024800001
,,,-0.00049568,0.024000001
,,,-0.00049567,0.024000001
,,,-0.00049566,0.024000001
,,,-0.00049565,0.024000001
,,,-0.00049564,0.024800001
,,,-0.00049563,0.024000001
,,,-0.00049562,0.024000001
,,,-0.00049561,0.024000001
,,,-0.0004956,0.024000001
,,,-0.00049559,0.024800001
,,,-0.00049558,0.023200001
,,,-0.00049557,0.024000001
,,,-0.00049556,0.024000001
,,,-0.00049555,0.023200001
,,,-0.00049554,0.024000001
,,,-0.00049553,0.024000001
,,,-0.00049552,0.023200001
,,,-0.00049551,0.024000001
,,,-0.0004955,0.025600002
,,,-0.00049549,0.024000001
,,,-0.00049548,0.024800001
,,,-0.00049547,0.024000001
,,,-0.00049546,0.024000001
,,,-0.00049545,0.022400001
,,,-0.00049544,0.024000001
,,,-0.00049543,0.024000001
,,,-0.00049542,0.024800001
,,,-0.00049541,0.023200001
,,,-0.0004954,0.026400002
,,,-0.00049539,0.027200002
,,,-0.00049538,0.024000001
,,,-0.00049537,0.024800001
,,,-0.00049536,0.024000001
,,,-0.00049535,0.024000001
,,,-0.00049534,0.024000001
,,,-0.00049533,0.024000001
,,,-0.00049532,0.024000001
,,,-0.00049531,0.024000001
,,,-0.0004953,0.024000001
,,,-0.00049529,0.025600002
,,,-0.00049528,0.022400001
,,,-0.00049527,0.026400002
,,,-0.00049526,0.024000001
,,,-0.00049525,0.023200001
,,,-0.00049524,0.025600002
,,,-0.00049523,0.024800001
,,,-0.00049522,0.024000001
,,,-0.00049521,0.024000001
,,,-0.0004952,0.025600002
,,,-0.00049519,0.024000001
,,,-0.00049518,0.024000001
,,,-0.00049517,0.024000001
,,,-0.00049516,0.023200001
,,,-0.00049515,0.023200001
,,,-0.00049514,0.024000001
,,,-0.00049513,0.023200001
,,,-0.00049512,0.024000001
,,,-0.00049511,0.025600002
,,,-0.0004951,0.024000001
,,,-0.00049509,0.025600002
,,,-0.00049508,0.025600002
,,,-0.00049507,0.026400002
,,,-0.00049506,0.024000001
,,,-0.00049505,0.024800001
,,,-0.00049504,0.023200001
,,,-0.00049503,0.025600002
,,,-0.00049502,0.024000001
,,,-0.00049501,0.023200001
,,,-0.000495,0.024800001
,,,-0.00049499,0.025600002
,,,-0.00049498,0.024000001
,,,-0.00049497,0.024800001
,,,-0.00049496,0.024000001
,,,-0.00049495,0.024000001
,,,-0.00049494,0.023200001
,,,-0.00049493,0.024000001
,,,-0.00049492,0.024000001
,,,-0.00049491,0.025600002
,,,-0.0004949,0.024800001
,,,-0.00049489,0.026400002
,,,-0.00049488,0.024000001
,,,-0.00049487,0.024000001
,,,-0.00049486,0.021600001
,,,-0.00049485,0.024000001
,,,-0.00049484,0.024000001
,,,-0.00049483,0.024000001
,,,-0.00049482,0.024000001
,,,-0.00049481,0.024800001
,,,-0.0004948,0.023200001
,,,-0.00049479,0.024800001
,,,-0.00049478,0.024000001
,,,-0.00049477,0.023200001
,,,-0.00049476,0.024000001
,,,-0.00049475,0.025600002
,,,-0.00049474,0.023200001
,,,-0.00049473,0.024800001
,,,-0.00049472,0.025600002
,,,-0.00049471,0.024000001
,,,-0.0004947,0.024000001
,,,-0.00049469,0.024000001
,,,-0.00049468,0.024000001
,,,-0.00049467,0.024000001
,,,-0.00049466,0.023200001
,,,-0.00049465,0.024000001
,,,-0.00049464,0.023200001
,,,-0.00049463,0.024800001
,,,-0.00049462,0.025600002
,,,-0.00049461,0.025600002
,,,-0.0004946,0.024000001
,,,-0.00049459,0.024000001
,,,-0.00049458,0.024000001
,,,-0.00049457,0.024000001
,,,-0.00049456,0.023200001
,,,-0.00049455,0.025600002
,,,-0.00049454,0.024000001
,,,-0.00049453,0.024000001
,,,-0.00049452,0.024000001
,,,-0.00049451,0.023200001
,,,-0.0004945,0.024000001
,,,-0.00049449,0.024000001
,,,-0.00049448,0.025600002
,,,-0.00049447,0.023200001
,,,-0.00049446,0.024800001
,,,-0.00049445,0.024800001
,,,-0.00049444,0.026400002
,,,-0.00049443,0.023200001
,,,-0.00049442,0.023200001
,,,-0.00049441,0.024800001
,,,-0.0004944,0.024000001
,,,-0.00049439,0.024000001
,,,-0.00049438,0.024000001
,,,-0.00049437,0.023200001
,,,-0.00049436,0.023200001
,,,-0.00049435,0.024000001
,,,-0.00049434,0.023200001
,,,-0.00049433,0.024000001
,,,-0.00049432,0.024000001
,,,-0.00049431,0.024800001
,,,-0.0004943,0.025600002
,,,-0.00049429,0.024000001
,,,-0.00049428,0.023200001
,,,-0.00049427,0.024800001
,,,-0.00049426,0.024800001
,,,-0.00049425,0.024000001
,,,-0.00049424,0.024800001
,,,-0.00049423,0.024800001
,,,-0.00049422,0.024000001
,,,-0.00049421,0.026400002
,,,-0.0004942,0.026400002
,,,-0.00049419,0.023200001
,,,-0.00049418,0.024000001
,,,-0.00049417,0.024000001
,,,-0.00049416,0.024000001
,,,-0.00049415,0.024000001
,,,-0.00049414,0.026400002
,,,-0.00049413,0.024000001
,,,-0.00049412,0.024000001
,,,-0.00049411,0.024800001
,,,-0.0004941,0.023200001
,,,-0.00049409,0.024000001
,,,-0.00049408,0.024000001
,,,-0.00049407,0.024800001
,,,-0.00049406,0.025600002
,,,-0.00049405,0.024000001
,,,-0.00049404,0.024000001
,,,-0.00049403,0.024000001
,,,-0.00049402,0.025600002
,,,-0.00049401,0.022400001
,,,-0.000494,0.024000001
,,,-0.00049399,0.025600002
,,,-0.00049398,0.025600002
,,,-0.00049397,0.024000001
,,,-0.00049396,0.024000001
,,,-0.00049395,0.025600002
,,,-0.00049394,0.024000001
,,,-0.00049393,0.024800001
,,,-0.00049392,0.024000001
,,,-0.00049391,0.023200001
,,,-0.0004939,0.024000001
,,,-0.00049389,0.021600001
,,,-0.00049388,0.024000001
,,,-0.00049387,0.024800001
,,,-0.00049386,0.024000001
,,,-0.00049385,0.023200001
,,,-0.00049384,0.026400002
,,,-0.00049383,0.024800001
,,,-0.00049382,0.023200001
,,,-0.00049381,0.024000001
,,,-0.0004938,0.023200001
,,,-0.00049379,0.024000001
,,,-0.00049378,0.025600002
,,,-0.00049377,0.024800001
,,,-0.00049376,0.024000001
,,,-0.00049375,0.024800001
,,,-0.00049374,0.024800001
,,,-0.00049373,0.025600002
,,,-0.00049372,0.024000001
,,,-0.00049371,0.025600002
,,,-0.0004937,0.023200001
,,,-0.00049369,0.024000001
,,,-0.00049368,0.024000001
,,,-0.00049367,0.024000001
,,,-0.00049366,0.023200001
,,,-0.00049365,0.024800001
,,,-0.00049364,0.023200001
,,,-0.00049363,0.024800001
,,,-0.00049362,0.024000001
,,,-0.00049361,0.024000001
,,,-0.0004936,0.023200001
,,,-0.00049359,0.023200001
,,,-0.00049358,0.024000001
,,,-0.00049357,0.022400001
,,,-0.00049356,0.026400002
,,,-0.00049355,0.026400002
,,,-0.00049354,0.024000001
,,,-0.00049353,0.024800001
,,,-0.00049352,0.024000001
,,,-0.00049351,0.024800001
,,,-0.0004935,0.024800001
,,,-0.00049349,0.024800001
,,,-0.00049348,0.024000001
,,,-0.00049347,0.024800001
,,,-0.00049346,0.024000001
,,,-0.00049345,0.023200001
,,,-0.00049344,0.024000001
,,,-0.00049343,0.024800001
,,,-0.00049342,0.024800001
,,,-0.00049341,0.024000001
,,,-0.0004934,0.024000001
,,,-0.00049339,0.024000001
,,,-0.00049338,0.024800001
,,,-0.00049337,0.025600002
,,,-0.00049336,0.023200001
,,,-0.00049335,0.024000001
,,,-0.00049334,0.024000001
,,,-0.00049333,0.022400001
,,,-0.00049332,0.024000001
,,,-0.00049331,0.024000001
,,,-0.0004933,0.024800001
,,,-0.00049329,0.023200001
,,,-0.00049328,0.024000001
,,,-0.00049327,0.024000001
,,,-0.00049326,0.024000001
,,,-0.00049325,0.024800001
,,,-0.00049324,0.024800001
,,,-0.00049323,0.024000001
,,,-0.00049322,0.025600002
,,,-0.00049321,0.024000001
,,,-0.0004932,0.025600002
,,,-0.00049319,0.024000001
,,,-0.00049318,0.025600002
,,,-0.00049317,0.024800001
,,,-0.00049316,0.023200001
,,,-0.00049315,0.024000001
,,,-0.00049314,0.024800001
,,,-0.00049313,0.022400001
,,,-0.00049312,0.024000001
,,,-0.00049311,0.023200001
,,,-0.0004931,0.024800001
,,,-0.00049309,0.023200001
,,,-0.00049308,0.024800001
,,,-0.00049307,0.022400001
,,,-0.00049306,0.025600002
,,,-0.00049305,0.023200001
,,,-0.00049304,0.024000001
,,,-0.00049303,0.027200002
,,,-0.00049302,0.024800001
,,,-0.00049301,0.023200001
,,,-0.000493,0.024000001
,,,-0.00049299,0.023200001
,,,-0.00049298,0.023200001
,,,-0.00049297,0.024000001
,,,-0.00049296,0.024000001
,,,-0.00049295,0.024000001
,,,-0.00049294,0.023200001
,,,-0.00049293,0.024000001
,,,-0.00049292,0.025600002
,,,-0.00049291,0.024000001
,,,-0.0004929,0.024800001
,,,-0.00049289,0.024000001
,,,-0.00049288,0.024000001
,,,-0.00049287,0.024800001
,,,-0.00049286,0.024000001
,,,-0.00049285,0.024800001
,,,-0.00049284,0.024000001
,,,-0.00049283,0.024000001
,,,-0.00049282,0.024000001
,,,-0.00049281,0.024000001
,,,-0.0004928,0.023200001
,,,-0.00049279,0.024800001
,,,-0.00049278,0.024000001
,,,-0.00049277,0.024000001
,,,-0.00049276,0.024000001
,,,-0.00049275,0.024800001
,,,-0.00049274,0.024800001
,,,-0.00049273,0.024000001
,,,-0.00049272,0.024000001
,,,-0.00049271,0.023200001
,,,-0.0004927,0.024800001
,,,-0.00049269,0.024000001
,,,-0.00049268,0.025600002
,,,-0.00049267,0.024000001
,,,-0.00049266,0.025600002
,,,-0.00049265,0.026400002
,,,-0.00049264,0.024800001
,,,-0.00049263,0.024000001
,,,-0.00049262,0.025600002
,,,-0.00049261,0.024800001
,,,-0.0004926,0.024800001
,,,-0.00049259,0.024000001
,,,-0.00049258,0.024000001
,,,-0.00049257,0.024000001
,,,-0.00049256,0.024800001
,,,-0.00049255,0.024000001
,,,-0.00049254,0.024000001
,,,-0.00049253,0.023200001
,,,-0.00049252,0.024000001
,,,-0.00049251,0.024000001
,,,-0.0004925,0.025600002
,,,-0.00049249,0.024000001
,,,-0.00049248,0.024000001
,,,-0.00049247,0.024000001
,,,-0.00049246,0.024800001
,,,-0.00049245,0.024000001
,,,-0.00049244,0.024000001
,,,-0.00049243,0.023200001
,,,-0.00049242,0.024800001
,,,-0.00049241,0.025600002
,,,-0.0004924,0.024800001
,,,-0.00049239,0.023200001
,,,-0.00049238,0.024800001
,,,-0.00049237,0.024000001
,,,-0.00049236,0.024000001
,,,-0.00049235,0.024000001
,,,-0.00049234,0.024000001
,,,-0.00049233,0.024000001
,,,-0.00049232,0.024800001
,,,-0.00049231,0.024000001
,,,-0.0004923,0.024800001
,,,-0.00049229,0.024800001
,,,-0.00049228,0.023200001
,,,-0.00049227,0.024000001
,,,-0.00049226,0.024000001
,,,-0.00049225,0.024000001
,,,-0.00049224,0.024000001
,,,-0.00049223,0.024000001
,,,-0.00049222,0.024000001
,,,-0.00049221,0.024000001
,,,-0.0004922,0.022400001
,,,-0.00049219,0.024000001
,,,-0.00049218,0.024800001
,,,-0.00049217,0.022400001
,,,-0.00049216,0.024000001
,,,-0.00049215,0.024000001
,,,-0.00049214,0.024000001
,,,-0.00049213,0.024800001
,,,-0.00049212,0.024800001
,,,-0.00049211,0.024800001
,,,-0.0004921,0.024800001
,,,-0.00049209,0.025600002
,,,-0.00049208,0.024800001
,,,-0.00049207,0.024000001
,,,-0.00049206,0.023200001
,,,-0.00049205,0.024800001
,,,-0.00049204,0.022400001
,,,-0.00049203,0.023200001
,,,-0.00049202,0.023200001
,,,-0.00049201,0.024000001
,,,-0.000492,0.024800001
,,,-0.00049199,0.024800001
,,,-0.00049198,0.024000001
,,,-0.00049197,0.024000001
,,,-0.00049196,0.024000001
,,,-0.00049195,0.022400001
,,,-0.00049194,0.026400002
,,,-0.00049193,0.024000001
,,,-0.00049192,0.023200001
,,,-0.00049191,0.024000001
,,,-0.0004919,0.024000001
,,,-0.00049189,0.024000001
,,,-0.00049188,0.026400002
,,,-0.00049187,0.024800001
,,,-0.00049186,0.024000001
,,,-0.00049185,0.023200001
,,,-0.00049184,0.024000001
,,,-0.00049183,0.024800001
,,,-0.00049182,0.024800001
,,,-0.00049181,0.024000001
,,,-0.0004918,0.025600002
,,,-0.00049179,0.024800001
,,,-0.00049178,0.024000001
,,,-0.00049177,0.024000001
,,,-0.00049176,0.024800001
,,,-0.00049175,0.025600002
,,,-0.00049174,0.024000001
,,,-0.00049173,0.025600002
,,,-0.00049172,0.024800001
,,,-0.00049171,0.023200001
,,,-0.0004917,0.024000001
,,,-0.00049169,0.023200001
,,,-0.00049168,0.024800001
,,,-0.00049167,0.026400002
,,,-0.00049166,0.024000001
,,,-0.00049165,0.024800001
,,,-0.00049164,0.024000001
,,,-0.00049163,0.025600002
,,,-0.00049162,0.024000001
,,,-0.00049161,0.024000001
,,,-0.0004916,0.024000001
,,,-0.00049159,0.023200001
,,,-0.00049158,0.024800001
,,,-0.00049157,0.024000001
,,,-0.00049156,0.024000001
,,,-0.00049155,0.024000001
,,,-0.00049154,0.024000001
,,,-0.00049153,0.024800001
,,,-0.00049152,0.024800001
,,,-0.00049151,0.024000001
,,,-0.0004915,0.023200001
,,,-0.00049149,0.024000001
,,,-0.00049148,0.025600002
,,,-0.00049147,0.024800001
,,,-0.00049146,0.025600002
,,,-0.00049145,0.024800001
,,,-0.00049144,0.025600002
,,,-0.00049143,0.025600002
,,,-0.00049142,0.023200001
,,,-0.00049141,0.023200001
,,,-0.0004914,0.023200001
,,,-0.00049139,0.024800001
,,,-0.00049138,0.024000001
,,,-0.00049137,0.024800001
,,,-0.00049136,0.023200001
,,,-0.00049135,0.024000001
,,,-0.00049134,0.022400001
,,,-0.00049133,0.024000001
,,,-0.00049132,0.024000001
,,,-0.00049131,0.026400002
,,,-0.0004913,0.024000001
,,,-0.00049129,0.024000001
,,,-0.00049128,0.024000001
,,,-0.00049127,0.024800001
,,,-0.00049126,0.024800001
,,,-0.00049125,0.024800001
,,,-0.00049124,0.024800001
,,,-0.00049123,0.024800001
,,,-0.00049122,0.025600002
,,,-0.00049121,0.024800001
,,,-0.0004912,0.025600002
,,,-0.00049119,0.024000001
,,,-0.00049118,0.024000001
,,,-0.00049117,0.023200001
,,,-0.00049116,0.025600002
,,,-0.00049115,0.025600002
,,,-0.00049114,0.024000001
,,,-0.00049113,0.025600002
,,,-0.00049112,0.024000001
,,,-0.00049111,0.023200001
,,,-0.0004911,0.025600002
,,,-0.00049109,0.022400001
,,,-0.00049108,0.024000001
,,,-0.00049107,0.024000001
,,,-0.00049106,0.024000001
,,,-0.00049105,0.024800001
,,,-0.00049104,0.024800001
,,,-0.00049103,0.024000001
,,,-0.00049102,0.021600001
,,,-0.00049101,0.024000001
,,,-0.000491,0.024800001
,,,-0.00049099,0.024800001
,,,-0.00049098,0.022400001
,,,-0.00049097,0.025600002
,,,-0.00049096,0.022400001
,,,-0.00049095,0.024000001
,,,-0.00049094,0.026400002
,,,-0.00049093,0.024000001
,,,-0.00049092,0.024800001
,,,-0.00049091,0.024000001
,,,-0.0004909,0.023200001
,,,-0.00049089,0.024800001
,,,-0.00049088,0.024000001
,,,-0.00049087,0.024000001
,,,-0.00049086,0.024800001
,,,-0.00049085,0.023200001
,,,-0.00049084,0.025600002
,,,-0.00049083,0.024800001
,,,-0.00049082,0.024000001
,,,-0.00049081,0.024800001
,,,-0.0004908,0.024000001
,,,-0.00049079,0.023200001
,,,-0.00049078,0.024000001
,,,-0.00049077,0.024000001
,,,-0.00049076,0.024000001
,,,-0.00049075,0.024000001
,,,-0.00049074,0.024800001
,,,-0.00049073,0.025600002
,,,-0.00049072,0.024000001
,,,-0.00049071,0.022400001
,,,-0.0004907,0.024000001
,,,-0.00049069,0.024800001
,,,-0.00049068,0.024800001
,,,-0.00049067,0.022400001
,,,-0.00049066,0.022400001
,,,-0.00049065,0.023200001
,,,-0.00049064,0.025600002
,,,-0.00049063,0.027200002
,,,-0.00049062,0.024800001
,,,-0.00049061,0.023200001
,,,-0.0004906,0.024000001
,,,-0.00049059,0.024000001
,,,-0.00049058,0.025600002
,,,-0.00049057,0.024800001
,,,-0.00049056,0.024800001
,,,-0.00049055,0.024000001
,,,-0.00049054,0.024000001
,,,-0.00049053,0.022400001
,,,-0.00049052,0.026400002
,,,-0.00049051,0.027200002
,,,-0.0004905,0.024800001
,,,-0.00049049,0.024000001
,,,-0.00049048,0.024000001
,,,-0.00049047,0.024800001
,,,-0.00049046,0.023200001
,,,-0.00049045,0.024000001
,,,-0.00049044,0.024800001
,,,-0.00049043,0.023200001
,,,-0.00049042,0.024000001
,,,-0.00049041,0.023200001
,,,-0.0004904,0.022400001
,,,-0.00049039,0.024000001
,,,-0.00049038,0.024800001
,,,-0.00049037,0.023200001
,,,-0.00049036,0.024000001
,,,-0.00049035,0.024800001
,,,-0.00049034,0.024800001
,,,-0.00049033,0.024000001
,,,-0.00049032,0.024000001
,,,-0.00049031,0.024800001
,,,-0.0004903,0.025600002
,,,-0.00049029,0.024800001
,,,-0.00049028,0.024000001
,,,-0.00049027,0.024000001
,,,-0.00049026,0.023200001
,,,-0.00049025,0.024000001
,,,-0.00049024,0.025600002
,,,-0.00049023,0.024000001
,,,-0.00049022,0.024800001
,,,-0.00049021,0.024000001
,,,-0.0004902,0.027200002
,,,-0.00049019,0.025600002
,,,-0.00049018,0.024800001
,,,-0.00049017,0.025600002
,,,-0.00049016,0.024000001
,,,-0.00049015,0.024000001
,,,-0.00049014,0.024000001
,,,-0.00049013,0.024000001
,,,-0.00049012,0.025600002
,,,-0.00049011,0.024000001
,,,-0.0004901,0.024000001
,,,-0.00049009,0.024800001
,,,-0.00049008,0.024000001
,,,-0.00049007,0.024000001
,,,-0.00049006,0.024000001
,,,-0.00049005,0.024000001
,,,-0.00049004,0.024800001
,,,-0.00049003,0.024000001
,,,-0.00049002,0.024800001
,,,-0.00049001,0.024800001
,,,-0.00049,0.024000001
,,,-0.00048999,0.024000001
,,,-0.00048998,0.024800001
,,,-0.00048997,0.024000001
,,,-0.00048996,0.025600002
,,,-0.00048995,0.024800001
,,,-0.00048994,0.023200001
,,,-0.00048993,0.024000001
,,,-0.00048992,0.023200001
,,,-0.00048991,0.025600002
,,,-0.0004899,0.024800001
,,,-0.00048989,0.024000001
,,,-0.00048988,0.024000001
,,,-0.00048987,0.023200001
,,,-0.00048986,0.025600002
,,,-0.00048985,0.025600002
,,,-0.00048984,0.024000001
,,,-0.00048983,0.025600002
,,,-0.00048982,0.023200001
,,,-0.00048981,0.023200001
,,,-0.0004898,0.024800001
,,,-0.00048979,0.023200001
,,,-0.00048978,0.024000001
,,,-0.00048977,0.024000001
,,,-0.00048976,0.024000001
,,,-0.00048975,0.023200001
,,,-0.00048974,0.024000001
,,,-0.00048973,0.023200001
,,,-0.00048972,0.024000001
,,,-0.00048971,0.025600002
,,,-0.0004897,0.023200001
,,,-0.00048969,0.025600002
,,,-0.00048968,0.024800001
,,,-0.00048967,0.024000001
,,,-0.00048966,0.024000001
,,,-0.00048965,0.024000001
,,,-0.00048964,0.025600002
,,,-0.00048963,0.024800001
,,,-0.00048962,0.024000001
,,,-0.00048961,0.024000001
,,,-0.0004896,0.024800001
,,,-0.00048959,0.022400001
,,,-0.00048958,0.024000001
,,,-0.00048957,0.024000001
,,,-0.00048956,0.024800001
,,,-0.00048955,0.024000001
,,,-0.00048954,0.021600001
,,,-0.00048953,0.024000001
,,,-0.00048952,0.024000001
,,,-0.00048951,0.024000001
,,,-0.0004895,0.023200001
,,,-0.00048949,0.024000001
,,,-0.00048948,0.024800001
,,,-0.00048947,0.024000001
,,,-0.00048946,0.023200001
,,,-0.00048945,0.025600002
,,,-0.00048944,0.024800001
,,,-0.00048943,0.024800001
,,,-0.00048942,0.024000001
,,,-0.00048941,0.024800001
,,,-0.0004894,0.024000001
,,,-0.00048939,0.023200001
,,,-0.00048938,0.023200001
,,,-0.00048937,0.024000001
,,,-0.00048936,0.024000001
,,,-0.00048935,0.023200001
,,,-0.00048934,0.024000001
,,,-0.00048933,0.024000001
,,,-0.00048932,0.024000001
,,,-0.00048931,0.024000001
,,,-0.0004893,0.023200001
,,,-0.00048929,0.024800001
,,,-0.00048928,0.024000001
,,,-0.00048927,0.024800001
,,,-0.00048926,0.025600002
,,,-0.00048925,0.025600002
,,,-0.00048924,0.023200001
,,,-0.00048923,0.024000001
,,,-0.00048922,0.024000001
,,,-0.00048921,0.024000001
,,,-0.0004892,0.024000001
,,,-0.00048919,0.024800001
,,,-0.00048918,0.023200001
,,,-0.00048917,0.024000001
,,,-0.00048916,0.024800001
,,,-0.00048915,0.025600002
,,,-0.00048914,0.024000001
,,,-0.00048913,0.025600002
,,,-0.00048912,0.024800001
,,,-0.00048911,0.024800001
,,,-0.0004891,0.024000001
,,,-0.00048909,0.024000001
,,,-0.00048908,0.025600002
,,,-0.00048907,0.024000001
,,,-0.00048906,0.024800001
,,,-0.00048905,0.023200001
,,,-0.00048904,0.024000001
,,,-0.00048903,0.024000001
,,,-0.00048902,0.024000001
,,,-0.00048901,0.025600002
,,,-0.000489,0.024800001
,,,-0.00048899,0.023200001
,,,-0.00048898,0.024000001
,,,-0.00048897,0.024000001
,,,-0.00048896,0.023200001
,,,-0.00048895,0.024000001
,,,-0.00048894,0.024000001
,,,-0.00048893,0.024800001
,,,-0.00048892,0.024800001
,,,-0.00048891,0.022400001
,,,-0.0004889,0.024000001
,,,-0.00048889,0.024800001
,,,-0.00048888,0.024800001
,,,-0.00048887,0.024000001
,,,-0.00048886,0.024000001
,,,-0.00048885,0.024000001
,,,-0.00048884,0.024800001
,,,-0.00048883,0.024000001
,,,-0.00048882,0.025600002
,,,-0.00048881,0.024800001
,,,-0.0004888,0.024000001
,,,-0.00048879,0.022400001
,,,-0.00048878,0.024000001
,,,-0.00048877,0.024800001
,,,-0.00048876,0.024000001
,,,-0.00048875,0.024000001
,,,-0.00048874,0.024000001
,,,-0.00048873,0.023200001
,,,-0.00048872,0.024800001
,,,-0.00048871,0.024800001
,,,-0.0004887,0.024000001
,,,-0.00048869,0.023200001
,,,-0.00048868,0.024000001
,,,-0.00048867,0.024000001
,,,-0.00048866,0.024000001
,,,-0.00048865,0.024800001
,,,-0.00048864,0.024000001
,,,-0.00048863,0.024000001
,,,-0.00048862,0.023200001
,,,-0.00048861,0.023200001
,,,-0.0004886,0.023200001
,,,-0.00048859,0.024000001
,,,-0.00048858,0.024000001
,,,-0.00048857,0.024000001
,,,-0.00048856,0.024800001
,,,-0.00048855,0.022400001
,,,-0.00048854,0.025600002
,,,-0.00048853,0.024000001
,,,-0.00048852,0.024800001
,,,-0.00048851,0.025600002
,,,-0.0004885,0.022400001
,,,-0.00048849,0.024000001
,,,-0.00048848,0.023200001
,,,-0.00048847,0.024000001
,,,-0.00048846,0.023200001
,,,-0.00048845,0.024000001
,,,-0.00048844,0.024800001
,,,-0.00048843,0.024800001
,,,-0.00048842,0.024000001
,,,-0.00048841,0.026400002
,,,-0.0004884,0.024000001
,,,-0.00048839,0.023200001
,,,-0.00048838,0.024800001
,,,-0.00048837,0.024000001
,,,-0.00048836,0.026400002
,,,-0.00048835,0.024800001
,,,-0.00048834,0.025600002
,,,-0.00048833,0.024000001
,,,-0.00048832,0.024800001
,,,-0.00048831,0.024800001
,,,-0.0004883,0.024800001
,,,-0.00048829,0.024000001
,,,-0.00048828,0.024000001
,,,-0.00048827,0.023200001
,,,-0.00048826,0.024800001
,,,-0.00048825,0.024800001
,,,-0.00048824,0.024800001
,,,-0.00048823,0.024000001
,,,-0.00048822,0.024800001
,,,-0.00048821,0.024000001
,,,-0.0004882,0.024000001
,,,-0.00048819,0.024800001
,,,-0.00048818,0.024000001
,,,-0.00048817,0.024000001
,,,-0.00048816,0.024000001
,,,-0.00048815,0.024000001
,,,-0.00048814,0.026400002
,,,-0.00048813,0.025600002
,,,-0.00048812,0.024800001
,,,-0.00048811,0.024000001
,,,-0.0004881,0.024800001
,,,-0.00048809,0.023200001
,,,-0.00048808,0.025600002
,,,-0.00048807,0.024000001
,,,-0.00048806,0.024000001
,,,-0.00048805,0.024000001
,,,-0.00048804,0.023200001
,,,-0.00048803,0.025600002
,,,-0.00048802,0.024000001
,,,-0.00048801,0.024800001
,,,-0.000488,0.024000001
,,,-0.00048799,0.022400001
,,,-0.00048798,0.025600002
,,,-0.00048797,0.024000001
,,,-0.00048796,0.024800001
,,,-0.00048795,0.024000001
,,,-0.00048794,0.022400001
,,,-0.00048793,0.023200001
,,,-0.00048792,0.024000001
,,,-0.00048791,0.024000001
,,,-0.0004879,0.024000001
,,,-0.00048789,0.024800001
,,,-0.00048788,0.024800001
,,,-0.00048787,0.024000001
,,,-0.00048786,0.024000001
,,,-0.00048785,0.024000001
,,,-0.00048784,0.025600002
,,,-0.00048783,0.023200001
,,,-0.00048782,0.023200001
,,,-0.00048781,0.024000001
,,,-0.0004878,0.024000001
,,,-0.00048779,0.024000001
,,,-0.00048778,0.024800001
,,,-0.00048777,0.024800001
,,,-0.00048776,0.024000001
,,,-0.00048775,0.024000001
,,,-0.00048774,0.024800001
,,,-0.00048773,0.024000001
,,,-0.00048772,0.024000001
,,,-0.00048771,0.024000001
,,,-0.0004877,0.024800001
,,,-0.00048769,0.024000001
,,,-0.00048768,0.025600002
,,,-0.00048767,0.024000001
,,,-0.00048766,0.022400001
,,,-0.00048765,0.024000001
,,,-0.00048764,0.024800001
,,,-0.00048763,0.022400001
,,,-0.00048762,0.025600002
,,,-0.00048761,0.023200001
,,,-0.0004876,0.024800001
,,,-0.00048759,0.024000001
,,,-0.00048758,0.024800001
,,,-0.00048757,0.024800001
,,,-0.00048756,0.024800001
,,,-0.00048755,0.024800001
,,,-0.00048754,0.024000001
,,,-0.00048753,0.024800001
,,,-0.00048752,0.024000001
,,,-0.00048751,0.022400001
,,,-0.0004875,0.024000001
,,,-0.00048749,0.024000001
,,,-0.00048748,0.023200001
,,,-0.00048747,0.024000001
,,,-0.00048746,0.025600002
,,,-0.00048745,0.024800001
,,,-0.00048744,0.024000001
,,,-0.00048743,0.024000001
,,,-0.00048742,0.024800001
,,,-0.00048741,0.024800001
,,,-0.0004874,0.024800001
,,,-0.00048739,0.025600002
,,,-0.00048738,0.023200001
,,,-0.00048737,0.026400002
,,,-0.00048736,0.025600002
,,,-0.00048735,0.026400002
,,,-0.00048734,0.024000001
,,,-0.00048733,0.022400001
,,,-0.00048732,0.024000001
,,,-0.00048731,0.023200001
,,,-0.0004873,0.023200001
,,,-0.00048729,0.023200001
,,,-0.00048728,0.024000001
,,,-0.00048727,0.025600002
,,,-0.00048726,0.024000001
,,,-0.00048725,0.024000001
,,,-0.00048724,0.025600002
,,,-0.00048723,0.024800001
,,,-0.00048722,0.024800001
,,,-0.00048721,0.023200001
,,,-0.0004872,0.026400002
,,,-0.00048719,0.024000001
,,,-0.00048718,0.026400002
,,,-0.00048717,0.024000001
,,,-0.00048716,0.024800001
,,,-0.00048715,0.024000001
,,,-0.00048714,0.024000001
,,,-0.00048713,0.024800001
,,,-0.00048712,0.024800001
,,,-0.00048711,0.024800001
,,,-0.0004871,0.023200001
,,,-0.00048709,0.023200001
,,,-0.00048708,0.024800001
,,,-0.00048707,0.024000001
,,,-0.00048706,0.022400001
,,,-0.00048705,0.025600002
,,,-0.00048704,0.023200001
,,,-0.00048703,0.024000001
,,,-0.00048702,0.024000001
,,,-0.00048701,0.025600002
,,,-0.000487,0.024000001
,,,-0.00048699,0.023200001
,,,-0.00048698,0.024000001
,,,-0.00048697,0.024000001
,,,-0.00048696,0.024000001
,,,-0.00048695,0.024000001
,,,-0.00048694,0.025600002
,,,-0.00048693,0.024800001
,,,-0.00048692,0.024800001
,,,-0.00048691,0.027200002
,,,-0.0004869,0.023200001
,,,-0.00048689,0.024000001
,,,-0.00048688,0.024000001
,,,-0.00048687,0.024000001
,,,-0.00048686,0.024000001
,,,-0.00048685,0.024000001
,,,-0.00048684,0.024800001
,,,-0.00048683,0.023200001
,,,-0.00048682,0.024800001
,,,-0.00048681,0.024800001
,,,-0.0004868,0.025600002
,,,-0.00048679,0.024000001
,,,-0.00048678,0.022400001
,,,-0.00048677,0.024000001
,,,-0.00048676,0.023200001
,,,-0.00048675,0.024800001
,,,-0.00048674,0.024800001
,,,-0.00048673,0.023200001
,,,-0.00048672,0.024000001
,,,-0.00048671,0.024000001
,,,-0.0004867,0.024000001
,,,-0.00048669,0.025600002
,,,-0.00048668,0.024000001
,,,-0.00048667,0.024000001
,,,-0.00048666,0.024000001
,,,-0.00048665,0.025600002
,,,-0.00048664,0.026400002
,,,-0.00048663,0.025600002
,,,-0.00048662,0.024000001
,,,-0.00048661,0.024000001
,,,-0.0004866,0.024800001
,,,-0.00048659,0.024000001
,,,-0.00048658,0.025600002
,,,-0.00048657,0.024800001
,,,-0.00048656,0.024000001
,,,-0.00048655,0.024000001
,,,-0.00048654,0.024800001
,,,-0.00048653,0.024000001
,,,-0.00048652,0.024000001
,,,-0.00048651,0.025600002
,,,-0.0004865,0.022400001
,,,-0.00048649,0.023200001
,,,-0.00048648,0.024800001
,,,-0.00048647,0.024000001
,,,-0.00048646,0.024000001
,,,-0.00048645,0.024000001
,,,-0.00048644,0.024000001
,,,-0.00048643,0.024000001
,,,-0.00048642,0.024000001
,,,-0.00048641,0.024000001
,,,-0.0004864,0.024000001
,,,-0.00048639,0.023200001
,,,-0.00048638,0.024800001
,,,-0.00048637,0.025600002
,,,-0.00048636,0.024000001
,,,-0.00048635,0.024000001
,,,-0.00048634,0.024800001
,,,-0.00048633,0.024000001
,,,-0.00048632,0.024000001
,,,-0.00048631,0.023200001
,,,-0.0004863,0.023200001
,,,-0.00048629,0.024000001
,,,-0.00048628,0.024800001
,,,-0.00048627,0.024000001
,,,-0.00048626,0.025600002
,,,-0.00048625,0.024000001
,,,-0.00048624,0.023200001
,,,-0.00048623,0.024800001
,,,-0.00048622,0.024000001
,,,-0.00048621,0.025600002
,,,-0.0004862,0.024000001
,,,-0.00048619,0.024800001
,,,-0.00048618,0.024800001
,,,-0.00048617,0.022400001
,,,-0.00048616,0.024000001
,,,-0.00048615,0.024800001
,,,-0.00048614,0.024000001
,,,-0.00048613,0.024000001
,,,-0.00048612,0.024000001
,,,-0.00048611,0.025600002
,,,-0.0004861,0.024800001
,,,-0.00048609,0.024800001
,,,-0.00048608,0.024000001
,,,-0.00048607,0.025600002
,,,-0.00048606,0.024000001
,,,-0.00048605,0.024000001
,,,-0.00048604,0.025600002
,,,-0.00048603,0.024800001
,,,-0.00048602,0.024000001
,,,-0.00048601,0.023200001
,,,-0.000486,0.024000001
,,,-0.00048599,0.024000001
,,,-0.00048598,0.024800001
,,,-0.00048597,0.024000001
,,,-0.00048596,0.024800001
,,,-0.00048595,0.024800001
,,,-0.00048594,0.024800001
,,,-0.00048593,0.024000001
,,,-0.00048592,0.021600001
,,,-0.00048591,0.024000001
,,,-0.0004859,0.024000001
,,,-0.00048589,0.024000001
,,,-0.00048588,0.024800001
,,,-0.00048587,0.024800001
,,,-0.00048586,0.024800001
,,,-0.00048585,0.024000001
,,,-0.00048584,0.025600002
,,,-0.00048583,0.024800001
,,,-0.00048582,0.025600002
,,,-0.00048581,0.023200001
,,,-0.0004858,0.024800001
,,,-0.00048579,0.023200001
,,,-0.00048578,0.023200001
,,,-0.00048577,0.024800001
,,,-0.00048576,0.023200001
,,,-0.00048575,0.025600002
,,,-0.00048574,0.024000001
,,,-0.00048573,0.024800001
,,,-0.00048572,0.025600002
,,,-0.00048571,0.024000001
,,,-0.0004857,0.024000001
,,,-0.00048569,0.024000001
,,,-0.00048568,0.024000001
,,,-0.00048567,0.023200001
,,,-0.00048566,0.024800001
,,,-0.00048565,0.024000001
,,,-0.00048564,0.024800001
,,,-0.00048563,0.024000001
,,,-0.00048562,0.024000001
,,,-0.00048561,0.024800001
,,,-0.0004856,0.024000001
,,,-0.00048559,0.024000001
,,,-0.00048558,0.025600002
,,,-0.00048557,0.024000001
,,,-0.00048556,0.024000001
,,,-0.00048555,0.024000001
,,,-0.00048554,0.024000001
,,,-0.00048553,0.024000001
,,,-0.00048552,0.024000001
,,,-0.00048551,0.024800001
,,,-0.0004855,0.024800001
,,,-0.00048549,0.024800001
,,,-0.00048548,0.023200001
,,,-0.00048547,0.024000001
,,,-0.00048546,0.024000001
,,,-0.00048545,0.024000001
,,,-0.00048544,0.024000001
,,,-0.00048543,0.025600002
,,,-0.00048542,0.025600002
,,,-0.00048541,0.024800001
,,,-0.0004854,0.022400001
,,,-0.00048539,0.024000001
,,,-0.00048538,0.024000001
,,,-0.00048537,0.024000001
,,,-0.00048536,0.024000001
,,,-0.00048535,0.023200001
,,,-0.00048534,0.024000001
,,,-0.00048533,0.024000001
,,,-0.00048532,0.025600002
,,,-0.00048531,0.024800001
,,,-0.0004853,0.024000001
,,,-0.00048529,0.024000001
,,,-0.00048528,0.024000001
,,,-0.00048527,0.024000001
,,,-0.00048526,0.024000001
,,,-0.00048525,0.022400001
,,,-0.00048524,0.026400002
,,,-0.00048523,0.024000001
,,,-0.00048522,0.024000001
,,,-0.00048521,0.026400002
,,,-0.0004852,0.024800001
,,,-0.00048519,0.023200001
,,,-0.00048518,0.024000001
,,,-0.00048517,0.024000001
,,,-0.00048516,0.025600002
,,,-0.00048515,0.024000001
,,,-0.00048514,0.024000001
,,,-0.00048513,0.024000001
,,,-0.00048512,0.024000001
,,,-0.00048511,0.024800001
,,,-0.0004851,0.024000001
,,,-0.00048509,0.022400001
,,,-0.00048508,0.023200001
,,,-0.00048507,0.024000001
,,,-0.00048506,0.024000001
,,,-0.00048505,0.024000001
,,,-0.00048504,0.024000001
,,,-0.00048503,0.024800001
,,,-0.00048502,0.026400002
,,,-0.00048501,0.024000001
,,,-0.000485,0.024000001
,,,-0.00048499,0.024000001
,,,-0.00048498,0.025600002
,,,-0.00048497,0.024000001
,,,-0.00048496,0.024800001
,,,-0.00048495,0.024000001
,,,-0.00048494,0.025600002
,,,-0.00048493,0.022400001
,,,-0.00048492,0.023200001
,,,-0.00048491,0.024800001
,,,-0.0004849,0.025600002
,,,-0.00048489,0.025600002
,,,-0.00048488,0.024800001
,,,-0.00048487,0.024000001
,,,-0.00048486,0.024000001
,,,-0.00048485,0.024000001
,,,-0.00048484,0.024000001
,,,-0.00048483,0.024000001
,,,-0.00048482,0.024000001
,,,-0.00048481,0.024000001
,,,-0.0004848,0.024800001
,,,-0.00048479,0.024800001
,,,-0.00048478,0.024000001
,,,-0.00048477,0.024000001
,,,-0.00048476,0.023200001
,,,-0.00048475,0.024800001
,,,-0.00048474,0.023200001
,,,-0.00048473,0.023200001
,,,-0.00048472,0.024000001
,,,-0.00048471,0.024000001
,,,-0.0004847,0.024000001
,,,-0.00048469,0.024800001
,,,-0.00048468,0.024800001
,,,-0.00048467,0.024800001
,,,-0.00048466,0.024800001
,,,-0.00048465,0.024000001
,,,-0.00048464,0.024000001
,,,-0.00048463,0.022400001
,,,-0.00048462,0.023200001
,,,-0.00048461,0.024000001
,,,-0.0004846,0.024800001
,,,-0.00048459,0.024000001
,,,-0.00048458,0.023200001
,,,-0.00048457,0.024000001
,,,-0.00048456,0.025600002
,,,-0.00048455,0.023200001
,,,-0.00048454,0.025600002
,,,-0.00048453,0.023200001
,,,-0.00048452,0.022400001
,,,-0.00048451,0.024000001
,,,-0.0004845,0.025600002
,,,-0.00048449,0.023200001
,,,-0.00048448,0.024800001
,,,-0.00048447,0.024800001
,,,-0.00048446,0.023200001
,,,-0.00048445,0.024000001
,,,-0.00048444,0.025600002
,,,-0.00048443,0.023200001
,,,-0.00048442,0.024800001
,,,-0.00048441,0.024000001
,,,-0.0004844,0.023200001
,,,-0.00048439,0.024000001
,,,-0.00048438,0.024000001
,,,-0.00048437,0.024000001
,,,-0.00048436,0.024000001
,,,-0.00048435,0.024000001
,,,-0.00048434,0.024000001
,,,-0.00048433,0.024800001
,,,-0.00048432,0.024000001
,,,-0.00048431,0.024800001
,,,-0.0004843,0.024800001
,,,-0.00048429,0.024000001
,,,-0.00048428,0.024800001
,,,-0.00048427,0.023200001
,,,-0.00048426,0.023200001
,,,-0.00048425,0.024800001
,,,-0.00048424,0.024000001
,,,-0.00048423,0.023200001
,,,-0.00048422,0.025600002
,,,-0.00048421,0.023200001
,,,-0.0004842,0.024000001
,,,-0.00048419,0.024000001
,,,-0.00048418,0.025600002
,,,-0.00048417,0.024800001
,,,-0.00048416,0.024000001
,,,-0.00048415,0.024000001
,,,-0.00048414,0.024000001
,,,-0.00048413,0.023200001
,,,-0.00048412,0.024000001
,,,-0.00048411,0.024800001
,,,-0.0004841,0.025600002
,,,-0.00048409,0.023200001
,,,-0.00048408,0.024000001
,,,-0.00048407,0.024000001
,,,-0.00048406,0.026400002
,,,-0.00048405,0.024000001
,,,-0.00048404,0.024000001
,,,-0.00048403,0.024000001
,,,-0.00048402,0.023200001
,,,-0.00048401,0.025600002
,,,-0.000484,0.024000001
,,,-0.00048399,0.024000001
,,,-0.00048398,0.024800001
,,,-0.00048397,0.025600002
,,,-0.00048396,0.024800001
,,,-0.00048395,0.024800001
,,,-0.00048394,0.023200001
,,,-0.00048393,0.025600002
,,,-0.00048392,0.024000001
,,,-0.00048391,0.024800001
,,,-0.0004839,0.024000001
,,,-0.00048389,0.023200001
,,,-0.00048388,0.024000001
,,,-0.00048387,0.024000001
,,,-0.00048386,0.024800001
,,,-0.00048385,0.024000001
,,,-0.00048384,0.024000001
,,,-0.00048383,0.024000001
,,,-0.00048382,0.024000001
,,,-0.00048381,0.024000001
,,,-0.0004838,0.025600002
,,,-0.00048379,0.024000001
,,,-0.00048378,0.024000001
,,,-0.00048377,0.024800001
,,,-0.00048376,0.024000001
,,,-0.00048375,0.024800001
,,,-0.00048374,0.024000001
,,,-0.00048373,0.024000001
,,,-0.00048372,0.024800001
,,,-0.00048371,0.024800001
,,,-0.0004837,0.026400002
,,,-0.00048369,0.025600002
,,,-0.00048368,0.024000001
,,,-0.00048367,0.024800001
,,,-0.00048366,0.024000001
,,,-0.00048365,0.024800001
,,,-0.00048364,0.024000001
,,,-0.00048363,0.024000001
,,,-0.00048362,0.024000001
,,,-0.00048361,0.025600002
,,,-0.0004836,0.024800001
,,,-0.00048359,0.025600002
,,,-0.00048358,0.025600002
,,,-0.00048357,0.023200001
,,,-0.00048356,0.024800001
,,,-0.00048355,0.024800001
,,,-0.00048354,0.024800001
,,,-0.00048353,0.024000001
,,,-0.00048352,0.024000001
,,,-0.00048351,0.024000001
,,,-0.0004835,0.024000001
,,,-0.00048349,0.024000001
,,,-0.00048348,0.024000001
,,,-0.00048347,0.025600002
,,,-0.00048346,0.023200001
,,,-0.00048345,0.024000001
,,,-0.00048344,0.023200001
,,,-0.00048343,0.024000001
,,,-0.00048342,0.024000001
,,,-0.00048341,0.024800001
,,,-0.0004834,0.024800001
,,,-0.00048339,0.025600002
,,,-0.00048338,0.024000001
,,,-0.00048337,0.023200001
,,,-0.00048336,0.023200001
,,,-0.00048335,0.023200001
,,,-0.00048334,0.024800001
,,,-0.00048333,0.024000001
,,,-0.00048332,0.025600002
,,,-0.00048331,0.023200001
,,,-0.0004833,0.025600002
,,,-0.00048329,0.023200001
,,,-0.00048328,0.024000001
,,,-0.00048327,0.022400001
,,,-0.00048326,0.023200001
,,,-0.00048325,0.024000001
,,,-0.00048324,0.024000001
,,,-0.00048323,0.023200001
,,,-0.00048322,0.024000001
,,,-0.00048321,0.022400001
,,,-0.0004832,0.024000001
,,,-0.00048319,0.024000001
,,,-0.00048318,0.024000001
,,,-0.00048317,0.024800001
,,,-0.00048316,0.024000001
,,,-0.00048315,0.024000001
,,,-0.00048314,0.024800001
,,,-0.00048313,0.023200001
,,,-0.00048312,0.023200001
,,,-0.00048311,0.025600002
,,,-0.0004831,0.024800001
,,,-0.00048309,0.025600002
,,,-0.00048308,0.024000001
,,,-0.00048307,0.024000001
,,,-0.00048306,0.024000001
,,,-0.00048305,0.023200001
,,,-0.00048304,0.024800001
,,,-0.00048303,0.022400001
,,,-0.00048302,0.024800001
,,,-0.00048301,0.024800001
,,,-0.000483,0.024000001
,,,-0.00048299,0.025600002
,,,-0.00048298,0.024000001
,,,-0.00048297,0.026400002
,,,-0.00048296,0.024800001
,,,-0.00048295,0.022400001
,,,-0.00048294,0.024000001
,,,-0.00048293,0.024800001
,,,-0.00048292,0.023200001
,,,-0.00048291,0.024000001
,,,-0.0004829,0.024800001
,,,-0.00048289,0.024000001
,,,-0.00048288,0.024000001
,,,-0.00048287,0.024800001
,,,-0.00048286,0.022400001
,,,-0.00048285,0.024800001
,,,-0.00048284,0.024000001
,,,-0.00048283,0.025600002
,,,-0.00048282,0.024800001
,,,-0.00048281,0.022400001
,,,-0.0004828,0.024800001
,,,-0.00048279,0.023200001
,,,-0.00048278,0.024800001
,,,-0.00048277,0.024800001
,,,-0.00048276,0.024800001
,,,-0.00048275,0.024800001
,,,-0.00048274,0.025600002
,,,-0.00048273,0.024000001
,,,-0.00048272,0.024000001
,,,-0.00048271,0.024000001
,,,-0.0004827,0.024800001
,,,-0.00048269,0.023200001
,,,-0.00048268,0.024000001
,,,-0.00048267,0.024000001
,,,-0.00048266,0.025600002
,,,-0.00048265,0.024000001
,,,-0.00048264,0.026400002
,,,-0.00048263,0.024000001
,,,-0.00048262,0.024000001
,,,-0.00048261,0.025600002
,,,-0.0004826,0.026400002
,,,-0.00048259,0.023200001
,,,-0.00048258,0.024000001
,,,-0.00048257,0.024000001
,,,-0.00048256,0.025600002
,,,-0.00048255,0.024000001
,,,-0.00048254,0.024000001
,,,-0.00048253,0.024000001
,,,-0.00048252,0.024000001
,,,-0.00048251,0.026400002
,,,-0.0004825,0.024000001
,,,-0.00048249,0.024000001
,,,-0.00048248,0.024000001
,,,-0.00048247,0.023200001
,,,-0.00048246,0.024000001
,,,-0.00048245,0.024800001
,,,-0.00048244,0.025600002
,,,-0.00048243,0.024000001
,,,-0.00048242,0.024800001
,,,-0.00048241,0.025600002
,,,-0.0004824,0.023200001
,,,-0.00048239,0.024800001
,,,-0.00048238,0.024000001
,,,-0.00048237,0.024000001
,,,-0.00048236,0.025600002
,,,-0.00048235,0.024000001
,,,-0.00048234,0.024000001
,,,-0.00048233,0.023200001
,,,-0.00048232,0.025600002
,,,-0.00048231,0.023200001
,,,-0.0004823,0.024000001
,,,-0.00048229,0.024000001
,,,-0.00048228,0.026400002
,,,-0.00048227,0.024000001
,,,-0.00048226,0.024000001
,,,-0.00048225,0.023200001
,,,-0.00048224,0.023200001
,,,-0.00048223,0.024800001
,,,-0.00048222,0.024000001
,,,-0.00048221,0.024800001
,,,-0.0004822,0.024000001
,,,-0.00048219,0.023200001
,,,-0.00048218,0.024000001
,,,-0.00048217,0.023200001
,,,-0.00048216,0.024000001
,,,-0.00048215,0.024000001
,,,-0.00048214,0.024800001
,,,-0.00048213,0.027200002
,,,-0.00048212,0.024800001
,,,-0.00048211,0.023200001
,,,-0.0004821,0.023200001
,,,-0.00048209,0.023200001
,,,-0.00048208,0.024000001
,,,-0.00048207,0.023200001
,,,-0.00048206,0.025600002
,,,-0.00048205,0.023200001
,,,-0.00048204,0.024800001
,,,-0.00048203,0.023200001
,,,-0.00048202,0.024000001
,,,-0.00048201,0.024800001
,,,-0.000482,0.023200001
,,,-0.00048199,0.024800001
,,,-0.00048198,0.024800001
,,,-0.00048197,0.025600002
,,,-0.00048196,0.024800001
,,,-0.00048195,0.024800001
,,,-0.00048194,0.024000001
,,,-0.00048193,0.023200001
,,,-0.00048192,0.025600002
,,,-0.00048191,0.024000001
,,,-0.0004819,0.024000001
,,,-0.00048189,0.024000001
,,,-0.00048188,0.024800001
,,,-0.00048187,0.023200001
,,,-0.00048186,0.023200001
,,,-0.00048185,0.024000001
,,,-0.00048184,0.024800001
,,,-0.00048183,0.024800001
,,,-0.00048182,0.024800001
,,,-0.00048181,0.024800001
,,,-0.0004818,0.024000001
,,,-0.00048179,0.024000001
,,,-0.00048178,0.023200001
,,,-0.00048177,0.024000001
,,,-0.00048176,0.024800001
,,,-0.00048175,0.024000001
,,,-0.00048174,0.024000001
,,,-0.00048173,0.024800001
,,,-0.00048172,0.023200001
,,,-0.00048171,0.024000001
,,,-0.0004817,0.024000001
,,,-0.00048169,0.024000001
,,,-0.00048168,0.024800001
,,,-0.00048167,0.024000001
,,,-0.00048166,0.024000001
,,,-0.00048165,0.024000001
,,,-0.00048164,0.024000001
,,,-0.00048163,0.024800001
,,,-0.00048162,0.025600002
,,,-0.00048161,0.024000001
,,,-0.0004816,0.024800001
,,,-0.00048159,0.024800001
,,,-0.00048158,0.025600002
,,,-0.00048157,0.024000001
,,,-0.00048156,0.024000001
,,,-0.00048155,0.024000001
,,,-0.00048154,0.024000001
,,,-0.00048153,0.024000001
,,,-0.00048152,0.024000001
,,,-0.00048151,0.025600002
,,,-0.0004815,0.024000001
,,,-0.00048149,0.024000001
,,,-0.00048148,0.024000001
,,,-0.00048147,0.024000001
,,,-0.00048146,0.024000001
,,,-0.00048145,0.024000001
,,,-0.00048144,0.025600002
,,,-0.00048143,0.025600002
,,,-0.00048142,0.024800001
,,,-0.00048141,0.024000001
,,,-0.0004814,0.024800001
,,,-0.00048139,0.023200001
,,,-0.00048138,0.024000001
,,,-0.00048137,0.024000001
,,,-0.00048136,0.024800001
,,,-0.00048135,0.024000001
,,,-0.00048134,0.023200001
,,,-0.00048133,0.024000001
,,,-0.00048132,0.024800001
,,,-0.00048131,0.024000001
,,,-0.0004813,0.024800001
,,,-0.00048129,0.024800001
,,,-0.00048128,0.024800001
,,,-0.00048127,0.024000001
,,,-0.00048126,0.024000001
,,,-0.00048125,0.023200001
,,,-0.00048124,0.022400001
,,,-0.00048123,0.024000001
,,,-0.00048122,0.024000001
,,,-0.00048121,0.023200001
,,,-0.0004812,0.024000001
,,,-0.00048119,0.023200001
,,,-0.00048118,0.025600002
,,,-0.00048117,0.023200001
,,,-0.00048116,0.024800001
,,,-0.00048115,0.024000001
,,,-0.00048114,0.024000001
,,,-0.00048113,0.024800001
,,,-0.00048112,0.023200001
,,,-0.00048111,0.025600002
,,,-0.0004811,0.024000001
,,,-0.00048109,0.023200001
,,,-0.00048108,0.024800001
,,,-0.00048107,0.024800001
,,,-0.00048106,0.024800001
,,,-0.00048105,0.023200001
,,,-0.00048104,0.024000001
,,,-0.00048103,0.024800001
,,,-0.00048102,0.024000001
,,,-0.00048101,0.023200001
,,,-0.000481,0.024000001
,,,-0.00048099,0.024000001
,,,-0.00048098,0.024000001
,,,-0.00048097,0.024000001
,,,-0.00048096,0.023200001
,,,-0.00048095,0.023200001
,,,-0.00048094,0.024800001
,,,-0.00048093,0.024000001
,,,-0.00048092,0.025600002
,,,-0.00048091,0.024800001
,,,-0.0004809,0.024800001
,,,-0.00048089,0.024000001
,,,-0.00048088,0.024800001
,,,-0.00048087,0.024000001
,,,-0.00048086,0.025600002
,,,-0.00048085,0.024000001
,,,-0.00048084,0.024800001
,,,-0.00048083,0.024800001
,,,-0.00048082,0.024000001
,,,-0.00048081,0.024000001
,,,-0.0004808,0.024000001
,,,-0.00048079,0.024800001
,,,-0.00048078,0.025600002
,,,-0.00048077,0.023200001
,,,-0.00048076,0.023200001
,,,-0.00048075,0.025600002
,,,-0.00048074,0.024800001
,,,-0.00048073,0.023200001
,,,-0.00048072,0.024800001
,,,-0.00048071,0.023200001
,,,-0.0004807,0.023200001
,,,-0.00048069,0.024000001
,,,-0.00048068,0.026400002
,,,-0.00048067,0.025600002
,,,-0.00048066,0.024000001
,,,-0.00048065,0.024800001
,,,-0.00048064,0.024000001
,,,-0.00048063,0.023200001
,,,-0.00048062,0.024800001
,,,-0.00048061,0.024000001
,,,-0.0004806,0.025600002
,,,-0.00048059,0.024800001
,,,-0.00048058,0.023200001
,,,-0.00048057,0.024800001
,,,-0.00048056,0.023200001
,,,-0.00048055,0.024800001
,,,-0.00048054,0.024000001
,,,-0.00048053,0.024000001
,,,-0.00048052,0.023200001
,,,-0.00048051,0.023200001
,,,-0.0004805,0.024000001
,,,-0.00048049,0.024800001
,,,-0.00048048,0.024000001
,,,-0.00048047,0.024000001
,,,-0.00048046,0.025600002
,,,-0.00048045,0.024000001
,,,-0.00048044,0.024800001
,,,-0.00048043,0.025600002
,,,-0.00048042,0.024000001
,,,-0.00048041,0.024800001
,,,-0.0004804,0.024000001
,,,-0.00048039,0.024800001
,,,-0.00048038,0.024000001
,,,-0.00048037,0.023200001
,,,-0.00048036,0.024000001
,,,-0.00048035,0.022400001
,,,-0.00048034,0.023200001
,,,-0.00048033,0.023200001
,,,-0.00048032,0.024000001
,,,-0.00048031,0.024000001
,,,-0.0004803,0.024800001
,,,-0.00048029,0.024000001
,,,-0.00048028,0.024800001
,,,-0.00048027,0.024800001
,,,-0.00048026,0.024800001
,,,-0.00048025,0.024800001
,,,-0.00048024,0.024800001
,,,-0.00048023,0.024800001
,,,-0.00048022,0.024000001
,,,-0.00048021,0.024000001
,,,-0.0004802,0.024000001
,,,-0.00048019,0.024000001
,,,-0.00048018,0.025600002
,,,-0.00048017,0.024800001
,,,-0.00048016,0.025600002
,,,-0.00048015,0.023200001
,,,-0.00048014,0.024000001
,,,-0.00048013,0.025600002
,,,-0.00048012,0.023200001
,,,-0.00048011,0.024000001
,,,-0.0004801,0.024000001
,,,-0.00048009,0.025600002
,,,-0.00048008,0.024000001
,,,-0.00048007,0.024800001
,,,-0.00048006,0.024000001
,,,-0.00048005,0.024800001
,,,-0.00048004,0.025600002
,,,-0.00048003,0.025600002
,,,-0.00048002,0.023200001
,,,-0.00048001,0.024800001
,,,-0.00048,0.022400001
,,,-0.00047999,0.024800001
,,,-0.00047998,0.023200001
,,,-0.00047997,0.023200001
,,,-0.00047996,0.024800001
,,,-0.00047995,0.024800001
,,,-0.00047994,0.024800001
,,,-0.00047993,0.025600002
,,,-0.00047992,0.023200001
,,,-0.00047991,0.024000001
,,,-0.0004799,0.024000001
,,,-0.00047989,0.024000001
,,,-0.00047988,0.024000001
,,,-0.00047987,0.024000001
,,,-0.00047986,0.024000001
,,,-0.00047985,0.023200001
,,,-0.00047984,0.024000001
,,,-0.00047983,0.024000001
,,,-0.00047982,0.024000001
,,,-0.00047981,0.024800001
,,,-0.0004798,0.024800001
,,,-0.00047979,0.024000001
,,,-0.00047978,0.025600002
,,,-0.00047977,0.024000001
,,,-0.00047976,0.024800001
,,,-0.00047975,0.023200001
,,,-0.00047974,0.024800001
,,,-0.00047973,0.023200001
,,,-0.00047972,0.025600002
,,,-0.00047971,0.025600002
,,,-0.0004797,0.024000001
,,,-0.00047969,0.023200001
,,,-0.00047968,0.023200001
,,,-0.00047967,0.024800001
,,,-0.00047966,0.024800001
,,,-0.00047965,0.024800001
,,,-0.00047964,0.024000001
,,,-0.00047963,0.024000001
,,,-0.00047962,0.024000001
,,,-0.00047961,0.024800001
,,,-0.0004796,0.025600002
,,,-0.00047959,0.024800001
,,,-0.00047958,0.024000001
,,,-0.00047957,0.025600002
,,,-0.00047956,0.023200001
,,,-0.00047955,0.024800001
,,,-0.00047954,0.023200001
,,,-0.00047953,0.024000001
,,,-0.00047952,0.024800001
,,,-0.00047951,0.023200001
,,,-0.0004795,0.024000001
,,,-0.00047949,0.024000001
,,,-0.00047948,0.024000001
,,,-0.00047947,0.025600002
,,,-0.00047946,0.026400002
,,,-0.00047945,0.024800001
,,,-0.00047944,0.024800001
,,,-0.00047943,0.024000001
,,,-0.00047942,0.025600002
,,,-0.00047941,0.024000001
,,,-0.0004794,0.024000001
,,,-0.00047939,0.024800001
,,,-0.00047938,0.024800001
,,,-0.00047937,0.024000001
,,,-0.00047936,0.024000001
,,,-0.00047935,0.022400001
,,,-0.00047934,0.024800001
,,,-0.00047933,0.022400001
,,,-0.00047932,0.023200001
,,,-0.00047931,0.024800001
,,,-0.0004793,0.023200001
,,,-0.00047929,0.024000001
,,,-0.00047928,0.024800001
,,,-0.00047927,0.024800001
,,,-0.00047926,0.024000001
,,,-0.00047925,0.023200001
,,,-0.00047924,0.024000001
,,,-0.00047923,0.024000001
,,,-0.00047922,0.024000001
,,,-0.00047921,0.025600002
,,,-0.0004792,0.023200001
,,,-0.00047919,0.024000001
,,,-0.00047918,0.024800001
,,,-0.00047917,0.024000001
,,,-0.00047916,0.024800001
,,,-0.00047915,0.024000001
,,,-0.00047914,0.024000001
,,,-0.00047913,0.023200001
,,,-0.00047912,0.024800001
,,,-0.00047911,0.024000001
,,,-0.0004791,0.024000001
,,,-0.00047909,0.024800001
,,,-0.00047908,0.025600002
,,,-0.00047907,0.023200001
,,,-0.00047906,0.024800001
,,,-0.00047905,0.024000001
,,,-0.00047904,0.023200001
,,,-0.00047903,0.024800001
,,,-0.00047902,0.024800001
,,,-0.00047901,0.024800001
,,,-0.000479,0.024000001
,,,-0.00047899,0.025600002
,,,-0.00047898,0.024800001
,,,-0.00047897,0.023200001
,,,-0.00047896,0.023200001
,,,-0.00047895,0.024800001
,,,-0.00047894,0.025600002
,,,-0.00047893,0.023200001
,,,-0.00047892,0.024800001
,,,-0.00047891,0.024000001
,,,-0.0004789,0.024800001
,,,-0.00047889,0.024800001
,,,-0.00047888,0.024800001
,,,-0.00047887,0.025600002
,,,-0.00047886,0.024800001
,,,-0.00047885,0.024000001
,,,-0.00047884,0.024800001
,,,-0.00047883,0.024000001
,,,-0.00047882,0.024000001
,,,-0.00047881,0.025600002
,,,-0.0004788,0.024800001
,,,-0.00047879,0.022400001
,,,-0.00047878,0.024000001
,,,-0.00047877,0.025600002
,,,-0.00047876,0.024800001
,,,-0.00047875,0.024800001
,,,-0.00047874,0.024000001
,,,-0.00047873,0.024000001
,,,-0.00047872,0.024000001
,,,-0.00047871,0.024800001
,,,-0.0004787,0.024800001
,,,-0.00047869,0.022400001
,,,-0.00047868,0.023200001
,,,-0.00047867,0.025600002
,,,-0.00047866,0.026400002
,,,-0.00047865,0.024800001
,,,-0.00047864,0.024000001
,,,-0.00047863,0.025600002
,,,-0.00047862,0.024800001
,,,-0.00047861,0.024000001
,,,-0.0004786,0.024000001
,,,-0.00047859,0.024800001
,,,-0.00047858,0.026400002
,,,-0.00047857,0.024000001
,,,-0.00047856,0.024000001
,,,-0.00047855,0.023200001
,,,-0.00047854,0.024000001
,,,-0.00047853,0.024000001
,,,-0.00047852,0.023200001
,,,-0.00047851,0.024800001
,,,-0.0004785,0.024000001
,,,-0.00047849,0.025600002
,,,-0.00047848,0.024000001
,,,-0.00047847,0.024000001
,,,-0.00047846,0.024000001
,,,-0.00047845,0.024000001
,,,-0.00047844,0.024000001
,,,-0.00047843,0.024000001
,,,-0.00047842,0.024000001
,,,-0.00047841,0.024800001
,,,-0.0004784,0.024000001
,,,-0.00047839,0.023200001
,,,-0.00047838,0.024000001
,,,-0.00047837,0.023200001
,,,-0.00047836,0.024000001
,,,-0.00047835,0.024800001
,,,-0.00047834,0.024000001
,,,-0.00047833,0.024800001
,,,-0.00047832,0.022400001
,,,-0.00047831,0.024800001
,,,-0.0004783,0.024800001
,,,-0.00047829,0.024000001
,,,-0.00047828,0.024000001
,,,-0.00047827,0.025600002
,,,-0.00047826,0.025600002
,,,-0.00047825,0.026400002
,,,-0.00047824,0.024000001
,,,-0.00047823,0.024000001
,,,-0.00047822,0.024800001
,,,-0.00047821,0.024000001
,,,-0.0004782,0.024000001
,,,-0.00047819,0.023200001
,,,-0.00047818,0.023200001
,,,-0.00047817,0.026400002
,,,-0.00047816,0.024800001
,,,-0.00047815,0.024800001
,,,-0.00047814,0.024000001
,,,-0.00047813,0.024000001
,,,-0.00047812,0.024000001
,,,-0.00047811,0.024000001
,,,-0.0004781,0.025600002
,,,-0.00047809,0.023200001
,,,-0.00047808,0.025600002
,,,-0.00047807,0.025600002
,,,-0.00047806,0.022400001
,,,-0.00047805,0.024000001
,,,-0.00047804,0.024000001
,,,-0.00047803,0.024000001
,,,-0.00047802,0.024000001
,,,-0.00047801,0.024000001
,,,-0.000478,0.024000001
,,,-0.00047799,0.024000001
,,,-0.00047798,0.024000001
,,,-0.00047797,0.023200001
,,,-0.00047796,0.024000001
,,,-0.00047795,0.024000001
,,,-0.00047794,0.024000001
,,,-0.00047793,0.025600002
,,,-0.00047792,0.024800001
,,,-0.00047791,0.023200001
,,,-0.0004779,0.028000002
,,,-0.00047789,0.024000001
,,,-0.00047788,0.024800001
,,,-0.00047787,0.024800001
,,,-0.00047786,0.024000001
,,,-0.00047785,0.024000001
,,,-0.00047784,0.024000001
,,,-0.00047783,0.023200001
,,,-0.00047782,0.024000001
,,,-0.00047781,0.024000001
,,,-0.0004778,0.024000001
,,,-0.00047779,0.024000001
,,,-0.00047778,0.024800001
,,,-0.00047777,0.024000001
,,,-0.00047776,0.025600002
,,,-0.00047775,0.024000001
,,,-0.00047774,0.024000001
,,,-0.00047773,0.023200001
,,,-0.00047772,0.025600002
,,,-0.00047771,0.024000001
,,,-0.0004777,0.024800001
,,,-0.00047769,0.025600002
,,,-0.00047768,0.024000001
,,,-0.00047767,0.024000001
,,,-0.00047766,0.024800001
,,,-0.00047765,0.024000001
,,,-0.00047764,0.024800001
,,,-0.00047763,0.024000001
,,,-0.00047762,0.024800001
,,,-0.00047761,0.024000001
,,,-0.0004776,0.024800001
,,,-0.00047759,0.024800001
,,,-0.00047758,0.024000001
,,,-0.00047757,0.024000001
,,,-0.00047756,0.024000001
,,,-0.00047755,0.026400002
,,,-0.00047754,0.024800001
,,,-0.00047753,0.024000001
,,,-0.00047752,0.023200001
,,,-0.00047751,0.024000001
,,,-0.0004775,0.023200001
,,,-0.00047749,0.025600002
,,,-0.00047748,0.024000001
,,,-0.00047747,0.024800001
,,,-0.00047746,0.023200001
,,,-0.00047745,0.024800001
,,,-0.00047744,0.024000001
,,,-0.00047743,0.024800001
,,,-0.00047742,0.024800001
,,,-0.00047741,0.024000001
,,,-0.0004774,0.024800001
,,,-0.00047739,0.026400002
,,,-0.00047738,0.024000001
,,,-0.00047737,0.024000001
,,,-0.00047736,0.024000001
,,,-0.00047735,0.024000001
,,,-0.00047734,0.024800001
,,,-0.00047733,0.023200001
,,,-0.00047732,0.024000001
,,,-0.00047731,0.022400001
,,,-0.0004773,0.023200001
,,,-0.00047729,0.024000001
,,,-0.00047728,0.024000001
,,,-0.00047727,0.024800001
,,,-0.00047726,0.024000001
,,,-0.00047725,0.025600002
,,,-0.00047724,0.024000001
,,,-0.00047723,0.024000001
,,,-0.00047722,0.024000001
,,,-0.00047721,0.024000001
,,,-0.0004772,0.024000001
,,,-0.00047719,0.025600002
,,,-0.00047718,0.024000001
,,,-0.00047717,0.024000001
,,,-0.00047716,0.024000001
,,,-0.00047715,0.024000001
,,,-0.00047714,0.024000001
,,,-0.00047713,0.024000001
,,,-0.00047712,0.024000001
,,,-0.00047711,0.023200001
,,,-0.0004771,0.022400001
,,,-0.00047709,0.022400001
,,,-0.00047708,0.024000001
,,,-0.00047707,0.023200001
,,,-0.00047706,0.023200001
,,,-0.00047705,0.024000001
,,,-0.00047704,0.024800001
,,,-0.00047703,0.024000001
,,,-0.00047702,0.024000001
,,,-0.00047701,0.023200001
,,,-0.000477,0.024000001
,,,-0.00047699,0.024000001
,,,-0.00047698,0.024000001
,,,-0.00047697,0.024000001
,,,-0.00047696,0.024000001
,,,-0.00047695,0.024000001
,,,-0.00047694,0.024000001
,,,-0.00047693,0.024000001
,,,-0.00047692,0.024000001
,,,-0.00047691,0.024000001
,,,-0.0004769,0.024000001
,,,-0.00047689,0.024000001
,,,-0.00047688,0.024000001
,,,-0.00047687,0.021600001
,,,-0.00047686,0.024800001
,,,-0.00047685,0.025600002
,,,-0.00047684,0.024800001
,,,-0.00047683,0.024800001
,,,-0.00047682,0.024800001
,,,-0.00047681,0.024800001
,,,-0.0004768,0.024000001
,,,-0.00047679,0.024000001
,,,-0.00047678,0.024000001
,,,-0.00047677,0.023200001
,,,-0.00047676,0.025600002
,,,-0.00047675,0.023200001
,,,-0.00047674,0.024000001
,,,-0.00047673,0.024800001
,,,-0.00047672,0.024800001
,,,-0.00047671,0.024000001
,,,-0.0004767,0.024800001
,,,-0.00047669,0.024000001
,,,-0.00047668,0.024800001
,,,-0.00047667,0.024000001
,,,-0.00047666,0.024800001
,,,-0.00047665,0.025600002
,,,-0.00047664,0.024800001
,,,-0.00047663,0.024800001
,,,-0.00047662,0.024800001
,,,-0.00047661,0.024800001
,,,-0.0004766,0.024000001
,,,-0.00047659,0.024800001
,,,-0.00047658,0.024800001
,,,-0.00047657,0.024800001
,,,-0.00047656,0.025600002
,,,-0.00047655,0.024000001
,,,-0.00047654,0.025600002
,,,-0.00047653,0.025600002
,,,-0.00047652,0.024800001
,,,-0.00047651,0.025600002
,,,-0.0004765,0.024000001
,,,-0.00047649,0.024000001
,,,-0.00047648,0.022400001
,,,-0.00047647,0.024000001
,,,-0.00047646,0.023200001
,,,-0.00047645,0.024000001
,,,-0.00047644,0.024000001
,,,-0.00047643,0.024000001
,,,-0.00047642,0.024800001
,,,-0.00047641,0.024000001
,,,-0.0004764,0.024800001
,,,-0.00047639,0.025600002
,,,-0.00047638,0.024000001
,,,-0.00047637,0.024800001
,,,-0.00047636,0.024800001
,,,-0.00047635,0.024800001
,,,-0.00047634,0.024000001
,,,-0.00047633,0.022400001
,,,-0.00047632,0.024800001
,,,-0.00047631,0.024800001
,,,-0.0004763,0.024000001
,,,-0.00047629,0.024000001
,,,-0.00047628,0.024000001
,,,-0.00047627,0.024000001
,,,-0.00047626,0.024000001
,,,-0.00047625,0.024000001
,,,-0.00047624,0.024000001
,,,-0.00047623,0.025600002
,,,-0.00047622,0.024000001
,,,-0.00047621,0.024000001
,,,-0.0004762,0.024000001
,,,-0.00047619,0.024000001
,,,-0.00047618,0.025600002
,,,-0.00047617,0.024000001
,,,-0.00047616,0.024000001
,,,-0.00047615,0.024000001
,,,-0.00047614,0.024000001
,,,-0.00047613,0.025600002
,,,-0.00047612,0.024800001
,,,-0.00047611,0.025600002
,,,-0.0004761,0.024000001
,,,-0.00047609,0.023200001
,,,-0.00047608,0.023200001
,,,-0.00047607,0.023200001
,,,-0.00047606,0.024000001
,,,-0.00047605,0.024800001
,,,-0.00047604,0.024000001
,,,-0.00047603,0.024000001
,,,-0.00047602,0.023200001
,,,-0.00047601,0.024000001
,,,-0.000476,0.025600002
,,,-0.00047599,0.024800001
,,,-0.00047598,0.024000001
,,,-0.00047597,0.024000001
,,,-0.00047596,0.024000001
,,,-0.00047595,0.023200001
,,,-0.00047594,0.024800001
,,,-0.00047593,0.024800001
,,,-0.00047592,0.023200001
,,,-0.00047591,0.024000001
,,,-0.0004759,0.024800001
,,,-0.00047589,0.024000001
,,,-0.00047588,0.024800001
,,,-0.00047587,0.024000001
,,,-0.00047586,0.022400001
,,,-0.00047585,0.023200001
,,,-0.00047584,0.023200001
,,,-0.00047583,0.024000001
,,,-0.00047582,0.022400001
,,,-0.00047581,0.024000001
,,,-0.0004758,0.024000001
,,,-0.00047579,0.024800001
,,,-0.00047578,0.025600002
,,,-0.00047577,0.024000001
,,,-0.00047576,0.024000001
,,,-0.00047575,0.024000001
,,,-0.00047574,0.022400001
,,,-0.00047573,0.024000001
,,,-0.00047572,0.024800001
,,,-0.00047571,0.024800001
,,,-0.0004757,0.024800001
,,,-0.00047569,0.024000001
,,,-0.00047568,0.022400001
,,,-0.00047567,0.024000001
,,,-0.00047566,0.022400001
,,,-0.00047565,0.024000001
,,,-0.00047564,0.024000001
,,,-0.00047563,0.022400001
,,,-0.00047562,0.025600002
,,,-0.00047561,0.024800001
,,,-0.0004756,0.025600002
,,,-0.00047559,0.024000001
,,,-0.00047558,0.024000001
,,,-0.00047557,0.024000001
,,,-0.00047556,0.024000001
,,,-0.00047555,0.024000001
,,,-0.00047554,0.024800001
,,,-0.00047553,0.024000001
,,,-0.00047552,0.024000001
,,,-0.00047551,0.024000001
,,,-0.0004755,0.024800001
,,,-0.00047549,0.024800001
,,,-0.00047548,0.024800001
,,,-0.00047547,0.024000001
,,,-0.00047546,0.024000001
,,,-0.00047545,0.023200001
,,,-0.00047544,0.024000001
,,,-0.00047543,0.024000001
,,,-0.00047542,0.024000001
,,,-0.00047541,0.023200001
,,,-0.0004754,0.024800001
,,,-0.00047539,0.024800001
,,,-0.00047538,0.025600002
,,,-0.00047537,0.022400001
,,,-0.00047536,0.024000001
,,,-0.00047535,0.024800001
,,,-0.00047534,0.024000001
,,,-0.00047533,0.025600002
,,,-0.00047532,0.023200001
,,,-0.00047531,0.024000001
,,,-0.0004753,0.023200001
,,,-0.00047529,0.021600001
,,,-0.00047528,0.024000001
,,,-0.00047527,0.024800001
,,,-0.00047526,0.023200001
,,,-0.00047525,0.024000001
,,,-0.00047524,0.024000001
,,,-0.00047523,0.024000001
,,,-0.00047522,0.025600002
,,,-0.00047521,0.023200001
,,,-0.0004752,0.024800001
,,,-0.00047519,0.024000001
,,,-0.00047518,0.024000001
,,,-0.00047517,0.024000001
,,,-0.00047516,0.024000001
,,,-0.00047515,0.024000001
,,,-0.00047514,0.023200001
,,,-0.00047513,0.024000001
,,,-0.00047512,0.024800001
,,,-0.00047511,0.024000001
,,,-0.0004751,0.023200001
,,,-0.00047509,0.024000001
,,,-0.00047508,0.024000001
,,,-0.00047507,0.025600002
,,,-0.00047506,0.024000001
,,,-0.00047505,0.025600002
,,,-0.00047504,0.027200002
,,,-0.00047503,0.024000001
,,,-0.00047502,0.024800001
,,,-0.00047501,0.024800001
,,,-0.000475,0.024800001
,,,-0.00047499,0.024000001
,,,-0.00047498,0.023200001
,,,-0.00047497,0.024800001
,,,-0.00047496,0.025600002
,,,-0.00047495,0.024000001
,,,-0.00047494,0.024000001
,,,-0.00047493,0.024800001
,,,-0.00047492,0.024800001
,,,-0.00047491,0.023200001
,,,-0.0004749,0.024800001
,,,-0.00047489,0.024800001
,,,-0.00047488,0.024800001
,,,-0.00047487,0.024000001
,,,-0.00047486,0.024000001
,,,-0.00047485,0.025600002
,,,-0.00047484,0.024800001
,,,-0.00047483,0.024000001
,,,-0.00047482,0.024000001
,,,-0.00047481,0.024000001
,,,-0.0004748,0.024000001
,,,-0.00047479,0.024000001
,,,-0.00047478,0.024000001
,,,-0.00047477,0.024000001
,,,-0.00047476,0.024000001
,,,-0.00047475,0.024800001
,,,-0.00047474,0.024000001
,,,-0.00047473,0.024800001
,,,-0.00047472,0.024000001
,,,-0.00047471,0.024000001
,,,-0.0004747,0.027200002
,,,-0.00047469,0.024000001
,,,-0.00047468,0.024800001
,,,-0.00047467,0.023200001
,,,-0.00047466,0.024800001
,,,-0.00047465,0.024800001
,,,-0.00047464,0.024000001
,,,-0.00047463,0.024000001
,,,-0.00047462,0.024800001
,,,-0.00047461,0.022400001
,,,-0.0004746,0.024800001
,,,-0.00047459,0.024000001
,,,-0.00047458,0.024000001
,,,-0.00047457,0.025600002
,,,-0.00047456,0.023200001
,,,-0.00047455,0.025600002
,,,-0.00047454,0.024000001
,,,-0.00047453,0.025600002
,,,-0.00047452,0.024000001
,,,-0.00047451,0.024800001
,,,-0.0004745,0.024800001
,,,-0.00047449,0.024000001
,,,-0.00047448,0.024800001
,,,-0.00047447,0.023200001
,,,-0.00047446,0.024800001
,,,-0.00047445,0.023200001
,,,-0.00047444,0.024000001
,,,-0.00047443,0.024000001
,,,-0.00047442,0.024800001
,,,-0.00047441,0.027200002
,,,-0.0004744,0.024000001
,,,-0.00047439,0.023200001
,,,-0.00047438,0.023200001
,,,-0.00047437,0.025600002
,,,-0.00047436,0.024000001
,,,-0.00047435,0.024000001
,,,-0.00047434,0.023200001
,,,-0.00047433,0.025600002
,,,-0.00047432,0.024000001
,,,-0.00047431,0.022400001
,,,-0.0004743,0.024800001
,,,-0.00047429,0.024000001
,,,-0.00047428,0.024000001
,,,-0.00047427,0.025600002
,,,-0.00047426,0.024000001
,,,-0.00047425,0.024000001
,,,-0.00047424,0.025600002
,,,-0.00047423,0.022400001
,,,-0.00047422,0.024800001
,,,-0.00047421,0.024000001
,,,-0.0004742,0.023200001
,,,-0.00047419,0.023200001
,,,-0.00047418,0.024800001
,,,-0.00047417,0.024000001
,,,-0.00047416,0.024000001
,,,-0.00047415,0.023200001
,,,-0.00047414,0.024000001
,,,-0.00047413,0.025600002
,,,-0.00047412,0.025600002
,,,-0.00047411,0.027200002
,,,-0.0004741,0.024800001
,,,-0.00047409,0.024000001
,,,-0.00047408,0.024800001
,,,-0.00047407,0.024000001
,,,-0.00047406,0.024000001
,,,-0.00047405,0.025600002
,,,-0.00047404,0.024800001
,,,-0.00047403,0.025600002
,,,-0.00047402,0.024800001
,,,-0.00047401,0.024000001
,,,-0.000474,0.024000001
,,,-0.00047399,0.024800001
,,,-0.00047398,0.024000001
,,,-0.00047397,0.024000001
,,,-0.00047396,0.025600002
,,,-0.00047395,0.025600002
,,,-0.00047394,0.024800001
,,,-0.00047393,0.024000001
,,,-0.00047392,0.024000001
,,,-0.00047391,0.024800001
,,,-0.0004739,0.024000001
,,,-0.00047389,0.025600002
,,,-0.00047388,0.024800001
,,,-0.00047387,0.022400001
,,,-0.00047386,0.024000001
,,,-0.00047385,0.024000001
,,,-0.00047384,0.024000001
,,,-0.00047383,0.023200001
,,,-0.00047382,0.024000001
,,,-0.00047381,0.024000001
,,,-0.0004738,0.021600001
,,,-0.00047379,0.026400002
,,,-0.00047378,0.024000001
,,,-0.00047377,0.024800001
,,,-0.00047376,0.024000001
,,,-0.00047375,0.024800001
,,,-0.00047374,0.024800001
,,,-0.00047373,0.025600002
,,,-0.00047372,0.024800001
,,,-0.00047371,0.025600002
,,,-0.0004737,0.022400001
,,,-0.00047369,0.024800001
,,,-0.00047368,0.024800001
,,,-0.00047367,0.024800001
,,,-0.00047366,0.024000001
,,,-0.00047365,0.024800001
,,,-0.00047364,0.024800001
,,,-0.00047363,0.023200001
,,,-0.00047362,0.025600002
,,,-0.00047361,0.024000001
,,,-0.0004736,0.024000001
,,,-0.00047359,0.024800001
,,,-0.00047358,0.026400002
,,,-0.00047357,0.022400001
,,,-0.00047356,0.024800001
,,,-0.00047355,0.024000001
,,,-0.00047354,0.025600002
,,,-0.00047353,0.024800001
,,,-0.00047352,0.024800001
,,,-0.00047351,0.024000001
,,,-0.0004735,0.024000001
,,,-0.00047349,0.024800001
,,,-0.00047348,0.024800001
,,,-0.00047347,0.024000001
,,,-0.00047346,0.024000001
,,,-0.00047345,0.024000001
,,,-0.00047344,0.025600002
,,,-0.00047343,0.024000001
,,,-0.00047342,0.024000001
,,,-0.00047341,0.023200001
,,,-0.0004734,0.024000001
,,,-0.00047339,0.024000001
,,,-0.00047338,0.026400002
,,,-0.00047337,0.024000001
,,,-0.00047336,0.024000001
,,,-0.00047335,0.024000001
,,,-0.00047334,0.024000001
,,,-0.00047333,0.024000001
,,,-0.00047332,0.024000001
,,,-0.00047331,0.024800001
,,,-0.0004733,0.023200001
,,,-0.00047329,0.024000001
,,,-0.00047328,0.023200001
,,,-0.00047327,0.023200001
,,,-0.00047326,0.025600002
,,,-0.00047325,0.021600001
,,,-0.00047324,0.024000001
,,,-0.00047323,0.024800001
,,,-0.00047322,0.024000001
,,,-0.00047321,0.024000001
,,,-0.0004732,0.024000001
,,,-0.00047319,0.024800001
,,,-0.00047318,0.024800001
,,,-0.00047317,0.024800001
,,,-0.00047316,0.025600002
,,,-0.00047315,0.024800001
,,,-0.00047314,0.024000001
,,,-0.00047313,0.024000001
,,,-0.00047312,0.024800001
,,,-0.00047311,0.023200001
,,,-0.0004731,0.024000001
,,,-0.00047309,0.024000001
,,,-0.00047308,0.024000001
,,,-0.00047307,0.024800001
,,,-0.00047306,0.024000001
,,,-0.00047305,0.024000001
,,,-0.00047304,0.023200001
,,,-0.00047303,0.025600002
,,,-0.00047302,0.023200001
,,,-0.00047301,0.024000001
,,,-0.000473,0.024800001
,,,-0.00047299,0.025600002
,,,-0.00047298,0.023200001
,,,-0.00047297,0.024000001
,,,-0.00047296,0.024000001
,,,-0.00047295,0.023200001
,,,-0.00047294,0.024000001
,,,-0.00047293,0.023200001
,,,-0.00047292,0.024800001
,,,-0.00047291,0.024800001
,,,-0.0004729,0.024000001
,,,-0.00047289,0.024000001
,,,-0.00047288,0.024000001
,,,-0.00047287,0.024000001
,,,-0.00047286,0.023200001
,,,-0.00047285,0.024800001
,,,-0.00047284,0.025600002
,,,-0.00047283,0.024000001
,,,-0.00047282,0.024800001
,,,-0.00047281,0.024000001
,,,-0.0004728,0.023200001
,,,-0.00047279,0.024000001
,,,-0.00047278,0.024000001
,,,-0.00047277,0.024000001
,,,-0.00047276,0.023200001
,,,-0.00047275,0.024000001
,,,-0.00047274,0.021600001
,,,-0.00047273,0.024000001
,,,-0.00047272,0.024000001
,,,-0.00047271,0.024000001
,,,-0.0004727,0.024000001
,,,-0.00047269,0.024000001
,,,-0.00047268,0.024000001
,,,-0.00047267,0.024800001
,,,-0.00047266,0.024000001
,,,-0.00047265,0.024000001
,,,-0.00047264,0.023200001
,,,-0.00047263,0.023200001
,,,-0.00047262,0.023200001
,,,-0.00047261,0.024800001
,,,-0.0004726,0.024800001
,,,-0.00047259,0.024000001
,,,-0.00047258,0.022400001
,,,-0.00047257,0.024000001
,,,-0.00047256,0.024800001
,,,-0.00047255,0.024800001
,,,-0.00047254,0.024000001
,,,-0.00047253,0.024000001
,,,-0.00047252,0.023200001
,,,-0.00047251,0.024800001
,,,-0.0004725,0.025600002
,,,-0.00047249,0.024000001
,,,-0.00047248,0.024000001
,,,-0.00047247,0.024000001
,,,-0.00047246,0.024800001
,,,-0.00047245,0.023200001
,,,-0.00047244,0.024000001
,,,-0.00047243,0.025600002
,,,-0.00047242,0.024000001
,,,-0.00047241,0.022400001
,,,-0.0004724,0.025600002
,,,-0.00047239,0.024000001
,,,-0.00047238,0.024000001
,,,-0.00047237,0.024000001
,,,-0.00047236,0.024000001
,,,-0.00047235,0.024000001
,,,-0.00047234,0.024000001
,,,-0.00047233,0.024000001
,,,-0.00047232,0.024000001
,,,-0.00047231,0.024800001
,,,-0.0004723,0.024800001
,,,-0.00047229,0.024000001
,,,-0.00047228,0.025600002
,,,-0.00047227,0.024000001
,,,-0.00047226,0.024000001
,,,-0.00047225,0.025600002
,,,-0.00047224,0.024000001
,,,-0.00047223,0.024000001
,,,-0.00047222,0.024800001
,,,-0.00047221,0.024000001
,,,-0.0004722,0.024000001
,,,-0.00047219,0.024000001
,,,-0.00047218,0.024800001
,,,-0.00047217,0.024000001
,,,-0.00047216,0.024000001
,,,-0.00047215,0.024000001
,,,-0.00047214,0.023200001
,,,-0.00047213,0.024000001
,,,-0.00047212,0.024000001
,,,-0.00047211,0.022400001
,,,-0.0004721,0.024000001
,,,-0.00047209,0.024000001
,,,-0.00047208,0.024000001
,,,-0.00047207,0.024800001
,,,-0.00047206,0.024800001
,,,-0.00047205,0.024000001
,,,-0.00047204,0.024800001
,,,-0.00047203,0.024000001
,,,-0.00047202,0.023200001
,,,-0.00047201,0.024800001
,,,-0.000472,0.025600002
,,,-0.00047199,0.026400002
,,,-0.00047198,0.024000001
,,,-0.00047197,0.024800001
,,,-0.00047196,0.024000001
,,,-0.00047195,0.025600002
,,,-0.00047194,0.023200001
,,,-0.00047193,0.024800001
,,,-0.00047192,0.024000001
,,,-0.00047191,0.024000001
,,,-0.0004719,0.024000001
,,,-0.00047189,0.024000001
,,,-0.00047188,0.024000001
,,,-0.00047187,0.024800001
,,,-0.00047186,0.024000001
,,,-0.00047185,0.024000001
,,,-0.00047184,0.024000001
,,,-0.00047183,0.025600002
,,,-0.00047182,0.023200001
,,,-0.00047181,0.026400002
,,,-0.0004718,0.024000001
,,,-0.00047179,0.024000001
,,,-0.00047178,0.025600002
,,,-0.00047177,0.025600002
,,,-0.00047176,0.024800001
,,,-0.00047175,0.024000001
,,,-0.00047174,0.025600002
,,,-0.00047173,0.024000001
,,,-0.00047172,0.024000001
,,,-0.00047171,0.022400001
,,,-0.0004717,0.024000001
,,,-0.00047169,0.024000001
,,,-0.00047168,0.024000001
,,,-0.00047167,0.023200001
,,,-0.00047166,0.024000001
,,,-0.00047165,0.024000001
,,,-0.00047164,0.024000001
,,,-0.00047163,0.024000001
,,,-0.00047162,0.024000001
,,,-0.00047161,0.024800001
,,,-0.0004716,0.025600002
,,,-0.00047159,0.024800001
,,,-0.00047158,0.024000001
,,,-0.00047157,0.024000001
,,,-0.00047156,0.023200001
,,,-0.00047155,0.024800001
,,,-0.00047154,0.024000001
,,,-0.00047153,0.024800001
,,,-0.00047152,0.024000001
,,,-0.00047151,0.024000001
,,,-0.0004715,0.024000001
,,,-0.00047149,0.021600001
,,,-0.00047148,0.024800001
,,,-0.00047147,0.023200001
,,,-0.00047146,0.024000001
,,,-0.00047145,0.024000001
,,,-0.00047144,0.023200001
,,,-0.00047143,0.024000001
,,,-0.00047142,0.024800001
,,,-0.00047141,0.024000001
,,,-0.0004714,0.024800001
,,,-0.00047139,0.024800001
,,,-0.00047138,0.024800001
,,,-0.00047137,0.024000001
,,,-0.00047136,0.024000001
,,,-0.00047135,0.024000001
,,,-0.00047134,0.024000001
,,,-0.00047133,0.023200001
,,,-0.00047132,0.024000001
,,,-0.00047131,0.023200001
,,,-0.0004713,0.022400001
,,,-0.00047129,0.024800001
,,,-0.00047128,0.024000001
,,,-0.00047127,0.024800001
,,,-0.00047126,0.024000001
,,,-0.00047125,0.024000001
,,,-0.00047124,0.024800001
,,,-0.00047123,0.024000001
,,,-0.00047122,0.025600002
,,,-0.00047121,0.023200001
,,,-0.0004712,0.024000001
,,,-0.00047119,0.024000001
,,,-0.00047118,0.024800001
,,,-0.00047117,0.024000001
,,,-0.00047116,0.024800001
,,,-0.00047115,0.024000001
,,,-0.00047114,0.024800001
,,,-0.00047113,0.024800001
,,,-0.00047112,0.024800001
,,,-0.00047111,0.024000001
,,,-0.0004711,0.026400002
,,,-0.00047109,0.024800001
,,,-0.00047108,0.024000001
,,,-0.00047107,0.025600002
,,,-0.00047106,0.024000001
,,,-0.00047105,0.023200001
,,,-0.00047104,0.024800001
,,,-0.00047103,0.023200001
,,,-0.00047102,0.024800001
,,,-0.00047101,0.024800001
,,,-0.000471,0.024800001
,,,-0.00047099,0.023200001
,,,-0.00047098,0.024000001
,,,-0.00047097,0.022400001
,,,-0.00047096,0.024000001
,,,-0.00047095,0.024000001
,,,-0.00047094,0.024000001
,,,-0.00047093,0.024800001
,,,-0.00047092,0.024800001
,,,-0.00047091,0.023200001
,,,-0.0004709,0.026400002
,,,-0.00047089,0.023200001
,,,-0.00047088,0.024000001
,,,-0.00047087,0.025600002
,,,-0.00047086,0.024000001
,,,-0.00047085,0.024000001
,,,-0.00047084,0.024000001
,,,-0.00047083,0.026400002
,,,-0.00047082,0.024000001
,,,-0.00047081,0.023200001
,,,-0.0004708,0.024800001
,,,-0.00047079,0.024000001
,,,-0.00047078,0.024000001
,,,-0.00047077,0.025600002
,,,-0.00047076,0.023200001
,,,-0.00047075,0.026400002
,,,-0.00047074,0.024000001
,,,-0.00047073,0.024000001
,,,-0.00047072,0.025600002
,,,-0.00047071,0.023200001
,,,-0.0004707,0.024000001
,,,-0.00047069,0.024800001
,,,-0.00047068,0.024000001
,,,-0.00047067,0.024000001
,,,-0.00047066,0.025600002
,,,-0.00047065,0.026400002
,,,-0.00047064,0.024000001
,,,-0.00047063,0.024000001
,,,-0.00047062,0.024000001
,,,-0.00047061,0.024000001
,,,-0.0004706,0.024000001
,,,-0.00047059,0.024800001
,,,-0.00047058,0.024800001
,,,-0.00047057,0.026400002
,,,-0.00047056,0.023200001
,,,-0.00047055,0.025600002
,,,-0.00047054,0.024800001
,,,-0.00047053,0.024000001
,,,-0.00047052,0.024000001
,,,-0.00047051,0.024800001
,,,-0.0004705,0.024800001
,,,-0.00047049,0.023200001
,,,-0.00047048,0.023200001
,,,-0.00047047,0.024000001
,,,-0.00047046,0.024000001
,,,-0.00047045,0.023200001
,,,-0.00047044,0.025600002
,,,-0.00047043,0.023200001
,,,-0.00047042,0.023200001
,,,-0.00047041,0.024800001
,,,-0.0004704,0.023200001
,,,-0.00047039,0.021600001
,,,-0.00047038,0.024000001
,,,-0.00047037,0.024800001
,,,-0.00047036,0.024000001
,,,-0.00047035,0.024000001
,,,-0.00047034,0.024000001
,,,-0.00047033,0.023200001
,,,-0.00047032,0.025600002
,,,-0.00047031,0.024000001
,,,-0.0004703,0.026400002
,,,-0.00047029,0.024000001
,,,-0.00047028,0.024000001
,,,-0.00047027,0.024000001
,,,-0.00047026,0.026400002
,,,-0.00047025,0.023200001
,,,-0.00047024,0.023200001
,,,-0.00047023,0.024000001
,,,-0.00047022,0.022400001
,,,-0.00047021,0.024000001
,,,-0.0004702,0.024000001
,,,-0.00047019,0.024000001
,,,-0.00047018,0.025600002
,,,-0.00047017,0.023200001
,,,-0.00047016,0.024800001
,,,-0.00047015,0.025600002
,,,-0.00047014,0.023200001
,,,-0.00047013,0.024000001
,,,-0.00047012,0.024000001
,,,-0.00047011,0.024000001
,,,-0.0004701,0.024000001
,,,-0.00047009,0.024000001
,,,-0.00047008,0.024000001
,,,-0.00047007,0.024000001
,,,-0.00047006,0.024800001
,,,-0.00047005,0.024000001
,,,-0.00047004,0.023200001
,,,-0.00047003,0.025600002
,,,-0.00047002,0.023200001
,,,-0.00047001,0.024800001
,,,-0.00047,0.024000001
,,,-0.00046999,0.024000001
,,,-0.00046998,0.023200001
,,,-0.00046997,0.026400002
,,,-0.00046996,0.025600002
,,,-0.00046995,0.024000001
,,,-0.00046994,0.024000001
,,,-0.00046993,0.023200001
,,,-0.00046992,0.024000001
,,,-0.00046991,0.023200001
,,,-0.0004699,0.024000001
,,,-0.00046989,0.024800001
,,,-0.00046988,0.023200001
,,,-0.00046987,0.024000001
,,,-0.00046986,0.022400001
,,,-0.00046985,0.024000001
,,,-0.00046984,0.024800001
,,,-0.00046983,0.024000001
,,,-0.00046982,0.024000001
,,,-0.00046981,0.022400001
,,,-0.0004698,0.025600002
,,,-0.00046979,0.023200001
,,,-0.00046978,0.024000001
,,,-0.00046977,0.024000001
,,,-0.00046976,0.024000001
,,,-0.00046975,0.024000001
,,,-0.00046974,0.022400001
,,,-0.00046973,0.024000001
,,,-0.00046972,0.024800001
,,,-0.00046971,0.024800001
,,,-0.0004697,0.024000001
,,,-0.00046969,0.024800001
,,,-0.00046968,0.024000001
,,,-0.00046967,0.023200001
,,,-0.00046966,0.024800001
,,,-0.00046965,0.025600002
,,,-0.00046964,0.024000001
,,,-0.00046963,0.022400001
,,,-0.00046962,0.024000001
,,,-0.00046961,0.024000001
,,,-0.0004696,0.024000001
,,,-0.00046959,0.024000001
,,,-0.00046958,0.023200001
,,,-0.00046957,0.025600002
,,,-0.00046956,0.024800001
,,,-0.00046955,0.024800001
,,,-0.00046954,0.023200001
,,,-0.00046953,0.024000001
,,,-0.00046952,0.024800001
,,,-0.00046951,0.024000001
,,,-0.0004695,0.024800001
,,,-0.00046949,0.024000001
,,,-0.00046948,0.024800001
,,,-0.00046947,0.024000001
,,,-0.00046946,0.024000001
,,,-0.00046945,0.024000001
,,,-0.00046944,0.024000001
,,,-0.00046943,0.023200001
,,,-0.00046942,0.024800001
,,,-0.00046941,0.024000001
,,,-0.0004694,0.024000001
,,,-0.00046939,0.023200001
,,,-0.00046938,0.022400001
,,,-0.00046937,0.024000001
,,,-0.00046936,0.024000001
,,,-0.00046935,0.024000001
,,,-0.00046934,0.024000001
,,,-0.00046933,0.024000001
,,,-0.00046932,0.025600002
,,,-0.00046931,0.025600002
,,,-0.0004693,0.024800001
,,,-0.00046929,0.024800001
,,,-0.00046928,0.023200001
,,,-0.00046927,0.024000001
,,,-0.00046926,0.023200001
,,,-0.00046925,0.024000001
,,,-0.00046924,0.023200001
,,,-0.00046923,0.024000001
,,,-0.00046922,0.025600002
,,,-0.00046921,0.023200001
,,,-0.0004692,0.024000001
,,,-0.00046919,0.024000001
,,,-0.00046918,0.025600002
,,,-0.00046917,0.024000001
,,,-0.00046916,0.024000001
,,,-0.00046915,0.024000001
,,,-0.00046914,0.024000001
,,,-0.00046913,0.023200001
,,,-0.00046912,0.024000001
,,,-0.00046911,0.024000001
,,,-0.0004691,0.025600002
,,,-0.00046909,0.023200001
,,,-0.00046908,0.024800001
,,,-0.00046907,0.024800001
,,,-0.00046906,0.024000001
,,,-0.00046905,0.023200001
,,,-0.00046904,0.024800001
,,,-0.00046903,0.024000001
,,,-0.00046902,0.024000001
,,,-0.00046901,0.024000001
,,,-0.000469,0.024800001
,,,-0.00046899,0.024000001
,,,-0.00046898,0.024000001
,,,-0.00046897,0.024000001
,,,-0.00046896,0.024800001
,,,-0.00046895,0.024000001
,,,-0.00046894,0.024000001
,,,-0.00046893,0.024800001
,,,-0.00046892,0.025600002
,,,-0.00046891,0.024000001
,,,-0.0004689,0.024800001
,,,-0.00046889,0.024000001
,,,-0.00046888,0.023200001
,,,-0.00046887,0.021600001
,,,-0.00046886,0.023200001
,,,-0.00046885,0.025600002
,,,-0.00046884,0.023200001
,,,-0.00046883,0.022400001
,,,-0.00046882,0.023200001
,,,-0.00046881,0.022400001
,,,-0.0004688,0.024800001
,,,-0.00046879,0.024000001
,,,-0.00046878,0.024800001
,,,-0.00046877,0.025600002
,,,-0.00046876,0.024800001
,,,-0.00046875,0.024800001
,,,-0.00046874,0.022400001
,,,-0.00046873,0.026400002
,,,-0.00046872,0.024000001
,,,-0.00046871,0.024000001
,,,-0.0004687,0.024000001
,,,-0.00046869,0.023200001
,,,-0.00046868,0.024000001
,,,-0.00046867,0.025600002
,,,-0.00046866,0.024000001
,,,-0.00046865,0.024000001
,,,-0.00046864,0.024000001
,,,-0.00046863,0.024000001
,,,-0.00046862,0.024000001
,,,-0.00046861,0.023200001
,,,-0.0004686,0.023200001
,,,-0.00046859,0.024000001
,,,-0.00046858,0.024800001
,,,-0.00046857,0.023200001
,,,-0.00046856,0.024000001
,,,-0.00046855,0.024000001
,,,-0.00046854,0.024800001
,,,-0.00046853,0.023200001
,,,-0.00046852,0.024800001
,,,-0.00046851,0.024800001
,,,-0.0004685,0.024000001
,,,-0.00046849,0.024000001
,,,-0.00046848,0.024000001
,,,-0.00046847,0.023200001
,,,-0.00046846,0.024000001
,,,-0.00046845,0.024000001
,,,-0.00046844,0.024000001
,,,-0.00046843,0.023200001
,,,-0.00046842,0.023200001
,,,-0.00046841,0.024000001
,,,-0.0004684,0.024000001
,,,-0.00046839,0.023200001
,,,-0.00046838,0.024000001
,,,-0.00046837,0.025600002
,,,-0.00046836,0.024800001
,,,-0.00046835,0.024000001
,,,-0.00046834,0.024800001
,,,-0.00046833,0.024000001
,,,-0.00046832,0.024800001
,,,-0.00046831,0.024000001
,,,-0.0004683,0.024000001
,,,-0.00046829,0.024800001
,,,-0.00046828,0.024800001
,,,-0.00046827,0.024800001
,,,-0.00046826,0.024000001
,,,-0.00046825,0.024000001
,,,-0.00046824,0.024000001
,,,-0.00046823,0.024800001
,,,-0.00046822,0.024800001
,,,-0.00046821,0.022400001
,,,-0.0004682,0.024000001
,,,-0.00046819,0.024000001
,,,-0.00046818,0.024800001
,,,-0.00046817,0.024800001
,,,-0.00046816,0.022400001
,,,-0.00046815,0.024800001
,,,-0.00046814,0.024000001
,,,-0.00046813,0.025600002
,,,-0.00046812,0.024000001
,,,-0.00046811,0.024800001
,,,-0.0004681,0.023200001
,,,-0.00046809,0.024800001
,,,-0.00046808,0.024800001
,,,-0.00046807,0.024800001
,,,-0.00046806,0.024000001
,,,-0.00046805,0.024800001
,,,-0.00046804,0.024000001
,,,-0.00046803,0.024000001
,,,-0.00046802,0.025600002
,,,-0.00046801,0.024800001
,,,-0.000468,0.024000001
,,,-0.00046799,0.023200001
,,,-0.00046798,0.024000001
,,,-0.00046797,0.026400002
,,,-0.00046796,0.025600002
,,,-0.00046795,0.024800001
,,,-0.00046794,0.024800001
,,,-0.00046793,0.024000001
,,,-0.00046792,0.024800001
,,,-0.00046791,0.024000001
,,,-0.0004679,0.024000001
,,,-0.00046789,0.024000001
,,,-0.00046788,0.024000001
,,,-0.00046787,0.024000001
,,,-0.00046786,0.024000001
,,,-0.00046785,0.024800001
,,,-0.00046784,0.024800001
,,,-0.00046783,0.024000001
,,,-0.00046782,0.024800001
,,,-0.00046781,0.023200001
,,,-0.0004678,0.024000001
,,,-0.00046779,0.024000001
,,,-0.00046778,0.024000001
,,,-0.00046777,0.024800001
,,,-0.00046776,0.023200001
,,,-0.00046775,0.024000001
,,,-0.00046774,0.024000001
,,,-0.00046773,0.024000001
,,,-0.00046772,0.022400001
,,,-0.00046771,0.022400001
,,,-0.0004677,0.025600002
,,,-0.00046769,0.024000001
,,,-0.00046768,0.025600002
,,,-0.00046767,0.024000001
,,,-0.00046766,0.024800001
,,,-0.00046765,0.023200001
,,,-0.00046764,0.024000001
,,,-0.00046763,0.024000001
,,,-0.00046762,0.024000001
,,,-0.00046761,0.025600002
,,,-0.0004676,0.024000001
,,,-0.00046759,0.023200001
,,,-0.00046758,0.025600002
,,,-0.00046757,0.025600002
,,,-0.00046756,0.025600002
,,,-0.00046755,0.024000001
,,,-0.00046754,0.024000001
,,,-0.00046753,0.024800001
,,,-0.00046752,0.024800001
,,,-0.00046751,0.023200001
,,,-0.0004675,0.024000001
,,,-0.00046749,0.025600002
,,,-0.00046748,0.025600002
,,,-0.00046747,0.024000001
,,,-0.00046746,0.023200001
,,,-0.00046745,0.024000001
,,,-0.00046744,0.025600002
,,,-0.00046743,0.024800001
,,,-0.00046742,0.024000001
,,,-0.00046741,0.026400002
,,,-0.0004674,0.024000001
,,,-0.00046739,0.024000001
,,,-0.00046738,0.024800001
,,,-0.00046737,0.024800001
,,,-0.00046736,0.025600002
,,,-0.00046735,0.024000001
,,,-0.00046734,0.024800001
,,,-0.00046733,0.024000001
,,,-0.00046732,0.024800001
,,,-0.00046731,0.024000001
,,,-0.0004673,0.024800001
,,,-0.00046729,0.024000001
,,,-0.00046728,0.022400001
,,,-0.00046727,0.025600002
,,,-0.00046726,0.024800001
,,,-0.00046725,0.025600002
,,,-0.00046724,0.024000001
,,,-0.00046723,0.025600002
,,,-0.00046722,0.024000001
,,,-0.00046721,0.023200001
,,,-0.0004672,0.024000001
,,,-0.00046719,0.024000001
,,,-0.00046718,0.025600002
,,,-0.00046717,0.024800001
,,,-0.00046716,0.024800001
,,,-0.00046715,0.023200001
,,,-0.00046714,0.024000001
,,,-0.00046713,0.024800001
,,,-0.00046712,0.024000001
,,,-0.00046711,0.025600002
,,,-0.0004671,0.025600002
,,,-0.00046709,0.024000001
,,,-0.00046708,0.024000001
,,,-0.00046707,0.024800001
,,,-0.00046706,0.025600002
,,,-0.00046705,0.024000001
,,,-0.00046704,0.024800001
,,,-0.00046703,0.024000001
,,,-0.00046702,0.023200001
,,,-0.00046701,0.024000001
,,,-0.000467,0.024000001
,,,-0.00046699,0.024000001
,,,-0.00046698,0.024000001
,,,-0.00046697,0.024000001
,,,-0.00046696,0.024000001
,,,-0.00046695,0.024000001
,,,-0.00046694,0.025600002
,,,-0.00046693,0.022400001
,,,-0.00046692,0.023200001
,,,-0.00046691,0.024000001
,,,-0.0004669,0.024000001
,,,-0.00046689,0.026400002
,,,-0.00046688,0.024000001
,,,-0.00046687,0.024000001
,,,-0.00046686,0.024800001
,,,-0.00046685,0.024000001
,,,-0.00046684,0.024000001
,,,-0.00046683,0.024800001
,,,-0.00046682,0.025600002
,,,-0.00046681,0.023200001
,,,-0.0004668,0.024800001
,,,-0.00046679,0.024000001
,,,-0.00046678,0.025600002
,,,-0.00046677,0.024000001
,,,-0.00046676,0.023200001
,,,-0.00046675,0.024000001
,,,-0.00046674,0.024800001
,,,-0.00046673,0.025600002
,,,-0.00046672,0.024000001
,,,-0.00046671,0.023200001
,,,-0.0004667,0.023200001
,,,-0.00046669,0.024800001
,,,-0.00046668,0.024000001
,,,-0.00046667,0.025600002
,,,-0.00046666,0.024800001
,,,-0.00046665,0.024000001
,,,-0.00046664,0.025600002
,,,-0.00046663,0.024000001
,,,-0.00046662,0.024800001
,,,-0.00046661,0.024000001
,,,-0.0004666,0.025600002
,,,-0.00046659,0.025600002
,,,-0.00046658,0.024000001
,,,-0.00046657,0.024000001
,,,-0.00046656,0.024800001
,,,-0.00046655,0.024000001
,,,-0.00046654,0.026400002
,,,-0.00046653,0.024800001
,,,-0.00046652,0.025600002
,,,-0.00046651,0.025600002
,,,-0.0004665,0.024800001
,,,-0.00046649,0.024000001
,,,-0.00046648,0.027200002
,,,-0.00046647,0.024000001
,,,-0.00046646,0.024800001
,,,-0.00046645,0.024000001
,,,-0.00046644,0.024000001
,,,-0.00046643,0.024000001
,,,-0.00046642,0.025600002
,,,-0.00046641,0.024000001
,,,-0.0004664,0.024000001
,,,-0.00046639,0.024800001
,,,-0.00046638,0.024000001
,,,-0.00046637,0.024800001
,,,-0.00046636,0.024800001
,,,-0.00046635,0.024800001
,,,-0.00046634,0.024000001
,,,-0.00046633,0.024000001
,,,-0.00046632,0.024000001
,,,-0.00046631,0.024800001
,,,-0.0004663,0.023200001
,,,-0.00046629,0.024800001
,,,-0.00046628,0.024800001
,,,-0.00046627,0.022400001
,,,-0.00046626,0.025600002
,,,-0.00046625,0.025600002
,,,-0.00046624,0.024000001
,,,-0.00046623,0.024000001
,,,-0.00046622,0.024800001
,,,-0.00046621,0.024800001
,,,-0.0004662,0.024000001
,,,-0.00046619,0.024800001
,,,-0.00046618,0.024800001
,,,-0.00046617,0.024000001
,,,-0.00046616,0.023200001
,,,-0.00046615,0.025600002
,,,-0.00046614,0.024000001
,,,-0.00046613,0.024000001
,,,-0.00046612,0.024000001
,,,-0.00046611,0.024000001
,,,-0.0004661,0.024000001
,,,-0.00046609,0.024000001
,,,-0.00046608,0.024000001
,,,-0.00046607,0.023200001
,,,-0.00046606,0.023200001
,,,-0.00046605,0.022400001
,,,-0.00046604,0.024000001
,,,-0.00046603,0.023200001
,,,-0.00046602,0.024800001
,,,-0.00046601,0.024000001
,,,-0.000466,0.024000001
,,,-0.00046599,0.025600002
,,,-0.00046598,0.024800001
,,,-0.00046597,0.024000001
,,,-0.00046596,0.023200001
,,,-0.00046595,0.025600002
,,,-0.00046594,0.026400002
,,,-0.00046593,0.024000001
,,,-0.00046592,0.024800001
,,,-0.00046591,0.023200001
,,,-0.0004659,0.024000001
,,,-0.00046589,0.024000001
,,,-0.00046588,0.024000001
,,,-0.00046587,0.024000001
,,,-0.00046586,0.024800001
,,,-0.00046585,0.025600002
,,,-0.00046584,0.025600002
,,,-0.00046583,0.024000001
,,,-0.00046582,0.024000001
,,,-0.00046581,0.023200001
,,,-0.0004658,0.024000001
,,,-0.00046579,0.024000001
,,,-0.00046578,0.024000001
,,,-0.00046577,0.024800001
,,,-0.00046576,0.024800001
,,,-0.00046575,0.024000001
,,,-0.00046574,0.023200001
,,,-0.00046573,0.024800001
,,,-0.00046572,0.025600002
,,,-0.00046571,0.024800001
,,,-0.0004657,0.024800001
,,,-0.00046569,0.025600002
,,,-0.00046568,0.025600002
,,,-0.00046567,0.022400001
,,,-0.00046566,0.024800001
,,,-0.00046565,0.024000001
,,,-0.00046564,0.023200001
,,,-0.00046563,0.024800001
,,,-0.00046562,0.023200001
,,,-0.00046561,0.024000001
,,,-0.0004656,0.024800001
,,,-0.00046559,0.024800001
,,,-0.00046558,0.023200001
,,,-0.00046557,0.024000001
,,,-0.00046556,0.024800001
,,,-0.00046555,0.024000001
,,,-0.00046554,0.024800001
,,,-0.00046553,0.024000001
,,,-0.00046552,0.024000001
,,,-0.00046551,0.024000001
,,,-0.0004655,0.024800001
,,,-0.00046549,0.024800001
,,,-0.00046548,0.024000001
,,,-0.00046547,0.024800001
,,,-0.00046546,0.025600002
,,,-0.00046545,0.024000001
,,,-0.00046544,0.024800001
,,,-0.00046543,0.025600002
,,,-0.00046542,0.024800001
,,,-0.00046541,0.023200001
,,,-0.0004654,0.026400002
,,,-0.00046539,0.025600002
,,,-0.00046538,0.024000001
,,,-0.00046537,0.024000001
,,,-0.00046536,0.024800001
,,,-0.00046535,0.024000001
,,,-0.00046534,0.024000001
,,,-0.00046533,0.024000001
,,,-0.00046532,0.024000001
,,,-0.00046531,0.024000001
,,,-0.0004653,0.024800001
,,,-0.00046529,0.024800001
,,,-0.00046528,0.024000001
,,,-0.00046527,0.023200001
,,,-0.00046526,0.024000001
,,,-0.00046525,0.024000001
,,,-0.00046524,0.024800001
,,,-0.00046523,0.024800001
,,,-0.00046522,0.024000001
,,,-0.00046521,0.024800001
,,,-0.0004652,0.025600002
,,,-0.00046519,0.023200001
,,,-0.00046518,0.023200001
,,,-0.00046517,0.023200001
,,,-0.00046516,0.024800001
,,,-0.00046515,0.024800001
,,,-0.00046514,0.024800001
,,,-0.00046513,0.025600002
,,,-0.00046512,0.023200001
,,,-0.00046511,0.024000001
,,,-0.0004651,0.024000001
,,,-0.00046509,0.024800001
,,,-0.00046508,0.024000001
,,,-0.00046507,0.024000001
,,,-0.00046506,0.024800001
,,,-0.00046505,0.024000001
,,,-0.00046504,0.023200001
,,,-0.00046503,0.024800001
,,,-0.00046502,0.025600002
,,,-0.00046501,0.024000001
,,,-0.000465,0.023200001
,,,-0.00046499,0.023200001
,,,-0.00046498,0.025600002
,,,-0.00046497,0.024000001
,,,-0.00046496,0.025600002
,,,-0.00046495,0.024000001
,,,-0.00046494,0.025600002
,,,-0.00046493,0.021600001
,,,-0.00046492,0.024800001
,,,-0.00046491,0.024800001
,,,-0.0004649,0.024800001
,,,-0.00046489,0.024000001
,,,-0.00046488,0.024000001
,,,-0.00046487,0.022400001
,,,-0.00046486,0.024000001
,,,-0.00046485,0.023200001
,,,-0.00046484,0.024000001
,,,-0.00046483,0.024000001
,,,-0.00046482,0.024000001
,,,-0.00046481,0.025600002
,,,-0.0004648,0.023200001
,,,-0.00046479,0.024800001
,,,-0.00046478,0.024000001
,,,-0.00046477,0.024000001
,,,-0.00046476,0.025600002
,,,-0.00046475,0.024000001
,,,-0.00046474,0.022400001
,,,-0.00046473,0.024000001
,,,-0.00046472,0.024800001
,,,-0.00046471,0.023200001
,,,-0.0004647,0.024000001
,,,-0.00046469,0.024800001
,,,-0.00046468,0.024000001
,,,-0.00046467,0.024000001
,,,-0.00046466,0.026400002
,,,-0.00046465,0.023200001
,,,-0.00046464,0.024000001
,,,-0.00046463,0.024000001
,,,-0.00046462,0.023200001
,,,-0.00046461,0.023200001
,,,-0.0004646,0.025600002
,,,-0.00046459,0.024000001
,,,-0.00046458,0.024000001
,,,-0.00046457,0.024800001
,,,-0.00046456,0.024000001
,,,-0.00046455,0.024000001
,,,-0.00046454,0.024000001
,,,-0.00046453,0.024000001
,,,-0.00046452,0.024800001
,,,-0.00046451,0.024000001
,,,-0.0004645,0.024000001
,,,-0.00046449,0.024800001
,,,-0.00046448,0.025600002
,,,-0.00046447,0.024000001
,,,-0.00046446,0.024800001
,,,-0.00046445,0.022400001
,,,-0.00046444,0.024000001
,,,-0.00046443,0.024000001
,,,-0.00046442,0.024800001
,,,-0.00046441,0.022400001
,,,-0.0004644,0.024000001
,,,-0.00046439,0.024800001
,,,-0.00046438,0.024000001
,,,-0.00046437,0.024000001
,,,-0.00046436,0.024000001
,,,-0.00046435,0.023200001
,,,-0.00046434,0.024800001
,,,-0.00046433,0.024000001
,,,-0.00046432,0.023200001
,,,-0.00046431,0.024000001
,,,-0.0004643,0.024000001
,,,-0.00046429,0.023200001
,,,-0.00046428,0.024800001
,,,-0.00046427,0.022400001
,,,-0.00046426,0.023200001
,,,-0.00046425,0.024800001
,,,-0.00046424,0.024000001
,,,-0.00046423,0.024000001
,,,-0.00046422,0.024000001
,,,-0.00046421,0.024000001
,,,-0.0004642,0.025600002
,,,-0.00046419,0.022400001
,,,-0.00046418,0.025600002
,,,-0.00046417,0.024000001
,,,-0.00046416,0.024000001
,,,-0.00046415,0.024000001
,,,-0.00046414,0.022400001
,,,-0.00046413,0.024000001
,,,-0.00046412,0.024000001
,,,-0.00046411,0.024000001
,,,-0.0004641,0.024800001
,,,-0.00046409,0.024800001
,,,-0.00046408,0.024000001
,,,-0.00046407,0.024800001
,,,-0.00046406,0.024000001
,,,-0.00046405,0.024000001
,,,-0.00046404,0.024000001
,,,-0.00046403,0.024800001
,,,-0.00046402,0.024000001
,,,-0.00046401,0.022400001
,,,-0.000464,0.024000001
,,,-0.00046399,0.023200001
,,,-0.00046398,0.025600002
,,,-0.00046397,0.023200001
,,,-0.00046396,0.024800001
,,,-0.00046395,0.024000001
,,,-0.00046394,0.024000001
,,,-0.00046393,0.023200001
,,,-0.00046392,0.023200001
,,,-0.00046391,0.022400001
,,,-0.0004639,0.024000001
,,,-0.00046389,0.024800001
,,,-0.00046388,0.024800001
,,,-0.00046387,0.024000001
,,,-0.00046386,0.024800001
,,,-0.00046385,0.024000001
,,,-0.00046384,0.023200001
,,,-0.00046383,0.024000001
,,,-0.00046382,0.024800001
,,,-0.00046381,0.023200001
,,,-0.0004638,0.025600002
,,,-0.00046379,0.024000001
,,,-0.00046378,0.025600002
,,,-0.00046377,0.025600002
,,,-0.00046376,0.024800001
,,,-0.00046375,0.024000001
,,,-0.00046374,0.024000001
,,,-0.00046373,0.024000001
,,,-0.00046372,0.024000001
,,,-0.00046371,0.024000001
,,,-0.0004637,0.023200001
,,,-0.00046369,0.024000001
,,,-0.00046368,0.024000001
,,,-0.00046367,0.025600002
,,,-0.00046366,0.025600002
,,,-0.00046365,0.024800001
,,,-0.00046364,0.027200002
,,,-0.00046363,0.024000001
,,,-0.00046362,0.024800001
,,,-0.00046361,0.024000001
,,,-0.0004636,0.024000001
,,,-0.00046359,0.024800001
,,,-0.00046358,0.025600002
,,,-0.00046357,0.024000001
,,,-0.00046356,0.023200001
,,,-0.00046355,0.024800001
,,,-0.00046354,0.024000001
,,,-0.00046353,0.024000001
,,,-0.00046352,0.025600002
,,,-0.00046351,0.024000001
,,,-0.0004635,0.024800001
,,,-0.00046349,0.024800001
,,,-0.00046348,0.024000001
,,,-0.00046347,0.025600002
,,,-0.00046346,0.024000001
,,,-0.00046345,0.024000001
,,,-0.00046344,0.026400002
,,,-0.00046343,0.024000001
,,,-0.00046342,0.025600002
,,,-0.00046341,0.023200001
,,,-0.0004634,0.024000001
,,,-0.00046339,0.024800001
,,,-0.00046338,0.024800001
,,,-0.00046337,0.024000001
,,,-0.00046336,0.024800001
,,,-0.00046335,0.023200001
,,,-0.00046334,0.025600002
,,,-0.00046333,0.025600002
,,,-0.00046332,0.024000001
,,,-0.00046331,0.025600002
,,,-0.0004633,0.023200001
,,,-0.00046329,0.025600002
,,,-0.00046328,0.023200001
,,,-0.00046327,0.024000001
,,,-0.00046326,0.024000001
,,,-0.00046325,0.024800001
,,,-0.00046324,0.024000001
,,,-0.00046323,0.025600002
,,,-0.00046322,0.025600002
,,,-0.00046321,0.024000001
,,,-0.0004632,0.024800001
,,,-0.00046319,0.024000001
,,,-0.00046318,0.024800001
,,,-0.00046317,0.024000001
,,,-0.00046316,0.024000001
,,,-0.00046315,0.024000001
,,,-0.00046314,0.024800001
,,,-0.00046313,0.024000001
,,,-0.00046312,0.023200001
,,,-0.00046311,0.025600002
,,,-0.0004631,0.025600002
,,,-0.00046309,0.023200001
,,,-0.00046308,0.024800001
,,,-0.00046307,0.024000001
,,,-0.00046306,0.024800001
,,,-0.00046305,0.024800001
,,,-0.00046304,0.024000001
,,,-0.00046303,0.025600002
,,,-0.00046302,0.024800001
,,,-0.00046301,0.024000001
,,,-0.000463,0.023200001
,,,-0.00046299,0.024800001
,,,-0.00046298,0.024000001
,,,-0.00046297,0.024000001
,,,-0.00046296,0.025600002
,,,-0.00046295,0.025600002
,,,-0.00046294,0.023200001
,,,-0.00046293,0.024000001
,,,-0.00046292,0.025600002
,,,-0.00046291,0.024800001
,,,-0.0004629,0.024000001
,,,-0.00046289,0.025600002
,,,-0.00046288,0.024000001
,,,-0.00046287,0.024000001
,,,-0.00046286,0.024800001
,,,-0.00046285,0.024800001
,,,-0.00046284,0.024800001
,,,-0.00046283,0.024000001
,,,-0.00046282,0.024800001
,,,-0.00046281,0.025600002
,,,-0.0004628,0.024800001
,,,-0.00046279,0.023200001
,,,-0.00046278,0.024000001
,,,-0.00046277,0.024000001
,,,-0.00046276,0.024800001
,,,-0.00046275,0.023200001
,,,-0.00046274,0.023200001
,,,-0.00046273,0.023200001
,,,-0.00046272,0.024800001
,,,-0.00046271,0.024800001
,,,-0.0004627,0.024000001
,,,-0.00046269,0.024800001
,,,-0.00046268,0.024000001
,,,-0.00046267,0.024000001
,,,-0.00046266,0.024000001
,,,-0.00046265,0.024000001
,,,-0.00046264,0.024000001
,,,-0.00046263,0.025600002
,,,-0.00046262,0.024800001
,,,-0.00046261,0.024800001
,,,-0.0004626,0.024000001
,,,-0.00046259,0.024000001
,,,-0.00046258,0.024800001
,,,-0.00046257,0.024800001
,,,-0.00046256,0.024800001
,,,-0.00046255,0.024800001
,,,-0.00046254,0.024000001
,,,-0.00046253,0.024000001
,,,-0.00046252,0.024000001
,,,-0.00046251,0.024000001
,,,-0.0004625,0.025600002
,,,-0.00046249,0.023200001
,,,-0.00046248,0.024800001
,,,-0.00046247,0.024800001
,,,-0.00046246,0.023200001
,,,-0.00046245,0.022400001
,,,-0.00046244,0.025600002
,,,-0.00046243,0.022400001
,,,-0.00046242,0.024000001
,,,-0.00046241,0.024000001
,,,-0.0004624,0.023200001
,,,-0.00046239,0.024800001
,,,-0.00046238,0.024000001
,,,-0.00046237,0.023200001
,,,-0.00046236,0.024800001
,,,-0.00046235,0.025600002
,,,-0.00046234,0.024800001
,,,-0.00046233,0.023200001
,,,-0.00046232,0.025600002
,,,-0.00046231,0.024000001
,,,-0.0004623,0.023200001
,,,-0.00046229,0.024800001
,,,-0.00046228,0.024800001
,,,-0.00046227,0.024800001
,,,-0.00046226,0.024800001
,,,-0.00046225,0.024800001
,,,-0.00046224,0.025600002
,,,-0.00046223,0.023200001
,,,-0.00046222,0.024800001
,,,-0.00046221,0.023200001
,,,-0.0004622,0.024800001
,,,-0.00046219,0.024000001
,,,-0.00046218,0.024800001
,,,-0.00046217,0.025600002
,,,-0.00046216,0.024000001
,,,-0.00046215,0.024000001
,,,-0.00046214,0.023200001
,,,-0.00046213,0.026400002
,,,-0.00046212,0.024000001
,,,-0.00046211,0.024000001
,,,-0.0004621,0.024000001
,,,-0.00046209,0.025600002
,,,-0.00046208,0.024000001
,,,-0.00046207,0.023200001
,,,-0.00046206,0.024800001
,,,-0.00046205,0.024800001
,,,-0.00046204,0.024000001
,,,-0.00046203,0.024800001
,,,-0.00046202,0.024000001
,,,-0.00046201,0.024000001
,,,-0.000462,0.023200001
,,,-0.00046199,0.024000001
,,,-0.00046198,0.023200001
,,,-0.00046197,0.024800001
,,,-0.00046196,0.024000001
,,,-0.00046195,0.023200001
,,,-0.00046194,0.024000001
,,,-0.00046193,0.024000001
,,,-0.00046192,0.024000001
,,,-0.00046191,0.026400002
,,,-0.0004619,0.024800001
,,,-0.00046189,0.022400001
,,,-0.00046188,0.024000001
,,,-0.00046187,0.024800001
,,,-0.00046186,0.024800001
,,,-0.00046185,0.024800001
,,,-0.00046184,0.024000001
,,,-0.00046183,0.024800001
,,,-0.00046182,0.024000001
,,,-0.00046181,0.024000001
,,,-0.0004618,0.024000001
,,,-0.00046179,0.024000001
,,,-0.00046178,0.025600002
,,,-0.00046177,0.024000001
,,,-0.00046176,0.024800001
,,,-0.00046175,0.024000001
,,,-0.00046174,0.024000001
,,,-0.00046173,0.026400002
,,,-0.00046172,0.024800001
,,,-0.00046171,0.024000001
,,,-0.0004617,0.024800001
,,,-0.00046169,0.024800001
,,,-0.00046168,0.024000001
,,,-0.00046167,0.024000001
,,,-0.00046166,0.024800001
,,,-0.00046165,0.024000001
,,,-0.00046164,0.024800001
,,,-0.00046163,0.024000001
,,,-0.00046162,0.024000001
,,,-0.00046161,0.024000001
,,,-0.0004616,0.024800001
,,,-0.00046159,0.024800001
,,,-0.00046158,0.024000001
,,,-0.00046157,0.024000001
,,,-0.00046156,0.023200001
,,,-0.00046155,0.024800001
,,,-0.00046154,0.024000001
,,,-0.00046153,0.024000001
,,,-0.00046152,0.024000001
,,,-0.00046151,0.025600002
,,,-0.0004615,0.024000001
,,,-0.00046149,0.023200001
,,,-0.00046148,0.023200001
,,,-0.00046147,0.024000001
,,,-0.00046146,0.024800001
,,,-0.00046145,0.024800001
,,,-0.00046144,0.024800001
,,,-0.00046143,0.024000001
,,,-0.00046142,0.024000001
,,,-0.00046141,0.023200001
,,,-0.0004614,0.024800001
,,,-0.00046139,0.024000001
,,,-0.00046138,0.024800001
,,,-0.00046137,0.024800001
,,,-0.00046136,0.024000001
,,,-0.00046135,0.024000001
,,,-0.00046134,0.024000001
,,,-0.00046133,0.023200001
,,,-0.00046132,0.024000001
,,,-0.00046131,0.024000001
,,,-0.0004613,0.024000001
,,,-0.00046129,0.024000001
,,,-0.00046128,0.024800001
,,,-0.00046127,0.024000001
,,,-0.00046126,0.023200001
,,,-0.00046125,0.024000001
,,,-0.00046124,0.024800001
,,,-0.00046123,0.024800001
,,,-0.00046122,0.023200001
,,,-0.00046121,0.024800001
,,,-0.0004612,0.024000001
,,,-0.00046119,0.024800001
,,,-0.00046118,0.025600002
,,,-0.00046117,0.023200001
,,,-0.00046116,0.024000001
,,,-0.00046115,0.025600002
,,,-0.00046114,0.023200001
,,,-0.00046113,0.024000001
,,,-0.00046112,0.025600002
,,,-0.00046111,0.023200001
,,,-0.0004611,0.024000001
,,,-0.00046109,0.024000001
,,,-0.00046108,0.024000001
,,,-0.00046107,0.022400001
,,,-0.00046106,0.024000001
,,,-0.00046105,0.024000001
,,,-0.00046104,0.024800001
,,,-0.00046103,0.024000001
,,,-0.00046102,0.024000001
,,,-0.00046101,0.024800001
,,,-0.000461,0.024800001
,,,-0.00046099,0.024000001
,,,-0.00046098,0.024800001
,,,-0.00046097,0.024800001
,,,-0.00046096,0.025600002
,,,-0.00046095,0.025600002
,,,-0.00046094,0.024000001
,,,-0.00046093,0.023200001
,,,-0.00046092,0.022400001
,,,-0.00046091,0.023200001
,,,-0.0004609,0.023200001
,,,-0.00046089,0.024800001
,,,-0.00046088,0.024000001
,,,-0.00046087,0.024000001
,,,-0.00046086,0.025600002
,,,-0.00046085,0.024000001
,,,-0.00046084,0.024000001
,,,-0.00046083,0.024800001
,,,-0.00046082,0.025600002
,,,-0.00046081,0.026400002
,,,-0.0004608,0.024000001
,,,-0.00046079,0.026400002
,,,-0.00046078,0.024000001
,,,-0.00046077,0.024000001
,,,-0.00046076,0.024000001
,,,-0.00046075,0.024000001
,,,-0.00046074,0.025600002
,,,-0.00046073,0.024000001
,,,-0.00046072,0.024800001
,,,-0.00046071,0.024800001
,,,-0.0004607,0.024800001
,,,-0.00046069,0.024000001
,,,-0.00046068,0.024000001
,,,-0.00046067,0.024800001
,,,-0.00046066,0.024000001
,,,-0.00046065,0.024000001
,,,-0.00046064,0.024000001
,,,-0.00046063,0.023200001
,,,-0.00046062,0.024000001
,,,-0.00046061,0.024000001
,,,-0.0004606,0.024800001
,,,-0.00046059,0.024800001
,,,-0.00046058,0.024800001
,,,-0.00046057,0.023200001
,,,-0.00046056,0.024000001
,,,-0.00046055,0.024800001
,,,-0.00046054,0.024800001
,,,-0.00046053,0.024000001
,,,-0.00046052,0.024000001
,,,-0.00046051,0.024000001
,,,-0.0004605,0.026400002
,,,-0.00046049,0.024000001
,,,-0.00046048,0.024000001
,,,-0.00046047,0.024000001
,,,-0.00046046,0.023200001
,,,-0.00046045,0.023200001
,,,-0.00046044,0.024800001
,,,-0.00046043,0.025600002
,,,-0.00046042,0.024000001
,,,-0.00046041,0.024800001
,,,-0.0004604,0.025600002
,,,-0.00046039,0.023200001
,,,-0.00046038,0.023200001
,,,-0.00046037,0.025600002
,,,-0.00046036,0.024000001
,,,-0.00046035,0.024800001
,,,-0.00046034,0.024800001
,,,-0.00046033,0.023200001
,,,-0.00046032,0.024000001
,,,-0.00046031,0.024000001
,,,-0.0004603,0.024000001
,,,-0.00046029,0.023200001
,,,-0.00046028,0.024000001
,,,-0.00046027,0.024000001
,,,-0.00046026,0.024000001
,,,-0.00046025,0.024000001
,,,-0.00046024,0.023200001
,,,-0.00046023,0.024000001
,,,-0.00046022,0.024000001
,,,-0.00046021,0.024000001
,,,-0.0004602,0.024800001
,,,-0.00046019,0.024000001
,,,-0.00046018,0.024000001
,,,-0.00046017,0.024000001
,,,-0.00046016,0.026400002
,,,-0.00046015,0.024000001
,,,-0.00046014,0.024800001
,,,-0.00046013,0.023200001
,,,-0.00046012,0.024000001
,,,-0.00046011,0.025600002
,,,-0.0004601,0.025600002
,,,-0.00046009,0.024000001
,,,-0.00046008,0.024000001
,,,-0.00046007,0.024800001
,,,-0.00046006,0.024000001
,,,-0.00046005,0.024000001
,,,-0.00046004,0.023200001
,,,-0.00046003,0.024000001
,,,-0.00046002,0.025600002
,,,-0.00046001,0.024000001
,,,-0.00046,0.024000001
,,,-0.00045999,0.024000001
,,,-0.00045998,0.024800001
,,,-0.00045997,0.024800001
,,,-0.00045996,0.024000001
,,,-0.00045995,0.024000001
,,,-0.00045994,0.024000001
,,,-0.00045993,0.024000001
,,,-0.00045992,0.024000001
,,,-0.00045991,0.024000001
,,,-0.0004599,0.024000001
,,,-0.00045989,0.024000001
,,,-0.00045988,0.024800001
,,,-0.00045987,0.026400002
,,,-0.00045986,0.024000001
,,,-0.00045985,0.024000001
,,,-0.00045984,0.024000001
,,,-0.00045983,0.023200001
,,,-0.00045982,0.025600002
,,,-0.00045981,0.024000001
,,,-0.0004598,0.023200001
,,,-0.00045979,0.024000001
,,,-0.00045978,0.024000001
,,,-0.00045977,0.023200001
,,,-0.00045976,0.024000001
,,,-0.00045975,0.024800001
,,,-0.00045974,0.024800001
,,,-0.00045973,0.024000001
,,,-0.00045972,0.024000001
,,,-0.00045971,0.024000001
,,,-0.0004597,0.024000001
,,,-0.00045969,0.024800001
,,,-0.00045968,0.023200001
,,,-0.00045967,0.024000001
,,,-0.00045966,0.026400002
,,,-0.00045965,0.024800001
,,,-0.00045964,0.024000001
,,,-0.00045963,0.024000001
,,,-0.00045962,0.024800001
,,,-0.00045961,0.024000001
,,,-0.0004596,0.024000001
,,,-0.00045959,0.025600002
,,,-0.00045958,0.024000001
,,,-0.00045957,0.023200001
,,,-0.00045956,0.024000001
,,,-0.00045955,0.024000001
,,,-0.00045954,0.026400002
,,,-0.00045953,0.024800001
,,,-0.00045952,0.024800001
,,,-0.00045951,0.025600002
,,,-0.0004595,0.024800001
,,,-0.00045949,0.025600002
,,,-0.00045948,0.024000001
,,,-0.00045947,0.024800001
,,,-0.00045946,0.024000001
,,,-0.00045945,0.024000001
,,,-0.00045944,0.024000001
,,,-0.00045943,0.024000001
,,,-0.00045942,0.024800001
,,,-0.00045941,0.024000001
,,,-0.0004594,0.024000001
,,,-0.00045939,0.024800001
,,,-0.00045938,0.025600002
,,,-0.00045937,0.025600002
,,,-0.00045936,0.024800001
,,,-0.00045935,0.024000001
,,,-0.00045934,0.024800001
,,,-0.00045933,0.024000001
,,,-0.00045932,0.024800001
,,,-0.00045931,0.023200001
,,,-0.0004593,0.022400001
,,,-0.00045929,0.025600002
,,,-0.00045928,0.024000001
,,,-0.00045927,0.024000001
,,,-0.00045926,0.024800001
,,,-0.00045925,0.024000001
,,,-0.00045924,0.024000001
,,,-0.00045923,0.024000001
,,,-0.00045922,0.022400001
,,,-0.00045921,0.024800001
,,,-0.0004592,0.024800001
,,,-0.00045919,0.024800001
,,,-0.00045918,0.024800001
,,,-0.00045917,0.024800001
,,,-0.00045916,0.023200001
,,,-0.00045915,0.024000001
,,,-0.00045914,0.025600002
,,,-0.00045913,0.024000001
,,,-0.00045912,0.024000001
,,,-0.00045911,0.024800001
,,,-0.0004591,0.024000001
,,,-0.00045909,0.025600002
,,,-0.00045908,0.025600002
,,,-0.00045907,0.022400001
,,,-0.00045906,0.021600001
,,,-0.00045905,0.023200001
,,,-0.00045904,0.024000001
,,,-0.00045903,0.025600002
,,,-0.00045902,0.024000001
,,,-0.00045901,0.024000001
,,,-0.000459,0.025600002
,,,-0.00045899,0.025600002
,,,-0.00045898,0.026400002
,,,-0.00045897,0.024000001
,,,-0.00045896,0.024800001
,,,-0.00045895,0.026400002
,,,-0.00045894,0.024000001
,,,-0.00045893,0.024000001
,,,-0.00045892,0.024800001
,,,-0.00045891,0.023200001
,,,-0.0004589,0.023200001
,,,-0.00045889,0.023200001
,,,-0.00045888,0.024000001
,,,-0.00045887,0.024800001
,,,-0.00045886,0.024000001
,,,-0.00045885,0.024800001
,,,-0.00045884,0.024800001
,,,-0.00045883,0.024000001
,,,-0.00045882,0.023200001
,,,-0.00045881,0.024800001
,,,-0.0004588,0.024000001
,,,-0.00045879,0.024800001
,,,-0.00045878,0.024800001
,,,-0.00045877,0.024000001
,,,-0.00045876,0.025600002
,,,-0.00045875,0.024800001
,,,-0.00045874,0.024000001
,,,-0.00045873,0.023200001
,,,-0.00045872,0.024000001
,,,-0.00045871,0.024800001
,,,-0.0004587,0.024000001
,,,-0.00045869,0.024000001
,,,-0.00045868,0.024800001
,,,-0.00045867,0.024000001
,,,-0.00045866,0.024000001
,,,-0.00045865,0.024800001
,,,-0.00045864,0.024000001
,,,-0.00045863,0.024000001
,,,-0.00045862,0.024800001
,,,-0.00045861,0.025600002
,,,-0.0004586,0.023200001
,,,-0.00045859,0.023200001
,,,-0.00045858,0.024000001
,,,-0.00045857,0.024800001
,,,-0.00045856,0.024000001
,,,-0.00045855,0.024800001
,,,-0.00045854,0.024800001
,,,-0.00045853,0.024000001
,,,-0.00045852,0.024000001
,,,-0.00045851,0.023200001
,,,-0.0004585,0.024800001
,,,-0.00045849,0.023200001
,,,-0.00045848,0.025600002
,,,-0.00045847,0.023200001
,,,-0.00045846,0.024000001
,,,-0.00045845,0.024000001
,,,-0.00045844,0.024800001
,,,-0.00045843,0.025600002
,,,-0.00045842,0.023200001
,,,-0.00045841,0.023200001
,,,-0.0004584,0.026400002
,,,-0.00045839,0.024800001
,,,-0.00045838,0.024000001
,,,-0.00045837,0.023200001
,,,-0.00045836,0.024000001
,,,-0.00045835,0.024800001
,,,-0.00045834,0.026400002
,,,-0.00045833,0.024800001
,,,-0.00045832,0.024000001
,,,-0.00045831,0.024000001
,,,-0.0004583,0.023200001
,,,-0.00045829,0.025600002
,,,-0.00045828,0.024000001
,,,-0.00045827,0.024000001
,,,-0.00045826,0.024000001
,,,-0.00045825,0.024800001
,,,-0.00045824,0.024000001
,,,-0.00045823,0.024000001
,,,-0.00045822,0.025600002
,,,-0.00045821,0.025600002
,,,-0.0004582,0.024000001
,,,-0.00045819,0.026400002
,,,-0.00045818,0.024000001
,,,-0.00045817,0.024800001
,,,-0.00045816,0.023200001
,,,-0.00045815,0.024800001
,,,-0.00045814,0.024000001
,,,-0.00045813,0.024000001
,,,-0.00045812,0.024800001
,,,-0.00045811,0.022400001
,,,-0.0004581,0.024800001
,,,-0.00045809,0.024000001
,,,-0.00045808,0.023200001
,,,-0.00045807,0.024800001
,,,-0.00045806,0.024000001
,,,-0.00045805,0.023200001
,,,-0.00045804,0.024800001
,,,-0.00045803,0.023200001
,,,-0.00045802,0.024000001
,,,-0.00045801,0.024000001
,,,-0.000458,0.024000001
,,,-0.00045799,0.024800001
,,,-0.00045798,0.024800001
,,,-0.00045797,0.023200001
,,,-0.00045796,0.025600002
,,,-0.00045795,0.023200001
,,,-0.00045794,0.024000001
,,,-0.00045793,0.023200001
,,,-0.00045792,0.024800001
,,,-0.00045791,0.024000001
,,,-0.0004579,0.024800001
,,,-0.00045789,0.024000001
,,,-0.00045788,0.024800001
,,,-0.00045787,0.024000001
,,,-0.00045786,0.024000001
,,,-0.00045785,0.022400001
,,,-0.00045784,0.024000001
,,,-0.00045783,0.023200001
,,,-0.00045782,0.024000001
,,,-0.00045781,0.024000001
,,,-0.0004578,0.024800001
,,,-0.00045779,0.023200001
,,,-0.00045778,0.024000001
,,,-0.00045777,0.024000001
,,,-0.00045776,0.024800001
,,,-0.00045775,0.024000001
,,,-0.00045774,0.024800001
,,,-0.00045773,0.023200001
,,,-0.00045772,0.024000001
,,,-0.00045771,0.024000001
,,,-0.0004577,0.024000001
,,,-0.00045769,0.025600002
,,,-0.00045768,0.024800001
,,,-0.00045767,0.024000001
,,,-0.00045766,0.024000001
,,,-0.00045765,0.024000001
,,,-0.00045764,0.024000001
,,,-0.00045763,0.024000001
,,,-0.00045762,0.024000001
,,,-0.00045761,0.024000001
,,,-0.0004576,0.024000001
,,,-0.00045759,0.024800001
,,,-0.00045758,0.024800001
,,,-0.00045757,0.024000001
,,,-0.00045756,0.025600002
,,,-0.00045755,0.024800001
,,,-0.00045754,0.024800001
,,,-0.00045753,0.023200001
,,,-0.00045752,0.024000001
,,,-0.00045751,0.024000001
,,,-0.0004575,0.024000001
,,,-0.00045749,0.024000001
,,,-0.00045748,0.025600002
,,,-0.00045747,0.024000001
,,,-0.00045746,0.024000001
,,,-0.00045745,0.024000001
,,,-0.00045744,0.024800001
,,,-0.00045743,0.024000001
,,,-0.00045742,0.022400001
,,,-0.00045741,0.024000001
,,,-0.0004574,0.024000001
,,,-0.00045739,0.024000001
,,,-0.00045738,0.025600002
,,,-0.00045737,0.024000001
,,,-0.00045736,0.024000001
,,,-0.00045735,0.027200002
,,,-0.00045734,0.024800001
,,,-0.00045733,0.024800001
,,,-0.00045732,0.024000001
,,,-0.00045731,0.024000001
,,,-0.0004573,0.024000001
,,,-0.00045729,0.023200001
,,,-0.00045728,0.024800001
,,,-0.00045727,0.024000001
,,,-0.00045726,0.024800001
,,,-0.00045725,0.024000001
,,,-0.00045724,0.023200001
,,,-0.00045723,0.024000001
,,,-0.00045722,0.024800001
,,,-0.00045721,0.024000001
,,,-0.0004572,0.024000001
,,,-0.00045719,0.024000001
,,,-0.00045718,0.024000001
,,,-0.00045717,0.024000001
,,,-0.00045716,0.024800001
,,,-0.00045715,0.024000001
,,,-0.00045714,0.024800001
,,,-0.00045713,0.024800001
,,,-0.00045712,0.024800001
,,,-0.00045711,0.025600002
,,,-0.0004571,0.025600002
,,,-0.00045709,0.024000001
,,,-0.00045708,0.024800001
,,,-0.00045707,0.024800001
,,,-0.00045706,0.024800001
,,,-0.00045705,0.024000001
,,,-0.00045704,0.024000001
,,,-0.00045703,0.024000001
,,,-0.00045702,0.023200001
,,,-0.00045701,0.023200001
,,,-0.000457,0.023200001
,,,-0.00045699,0.024000001
,,,-0.00045698,0.024000001
,,,-0.00045697,0.023200001
,,,-0.00045696,0.024000001
,,,-0.00045695,0.024000001
,,,-0.00045694,0.025600002
,,,-0.00045693,0.024800001
,,,-0.00045692,0.025600002
,,,-0.00045691,0.024800001
,,,-0.0004569,0.024000001
,,,-0.00045689,0.024800001
,,,-0.00045688,0.024800001
,,,-0.00045687,0.024000001
,,,-0.00045686,0.024000001
,,,-0.00045685,0.024000001
,,,-0.00045684,0.024000001
,,,-0.00045683,0.022400001
,,,-0.00045682,0.024000001
,,,-0.00045681,0.024800001
,,,-0.0004568,0.025600002
,,,-0.00045679,0.025600002
,,,-0.00045678,0.025600002
,,,-0.00045677,0.025600002
,,,-0.00045676,0.024000001
,,,-0.00045675,0.024000001
,,,-0.00045674,0.024000001
,,,-0.00045673,0.024000001
,,,-0.00045672,0.024000001
,,,-0.00045671,0.024800001
,,,-0.0004567,0.024000001
,,,-0.00045669,0.024000001
,,,-0.00045668,0.024000001
,,,-0.00045667,0.024000001
,,,-0.00045666,0.026400002
,,,-0.00045665,0.024000001
,,,-0.00045664,0.024800001
,,,-0.00045663,0.024000001
,,,-0.00045662,0.024000001
,,,-0.00045661,0.024000001
,,,-0.0004566,0.024000001
,,,-0.00045659,0.024000001
,,,-0.00045658,0.024000001
,,,-0.00045657,0.024800001
,,,-0.00045656,0.024000001
,,,-0.00045655,0.023200001
,,,-0.00045654,0.024800001
,,,-0.00045653,0.024000001
,,,-0.00045652,0.023200001
,,,-0.00045651,0.024000001
,,,-0.0004565,0.022400001
,,,-0.00045649,0.024800001
,,,-0.00045648,0.024000001
,,,-0.00045647,0.022400001
,,,-0.00045646,0.025600002
,,,-0.00045645,0.023200001
,,,-0.00045644,0.024800001
,,,-0.00045643,0.023200001
,,,-0.00045642,0.024000001
,,,-0.00045641,0.025600002
,,,-0.0004564,0.024000001
,,,-0.00045639,0.024800001
,,,-0.00045638,0.026400002
,,,-0.00045637,0.024800001
,,,-0.00045636,0.024800001
,,,-0.00045635,0.024000001
,,,-0.00045634,0.024000001
,,,-0.00045633,0.024000001
,,,-0.00045632,0.024000001
,,,-0.00045631,0.024800001
,,,-0.0004563,0.024800001
,,,-0.00045629,0.024000001
,,,-0.00045628,0.024000001
,,,-0.00045627,0.023200001
,,,-0.00045626,0.024800001
,,,-0.00045625,0.023200001
,,,-0.00045624,0.025600002
,,,-0.00045623,0.024800001
,,,-0.00045622,0.024000001
,,,-0.00045621,0.024000001
,,,-0.0004562,0.024800001
,,,-0.00045619,0.024000001
,,,-0.00045618,0.024800001
,,,-0.00045617,0.024000001
,,,-0.00045616,0.024800001
,,,-0.00045615,0.026400002
,,,-0.00045614,0.024800001
,,,-0.00045613,0.024000001
,,,-0.00045612,0.023200001
,,,-0.00045611,0.022400001
,,,-0.0004561,0.024000001
,,,-0.00045609,0.024800001
,,,-0.00045608,0.025600002
,,,-0.00045607,0.024000001
,,,-0.00045606,0.024800001
,,,-0.00045605,0.024000001
,,,-0.00045604,0.024000001
,,,-0.00045603,0.024800001
,,,-0.00045602,0.024000001
,,,-0.00045601,0.024000001
,,,-0.000456,0.024000001
,,,-0.00045599,0.024800001
,,,-0.00045598,0.024000001
,,,-0.00045597,0.025600002
,,,-0.00045596,0.024000001
,,,-0.00045595,0.024800001
,,,-0.00045594,0.023200001
,,,-0.00045593,0.024000001
,,,-0.00045592,0.024000001
,,,-0.00045591,0.024000001
,,,-0.0004559,0.024000001
,,,-0.00045589,0.025600002
,,,-0.00045588,0.024000001
,,,-0.00045587,0.023200001
,,,-0.00045586,0.024800001
,,,-0.00045585,0.024000001
,,,-0.00045584,0.024800001
,,,-0.00045583,0.024000001
,,,-0.00045582,0.024800001
,,,-0.00045581,0.024000001
,,,-0.0004558,0.024000001
,,,-0.00045579,0.024000001
,,,-0.00045578,0.024000001
,,,-0.00045577,0.023200001
,,,-0.00045576,0.023200001
,,,-0.00045575,0.025600002
,,,-0.00045574,0.024000001
,,,-0.00045573,0.024800001
,,,-0.00045572,0.024000001
,,,-0.00045571,0.024000001
,,,-0.0004557,0.024000001
,,,-0.00045569,0.024800001
,,,-0.00045568,0.024800001
,,,-0.00045567,0.024000001
,,,-0.00045566,0.023200001
,,,-0.00045565,0.025600002
,,,-0.00045564,0.023200001
,,,-0.00045563,0.024800001
,,,-0.00045562,0.024800001
,,,-0.00045561,0.023200001
,,,-0.0004556,0.024000001
,,,-0.00045559,0.024000001
,,,-0.00045558,0.024000001
,,,-0.00045557,0.022400001
,,,-0.00045556,0.024800001
,,,-0.00045555,0.024000001
,,,-0.00045554,0.024800001
,,,-0.00045553,0.024000001
,,,-0.00045552,0.023200001
,,,-0.00045551,0.024800001
,,,-0.0004555,0.024000001
,,,-0.00045549,0.024800001
,,,-0.00045548,0.024000001
,,,-0.00045547,0.024000001
,,,-0.00045546,0.024800001
,,,-0.00045545,0.024000001
,,,-0.00045544,0.025600002
,,,-0.00045543,0.024000001
,,,-0.00045542,0.024000001
,,,-0.00045541,0.024800001
,,,-0.0004554,0.024000001
,,,-0.00045539,0.024000001
,,,-0.00045538,0.024000001
,,,-0.00045537,0.023200001
,,,-0.00045536,0.023200001
,,,-0.00045535,0.024000001
,,,-0.00045534,0.024000001
,,,-0.00045533,0.024800001
,,,-0.00045532,0.024800001
,,,-0.00045531,0.024000001
,,,-0.0004553,0.024800001
,,,-0.00045529,0.024800001
,,,-0.00045528,0.022400001
,,,-0.00045527,0.024000001
,,,-0.00045526,0.023200001
,,,-0.00045525,0.024000001
,,,-0.00045524,0.025600002
,,,-0.00045523,0.024800001
,,,-0.00045522,0.024000001
,,,-0.00045521,0.023200001
,,,-0.0004552,0.024000001
,,,-0.00045519,0.024800001
,,,-0.00045518,0.024800001
,,,-0.00045517,0.024800001
,,,-0.00045516,0.024800001
,,,-0.00045515,0.024000001
,,,-0.00045514,0.024000001
,,,-0.00045513,0.026400002
,,,-0.00045512,0.024000001
,,,-0.00045511,0.025600002
,,,-0.0004551,0.024800001
,,,-0.00045509,0.024000001
,,,-0.00045508,0.025600002
,,,-0.00045507,0.024800001
,,,-0.00045506,0.026400002
,,,-0.00045505,0.024800001
,,,-0.00045504,0.025600002
,,,-0.00045503,0.024800001
,,,-0.00045502,0.024000001
,,,-0.00045501,0.024000001
,,,-0.000455,0.024000001
,,,-0.00045499,0.023200001
,,,-0.00045498,0.024000001
,,,-0.00045497,0.025600002
,,,-0.00045496,0.021600001
,,,-0.00045495,0.023200001
,,,-0.00045494,0.025600002
,,,-0.00045493,0.024000001
,,,-0.00045492,0.024800001
,,,-0.00045491,0.024000001
,,,-0.0004549,0.022400001
,,,-0.00045489,0.024000001
,,,-0.00045488,0.021600001
,,,-0.00045487,0.024000001
,,,-0.00045486,0.024000001
,,,-0.00045485,0.023200001
,,,-0.00045484,0.025600002
,,,-0.00045483,0.024800001
,,,-0.00045482,0.024800001
,,,-0.00045481,0.024000001
,,,-0.0004548,0.025600002
,,,-0.00045479,0.024000001
,,,-0.00045478,0.024000001
,,,-0.00045477,0.023200001
,,,-0.00045476,0.025600002
,,,-0.00045475,0.024800001
,,,-0.00045474,0.024800001
,,,-0.00045473,0.025600002
,,,-0.00045472,0.024800001
,,,-0.00045471,0.023200001
,,,-0.0004547,0.024000001
,,,-0.00045469,0.024800001
,,,-0.00045468,0.024000001
,,,-0.00045467,0.024000001
,,,-0.00045466,0.024000001
,,,-0.00045465,0.024000001
,,,-0.00045464,0.024800001
,,,-0.00045463,0.023200001
,,,-0.00045462,0.025600002
,,,-0.00045461,0.024800001
,,,-0.0004546,0.023200001
,,,-0.00045459,0.024000001
,,,-0.00045458,0.024000001
,,,-0.00045457,0.024800001
,,,-0.00045456,0.024000001
,,,-0.00045455,0.024800001
,,,-0.00045454,0.023200001
,,,-0.00045453,0.024000001
,,,-0.00045452,0.024800001
,,,-0.00045451,0.023200001
,,,-0.0004545,0.024800001
,,,-0.00045449,0.025600002
,,,-0.00045448,0.024000001
,,,-0.00045447,0.024800001
,,,-0.00045446,0.022400001
,,,-0.00045445,0.024000001
,,,-0.00045444,0.024000001
,,,-0.00045443,0.024000001
,,,-0.00045442,0.024000001
,,,-0.00045441,0.024800001
,,,-0.0004544,0.025600002
,,,-0.00045439,0.025600002
,,,-0.00045438,0.024800001
,,,-0.00045437,0.024800001
,,,-0.00045436,0.024800001
,,,-0.00045435,0.024000001
,,,-0.00045434,0.024000001
,,,-0.00045433,0.024000001
,,,-0.00045432,0.023200001
,,,-0.00045431,0.024000001
,,,-0.0004543,0.024800001
,,,-0.00045429,0.023200001
,,,-0.00045428,0.024000001
,,,-0.00045427,0.024000001
,,,-0.00045426,0.024000001
,,,-0.00045425,0.024000001
,,,-0.00045424,0.024800001
,,,-0.00045423,0.024000001
,,,-0.00045422,0.025600002
,,,-0.00045421,0.024000001
,,,-0.0004542,0.024000001
,,,-0.00045419,0.024800001
,,,-0.00045418,0.023200001
,,,-0.00045417,0.025600002
,,,-0.00045416,0.023200001
,,,-0.00045415,0.022400001
,,,-0.00045414,0.024000001
,,,-0.00045413,0.023200001
,,,-0.00045412,0.024000001
,,,-0.00045411,0.024000001
,,,-0.0004541,0.024800001
,,,-0.00045409,0.025600002
,,,-0.00045408,0.024000001
,,,-0.00045407,0.024000001
,,,-0.00045406,0.024800001
,,,-0.00045405,0.024800001
,,,-0.00045404,0.024000001
,,,-0.00045403,0.024000001
,,,-0.00045402,0.025600002
,,,-0.00045401,0.024000001
,,,-0.000454,0.025600002
,,,-0.00045399,0.024000001
,,,-0.00045398,0.024800001
,,,-0.00045397,0.024800001
,,,-0.00045396,0.024000001
,,,-0.00045395,0.024000001
,,,-0.00045394,0.024000001
,,,-0.00045393,0.024800001
,,,-0.00045392,0.025600002
,,,-0.00045391,0.024000001
,,,-0.0004539,0.024800001
,,,-0.00045389,0.024000001
,,,-0.00045388,0.024800001
,,,-0.00045387,0.024800001
,,,-0.00045386,0.024800001
,,,-0.00045385,0.024000001
,,,-0.00045384,0.024800001
,,,-0.00045383,0.024000001
,,,-0.00045382,0.022400001
,,,-0.00045381,0.024800001
,,,-0.0004538,0.024000001
,,,-0.00045379,0.024000001
,,,-0.00045378,0.023200001
,,,-0.00045377,0.023200001
,,,-0.00045376,0.023200001
,,,-0.00045375,0.024800001
,,,-0.00045374,0.024000001
,,,-0.00045373,0.025600002
,,,-0.00045372,0.024800001
,,,-0.00045371,0.023200001
,,,-0.0004537,0.024800001
,,,-0.00045369,0.024000001
,,,-0.00045368,0.024800001
,,,-0.00045367,0.024800001
,,,-0.00045366,0.024000001
,,,-0.00045365,0.024000001
,,,-0.00045364,0.024000001
,,,-0.00045363,0.024000001
,,,-0.00045362,0.024800001
,,,-0.00045361,0.024000001
,,,-0.0004536,0.025600002
,,,-0.00045359,0.024000001
,,,-0.00045358,0.023200001
,,,-0.00045357,0.023200001
,,,-0.00045356,0.024800001
,,,-0.00045355,0.024000001
,,,-0.00045354,0.025600002
,,,-0.00045353,0.025600002
,,,-0.00045352,0.024000001
,,,-0.00045351,0.024000001
,,,-0.0004535,0.024000001
,,,-0.00045349,0.024800001
,,,-0.00045348,0.024000001
,,,-0.00045347,0.024800001
,,,-0.00045346,0.023200001
,,,-0.00045345,0.024000001
,,,-0.00045344,0.024800001
,,,-0.00045343,0.024000001
,,,-0.00045342,0.025600002
,,,-0.00045341,0.024000001
,,,-0.0004534,0.024000001
,,,-0.00045339,0.023200001
,,,-0.00045338,0.024000001
,,,-0.00045337,0.023200001
,,,-0.00045336,0.024000001
,,,-0.00045335,0.024000001
,,,-0.00045334,0.024000001
,,,-0.00045333,0.023200001
,,,-0.00045332,0.024000001
,,,-0.00045331,0.024000001
,,,-0.0004533,0.024000001
,,,-0.00045329,0.023200001
,,,-0.00045328,0.024000001
,,,-0.00045327,0.024000001
,,,-0.00045326,0.023200001
,,,-0.00045325,0.023200001
,,,-0.00045324,0.024800001
,,,-0.00045323,0.024000001
,,,-0.00045322,0.024000001
,,,-0.00045321,0.024000001
,,,-0.0004532,0.025600002
,,,-0.00045319,0.023200001
,,,-0.00045318,0.024800001
,,,-0.00045317,0.024800001
,,,-0.00045316,0.024000001
,,,-0.00045315,0.025600002
,,,-0.00045314,0.024800001
,,,-0.00045313,0.023200001
,,,-0.00045312,0.024800001
,,,-0.00045311,0.024800001
,,,-0.0004531,0.024000001
,,,-0.00045309,0.024000001
,,,-0.00045308,0.024800001
,,,-0.00045307,0.024800001
,,,-0.00045306,0.024800001
,,,-0.00045305,0.024000001
,,,-0.00045304,0.022400001
,,,-0.00045303,0.024000001
,,,-0.00045302,0.024000001
,,,-0.00045301,0.024000001
,,,-0.000453,0.025600002
,,,-0.00045299,0.023200001
,,,-0.00045298,0.023200001
,,,-0.00045297,0.024000001
,,,-0.00045296,0.023200001
,,,-0.00045295,0.024000001
,,,-0.00045294,0.024800001
,,,-0.00045293,0.024800001
,,,-0.00045292,0.024000001
,,,-0.00045291,0.024800001
,,,-0.0004529,0.024800001
,,,-0.00045289,0.024000001
,,,-0.00045288,0.023200001
,,,-0.00045287,0.024800001
,,,-0.00045286,0.025600002
,,,-0.00045285,0.024000001
,,,-0.00045284,0.025600002
,,,-0.00045283,0.024000001
,,,-0.00045282,0.025600002
,,,-0.00045281,0.024800001
,,,-0.0004528,0.024000001
,,,-0.00045279,0.024000001
,,,-0.00045278,0.024800001
,,,-0.00045277,0.024800001
,,,-0.00045276,0.025600002
,,,-0.00045275,0.024000001
,,,-0.00045274,0.025600002
,,,-0.00045273,0.024800001
,,,-0.00045272,0.024000001
,,,-0.00045271,0.024000001
,,,-0.0004527,0.024000001
,,,-0.00045269,0.023200001
,,,-0.00045268,0.024000001
,,,-0.00045267,0.022400001
,,,-0.00045266,0.024800001
,,,-0.00045265,0.023200001
,,,-0.00045264,0.024000001
,,,-0.00045263,0.022400001
,,,-0.00045262,0.024800001
,,,-0.00045261,0.024000001
,,,-0.0004526,0.024000001
,,,-0.00045259,0.023200001
,,,-0.00045258,0.024000001
,,,-0.00045257,0.025600002
,,,-0.00045256,0.024000001
,,,-0.00045255,0.024000001
,,,-0.00045254,0.024800001
,,,-0.00045253,0.024000001
,,,-0.00045252,0.024800001
,,,-0.00045251,0.024800001
,,,-0.0004525,0.024800001
,,,-0.00045249,0.025600002
,,,-0.00045248,0.025600002
,,,-0.00045247,0.024000001
,,,-0.00045246,0.024800001
,,,-0.00045245,0.024000001
,,,-0.00045244,0.025600002
,,,-0.00045243,0.024000001
,,,-0.00045242,0.024800001
,,,-0.00045241,0.024000001
,,,-0.0004524,0.025600002
,,,-0.00045239,0.024000001
,,,-0.00045238,0.023200001
,,,-0.00045237,0.024000001
,,,-0.00045236,0.023200001
,,,-0.00045235,0.023200001
,,,-0.00045234,0.024800001
,,,-0.00045233,0.024800001
,,,-0.00045232,0.025600002
,,,-0.00045231,0.024000001
,,,-0.0004523,0.024800001
,,,-0.00045229,0.024000001
,,,-0.00045228,0.024000001
,,,-0.00045227,0.024800001
,,,-0.00045226,0.024000001
,,,-0.00045225,0.024000001
,,,-0.00045224,0.024000001
,,,-0.00045223,0.024000001
,,,-0.00045222,0.024800001
,,,-0.00045221,0.025600002
,,,-0.0004522,0.024800001
,,,-0.00045219,0.024800001
,,,-0.00045218,0.024800001
,,,-0.00045217,0.024800001
,,,-0.00045216,0.024000001
,,,-0.00045215,0.023200001
,,,-0.00045214,0.023200001
,,,-0.00045213,0.024000001
,,,-0.00045212,0.024000001
,,,-0.00045211,0.025600002
,,,-0.0004521,0.023200001
,,,-0.00045209,0.024000001
,,,-0.00045208,0.024000001
,,,-0.00045207,0.024000001
,,,-0.00045206,0.023200001
,,,-0.00045205,0.024000001
,,,-0.00045204,0.024800001
,,,-0.00045203,0.025600002
,,,-0.00045202,0.024800001
,,,-0.00045201,0.023200001
,,,-0.000452,0.024000001
,,,-0.00045199,0.024000001
,,,-0.00045198,0.024800001
,,,-0.00045197,0.024800001
,,,-0.00045196,0.022400001
,,,-0.00045195,0.024800001
,,,-0.00045194,0.024000001
,,,-0.00045193,0.024800001
,,,-0.00045192,0.024000001
,,,-0.00045191,0.024000001
,,,-0.0004519,0.023200001
,,,-0.00045189,0.024000001
,,,-0.00045188,0.024000001
,,,-0.00045187,0.024800001
,,,-0.00045186,0.024000001
,,,-0.00045185,0.025600002
,,,-0.00045184,0.024000001
,,,-0.00045183,0.024000001
,,,-0.00045182,0.024000001
,,,-0.00045181,0.024000001
,,,-0.0004518,0.024800001
,,,-0.00045179,0.024000001
,,,-0.00045178,0.024000001
,,,-0.00045177,0.024000001
,,,-0.00045176,0.023200001
,,,-0.00045175,0.024800001
,,,-0.00045174,0.024000001
,,,-0.00045173,0.025600002
,,,-0.00045172,0.024000001
,,,-0.00045171,0.024000001
,,,-0.0004517,0.024000001
,,,-0.00045169,0.024000001
,,,-0.00045168,0.024800001
,,,-0.00045167,0.024000001
,,,-0.00045166,0.023200001
,,,-0.00045165,0.024000001
,,,-0.00045164,0.024000001
,,,-0.00045163,0.024800001
,,,-0.00045162,0.024800001
,,,-0.00045161,0.025600002
,,,-0.0004516,0.024000001
,,,-0.00045159,0.025600002
,,,-0.00045158,0.023200001
,,,-0.00045157,0.025600002
,,,-0.00045156,0.024800001
,,,-0.00045155,0.024800001
,,,-0.00045154,0.024800001
,,,-0.00045153,0.023200001
,,,-0.00045152,0.024000001
,,,-0.00045151,0.024000001
,,,-0.0004515,0.025600002
,,,-0.00045149,0.024000001
,,,-0.00045148,0.024800001
,,,-0.00045147,0.023200001
,,,-0.00045146,0.024800001
,,,-0.00045145,0.024000001
,,,-0.00045144,0.024000001
,,,-0.00045143,0.025600002
,,,-0.00045142,0.024000001
,,,-0.00045141,0.023200001
,,,-0.0004514,0.024000001
,,,-0.00045139,0.024000001
,,,-0.00045138,0.022400001
,,,-0.00045137,0.024000001
,,,-0.00045136,0.023200001
,,,-0.00045135,0.026400002
,,,-0.00045134,0.024800001
,,,-0.00045133,0.024000001
,,,-0.00045132,0.024800001
,,,-0.00045131,0.025600002
,,,-0.0004513,0.024000001
,,,-0.00045129,0.024000001
,,,-0.00045128,0.024800001
,,,-0.00045127,0.024000001
,,,-0.00045126,0.024000001
,,,-0.00045125,0.024800001
,,,-0.00045124,0.024000001
,,,-0.00045123,0.024000001
,,,-0.00045122,0.024000001
,,,-0.00045121,0.024800001
,,,-0.0004512,0.022400001
,,,-0.00045119,0.024000001
,,,-0.00045118,0.024000001
,,,-0.00045117,0.024000001
,,,-0.00045116,0.025600002
,,,-0.00045115,0.023200001
,,,-0.00045114,0.024800001
,,,-0.00045113,0.024000001
,,,-0.00045112,0.024800001
,,,-0.00045111,0.024800001
,,,-0.0004511,0.024800001
,,,-0.00045109,0.024800001
,,,-0.00045108,0.024000001
,,,-0.00045107,0.024000001
,,,-0.00045106,0.023200001
,,,-0.00045105,0.024000001
,,,-0.00045104,0.024800001
,,,-0.00045103,0.023200001
,,,-0.00045102,0.023200001
,,,-0.00045101,0.024000001
,,,-0.000451,0.024800001
,,,-0.00045099,0.024000001
,,,-0.00045098,0.024000001
,,,-0.00045097,0.023200001
,,,-0.00045096,0.023200001
,,,-0.00045095,0.024000001
,,,-0.00045094,0.024000001
,,,-0.00045093,0.024000001
,,,-0.00045092,0.024000001
,,,-0.00045091,0.025600002
,,,-0.0004509,0.024000001
,,,-0.00045089,0.024000001
,,,-0.00045088,0.024000001
,,,-0.00045087,0.024800001
,,,-0.00045086,0.022400001
,,,-0.00045085,0.024800001
,,,-0.00045084,0.024800001
,,,-0.00045083,0.024800001
,,,-0.00045082,0.024000001
,,,-0.00045081,0.024000001
,,,-0.0004508,0.024000001
,,,-0.00045079,0.024800001
,,,-0.00045078,0.024000001
,,,-0.00045077,0.025600002
,,,-0.00045076,0.024000001
,,,-0.00045075,0.024000001
,,,-0.00045074,0.024800001
,,,-0.00045073,0.024000001
,,,-0.00045072,0.024000001
,,,-0.00045071,0.024000001
,,,-0.0004507,0.024000001
,,,-0.00045069,0.024000001
,,,-0.00045068,0.024800001
,,,-0.00045067,0.024800001
,,,-0.00045066,0.024800001
,,,-0.00045065,0.024800001
,,,-0.00045064,0.024000001
,,,-0.00045063,0.024800001
,,,-0.00045062,0.024000001
,,,-0.00045061,0.025600002
,,,-0.0004506,0.024000001
,,,-0.00045059,0.024800001
,,,-0.00045058,0.021600001
,,,-0.00045057,0.023200001
,,,-0.00045056,0.025600002
,,,-0.00045055,0.024800001
,,,-0.00045054,0.024800001
,,,-0.00045053,0.025600002
,,,-0.00045052,0.024800001
,,,-0.00045051,0.024000001
,,,-0.0004505,0.024000001
,,,-0.00045049,0.024000001
,,,-0.00045048,0.022400001
,,,-0.00045047,0.024000001
,,,-0.00045046,0.023200001
,,,-0.00045045,0.024000001
,,,-0.00045044,0.025600002
,,,-0.00045043,0.024800001
,,,-0.00045042,0.025600002
,,,-0.00045041,0.026400002
,,,-0.0004504,0.024000001
,,,-0.00045039,0.024000001
,,,-0.00045038,0.024000001
,,,-0.00045037,0.023200001
,,,-0.00045036,0.025600002
,,,-0.00045035,0.024800001
,,,-0.00045034,0.024000001
,,,-0.00045033,0.023200001
,,,-0.00045032,0.024000001
,,,-0.00045031,0.024800001
,,,-0.0004503,0.024000001
,,,-0.00045029,0.024000001
,,,-0.00045028,0.025600002
,,,-0.00045027,0.024000001
,,,-0.00045026,0.025600002
,,,-0.00045025,0.023200001
,,,-0.00045024,0.024800001
,,,-0.00045023,0.023200001
,,,-0.00045022,0.024800001
,,,-0.00045021,0.024800001
,,,-0.0004502,0.024800001
,,,-0.00045019,0.022400001
,,,-0.00045018,0.024000001
,,,-0.00045017,0.024000001
,,,-0.00045016,0.023200001
,,,-0.00045015,0.021600001
,,,-0.00045014,0.025600002
,,,-0.00045013,0.024000001
,,,-0.00045012,0.024000001
,,,-0.00045011,0.024000001
,,,-0.0004501,0.023200001
,,,-0.00045009,0.025600002
,,,-0.00045008,0.024800001
,,,-0.00045007,0.025600002
,,,-0.00045006,0.024800001
,,,-0.00045005,0.023200001
,,,-0.00045004,0.022400001
,,,-0.00045003,0.024000001
,,,-0.00045002,0.025600002
,,,-0.00045001,0.024800001
,,,-0.00045,0.025600002
,,,-0.00044999,0.023200001
,,,-0.00044998,0.024000001
,,,-0.00044997,0.024800001
,,,-0.00044996,0.027200002
,,,-0.00044995,0.024800001
,,,-0.00044994,0.023200001
,,,-0.00044993,0.024000001
,,,-0.00044992,0.023200001
,,,-0.00044991,0.025600002
,,,-0.0004499,0.024800001
,,,-0.00044989,0.023200001
,,,-0.00044988,0.024000001
,,,-0.00044987,0.024000001
,,,-0.00044986,0.023200001
,,,-0.00044985,0.023200001
,,,-0.00044984,0.024800001
,,,-0.00044983,0.024000001
,,,-0.00044982,0.024000001
,,,-0.00044981,0.024000001
,,,-0.0004498,0.024800001
,,,-0.00044979,0.024000001
,,,-0.00044978,0.024000001
,,,-0.00044977,0.023200001
,,,-0.00044976,0.024000001
,,,-0.00044975,0.024800001
,,,-0.00044974,0.025600002
,,,-0.00044973,0.024000001
,,,-0.00044972,0.024800001
,,,-0.00044971,0.024000001
,,,-0.0004497,0.024000001
,,,-0.00044969,0.025600002
,,,-0.00044968,0.024000001
,,,-0.00044967,0.023200001
,,,-0.00044966,0.024000001
,,,-0.00044965,0.024000001
,,,-0.00044964,0.024000001
,,,-0.00044963,0.024000001
,,,-0.00044962,0.025600002
,,,-0.00044961,0.025600002
,,,-0.0004496,0.024800001
,,,-0.00044959,0.024000001
,,,-0.00044958,0.024000001
,,,-0.00044957,0.024000001
,,,-0.00044956,0.024800001
,,,-0.00044955,0.025600002
,,,-0.00044954,0.024800001
,,,-0.00044953,0.024000001
,,,-0.00044952,0.023200001
,,,-0.00044951,0.024800001
,,,-0.0004495,0.023200001
,,,-0.00044949,0.024000001
,,,-0.00044948,0.023200001
,,,-0.00044947,0.024800001
,,,-0.00044946,0.024000001
,,,-0.00044945,0.024000001
,,,-0.00044944,0.023200001
,,,-0.00044943,0.025600002
,,,-0.00044942,0.025600002
,,,-0.00044941,0.024000001
,,,-0.0004494,0.024000001
,,,-0.00044939,0.024000001
,,,-0.00044938,0.023200001
,,,-0.00044937,0.024000001
,,,-0.00044936,0.024000001
,,,-0.00044935,0.024000001
,,,-0.00044934,0.024800001
,,,-0.00044933,0.024000001
,,,-0.00044932,0.024000001
,,,-0.00044931,0.024800001
,,,-0.0004493,0.024800001
,,,-0.00044929,0.024800001
,,,-0.00044928,0.024000001
,,,-0.00044927,0.024800001
,,,-0.00044926,0.024800001
,,,-0.00044925,0.023200001
,,,-0.00044924,0.024000001
,,,-0.00044923,0.024000001
,,,-0.00044922,0.023200001
,,,-0.00044921,0.024000001
,,,-0.0004492,0.025600002
,,,-0.00044919,0.025600002
,,,-0.00044918,0.025600002
,,,-0.00044917,0.024800001
,,,-0.00044916,0.024000001
,,,-0.00044915,0.024000001
,,,-0.00044914,0.024000001
,,,-0.00044913,0.023200001
,,,-0.00044912,0.025600002
,,,-0.00044911,0.026400002
,,,-0.0004491,0.025600002
,,,-0.00044909,0.024000001
,,,-0.00044908,0.024000001
,,,-0.00044907,0.024000001
,,,-0.00044906,0.024000001
,,,-0.00044905,0.024000001
,,,-0.00044904,0.023200001
,,,-0.00044903,0.024000001
,,,-0.00044902,0.023200001
,,,-0.00044901,0.023200001
,,,-0.000449,0.024800001
,,,-0.00044899,0.025600002
,,,-0.00044898,0.024000001
,,,-0.00044897,0.024800001
,,,-0.00044896,0.025600002
,,,-0.00044895,0.024800001
,,,-0.00044894,0.024000001
,,,-0.00044893,0.024800001
,,,-0.00044892,0.024000001
,,,-0.00044891,0.023200001
,,,-0.0004489,0.024800001
,,,-0.00044889,0.024000001
,,,-0.00044888,0.025600002
,,,-0.00044887,0.024800001
,,,-0.00044886,0.024800001
,,,-0.00044885,0.024800001
,,,-0.00044884,0.023200001
,,,-0.00044883,0.024000001
,,,-0.00044882,0.023200001
,,,-0.00044881,0.023200001
,,,-0.0004488,0.025600002
,,,-0.00044879,0.024000001
,,,-0.00044878,0.024000001
,,,-0.00044877,0.023200001
,,,-0.00044876,0.025600002
,,,-0.00044875,0.023200001
,,,-0.00044874,0.024000001
,,,-0.00044873,0.024800001
,,,-0.00044872,0.024800001
,,,-0.00044871,0.024000001
,,,-0.0004487,0.025600002
,,,-0.00044869,0.024000001
,,,-0.00044868,0.024000001
,,,-0.00044867,0.023200001
,,,-0.00044866,0.023200001
,,,-0.00044865,0.024000001
,,,-0.00044864,0.024000001
,,,-0.00044863,0.024000001
,,,-0.00044862,0.024800001
,,,-0.00044861,0.024800001
,,,-0.0004486,0.024000001
,,,-0.00044859,0.025600002
,,,-0.00044858,0.024000001
,,,-0.00044857,0.024000001
,,,-0.00044856,0.023200001
,,,-0.00044855,0.023200001
,,,-0.00044854,0.024000001
,,,-0.00044853,0.024000001
,,,-0.00044852,0.026400002
,,,-0.00044851,0.023200001
,,,-0.0004485,0.023200001
,,,-0.00044849,0.024800001
,,,-0.00044848,0.023200001
,,,-0.00044847,0.025600002
,,,-0.00044846,0.024800001
,,,-0.00044845,0.023200001
,,,-0.00044844,0.024800001
,,,-0.00044843,0.024800001
,,,-0.00044842,0.024000001
,,,-0.00044841,0.024000001
,,,-0.0004484,0.024000001
,,,-0.00044839,0.024000001
,,,-0.00044838,0.023200001
,,,-0.00044837,0.024000001
,,,-0.00044836,0.024000001
,,,-0.00044835,0.024800001
,,,-0.00044834,0.024000001
,,,-0.00044833,0.024000001
,,,-0.00044832,0.022400001
,,,-0.00044831,0.024000001
,,,-0.0004483,0.024000001
,,,-0.00044829,0.024000001
,,,-0.00044828,0.024000001
,,,-0.00044827,0.022400001
,,,-0.00044826,0.024000001
,,,-0.00044825,0.024000001
,,,-0.00044824,0.024800001
,,,-0.00044823,0.024800001
,,,-0.00044822,0.024000001
,,,-0.00044821,0.023200001
,,,-0.0004482,0.025600002
,,,-0.00044819,0.024000001
,,,-0.00044818,0.024800001
,,,-0.00044817,0.024800001
,,,-0.00044816,0.025600002
,,,-0.00044815,0.024000001
,,,-0.00044814,0.025600002
,,,-0.00044813,0.025600002
,,,-0.00044812,0.024000001
,,,-0.00044811,0.024800001
,,,-0.0004481,0.024800001
,,,-0.00044809,0.023200001
,,,-0.00044808,0.024000001
,,,-0.00044807,0.024000001
,,,-0.00044806,0.024800001
,,,-0.00044805,0.025600002
,,,-0.00044804,0.024800001
,,,-0.00044803,0.024000001
,,,-0.00044802,0.025600002
,,,-0.00044801,0.024800001
,,,-0.000448,0.022400001
,,,-0.00044799,0.024800001
,,,-0.00044798,0.024000001
,,,-0.00044797,0.026400002
,,,-0.00044796,0.025600002
,,,-0.00044795,0.024800001
,,,-0.00044794,0.024000001
,,,-0.00044793,0.024800001
,,,-0.00044792,0.023200001
,,,-0.00044791,0.024000001
,,,-0.0004479,0.024000001
,,,-0.00044789,0.024800001
,,,-0.00044788,0.024000001
,,,-0.00044787,0.024800001
,,,-0.00044786,0.024800001
,,,-0.00044785,0.024800001
,,,-0.00044784,0.024000001
,,,-0.00044783,0.024000001
,,,-0.00044782,0.023200001
,,,-0.00044781,0.024000001
,,,-0.0004478,0.025600002
,,,-0.00044779,0.023200001
,,,-0.00044778,0.024000001
,,,-0.00044777,0.024000001
,,,-0.00044776,0.024000001
,,,-0.00044775,0.026400002
,,,-0.00044774,0.024000001
,,,-0.00044773,0.024000001
,,,-0.00044772,0.024000001
,,,-0.00044771,0.024000001
,,,-0.0004477,0.024000001
,,,-0.00044769,0.024800001
,,,-0.00044768,0.022400001
,,,-0.00044767,0.024000001
,,,-0.00044766,0.024000001
,,,-0.00044765,0.024800001
,,,-0.00044764,0.024000001
,,,-0.00044763,0.024800001
,,,-0.00044762,0.024800001
,,,-0.00044761,0.023200001
,,,-0.0004476,0.024000001
,,,-0.00044759,0.025600002
,,,-0.00044758,0.024000001
,,,-0.00044757,0.024000001
,,,-0.00044756,0.023200001
,,,-0.00044755,0.025600002
,,,-0.00044754,0.024000001
,,,-0.00044753,0.024000001
,,,-0.00044752,0.024800001
,,,-0.00044751,0.024000001
,,,-0.0004475,0.025600002
,,,-0.00044749,0.025600002
,,,-0.00044748,0.025600002
,,,-0.00044747,0.024800001
,,,-0.00044746,0.022400001
,,,-0.00044745,0.024000001
,,,-0.00044744,0.024800001
,,,-0.00044743,0.023200001
,,,-0.00044742,0.024800001
,,,-0.00044741,0.024000001
,,,-0.0004474,0.024800001
,,,-0.00044739,0.024800001
,,,-0.00044738,0.024000001
,,,-0.00044737,0.024000001
,,,-0.00044736,0.024000001
,,,-0.00044735,0.024000001
,,,-0.00044734,0.023200001
,,,-0.00044733,0.024800001
,,,-0.00044732,0.022400001
,,,-0.00044731,0.024000001
,,,-0.0004473,0.024000001
,,,-0.00044729,0.024800001
,,,-0.00044728,0.025600002
,,,-0.00044727,0.024000001
,,,-0.00044726,0.024000001
,,,-0.00044725,0.023200001
,,,-0.00044724,0.024000001
,,,-0.00044723,0.024800001
,,,-0.00044722,0.024000001
,,,-0.00044721,0.022400001
,,,-0.0004472,0.024000001
,,,-0.00044719,0.024000001
,,,-0.00044718,0.024800001
,,,-0.00044717,0.024000001
,,,-0.00044716,0.024000001
,,,-0.00044715,0.024800001
,,,-0.00044714,0.024000001
,,,-0.00044713,0.023200001
,,,-0.00044712,0.024000001
,,,-0.00044711,0.023200001
,,,-0.0004471,0.023200001
,,,-0.00044709,0.024000001
,,,-0.00044708,0.023200001
,,,-0.00044707,0.024000001
,,,-0.00044706,0.024000001
,,,-0.00044705,0.025600002
,,,-0.00044704,0.024000001
,,,-0.00044703,0.024000001
,,,-0.00044702,0.023200001
,,,-0.00044701,0.023200001
,,,-0.000447,0.024000001
,,,-0.00044699,0.024000001
,,,-0.00044698,0.024800001
,,,-0.00044697,0.024800001
,,,-0.00044696,0.024000001
,,,-0.00044695,0.023200001
,,,-0.00044694,0.025600002
,,,-0.00044693,0.024000001
,,,-0.00044692,0.022400001
,,,-0.00044691,0.024000001
,,,-0.0004469,0.024800001
,,,-0.00044689,0.024000001
,,,-0.00044688,0.024800001
,,,-0.00044687,0.024000001
,,,-0.00044686,0.023200001
,,,-0.00044685,0.024000001
,,,-0.00044684,0.024800001
,,,-0.00044683,0.025600002
,,,-0.00044682,0.023200001
,,,-0.00044681,0.023200001
,,,-0.0004468,0.025600002
,,,-0.00044679,0.026400002
,,,-0.00044678,0.024000001
,,,-0.00044677,0.025600002
,,,-0.00044676,0.024800001
,,,-0.00044675,0.025600002
,,,-0.00044674,0.024800001
,,,-0.00044673,0.024800001
,,,-0.00044672,0.025600002
,,,-0.00044671,0.024000001
,,,-0.0004467,0.022400001
,,,-0.00044669,0.022400001
,,,-0.00044668,0.024800001
,,,-0.00044667,0.024000001
,,,-0.00044666,0.024800001
,,,-0.00044665,0.024000001
,,,-0.00044664,0.024800001
,,,-0.00044663,0.024800001
,,,-0.00044662,0.024800001
,,,-0.00044661,0.023200001
,,,-0.0004466,0.024800001
,,,-0.00044659,0.024000001
,,,-0.00044658,0.026400002
,,,-0.00044657,0.024800001
,,,-0.00044656,0.024000001
,,,-0.00044655,0.024000001
,,,-0.00044654,0.024800001
,,,-0.00044653,0.024000001
,,,-0.00044652,0.024800001
,,,-0.00044651,0.024000001
,,,-0.0004465,0.024000001
,,,-0.00044649,0.024000001
,,,-0.00044648,0.024000001
,,,-0.00044647,0.023200001
,,,-0.00044646,0.024800001
,,,-0.00044645,0.024000001
,,,-0.00044644,0.024000001
,,,-0.00044643,0.023200001
,,,-0.00044642,0.024000001
,,,-0.00044641,0.024000001
,,,-0.0004464,0.024000001
,,,-0.00044639,0.023200001
,,,-0.00044638,0.026400002
,,,-0.00044637,0.023200001
,,,-0.00044636,0.025600002
,,,-0.00044635,0.024800001
,,,-0.00044634,0.024800001
,,,-0.00044633,0.023200001
,,,-0.00044632,0.025600002
,,,-0.00044631,0.024000001
,,,-0.0004463,0.025600002
,,,-0.00044629,0.024800001
,,,-0.00044628,0.024800001
,,,-0.00044627,0.024000001
,,,-0.00044626,0.024000001
,,,-0.00044625,0.024800001
,,,-0.00044624,0.023200001
,,,-0.00044623,0.024800001
,,,-0.00044622,0.023200001
,,,-0.00044621,0.024800001
,,,-0.0004462,0.024000001
,,,-0.00044619,0.024000001
,,,-0.00044618,0.024000001
,,,-0.00044617,0.023200001
,,,-0.00044616,0.025600002
,,,-0.00044615,0.024000001
,,,-0.00044614,0.024800001
,,,-0.00044613,0.024000001
,,,-0.00044612,0.024000001
,,,-0.00044611,0.024800001
,,,-0.0004461,0.024000001
,,,-0.00044609,0.024000001
,,,-0.00044608,0.024000001
,,,-0.00044607,0.024000001
,,,-0.00044606,0.025600002
,,,-0.00044605,0.024800001
,,,-0.00044604,0.024800001
,,,-0.00044603,0.024000001
,,,-0.00044602,0.025600002
,,,-0.00044601,0.024800001
,,,-0.000446,0.024000001
,,,-0.00044599,0.023200001
,,,-0.00044598,0.024000001
,,,-0.00044597,0.023200001
,,,-0.00044596,0.024000001
,,,-0.00044595,0.024000001
,,,-0.00044594,0.024000001
,,,-0.00044593,0.024800001
,,,-0.00044592,0.024000001
,,,-0.00044591,0.024000001
,,,-0.0004459,0.024000001
,,,-0.00044589,0.024000001
,,,-0.00044588,0.024800001
,,,-0.00044587,0.024800001
,,,-0.00044586,0.024000001
,,,-0.00044585,0.023200001
,,,-0.00044584,0.024800001
,,,-0.00044583,0.025600002
,,,-0.00044582,0.024800001
,,,-0.00044581,0.024000001
,,,-0.0004458,0.023200001
,,,-0.00044579,0.024800001
,,,-0.00044578,0.024000001
,,,-0.00044577,0.024000001
,,,-0.00044576,0.025600002
,,,-0.00044575,0.024000001
,,,-0.00044574,0.023200001
,,,-0.00044573,0.023200001
,,,-0.00044572,0.024000001
,,,-0.00044571,0.025600002
,,,-0.0004457,0.024000001
,,,-0.00044569,0.024000001
,,,-0.00044568,0.024800001
,,,-0.00044567,0.024000001
,,,-0.00044566,0.024000001
,,,-0.00044565,0.022400001
,,,-0.00044564,0.024000001
,,,-0.00044563,0.024800001
,,,-0.00044562,0.024000001
,,,-0.00044561,0.024800001
,,,-0.0004456,0.024000001
,,,-0.00044559,0.024000001
,,,-0.00044558,0.024000001
,,,-0.00044557,0.024000001
,,,-0.00044556,0.025600002
,,,-0.00044555,0.024000001
,,,-0.00044554,0.024000001
,,,-0.00044553,0.024000001
,,,-0.00044552,0.024000001
,,,-0.00044551,0.024800001
,,,-0.0004455,0.024000001
,,,-0.00044549,0.024000001
,,,-0.00044548,0.024000001
,,,-0.00044547,0.024800001
,,,-0.00044546,0.024800001
,,,-0.00044545,0.022400001
,,,-0.00044544,0.027200002
,,,-0.00044543,0.024800001
,,,-0.00044542,0.024000001
,,,-0.00044541,0.024000001
,,,-0.0004454,0.024800001
,,,-0.00044539,0.024000001
,,,-0.00044538,0.024000001
,,,-0.00044537,0.024000001
,,,-0.00044536,0.024000001
,,,-0.00044535,0.023200001
,,,-0.00044534,0.024800001
,,,-0.00044533,0.024000001
,,,-0.00044532,0.025600002
,,,-0.00044531,0.023200001
,,,-0.0004453,0.022400001
,,,-0.00044529,0.024000001
,,,-0.00044528,0.025600002
,,,-0.00044527,0.024000001
,,,-0.00044526,0.024000001
,,,-0.00044525,0.024800001
,,,-0.00044524,0.022400001
,,,-0.00044523,0.024800001
,,,-0.00044522,0.024000001
,,,-0.00044521,0.024000001
,,,-0.0004452,0.024800001
,,,-0.00044519,0.024800001
,,,-0.00044518,0.024000001
,,,-0.00044517,0.024000001
,,,-0.00044516,0.024800001
,,,-0.00044515,0.022400001
,,,-0.00044514,0.023200001
,,,-0.00044513,0.024000001
,,,-0.00044512,0.024800001
,,,-0.00044511,0.024000001
,,,-0.0004451,0.023200001
,,,-0.00044509,0.023200001
,,,-0.00044508,0.025600002
,,,-0.00044507,0.024000001
,,,-0.00044506,0.025600002
,,,-0.00044505,0.024000001
,,,-0.00044504,0.024000001
,,,-0.00044503,0.024800001
,,,-0.00044502,0.024000001
,,,-0.00044501,0.022400001
,,,-0.000445,0.025600002
,,,-0.00044499,0.025600002
,,,-0.00044498,0.024800001
,,,-0.00044497,0.024000001
,,,-0.00044496,0.024000001
,,,-0.00044495,0.022400001
,,,-0.00044494,0.023200001
,,,-0.00044493,0.024800001
,,,-0.00044492,0.023200001
,,,-0.00044491,0.024000001
,,,-0.0004449,0.024800001
,,,-0.00044489,0.024000001
,,,-0.00044488,0.024000001
,,,-0.00044487,0.022400001
,,,-0.00044486,0.024800001
,,,-0.00044485,0.024000001
,,,-0.00044484,0.024000001
,,,-0.00044483,0.024000001
,,,-0.00044482,0.024000001
,,,-0.00044481,0.025600002
,,,-0.0004448,0.024000001
,,,-0.00044479,0.021600001
,,,-0.00044478,0.024000001
,,,-0.00044477,0.024000001
,,,-0.00044476,0.024000001
,,,-0.00044475,0.025600002
,,,-0.00044474,0.024800001
,,,-0.00044473,0.024000001
,,,-0.00044472,0.024800001
,,,-0.00044471,0.024000001
,,,-0.0004447,0.024000001
,,,-0.00044469,0.024000001
,,,-0.00044468,0.024800001
,,,-0.00044467,0.024000001
,,,-0.00044466,0.023200001
,,,-0.00044465,0.024800001
,,,-0.00044464,0.025600002
,,,-0.00044463,0.024000001
,,,-0.00044462,0.024000001
,,,-0.00044461,0.024800001
,,,-0.0004446,0.025600002
,,,-0.00044459,0.025600002
,,,-0.00044458,0.024000001
,,,-0.00044457,0.026400002
,,,-0.00044456,0.025600002
,,,-0.00044455,0.024800001
,,,-0.00044454,0.025600002
,,,-0.00044453,0.024000001
,,,-0.00044452,0.024000001
,,,-0.00044451,0.024000001
,,,-0.0004445,0.024000001
,,,-0.00044449,0.025600002
,,,-0.00044448,0.025600002
,,,-0.00044447,0.024800001
,,,-0.00044446,0.024800001
,,,-0.00044445,0.023200001
,,,-0.00044444,0.024800001
,,,-0.00044443,0.025600002
,,,-0.00044442,0.024000001
,,,-0.00044441,0.024800001
,,,-0.0004444,0.024000001
,,,-0.00044439,0.024800001
,,,-0.00044438,0.024000001
,,,-0.00044437,0.024000001
,,,-0.00044436,0.023200001
,,,-0.00044435,0.025600002
,,,-0.00044434,0.024000001
,,,-0.00044433,0.024800001
,,,-0.00044432,0.024000001
,,,-0.00044431,0.024000001
,,,-0.0004443,0.024000001
,,,-0.00044429,0.025600002
,,,-0.00044428,0.025600002
,,,-0.00044427,0.024000001
,,,-0.00044426,0.026400002
,,,-0.00044425,0.024000001
,,,-0.00044424,0.026400002
,,,-0.00044423,0.024800001
,,,-0.00044422,0.024800001
,,,-0.00044421,0.025600002
,,,-0.0004442,0.023200001
,,,-0.00044419,0.024800001
,,,-0.00044418,0.024000001
,,,-0.00044417,0.023200001
,,,-0.00044416,0.024000001
,,,-0.00044415,0.024800001
,,,-0.00044414,0.023200001
,,,-0.00044413,0.025600002
,,,-0.00044412,0.025600002
,,,-0.00044411,0.024000001
,,,-0.0004441,0.023200001
,,,-0.00044409,0.024000001
,,,-0.00044408,0.024000001
,,,-0.00044407,0.024800001
,,,-0.00044406,0.024800001
,,,-0.00044405,0.024000001
,,,-0.00044404,0.023200001
,,,-0.00044403,0.024000001
,,,-0.00044402,0.024800001
,,,-0.00044401,0.024800001
,,,-0.000444,0.024000001
,,,-0.00044399,0.024000001
,,,-0.00044398,0.024000001
,,,-0.00044397,0.024800001
,,,-0.00044396,0.023200001
,,,-0.00044395,0.024800001
,,,-0.00044394,0.025600002
,,,-0.00044393,0.024000001
,,,-0.00044392,0.024000001
,,,-0.00044391,0.023200001
,,,-0.0004439,0.024000001
,,,-0.00044389,0.024000001
,,,-0.00044388,0.024000001
,,,-0.00044387,0.024000001
,,,-0.00044386,0.022400001
,,,-0.00044385,0.024000001
,,,-0.00044384,0.024000001
,,,-0.00044383,0.024800001
,,,-0.00044382,0.024800001
,,,-0.00044381,0.021600001
,,,-0.0004438,0.024800001
,,,-0.00044379,0.024000001
,,,-0.00044378,0.024800001
,,,-0.00044377,0.023200001
,,,-0.00044376,0.024800001
,,,-0.00044375,0.023200001
,,,-0.00044374,0.024800001
,,,-0.00044373,0.024800001
,,,-0.00044372,0.024000001
,,,-0.00044371,0.024800001
,,,-0.0004437,0.024000001
,,,-0.00044369,0.024800001
,,,-0.00044368,0.023200001
,,,-0.00044367,0.023200001
,,,-0.00044366,0.024000001
,,,-0.00044365,0.023200001
,,,-0.00044364,0.024000001
,,,-0.00044363,0.024000001
,,,-0.00044362,0.024800001
,,,-0.00044361,0.024000001
,,,-0.0004436,0.024800001
,,,-0.00044359,0.024000001
,,,-0.00044358,0.024800001
,,,-0.00044357,0.024000001
,,,-0.00044356,0.024000001
,,,-0.00044355,0.024800001
,,,-0.00044354,0.024800001
,,,-0.00044353,0.024000001
,,,-0.00044352,0.024000001
,,,-0.00044351,0.023200001
,,,-0.0004435,0.024000001
,,,-0.00044349,0.024800001
,,,-0.00044348,0.023200001
,,,-0.00044347,0.024000001
,,,-0.00044346,0.024800001
,,,-0.00044345,0.024000001
,,,-0.00044344,0.024800001
,,,-0.00044343,0.024000001
,,,-0.00044342,0.025600002
,,,-0.00044341,0.024000001
,,,-0.0004434,0.023200001
,,,-0.00044339,0.025600002
,,,-0.00044338,0.023200001
,,,-0.00044337,0.024800001
,,,-0.00044336,0.024000001
,,,-0.00044335,0.024000001
,,,-0.00044334,0.024000001
,,,-0.00044333,0.024000001
,,,-0.00044332,0.024000001
,,,-0.00044331,0.022400001
,,,-0.0004433,0.024000001
,,,-0.00044329,0.024000001
,,,-0.00044328,0.024800001
,,,-0.00044327,0.024000001
,,,-0.00044326,0.024800001
,,,-0.00044325,0.024000001
,,,-0.00044324,0.024800001
,,,-0.00044323,0.023200001
,,,-0.00044322,0.024000001
,,,-0.00044321,0.024000001
,,,-0.0004432,0.027200002
,,,-0.00044319,0.025600002
,,,-0.00044318,0.024800001
,,,-0.00044317,0.024000001
,,,-0.00044316,0.024000001
,,,-0.00044315,0.023200001
,,,-0.00044314,0.024000001
,,,-0.00044313,0.024000001
,,,-0.00044312,0.024000001
,,,-0.00044311,0.023200001
,,,-0.0004431,0.024800001
,,,-0.00044309,0.024800001
,,,-0.00044308,0.024800001
,,,-0.00044307,0.024000001
,,,-0.00044306,0.024000001
,,,-0.00044305,0.023200001
,,,-0.00044304,0.024800001
,,,-0.00044303,0.025600002
,,,-0.00044302,0.025600002
,,,-0.00044301,0.025600002
,,,-0.000443,0.024800001
,,,-0.00044299,0.024000001
,,,-0.00044298,0.022400001
,,,-0.00044297,0.025600002
,,,-0.00044296,0.024800001
,,,-0.00044295,0.026400002
,,,-0.00044294,0.024000001
,,,-0.00044293,0.024800001
,,,-0.00044292,0.024800001
,,,-0.00044291,0.024000001
,,,-0.0004429,0.024000001
,,,-0.00044289,0.024000001
,,,-0.00044288,0.024000001
,,,-0.00044287,0.024800001
,,,-0.00044286,0.024000001
,,,-0.00044285,0.024800001
,,,-0.00044284,0.024800001
,,,-0.00044283,0.024800001
,,,-0.00044282,0.024000001
,,,-0.00044281,0.024000001
,,,-0.0004428,0.024000001
,,,-0.00044279,0.025600002
,,,-0.00044278,0.024000001
,,,-0.00044277,0.024000001
,,,-0.00044276,0.024000001
,,,-0.00044275,0.024000001
,,,-0.00044274,0.024000001
,,,-0.00044273,0.023200001
,,,-0.00044272,0.024000001
,,,-0.00044271,0.024800001
,,,-0.0004427,0.024000001
,,,-0.00044269,0.024000001
,,,-0.00044268,0.023200001
,,,-0.00044267,0.024800001
,,,-0.00044266,0.024000001
,,,-0.00044265,0.024000001
,,,-0.00044264,0.024000001
,,,-0.00044263,0.024800001
,,,-0.00044262,0.024000001
,,,-0.00044261,0.024000001
,,,-0.0004426,0.024800001
,,,-0.00044259,0.024800001
,,,-0.00044258,0.024800001
,,,-0.00044257,0.024800001
,,,-0.00044256,0.023200001
,,,-0.00044255,0.024000001
,,,-0.00044254,0.024000001
,,,-0.00044253,0.024800001
,,,-0.00044252,0.024800001
,,,-0.00044251,0.024800001
,,,-0.0004425,0.023200001
,,,-0.00044249,0.023200001
,,,-0.00044248,0.024000001
,,,-0.00044247,0.024000001
,,,-0.00044246,0.024000001
,,,-0.00044245,0.024000001
,,,-0.00044244,0.024800001
,,,-0.00044243,0.024000001
,,,-0.00044242,0.024800001
,,,-0.00044241,0.023200001
,,,-0.0004424,0.024800001
,,,-0.00044239,0.023200001
,,,-0.00044238,0.024800001
,,,-0.00044237,0.024000001
,,,-0.00044236,0.023200001
,,,-0.00044235,0.025600002
,,,-0.00044234,0.024000001
,,,-0.00044233,0.024000001
,,,-0.00044232,0.025600002
,,,-0.00044231,0.023200001
,,,-0.0004423,0.024000001
,,,-0.00044229,0.024000001
,,,-0.00044228,0.024000001
,,,-0.00044227,0.024000001
,,,-0.00044226,0.024800001
,,,-0.00044225,0.024000001
,,,-0.00044224,0.024800001
,,,-0.00044223,0.024000001
,,,-0.00044222,0.026400002
,,,-0.00044221,0.023200001
,,,-0.0004422,0.025600002
,,,-0.00044219,0.024000001
,,,-0.00044218,0.025600002
,,,-0.00044217,0.027200002
,,,-0.00044216,0.024800001
,,,-0.00044215,0.024800001
,,,-0.00044214,0.025600002
,,,-0.00044213,0.024000001
,,,-0.00044212,0.024000001
,,,-0.00044211,0.025600002
,,,-0.0004421,0.025600002
,,,-0.00044209,0.024000001
,,,-0.00044208,0.024000001
,,,-0.00044207,0.024000001
,,,-0.00044206,0.025600002
,,,-0.00044205,0.024000001
,,,-0.00044204,0.024000001
,,,-0.00044203,0.022400001
,,,-0.00044202,0.024800001
,,,-0.00044201,0.024000001
,,,-0.000442,0.024800001
,,,-0.00044199,0.025600002
,,,-0.00044198,0.024800001
,,,-0.00044197,0.023200001
,,,-0.00044196,0.024000001
,,,-0.00044195,0.024000001
,,,-0.00044194,0.024000001
,,,-0.00044193,0.024000001
,,,-0.00044192,0.023200001
,,,-0.00044191,0.024000001
,,,-0.0004419,0.024000001
,,,-0.00044189,0.024800001
,,,-0.00044188,0.024800001
,,,-0.00044187,0.024000001
,,,-0.00044186,0.024000001
,,,-0.00044185,0.026400002
,,,-0.00044184,0.024000001
,,,-0.00044183,0.024000001
,,,-0.00044182,0.026400002
,,,-0.00044181,0.024000001
,,,-0.0004418,0.024000001
,,,-0.00044179,0.023200001
,,,-0.00044178,0.024000001
,,,-0.00044177,0.024000001
,,,-0.00044176,0.024000001
,,,-0.00044175,0.025600002
,,,-0.00044174,0.024800001
,,,-0.00044173,0.024000001
,,,-0.00044172,0.024000001
,,,-0.00044171,0.024000001
,,,-0.0004417,0.023200001
,,,-0.00044169,0.024800001
,,,-0.00044168,0.024000001
,,,-0.00044167,0.023200001
,,,-0.00044166,0.025600002
,,,-0.00044165,0.024000001
,,,-0.00044164,0.024800001
,,,-0.00044163,0.024000001
,,,-0.00044162,0.024000001
,,,-0.00044161,0.024000001
,,,-0.0004416,0.024000001
,,,-0.00044159,0.024000001
,,,-0.00044158,0.023200001
,,,-0.00044157,0.024800001
,,,-0.00044156,0.024800001
,,,-0.00044155,0.023200001
,,,-0.00044154,0.026400002
,,,-0.00044153,0.024000001
,,,-0.00044152,0.024800001
,,,-0.00044151,0.024000001
,,,-0.0004415,0.024000001
,,,-0.00044149,0.024000001
,,,-0.00044148,0.024000001
,,,-0.00044147,0.024000001
,,,-0.00044146,0.024000001
,,,-0.00044145,0.024000001
,,,-0.00044144,0.024000001
,,,-0.00044143,0.024000001
,,,-0.00044142,0.024800001
,,,-0.00044141,0.025600002
,,,-0.0004414,0.023200001
,,,-0.00044139,0.024800001
,,,-0.00044138,0.024000001
,,,-0.00044137,0.024000001
,,,-0.00044136,0.024000001
,,,-0.00044135,0.024000001
,,,-0.00044134,0.024800001
,,,-0.00044133,0.024000001
,,,-0.00044132,0.025600002
,,,-0.00044131,0.023200001
,,,-0.0004413,0.024000001
,,,-0.00044129,0.024000001
,,,-0.00044128,0.023200001
,,,-0.00044127,0.024000001
,,,-0.00044126,0.024800001
,,,-0.00044125,0.024000001
,,,-0.00044124,0.023200001
,,,-0.00044123,0.023200001
,,,-0.00044122,0.024000001
,,,-0.00044121,0.024000001
,,,-0.0004412,0.024000001
,,,-0.00044119,0.024000001
,,,-0.00044118,0.023200001
,,,-0.00044117,0.024000001
,,,-0.00044116,0.024000001
,,,-0.00044115,0.024000001
,,,-0.00044114,0.024800001
,,,-0.00044113,0.024000001
,,,-0.00044112,0.024000001
,,,-0.00044111,0.024800001
,,,-0.0004411,0.024800001
,,,-0.00044109,0.024000001
,,,-0.00044108,0.024000001
,,,-0.00044107,0.024000001
,,,-0.00044106,0.024000001
,,,-0.00044105,0.025600002
,,,-0.00044104,0.024000001
,,,-0.00044103,0.026400002
,,,-0.00044102,0.024000001
,,,-0.00044101,0.024800001
,,,-0.000441,0.024000001
,,,-0.00044099,0.025600002
,,,-0.00044098,0.025600002
,,,-0.00044097,0.024000001
,,,-0.00044096,0.024800001
,,,-0.00044095,0.025600002
,,,-0.00044094,0.023200001
,,,-0.00044093,0.024000001
,,,-0.00044092,0.024000001
,,,-0.00044091,0.024800001
,,,-0.0004409,0.024000001
,,,-0.00044089,0.024000001
,,,-0.00044088,0.024000001
,,,-0.00044087,0.024000001
,,,-0.00044086,0.024800001
,,,-0.00044085,0.024000001
,,,-0.00044084,0.024800001
,,,-0.00044083,0.024800001
,,,-0.00044082,0.024000001
,,,-0.00044081,0.023200001
,,,-0.0004408,0.024800001
,,,-0.00044079,0.024000001
,,,-0.00044078,0.024000001
,,,-0.00044077,0.023200001
,,,-0.00044076,0.024000001
,,,-0.00044075,0.023200001
,,,-0.00044074,0.024000001
,,,-0.00044073,0.023200001
,,,-0.00044072,0.025600002
,,,-0.00044071,0.023200001
,,,-0.0004407,0.025600002
,,,-0.00044069,0.024000001
,,,-0.00044068,0.024800001
,,,-0.00044067,0.024800001
,,,-0.00044066,0.024000001
,,,-0.00044065,0.024000001
,,,-0.00044064,0.024000001
,,,-0.00044063,0.023200001
,,,-0.00044062,0.025600002
,,,-0.00044061,0.025600002
,,,-0.0004406,0.024000001
,,,-0.00044059,0.025600002
,,,-0.00044058,0.023200001
,,,-0.00044057,0.024000001
,,,-0.00044056,0.024000001
,,,-0.00044055,0.023200001
,,,-0.00044054,0.024800001
,,,-0.00044053,0.024000001
,,,-0.00044052,0.024000001
,,,-0.00044051,0.024000001
,,,-0.0004405,0.025600002
,,,-0.00044049,0.025600002
,,,-0.00044048,0.024800001
,,,-0.00044047,0.024800001
,,,-0.00044046,0.023200001
,,,-0.00044045,0.024000001
,,,-0.00044044,0.024800001
,,,-0.00044043,0.024000001
,,,-0.00044042,0.024000001
,,,-0.00044041,0.024000001
,,,-0.0004404,0.026400002
,,,-0.00044039,0.024800001
,,,-0.00044038,0.024000001
,,,-0.00044037,0.022400001
,,,-0.00044036,0.023200001
,,,-0.00044035,0.024000001
,,,-0.00044034,0.024000001
,,,-0.00044033,0.022400001
,,,-0.00044032,0.023200001
,,,-0.00044031,0.024000001
,,,-0.0004403,0.024000001
,,,-0.00044029,0.024000001
,,,-0.00044028,0.024000001
,,,-0.00044027,0.024000001
,,,-0.00044026,0.024000001
,,,-0.00044025,0.023200001
,,,-0.00044024,0.023200001
,,,-0.00044023,0.024000001
,,,-0.00044022,0.024800001
,,,-0.00044021,0.025600002
,,,-0.0004402,0.024000001
,,,-0.00044019,0.024800001
,,,-0.00044018,0.025600002
,,,-0.00044017,0.023200001
,,,-0.00044016,0.023200001
,,,-0.00044015,0.025600002
,,,-0.00044014,0.024000001
,,,-0.00044013,0.024000001
,,,-0.00044012,0.024800001
,,,-0.00044011,0.025600002
,,,-0.0004401,0.024800001
,,,-0.00044009,0.024000001
,,,-0.00044008,0.023200001
,,,-0.00044007,0.024000001
,,,-0.00044006,0.024000001
,,,-0.00044005,0.026400002
,,,-0.00044004,0.025600002
,,,-0.00044003,0.023200001
,,,-0.00044002,0.024000001
,,,-0.00044001,0.024000001
,,,-0.00044,0.025600002
,,,-0.00043999,0.024800001
,,,-0.00043998,0.024000001
,,,-0.00043997,0.025600002
,,,-0.00043996,0.024000001
,,,-0.00043995,0.024000001
,,,-0.00043994,0.025600002
,,,-0.00043993,0.024000001
,,,-0.00043992,0.024000001
,,,-0.00043991,0.025600002
,,,-0.0004399,0.024800001
,,,-0.00043989,0.023200001
,,,-0.00043988,0.023200001
,,,-0.00043987,0.024800001
,,,-0.00043986,0.024800001
,,,-0.00043985,0.024800001
,,,-0.00043984,0.024800001
,,,-0.00043983,0.024000001
,,,-0.00043982,0.024000001
,,,-0.00043981,0.024000001
,,,-0.0004398,0.024800001
,,,-0.00043979,0.025600002
,,,-0.00043978,0.024800001
,,,-0.00043977,0.024800001
,,,-0.00043976,0.023200001
,,,-0.00043975,0.023200001
,,,-0.00043974,0.024000001
,,,-0.00043973,0.024800001
,,,-0.00043972,0.024800001
,,,-0.00043971,0.025600002
,,,-0.0004397,0.024800001
,,,-0.00043969,0.024000001
,,,-0.00043968,0.024000001
,,,-0.00043967,0.024000001
,,,-0.00043966,0.024800001
,,,-0.00043965,0.024000001
,,,-0.00043964,0.023200001
,,,-0.00043963,0.024800001
,,,-0.00043962,0.024000001
,,,-0.00043961,0.025600002
,,,-0.0004396,0.024000001
,,,-0.00043959,0.025600002
,,,-0.00043958,0.024000001
,,,-0.00043957,0.024000001
,,,-0.00043956,0.024000001
,,,-0.00043955,0.025600002
,,,-0.00043954,0.024000001
,,,-0.00043953,0.024000001
,,,-0.00043952,0.024000001
,,,-0.00043951,0.024000001
,,,-0.0004395,0.024800001
,,,-0.00043949,0.024000001
,,,-0.00043948,0.024000001
,,,-0.00043947,0.024000001
,,,-0.00043946,0.025600002
,,,-0.00043945,0.024000001
,,,-0.00043944,0.024000001
,,,-0.00043943,0.023200001
,,,-0.00043942,0.024800001
,,,-0.00043941,0.024800001
,,,-0.0004394,0.024800001
,,,-0.00043939,0.024800001
,,,-0.00043938,0.024000001
,,,-0.00043937,0.024800001
,,,-0.00043936,0.024800001
,,,-0.00043935,0.025600002
,,,-0.00043934,0.025600002
,,,-0.00043933,0.024000001
,,,-0.00043932,0.024000001
,,,-0.00043931,0.024800001
,,,-0.0004393,0.024800001
,,,-0.00043929,0.024000001
,,,-0.00043928,0.025600002
,,,-0.00043927,0.024000001
,,,-0.00043926,0.024800001
,,,-0.00043925,0.024000001
,,,-0.00043924,0.024800001
,,,-0.00043923,0.025600002
,,,-0.00043922,0.025600002
,,,-0.00043921,0.024800001
,,,-0.0004392,0.023200001
,,,-0.00043919,0.024800001
,,,-0.00043918,0.025600002
,,,-0.00043917,0.024800001
,,,-0.00043916,0.024000001
,,,-0.00043915,0.024000001
,,,-0.00043914,0.024000001
,,,-0.00043913,0.025600002
,,,-0.00043912,0.024800001
,,,-0.00043911,0.024800001
,,,-0.0004391,0.025600002
,,,-0.00043909,0.024800001
,,,-0.00043908,0.024000001
,,,-0.00043907,0.024000001
,,,-0.00043906,0.024000001
,,,-0.00043905,0.023200001
,,,-0.00043904,0.024800001
,,,-0.00043903,0.024000001
,,,-0.00043902,0.024000001
,,,-0.00043901,0.024800001
,,,-0.000439,0.025600002
,,,-0.00043899,0.024000001
,,,-0.00043898,0.024000001
,,,-0.00043897,0.024000001
,,,-0.00043896,0.024000001
,,,-0.00043895,0.024800001
,,,-0.00043894,0.024800001
,,,-0.00043893,0.024000001
,,,-0.00043892,0.026400002
,,,-0.00043891,0.024800001
,,,-0.0004389,0.024800001
,,,-0.00043889,0.024000001
,,,-0.00043888,0.024800001
,,,-0.00043887,0.024000001
,,,-0.00043886,0.025600002
,,,-0.00043885,0.024800001
,,,-0.00043884,0.025600002
,,,-0.00043883,0.024000001
,,,-0.00043882,0.023200001
,,,-0.00043881,0.024000001
,,,-0.0004388,0.024000001
,,,-0.00043879,0.024000001
,,,-0.00043878,0.024000001
,,,-0.00043877,0.025600002
,,,-0.00043876,0.024800001
,,,-0.00043875,0.023200001
,,,-0.00043874,0.024000001
,,,-0.00043873,0.023200001
,,,-0.00043872,0.024000001
,,,-0.00043871,0.024000001
,,,-0.0004387,0.024000001
,,,-0.00043869,0.025600002
,,,-0.00043868,0.024800001
,,,-0.00043867,0.024000001
,,,-0.00043866,0.024800001
,,,-0.00043865,0.024000001
,,,-0.00043864,0.025600002
,,,-0.00043863,0.024800001
,,,-0.00043862,0.023200001
,,,-0.00043861,0.024000001
,,,-0.0004386,0.023200001
,,,-0.00043859,0.024000001
,,,-0.00043858,0.024000001
,,,-0.00043857,0.024800001
,,,-0.00043856,0.024800001
,,,-0.00043855,0.024000001
,,,-0.00043854,0.023200001
,,,-0.00043853,0.025600002
,,,-0.00043852,0.023200001
,,,-0.00043851,0.022400001
,,,-0.0004385,0.024800001
,,,-0.00043849,0.024000001
,,,-0.00043848,0.026400002
,,,-0.00043847,0.025600002
,,,-0.00043846,0.024800001
,,,-0.00043845,0.023200001
,,,-0.00043844,0.024800001
,,,-0.00043843,0.024800001
,,,-0.00043842,0.024000001
,,,-0.00043841,0.024000001
,,,-0.0004384,0.024000001
,,,-0.00043839,0.024000001
,,,-0.00043838,0.023200001
,,,-0.00043837,0.024000001
,,,-0.00043836,0.024800001
,,,-0.00043835,0.025600002
,,,-0.00043834,0.024000001
,,,-0.00043833,0.024000001
,,,-0.00043832,0.024800001
,,,-0.00043831,0.024000001
,,,-0.0004383,0.022400001
,,,-0.00043829,0.024000001
,,,-0.00043828,0.024000001
,,,-0.00043827,0.024000001
,,,-0.00043826,0.024000001
,,,-0.00043825,0.024000001
,,,-0.00043824,0.024000001
,,,-0.00043823,0.025600002
,,,-0.00043822,0.024000001
,,,-0.00043821,0.024000001
,,,-0.0004382,0.024000001
,,,-0.00043819,0.024000001
,,,-0.00043818,0.024000001
,,,-0.00043817,0.025600002
,,,-0.00043816,0.024000001
,,,-0.00043815,0.024000001
,,,-0.00043814,0.025600002
,,,-0.00043813,0.023200001
,,,-0.00043812,0.024800001
,,,-0.00043811,0.024000001
,,,-0.0004381,0.024000001
,,,-0.00043809,0.024000001
,,,-0.00043808,0.024800001
,,,-0.00043807,0.023200001
,,,-0.00043806,0.025600002
,,,-0.00043805,0.023200001
,,,-0.00043804,0.024000001
,,,-0.00043803,0.024000001
,,,-0.00043802,0.024000001
,,,-0.00043801,0.024000001
,,,-0.000438,0.024000001
,,,-0.00043799,0.024000001
,,,-0.00043798,0.023200001
,,,-0.00043797,0.024800001
,,,-0.00043796,0.024000001
,,,-0.00043795,0.024800001
,,,-0.00043794,0.024000001
,,,-0.00043793,0.024800001
,,,-0.00043792,0.024800001
,,,-0.00043791,0.023200001
,,,-0.0004379,0.024800001
,,,-0.00043789,0.025600002
,,,-0.00043788,0.023200001
,,,-0.00043787,0.023200001
,,,-0.00043786,0.025600002
,,,-0.00043785,0.024000001
,,,-0.00043784,0.024800001
,,,-0.00043783,0.024000001
,,,-0.00043782,0.024000001
,,,-0.00043781,0.024800001
,,,-0.0004378,0.025600002
,,,-0.00043779,0.024000001
,,,-0.00043778,0.024800001
,,,-0.00043777,0.024000001
,,,-0.00043776,0.024000001
,,,-0.00043775,0.024800001
,,,-0.00043774,0.024800001
,,,-0.00043773,0.024800001
,,,-0.00043772,0.024800001
,,,-0.00043771,0.024000001
,,,-0.0004377,0.027200002
,,,-0.00043769,0.023200001
,,,-0.00043768,0.024000001
,,,-0.00043767,0.024000001
,,,-0.00043766,0.024000001
,,,-0.00043765,0.024000001
,,,-0.00043764,0.025600002
,,,-0.00043763,0.024000001
,,,-0.00043762,0.024800001
,,,-0.00043761,0.024000001
,,,-0.0004376,0.024800001
,,,-0.00043759,0.023200001
,,,-0.00043758,0.023200001
,,,-0.00043757,0.024000001
,,,-0.00043756,0.024000001
,,,-0.00043755,0.024000001
,,,-0.00043754,0.024800001
,,,-0.00043753,0.024800001
,,,-0.00043752,0.021600001
,,,-0.00043751,0.024000001
,,,-0.0004375,0.024800001
,,,-0.00043749,0.024800001
,,,-0.00043748,0.024000001
,,,-0.00043747,0.024000001
,,,-0.00043746,0.024000001
,,,-0.00043745,0.024800001
,,,-0.00043744,0.023200001
,,,-0.00043743,0.025600002
,,,-0.00043742,0.024800001
,,,-0.00043741,0.024000001
,,,-0.0004374,0.024000001
,,,-0.00043739,0.024800001
,,,-0.00043738,0.023200001
,,,-0.00043737,0.023200001
,,,-0.00043736,0.024000001
,,,-0.00043735,0.025600002
,,,-0.00043734,0.024800001
,,,-0.00043733,0.024000001
,,,-0.00043732,0.024000001
,,,-0.00043731,0.024000001
,,,-0.0004373,0.024800001
,,,-0.00043729,0.025600002
,,,-0.00043728,0.024800001
,,,-0.00043727,0.024000001
,,,-0.00043726,0.024000001
,,,-0.00043725,0.024000001
,,,-0.00043724,0.024000001
,,,-0.00043723,0.024000001
,,,-0.00043722,0.024000001
,,,-0.00043721,0.024000001
,,,-0.0004372,0.024000001
,,,-0.00043719,0.024800001
,,,-0.00043718,0.024800001
,,,-0.00043717,0.024000001
,,,-0.00043716,0.024800001
,,,-0.00043715,0.025600002
,,,-0.00043714,0.024800001
,,,-0.00043713,0.023200001
,,,-0.00043712,0.024000001
,,,-0.00043711,0.024800001
,,,-0.0004371,0.024000001
,,,-0.00043709,0.024000001
,,,-0.00043708,0.024000001
,,,-0.00043707,0.024800001
,,,-0.00043706,0.024800001
,,,-0.00043705,0.023200001
,,,-0.00043704,0.024000001
,,,-0.00043703,0.023200001
,,,-0.00043702,0.024000001
,,,-0.00043701,0.023200001
,,,-0.000437,0.024000001
,,,-0.00043699,0.023200001
,,,-0.00043698,0.025600002
,,,-0.00043697,0.024000001
,,,-0.00043696,0.024000001
,,,-0.00043695,0.023200001
,,,-0.00043694,0.024000001
,,,-0.00043693,0.023200001
,,,-0.00043692,0.024800001
,,,-0.00043691,0.024000001
,,,-0.0004369,0.024000001
,,,-0.00043689,0.024800001
,,,-0.00043688,0.024000001
,,,-0.00043687,0.025600002
,,,-0.00043686,0.022400001
,,,-0.00043685,0.023200001
,,,-0.00043684,0.024000001
,,,-0.00043683,0.023200001
,,,-0.00043682,0.024800001
,,,-0.00043681,0.024000001
,,,-0.0004368,0.025600002
,,,-0.00043679,0.024800001
,,,-0.00043678,0.024800001
,,,-0.00043677,0.023200001
,,,-0.00043676,0.023200001
,,,-0.00043675,0.023200001
,,,-0.00043674,0.024000001
,,,-0.00043673,0.024000001
,,,-0.00043672,0.024000001
,,,-0.00043671,0.023200001
,,,-0.0004367,0.023200001
,,,-0.00043669,0.024000001
,,,-0.00043668,0.024000001
,,,-0.00043667,0.024000001
,,,-0.00043666,0.024000001
,,,-0.00043665,0.023200001
,,,-0.00043664,0.025600002
,,,-0.00043663,0.024000001
,,,-0.00043662,0.024000001
,,,-0.00043661,0.024000001
,,,-0.0004366,0.024800001
,,,-0.00043659,0.023200001
,,,-0.00043658,0.025600002
,,,-0.00043657,0.024000001
,,,-0.00043656,0.024000001
,,,-0.00043655,0.024000001
,,,-0.00043654,0.024000001
,,,-0.00043653,0.025600002
,,,-0.00043652,0.023200001
,,,-0.00043651,0.024800001
,,,-0.0004365,0.024800001
,,,-0.00043649,0.024800001
,,,-0.00043648,0.024000001
,,,-0.00043647,0.024800001
,,,-0.00043646,0.023200001
,,,-0.00043645,0.024000001
,,,-0.00043644,0.024800001
,,,-0.00043643,0.024800001
,,,-0.00043642,0.024000001
,,,-0.00043641,0.024800001
,,,-0.0004364,0.026400002
,,,-0.00043639,0.024800001
,,,-0.00043638,0.024800001
,,,-0.00043637,0.025600002
,,,-0.00043636,0.024000001
,,,-0.00043635,0.023200001
,,,-0.00043634,0.024800001
,,,-0.00043633,0.024800001
,,,-0.00043632,0.024800001
,,,-0.00043631,0.024000001
,,,-0.0004363,0.024000001
,,,-0.00043629,0.024000001
,,,-0.00043628,0.024800001
,,,-0.00043627,0.024000001
,,,-0.00043626,0.024000001
,,,-0.00043625,0.024800001
,,,-0.00043624,0.025600002
,,,-0.00043623,0.024800001
,,,-0.00043622,0.022400001
,,,-0.00043621,0.023200001
,,,-0.0004362,0.024000001
,,,-0.00043619,0.024800001
,,,-0.00043618,0.024000001
,,,-0.00043617,0.024000001
,,,-0.00043616,0.024000001
,,,-0.00043615,0.024000001
,,,-0.00043614,0.025600002
,,,-0.00043613,0.023200001
,,,-0.00043612,0.023200001
,,,-0.00043611,0.023200001
,,,-0.0004361,0.024800001
,,,-0.00043609,0.023200001
,,,-0.00043608,0.024000001
,,,-0.00043607,0.024000001
,,,-0.00043606,0.024800001
,,,-0.00043605,0.025600002
,,,-0.00043604,0.024000001
,,,-0.00043603,0.023200001
,,,-0.00043602,0.023200001
,,,-0.00043601,0.024000001
,,,-0.000436,0.024000001
,,,-0.00043599,0.024800001
,,,-0.00043598,0.024800001
,,,-0.00043597,0.024800001
,,,-0.00043596,0.023200001
,,,-0.00043595,0.022400001
,,,-0.00043594,0.024000001
,,,-0.00043593,0.022400001
,,,-0.00043592,0.024800001
,,,-0.00043591,0.024000001
,,,-0.0004359,0.024000001
,,,-0.00043589,0.024000001
,,,-0.00043588,0.024800001
,,,-0.00043587,0.024000001
,,,-0.00043586,0.024000001
,,,-0.00043585,0.023200001
,,,-0.00043584,0.024800001
,,,-0.00043583,0.024800001
,,,-0.00043582,0.024000001
,,,-0.00043581,0.023200001
,,,-0.0004358,0.024000001
,,,-0.00043579,0.023200001
,,,-0.00043578,0.023200001
,,,-0.00043577,0.024000001
,,,-0.00043576,0.022400001
,,,-0.00043575,0.024000001
,,,-0.00043574,0.024000001
,,,-0.00043573,0.024000001
,,,-0.00043572,0.024800001
,,,-0.00043571,0.025600002
,,,-0.0004357,0.024800001
,,,-0.00043569,0.024800001
,,,-0.00043568,0.024000001
,,,-0.00043567,0.023200001
,,,-0.00043566,0.025600002
,,,-0.00043565,0.024000001
,,,-0.00043564,0.024000001
,,,-0.00043563,0.024800001
,,,-0.00043562,0.023200001
,,,-0.00043561,0.024000001
,,,-0.0004356,0.024800001
,,,-0.00043559,0.024000001
,,,-0.00043558,0.027200002
,,,-0.00043557,0.024000001
,,,-0.00043556,0.024000001
,,,-0.00043555,0.025600002
,,,-0.00043554,0.024800001
,,,-0.00043553,0.024000001
,,,-0.00043552,0.023200001
,,,-0.00043551,0.024000001
,,,-0.0004355,0.025600002
,,,-0.00043549,0.023200001
,,,-0.00043548,0.024800001
,,,-0.00043547,0.024000001
,,,-0.00043546,0.025600002
,,,-0.00043545,0.024000001
,,,-0.00043544,0.024800001
,,,-0.00043543,0.024000001
,,,-0.00043542,0.025600002
,,,-0.00043541,0.024000001
,,,-0.0004354,0.024800001
,,,-0.00043539,0.022400001
,,,-0.00043538,0.024800001
,,,-0.00043537,0.024800001
,,,-0.00043536,0.024000001
,,,-0.00043535,0.024800001
,,,-0.00043534,0.025600002
,,,-0.00043533,0.024000001
,,,-0.00043532,0.024000001
,,,-0.00043531,0.024000001
,,,-0.0004353,0.025600002
,,,-0.00043529,0.026400002
,,,-0.00043528,0.023200001
,,,-0.00043527,0.024800001
,,,-0.00043526,0.024000001
,,,-0.00043525,0.024800001
,,,-0.00043524,0.024000001
,,,-0.00043523,0.024800001
,,,-0.00043522,0.025600002
,,,-0.00043521,0.023200001
,,,-0.0004352,0.025600002
,,,-0.00043519,0.024000001
,,,-0.00043518,0.025600002
,,,-0.00043517,0.024800001
,,,-0.00043516,0.024000001
,,,-0.00043515,0.024800001
,,,-0.00043514,0.024800001
,,,-0.00043513,0.024000001
,,,-0.00043512,0.024000001
,,,-0.00043511,0.023200001
,,,-0.0004351,0.023200001
,,,-0.00043509,0.024000001
,,,-0.00043508,0.023200001
,,,-0.00043507,0.024800001
,,,-0.00043506,0.025600002
,,,-0.00043505,0.024000001
,,,-0.00043504,0.025600002
,,,-0.00043503,0.023200001
,,,-0.00043502,0.024800001
,,,-0.00043501,0.024000001
,,,-0.000435,0.024000001
,,,-0.00043499,0.026400002
,,,-0.00043498,0.023200001
,,,-0.00043497,0.024800001
,,,-0.00043496,0.024000001
,,,-0.00043495,0.024000001
,,,-0.00043494,0.024000001
,,,-0.00043493,0.024000001
,,,-0.00043492,0.024000001
,,,-0.00043491,0.024000001
,,,-0.0004349,0.024000001
,,,-0.00043489,0.024000001
,,,-0.00043488,0.022400001
,,,-0.00043487,0.024000001
,,,-0.00043486,0.024000001
,,,-0.00043485,0.024000001
,,,-0.00043484,0.024000001
,,,-0.00043483,0.024800001
,,,-0.00043482,0.024000001
,,,-0.00043481,0.024800001
,,,-0.0004348,0.023200001
,,,-0.00043479,0.025600002
,,,-0.00043478,0.024000001
,,,-0.00043477,0.024000001
,,,-0.00043476,0.024000001
,,,-0.00043475,0.024000001
,,,-0.00043474,0.025600002
,,,-0.00043473,0.024000001
,,,-0.00043472,0.024000001
,,,-0.00043471,0.024000001
,,,-0.0004347,0.023200001
,,,-0.00043469,0.024800001
,,,-0.00043468,0.024800001
,,,-0.00043467,0.027200002
,,,-0.00043466,0.024800001
,,,-0.00043465,0.024800001
,,,-0.00043464,0.024800001
,,,-0.00043463,0.024000001
,,,-0.00043462,0.024000001
,,,-0.00043461,0.025600002
,,,-0.0004346,0.024800001
,,,-0.00043459,0.024000001
,,,-0.00043458,0.024000001
,,,-0.00043457,0.024800001
,,,-0.00043456,0.024800001
,,,-0.00043455,0.022400001
,,,-0.00043454,0.022400001
,,,-0.00043453,0.026400002
,,,-0.00043452,0.024800001
,,,-0.00043451,0.024000001
,,,-0.0004345,0.024800001
,,,-0.00043449,0.024800001
,,,-0.00043448,0.023200001
,,,-0.00043447,0.024800001
,,,-0.00043446,0.025600002
,,,-0.00043445,0.023200001
,,,-0.00043444,0.024000001
,,,-0.00043443,0.024000001
,,,-0.00043442,0.024800001
,,,-0.00043441,0.024000001
,,,-0.0004344,0.024800001
,,,-0.00043439,0.024000001
,,,-0.00043438,0.024800001
,,,-0.00043437,0.024000001
,,,-0.00043436,0.024800001
,,,-0.00043435,0.025600002
,,,-0.00043434,0.024800001
,,,-0.00043433,0.024800001
,,,-0.00043432,0.024000001
,,,-0.00043431,0.024000001
,,,-0.0004343,0.022400001
,,,-0.00043429,0.023200001
,,,-0.00043428,0.024000001
,,,-0.00043427,0.024800001
,,,-0.00043426,0.024000001
,,,-0.00043425,0.023200001
,,,-0.00043424,0.025600002
,,,-0.00043423,0.025600002
,,,-0.00043422,0.024000001
,,,-0.00043421,0.024000001
,,,-0.0004342,0.023200001
,,,-0.00043419,0.024800001
,,,-0.00043418,0.024800001
,,,-0.00043417,0.023200001
,,,-0.00043416,0.024000001
,,,-0.00043415,0.024800001
,,,-0.00043414,0.024800001
,,,-0.00043413,0.024000001
,,,-0.00043412,0.024000001
,,,-0.00043411,0.024000001
,,,-0.0004341,0.025600002
,,,-0.00043409,0.024000001
,,,-0.00043408,0.024000001
,,,-0.00043407,0.024000001
,,,-0.00043406,0.024000001
,,,-0.00043405,0.024000001
,,,-0.00043404,0.023200001
,,,-0.00043403,0.024000001
,,,-0.00043402,0.024000001
,,,-0.00043401,0.025600002
,,,-0.000434,0.024000001
,,,-0.00043399,0.024000001
,,,-0.00043398,0.024000001
,,,-0.00043397,0.025600002
,,,-0.00043396,0.024000001
,,,-0.00043395,0.024000001
,,,-0.00043394,0.024800001
,,,-0.00043393,0.024000001
,,,-0.00043392,0.024800001
,,,-0.00043391,0.024000001
,,,-0.0004339,0.024800001
,,,-0.00043389,0.025600002
,,,-0.00043388,0.024800001
,,,-0.00043387,0.026400002
,,,-0.00043386,0.024000001
,,,-0.00043385,0.024000001
,,,-0.00043384,0.024000001
,,,-0.00043383,0.024000001
,,,-0.00043382,0.026400002
,,,-0.00043381,0.024000001
,,,-0.0004338,0.024800001
,,,-0.00043379,0.023200001
,,,-0.00043378,0.025600002
,,,-0.00043377,0.024800001
,,,-0.00043376,0.024000001
,,,-0.00043375,0.024000001
,,,-0.00043374,0.024800001
,,,-0.00043373,0.024000001
,,,-0.00043372,0.024000001
,,,-0.00043371,0.024800001
,,,-0.0004337,0.024000001
,,,-0.00043369,0.023200001
,,,-0.00043368,0.023200001
,,,-0.00043367,0.024800001
,,,-0.00043366,0.025600002
,,,-0.00043365,0.024000001
,,,-0.00043364,0.024800001
,,,-0.00043363,0.024000001
,,,-0.00043362,0.023200001
,,,-0.00043361,0.025600002
,,,-0.0004336,0.022400001
,,,-0.00043359,0.024000001
,,,-0.00043358,0.024000001
,,,-0.00043357,0.024800001
,,,-0.00043356,0.023200001
,,,-0.00043355,0.024800001
,,,-0.00043354,0.025600002
,,,-0.00043353,0.024800001
,,,-0.00043352,0.024000001
,,,-0.00043351,0.024000001
,,,-0.0004335,0.024800001
,,,-0.00043349,0.024800001
,,,-0.00043348,0.024000001
,,,-0.00043347,0.024000001
,,,-0.00043346,0.024800001
,,,-0.00043345,0.024000001
,,,-0.00043344,0.024000001
,,,-0.00043343,0.025600002
,,,-0.00043342,0.024000001
,,,-0.00043341,0.024000001
,,,-0.0004334,0.024000001
,,,-0.00043339,0.025600002
,,,-0.00043338,0.024000001
,,,-0.00043337,0.023200001
,,,-0.00043336,0.024000001
,,,-0.00043335,0.024000001
,,,-0.00043334,0.023200001
,,,-0.00043333,0.024000001
,,,-0.00043332,0.024800001
,,,-0.00043331,0.022400001
,,,-0.0004333,0.024000001
,,,-0.00043329,0.024800001
,,,-0.00043328,0.024800001
,,,-0.00043327,0.024800001
,,,-0.00043326,0.024000001
,,,-0.00043325,0.024800001
,,,-0.00043324,0.024000001
,,,-0.00043323,0.024000001
,,,-0.00043322,0.024000001
,,,-0.00043321,0.024000001
,,,-0.0004332,0.024000001
,,,-0.00043319,0.024800001
,,,-0.00043318,0.024800001
,,,-0.00043317,0.024000001
,,,-0.00043316,0.025600002
,,,-0.00043315,0.023200001
,,,-0.00043314,0.024000001
,,,-0.00043313,0.024000001
,,,-0.00043312,0.024800001
,,,-0.00043311,0.024000001
,,,-0.0004331,0.024800001
,,,-0.00043309,0.024000001
,,,-0.00043308,0.025600002
,,,-0.00043307,0.024800001
,,,-0.00043306,0.024000001
,,,-0.00043305,0.023200001
,,,-0.00043304,0.024000001
,,,-0.00043303,0.024000001
,,,-0.00043302,0.024000001
,,,-0.00043301,0.023200001
,,,-0.000433,0.024000001
,,,-0.00043299,0.024000001
,,,-0.00043298,0.024800001
,,,-0.00043297,0.025600002
,,,-0.00043296,0.023200001
,,,-0.00043295,0.024800001
,,,-0.00043294,0.025600002
,,,-0.00043293,0.024000001
,,,-0.00043292,0.024000001
,,,-0.00043291,0.024800001
,,,-0.0004329,0.023200001
,,,-0.00043289,0.024800001
,,,-0.00043288,0.024000001
,,,-0.00043287,0.024000001
,,,-0.00043286,0.024000001
,,,-0.00043285,0.024000001
,,,-0.00043284,0.024800001
,,,-0.00043283,0.023200001
,,,-0.00043282,0.023200001
,,,-0.00043281,0.024000001
,,,-0.0004328,0.024000001
,,,-0.00043279,0.022400001
,,,-0.00043278,0.024800001
,,,-0.00043277,0.024800001
,,,-0.00043276,0.024000001
,,,-0.00043275,0.023200001
,,,-0.00043274,0.023200001
,,,-0.00043273,0.024000001
,,,-0.00043272,0.024800001
,,,-0.00043271,0.024800001
,,,-0.0004327,0.025600002
,,,-0.00043269,0.023200001
,,,-0.00043268,0.024000001
,,,-0.00043267,0.024000001
,,,-0.00043266,0.024000001
,,,-0.00043265,0.026400002
,,,-0.00043264,0.023200001
,,,-0.00043263,0.024000001
,,,-0.00043262,0.025600002
,,,-0.00043261,0.024800001
,,,-0.0004326,0.024800001
,,,-0.00043259,0.024800001
,,,-0.00043258,0.024000001
,,,-0.00043257,0.022400001
,,,-0.00043256,0.024000001
,,,-0.00043255,0.025600002
,,,-0.00043254,0.024800001
,,,-0.00043253,0.026400002
,,,-0.00043252,0.024800001
,,,-0.00043251,0.024000001
,,,-0.0004325,0.024800001
,,,-0.00043249,0.024000001
,,,-0.00043248,0.024000001
,,,-0.00043247,0.024000001
,,,-0.00043246,0.023200001
,,,-0.00043245,0.024800001
,,,-0.00043244,0.023200001
,,,-0.00043243,0.024000001
,,,-0.00043242,0.024000001
,,,-0.00043241,0.025600002
,,,-0.0004324,0.024000001
,,,-0.00043239,0.023200001
,,,-0.00043238,0.023200001
,,,-0.00043237,0.024000001
,,,-0.00043236,0.024800001
,,,-0.00043235,0.024800001
,,,-0.00043234,0.024000001
,,,-0.00043233,0.027200002
,,,-0.00043232,0.023200001
,,,-0.00043231,0.024000001
,,,-0.0004323,0.024800001
,,,-0.00043229,0.024000001
,,,-0.00043228,0.024000001
,,,-0.00043227,0.024000001
,,,-0.00043226,0.024000001
,,,-0.00043225,0.025600002
,,,-0.00043224,0.024000001
,,,-0.00043223,0.024000001
,,,-0.00043222,0.024000001
,,,-0.00043221,0.024800001
,,,-0.0004322,0.024000001
,,,-0.00043219,0.024800001
,,,-0.00043218,0.023200001
,,,-0.00043217,0.024800001
,,,-0.00043216,0.024000001
,,,-0.00043215,0.024000001
,,,-0.00043214,0.024800001
,,,-0.00043213,0.024000001
,,,-0.00043212,0.024000001
,,,-0.00043211,0.024000001
,,,-0.0004321,0.024000001
,,,-0.00043209,0.026400002
,,,-0.00043208,0.025600002
,,,-0.00043207,0.024000001
,,,-0.00043206,0.024000001
,,,-0.00043205,0.024800001
,,,-0.00043204,0.024800001
,,,-0.00043203,0.025600002
,,,-0.00043202,0.024000001
,,,-0.00043201,0.024000001
,,,-0.000432,0.024800001
,,,-0.00043199,0.024000001
,,,-0.00043198,0.027200002
,,,-0.00043197,0.024000001
,,,-0.00043196,0.024000001
,,,-0.00043195,0.023200001
,,,-0.00043194,0.024800001
,,,-0.00043193,0.024000001
,,,-0.00043192,0.024000001
,,,-0.00043191,0.024800001
,,,-0.0004319,0.024800001
,,,-0.00043189,0.024000001
,,,-0.00043188,0.025600002
,,,-0.00043187,0.025600002
,,,-0.00043186,0.022400001
,,,-0.00043185,0.024800001
,,,-0.00043184,0.024800001
,,,-0.00043183,0.023200001
,,,-0.00043182,0.024000001
,,,-0.00043181,0.024800001
,,,-0.0004318,0.022400001
,,,-0.00043179,0.024000001
,,,-0.00043178,0.024800001
,,,-0.00043177,0.024000001
,,,-0.00043176,0.024800001
,,,-0.00043175,0.024000001
,,,-0.00043174,0.024800001
,,,-0.00043173,0.024800001
,,,-0.00043172,0.026400002
,,,-0.00043171,0.024800001
,,,-0.0004317,0.024000001
,,,-0.00043169,0.024800001
,,,-0.00043168,0.024000001
,,,-0.00043167,0.024000001
,,,-0.00043166,0.025600002
,,,-0.00043165,0.024000001
,,,-0.00043164,0.024000001
,,,-0.00043163,0.024000001
,,,-0.00043162,0.024000001
,,,-0.00043161,0.024000001
,,,-0.0004316,0.024800001
,,,-0.00043159,0.024000001
,,,-0.00043158,0.024000001
,,,-0.00043157,0.024000001
,,,-0.00043156,0.023200001
,,,-0.00043155,0.024000001
,,,-0.00043154,0.023200001
,,,-0.00043153,0.024000001
,,,-0.00043152,0.023200001
,,,-0.00043151,0.024000001
,,,-0.0004315,0.024800001
,,,-0.00043149,0.023200001
,,,-0.00043148,0.024000001
,,,-0.00043147,0.024800001
,,,-0.00043146,0.024000001
,,,-0.00043145,0.024000001
,,,-0.00043144,0.023200001
,,,-0.00043143,0.023200001
,,,-0.00043142,0.023200001
,,,-0.00043141,0.025600002
,,,-0.0004314,0.024000001
,,,-0.00043139,0.024000001
,,,-0.00043138,0.024000001
,,,-0.00043137,0.024000001
,,,-0.00043136,0.024000001
,,,-0.00043135,0.024000001
,,,-0.00043134,0.025600002
,,,-0.00043133,0.024800001
,,,-0.00043132,0.024000001
,,,-0.00043131,0.024000001
,,,-0.0004313,0.024000001
,,,-0.00043129,0.024000001
,,,-0.00043128,0.024800001
,,,-0.00043127,0.025600002
,,,-0.00043126,0.024000001
,,,-0.00043125,0.024000001
,,,-0.00043124,0.025600002
,,,-0.00043123,0.024800001
,,,-0.00043122,0.024800001
,,,-0.00043121,0.024800001
,,,-0.0004312,0.024000001
,,,-0.00043119,0.024000001
,,,-0.00043118,0.025600002
,,,-0.00043117,0.024000001
,,,-0.00043116,0.024000001
,,,-0.00043115,0.024000001
,,,-0.00043114,0.023200001
,,,-0.00043113,0.024000001
,,,-0.00043112,0.024800001
,,,-0.00043111,0.024000001
,,,-0.0004311,0.024000001
,,,-0.00043109,0.024800001
,,,-0.00043108,0.024800001
,,,-0.00043107,0.024800001
,,,-0.00043106,0.024000001
,,,-0.00043105,0.024000001
,,,-0.00043104,0.024800001
,,,-0.00043103,0.024000001
,,,-0.00043102,0.025600002
,,,-0.00043101,0.024000001
,,,-0.000431,0.025600002
,,,-0.00043099,0.024000001
,,,-0.00043098,0.025600002
,,,-0.00043097,0.024800001
,,,-0.00043096,0.024000001
,,,-0.00043095,0.024800001
,,,-0.00043094,0.024000001
,,,-0.00043093,0.023200001
,,,-0.00043092,0.024800001
,,,-0.00043091,0.025600002
,,,-0.0004309,0.024000001
,,,-0.00043089,0.024800001
,,,-0.00043088,0.024000001
,,,-0.00043087,0.022400001
,,,-0.00043086,0.023200001
,,,-0.00043085,0.025600002
,,,-0.00043084,0.024000001
,,,-0.00043083,0.022400001
,,,-0.00043082,0.024000001
,,,-0.00043081,0.023200001
,,,-0.0004308,0.024800001
,,,-0.00043079,0.025600002
,,,-0.00043078,0.024000001
,,,-0.00043077,0.023200001
,,,-0.00043076,0.025600002
,,,-0.00043075,0.024000001
,,,-0.00043074,0.024000001
,,,-0.00043073,0.024000001
,,,-0.00043072,0.025600002
,,,-0.00043071,0.024000001
,,,-0.0004307,0.025600002
,,,-0.00043069,0.024000001
,,,-0.00043068,0.024000001
,,,-0.00043067,0.022400001
,,,-0.00043066,0.024000001
,,,-0.00043065,0.024000001
,,,-0.00043064,0.025600002
,,,-0.00043063,0.023200001
,,,-0.00043062,0.024000001
,,,-0.00043061,0.023200001
,,,-0.0004306,0.024800001
,,,-0.00043059,0.024800001
,,,-0.00043058,0.024000001
,,,-0.00043057,0.024000001
,,,-0.00043056,0.024800001
,,,-0.00043055,0.024000001
,,,-0.00043054,0.024800001
,,,-0.00043053,0.024800001
,,,-0.00043052,0.026400002
,,,-0.00043051,0.024000001
,,,-0.0004305,0.024800001
,,,-0.00043049,0.024000001
,,,-0.00043048,0.025600002
,,,-0.00043047,0.023200001
,,,-0.00043046,0.025600002
,,,-0.00043045,0.024000001
,,,-0.00043044,0.023200001
,,,-0.00043043,0.025600002
,,,-0.00043042,0.024000001
,,,-0.00043041,0.023200001
,,,-0.0004304,0.024000001
,,,-0.00043039,0.024800001
,,,-0.00043038,0.025600002
,,,-0.00043037,0.023200001
,,,-0.00043036,0.024800001
,,,-0.00043035,0.024000001
,,,-0.00043034,0.023200001
,,,-0.00043033,0.025600002
,,,-0.00043032,0.024000001
,,,-0.00043031,0.024000001
,,,-0.0004303,0.025600002
,,,-0.00043029,0.024800001
,,,-0.00043028,0.022400001
,,,-0.00043027,0.023200001
,,,-0.00043026,0.024000001
,,,-0.00043025,0.023200001
,,,-0.00043024,0.023200001
,,,-0.00043023,0.023200001
,,,-0.00043022,0.024800001
,,,-0.00043021,0.024000001
,,,-0.0004302,0.024800001
,,,-0.00043019,0.024800001
,,,-0.00043018,0.023200001
,,,-0.00043017,0.024000001
,,,-0.00043016,0.024800001
,,,-0.00043015,0.023200001
,,,-0.00043014,0.026400002
,,,-0.00043013,0.024800001
,,,-0.00043012,0.024800001
,,,-0.00043011,0.024800001
,,,-0.0004301,0.024000001
,,,-0.00043009,0.024000001
,,,-0.00043008,0.024000001
,,,-0.00043007,0.024000001
,,,-0.00043006,0.024800001
,,,-0.00043005,0.025600002
,,,-0.00043004,0.024800001
,,,-0.00043003,0.023200001
,,,-0.00043002,0.024000001
,,,-0.00043001,0.026400002
,,,-0.00043,0.024800001
,,,-0.00042999,0.024000001
,,,-0.00042998,0.024000001
,,,-0.00042997,0.023200001
,,,-0.00042996,0.023200001
,,,-0.00042995,0.024800001
,,,-0.00042994,0.024800001
,,,-0.00042993,0.024000001
,,,-0.00042992,0.024800001
,,,-0.00042991,0.025600002
,,,-0.0004299,0.024800001
,,,-0.00042989,0.024800001
,,,-0.00042988,0.025600002
,,,-0.00042987,0.024000001
,,,-0.00042986,0.026400002
,,,-0.00042985,0.024800001
,,,-0.00042984,0.024800001
,,,-0.00042983,0.024000001
,,,-0.00042982,0.024000001
,,,-0.00042981,0.024000001
,,,-0.0004298,0.025600002
,,,-0.00042979,0.024800001
,,,-0.00042978,0.024800001
,,,-0.00042977,0.023200001
,,,-0.00042976,0.024000001
,,,-0.00042975,0.025600002
,,,-0.00042974,0.024800001
,,,-0.00042973,0.024800001
,,,-0.00042972,0.024000001
,,,-0.00042971,0.024000001
,,,-0.0004297,0.024000001
,,,-0.00042969,0.024800001
,,,-0.00042968,0.024000001
,,,-0.00042967,0.024800001
,,,-0.00042966,0.024800001
,,,-0.00042965,0.024000001
,,,-0.00042964,0.024000001
,,,-0.00042963,0.024800001
,,,-0.00042962,0.025600002
,,,-0.00042961,0.024000001
,,,-0.0004296,0.023200001
,,,-0.00042959,0.024000001
,,,-0.00042958,0.023200001
,,,-0.00042957,0.023200001
,,,-0.00042956,0.024000001
,,,-0.00042955,0.024000001
,,,-0.00042954,0.024000001
,,,-0.00042953,0.024800001
,,,-0.00042952,0.024800001
,,,-0.00042951,0.023200001
,,,-0.0004295,0.024000001
,,,-0.00042949,0.023200001
,,,-0.00042948,0.024800001
,,,-0.00042947,0.023200001
,,,-0.00042946,0.024800001
,,,-0.00042945,0.024800001
,,,-0.00042944,0.024800001
,,,-0.00042943,0.024800001
,,,-0.00042942,0.022400001
,,,-0.00042941,0.025600002
,,,-0.0004294,0.023200001
,,,-0.00042939,0.022400001
,,,-0.00042938,0.024000001
,,,-0.00042937,0.024800001
,,,-0.00042936,0.024800001
,,,-0.00042935,0.024000001
,,,-0.00042934,0.024800001
,,,-0.00042933,0.023200001
,,,-0.00042932,0.023200001
,,,-0.00042931,0.024000001
,,,-0.0004293,0.025600002
,,,-0.00042929,0.024000001
,,,-0.00042928,0.024000001
,,,-0.00042927,0.024000001
,,,-0.00042926,0.024000001
,,,-0.00042925,0.024800001
,,,-0.00042924,0.023200001
,,,-0.00042923,0.023200001
,,,-0.00042922,0.024000001
,,,-0.00042921,0.022400001
,,,-0.0004292,0.024800001
,,,-0.00042919,0.023200001
,,,-0.00042918,0.024800001
,,,-0.00042917,0.024800001
,,,-0.00042916,0.024000001
,,,-0.00042915,0.025600002
,,,-0.00042914,0.024800001
,,,-0.00042913,0.025600002
,,,-0.00042912,0.024000001
,,,-0.00042911,0.024000001
,,,-0.0004291,0.024000001
,,,-0.00042909,0.024800001
,,,-0.00042908,0.024800001
,,,-0.00042907,0.024000001
,,,-0.00042906,0.024000001
,,,-0.00042905,0.024800001
,,,-0.00042904,0.024800001
,,,-0.00042903,0.025600002
,,,-0.00042902,0.024800001
,,,-0.00042901,0.023200001
,,,-0.000429,0.023200001
,,,-0.00042899,0.023200001
,,,-0.00042898,0.023200001
,,,-0.00042897,0.024800001
,,,-0.00042896,0.024800001
,,,-0.00042895,0.024000001
,,,-0.00042894,0.025600002
,,,-0.00042893,0.023200001
,,,-0.00042892,0.024800001
,,,-0.00042891,0.024000001
,,,-0.0004289,0.024800001
,,,-0.00042889,0.024000001
,,,-0.00042888,0.024000001
,,,-0.00042887,0.027200002
,,,-0.00042886,0.024000001
,,,-0.00042885,0.024800001
,,,-0.00042884,0.024800001
,,,-0.00042883,0.024000001
,,,-0.00042882,0.024800001
,,,-0.00042881,0.024800001
,,,-0.0004288,0.025600002
,,,-0.00042879,0.024000001
,,,-0.00042878,0.024000001
,,,-0.00042877,0.025600002
,,,-0.00042876,0.023200001
,,,-0.00042875,0.024000001
,,,-0.00042874,0.024000001
,,,-0.00042873,0.024000001
,,,-0.00042872,0.023200001
,,,-0.00042871,0.024000001
,,,-0.0004287,0.024000001
,,,-0.00042869,0.024000001
,,,-0.00042868,0.024000001
,,,-0.00042867,0.023200001
,,,-0.00042866,0.024000001
,,,-0.00042865,0.024000001
,,,-0.00042864,0.024800001
,,,-0.00042863,0.024800001
,,,-0.00042862,0.024000001
,,,-0.00042861,0.024800001
,,,-0.0004286,0.025600002
,,,-0.00042859,0.024000001
,,,-0.00042858,0.023200001
,,,-0.00042857,0.024000001
,,,-0.00042856,0.025600002
,,,-0.00042855,0.025600002
,,,-0.00042854,0.025600002
,,,-0.00042853,0.024000001
,,,-0.00042852,0.023200001
,,,-0.00042851,0.026400002
,,,-0.0004285,0.024000001
,,,-0.00042849,0.024800001
,,,-0.00042848,0.023200001
,,,-0.00042847,0.024000001
,,,-0.00042846,0.022400001
,,,-0.00042845,0.024000001
,,,-0.00042844,0.024000001
,,,-0.00042843,0.024000001
,,,-0.00042842,0.025600002
,,,-0.00042841,0.023200001
,,,-0.0004284,0.024000001
,,,-0.00042839,0.024000001
,,,-0.00042838,0.026400002
,,,-0.00042837,0.025600002
,,,-0.00042836,0.024000001
,,,-0.00042835,0.024000001
,,,-0.00042834,0.024000001
,,,-0.00042833,0.024800001
,,,-0.00042832,0.024000001
,,,-0.00042831,0.024000001
,,,-0.0004283,0.024800001
,,,-0.00042829,0.024000001
,,,-0.00042828,0.024000001
,,,-0.00042827,0.024000001
,,,-0.00042826,0.024000001
,,,-0.00042825,0.024800001
,,,-0.00042824,0.024800001
,,,-0.00042823,0.023200001
,,,-0.00042822,0.025600002
,,,-0.00042821,0.024800001
,,,-0.0004282,0.024800001
,,,-0.00042819,0.023200001
,,,-0.00042818,0.023200001
,,,-0.00042817,0.024800001
,,,-0.00042816,0.024000001
,,,-0.00042815,0.024000001
,,,-0.00042814,0.024000001
,,,-0.00042813,0.022400001
,,,-0.00042812,0.026400002
,,,-0.00042811,0.024800001
,,,-0.0004281,0.024000001
,,,-0.00042809,0.024000001
,,,-0.00042808,0.022400001
,,,-0.00042807,0.025600002
,,,-0.00042806,0.024000001
,,,-0.00042805,0.024000001
,,,-0.00042804,0.025600002
,,,-0.00042803,0.024000001
,,,-0.00042802,0.025600002
,,,-0.00042801,0.024000001
,,,-0.000428,0.024000001
,,,-0.00042799,0.024800001
,,,-0.00042798,0.024800001
,,,-0.00042797,0.024000001
,,,-0.00042796,0.024000001
,,,-0.00042795,0.024000001
,,,-0.00042794,0.025600002
,,,-0.00042793,0.026400002
,,,-0.00042792,0.024800001
,,,-0.00042791,0.024800001
,,,-0.0004279,0.024000001
,,,-0.00042789,0.024800001
,,,-0.00042788,0.024000001
,,,-0.00042787,0.024000001
,,,-0.00042786,0.023200001
,,,-0.00042785,0.023200001
,,,-0.00042784,0.024800001
,,,-0.00042783,0.024000001
,,,-0.00042782,0.024800001
,,,-0.00042781,0.023200001
,,,-0.0004278,0.023200001
,,,-0.00042779,0.024800001
,,,-0.00042778,0.024000001
,,,-0.00042777,0.024800001
,,,-0.00042776,0.024000001
,,,-0.00042775,0.023200001
,,,-0.00042774,0.024000001
,,,-0.00042773,0.024000001
,,,-0.00042772,0.025600002
,,,-0.00042771,0.024800001
,,,-0.0004277,0.024800001
,,,-0.00042769,0.024000001
,,,-0.00042768,0.025600002
,,,-0.00042767,0.024000001
,,,-0.00042766,0.025600002
,,,-0.00042765,0.024000001
,,,-0.00042764,0.025600002
,,,-0.00042763,0.024000001
,,,-0.00042762,0.024800001
,,,-0.00042761,0.023200001
,,,-0.0004276,0.025600002
,,,-0.00042759,0.024000001
,,,-0.00042758,0.023200001
,,,-0.00042757,0.023200001
,,,-0.00042756,0.025600002
,,,-0.00042755,0.024000001
,,,-0.00042754,0.023200001
,,,-0.00042753,0.024000001
,,,-0.00042752,0.024800001
,,,-0.00042751,0.024000001
,,,-0.0004275,0.024000001
,,,-0.00042749,0.025600002
,,,-0.00042748,0.023200001
,,,-0.00042747,0.024000001
,,,-0.00042746,0.024800001
,,,-0.00042745,0.024800001
,,,-0.00042744,0.025600002
,,,-0.00042743,0.024000001
,,,-0.00042742,0.022400001
,,,-0.00042741,0.023200001
,,,-0.0004274,0.024000001
,,,-0.00042739,0.024000001
,,,-0.00042738,0.023200001
,,,-0.00042737,0.026400002
,,,-0.00042736,0.024000001
,,,-0.00042735,0.024000001
,,,-0.00042734,0.024000001
,,,-0.00042733,0.024000001
,,,-0.00042732,0.026400002
,,,-0.00042731,0.025600002
,,,-0.0004273,0.024000001
,,,-0.00042729,0.023200001
,,,-0.00042728,0.024800001
,,,-0.00042727,0.024000001
,,,-0.00042726,0.024000001
,,,-0.00042725,0.024800001
,,,-0.00042724,0.024000001
,,,-0.00042723,0.024800001
,,,-0.00042722,0.023200001
,,,-0.00042721,0.025600002
,,,-0.0004272,0.024000001
,,,-0.00042719,0.024000001
,,,-0.00042718,0.024000001
,,,-0.00042717,0.024000001
,,,-0.00042716,0.024000001
,,,-0.00042715,0.021600001
,,,-0.00042714,0.024000001
,,,-0.00042713,0.024000001
,,,-0.00042712,0.025600002
,,,-0.00042711,0.025600002
,,,-0.0004271,0.024800001
,,,-0.00042709,0.023200001
,,,-0.00042708,0.024800001
,,,-0.00042707,0.024000001
,,,-0.00042706,0.024000001
,,,-0.00042705,0.022400001
,,,-0.00042704,0.025600002
,,,-0.00042703,0.025600002
,,,-0.00042702,0.024000001
,,,-0.00042701,0.024800001
,,,-0.000427,0.025600002
,,,-0.00042699,0.025600002
,,,-0.00042698,0.024000001
,,,-0.00042697,0.024800001
,,,-0.00042696,0.024000001
,,,-0.00042695,0.024000001
,,,-0.00042694,0.024000001
,,,-0.00042693,0.024800001
,,,-0.00042692,0.024000001
,,,-0.00042691,0.023200001
,,,-0.0004269,0.025600002
,,,-0.00042689,0.024000001
,,,-0.00042688,0.023200001
,,,-0.00042687,0.023200001
,,,-0.00042686,0.024800001
,,,-0.00042685,0.024800001
,,,-0.00042684,0.025600002
,,,-0.00042683,0.024000001
,,,-0.00042682,0.024800001
,,,-0.00042681,0.024000001
,,,-0.0004268,0.026400002
,,,-0.00042679,0.024000001
,,,-0.00042678,0.024800001
,,,-0.00042677,0.024000001
,,,-0.00042676,0.025600002
,,,-0.00042675,0.024800001
,,,-0.00042674,0.024000001
,,,-0.00042673,0.024800001
,,,-0.00042672,0.025600002
,,,-0.00042671,0.024800001
,,,-0.0004267,0.023200001
,,,-0.00042669,0.023200001
,,,-0.00042668,0.024000001
,,,-0.00042667,0.024800001
,,,-0.00042666,0.024000001
,,,-0.00042665,0.024000001
,,,-0.00042664,0.024000001
,,,-0.00042663,0.024000001
,,,-0.00042662,0.024000001
,,,-0.00042661,0.024000001
,,,-0.0004266,0.024000001
,,,-0.00042659,0.024000001
,,,-0.00042658,0.024800001
,,,-0.00042657,0.023200001
,,,-0.00042656,0.024800001
,,,-0.00042655,0.024000001
,,,-0.00042654,0.023200001
,,,-0.00042653,0.024800001
,,,-0.00042652,0.024000001
,,,-0.00042651,0.022400001
,,,-0.0004265,0.024800001
,,,-0.00042649,0.024000001
,,,-0.00042648,0.024000001
,,,-0.00042647,0.024800001
,,,-0.00042646,0.023200001
,,,-0.00042645,0.024800001
,,,-0.00042644,0.024000001
,,,-0.00042643,0.024000001
,,,-0.00042642,0.026400002
,,,-0.00042641,0.024800001
,,,-0.0004264,0.023200001
,,,-0.00042639,0.024000001
,,,-0.00042638,0.024800001
,,,-0.00042637,0.024000001
,,,-0.00042636,0.024000001
,,,-0.00042635,0.024000001
,,,-0.00042634,0.025600002
,,,-0.00042633,0.024000001
,,,-0.00042632,0.024000001
,,,-0.00042631,0.023200001
,,,-0.0004263,0.024000001
,,,-0.00042629,0.024000001
,,,-0.00042628,0.024000001
,,,-0.00042627,0.024000001
,,,-0.00042626,0.024000001
,,,-0.00042625,0.024000001
,,,-0.00042624,0.024800001
,,,-0.00042623,0.024800001
,,,-0.00042622,0.024800001
,,,-0.00042621,0.022400001
,,,-0.0004262,0.024000001
,,,-0.00042619,0.023200001
,,,-0.00042618,0.024800001
,,,-0.00042617,0.024000001
,,,-0.00042616,0.024000001
,,,-0.00042615,0.023200001
,,,-0.00042614,0.024800001
,,,-0.00042613,0.024000001
,,,-0.00042612,0.024000001
,,,-0.00042611,0.024000001
,,,-0.0004261,0.024000001
,,,-0.00042609,0.023200001
,,,-0.00042608,0.024000001
,,,-0.00042607,0.023200001
,,,-0.00042606,0.025600002
,,,-0.00042605,0.024800001
,,,-0.00042604,0.022400001
,,,-0.00042603,0.024800001
,,,-0.00042602,0.024800001
,,,-0.00042601,0.024000001
,,,-0.000426,0.025600002
,,,-0.00042599,0.024000001
,,,-0.00042598,0.024000001
,,,-0.00042597,0.024000001
,,,-0.00042596,0.024000001
,,,-0.00042595,0.024000001
,,,-0.00042594,0.024000001
,,,-0.00042593,0.024800001
,,,-0.00042592,0.023200001
,,,-0.00042591,0.024800001
,,,-0.0004259,0.025600002
,,,-0.00042589,0.024800001
,,,-0.00042588,0.024800001
,,,-0.00042587,0.025600002
,,,-0.00042586,0.026400002
,,,-0.00042585,0.024000001
,,,-0.00042584,0.024000001
,,,-0.00042583,0.024800001
,,,-0.00042582,0.024800001
,,,-0.00042581,0.024000001
,,,-0.0004258,0.025600002
,,,-0.00042579,0.025600002
,,,-0.00042578,0.025600002
,,,-0.00042577,0.024000001
,,,-0.00042576,0.024000001
,,,-0.00042575,0.024000001
,,,-0.00042574,0.024000001
,,,-0.00042573,0.024000001
,,,-0.00042572,0.024800001
,,,-0.00042571,0.022400001
,,,-0.0004257,0.024800001
,,,-0.00042569,0.025600002
,,,-0.00042568,0.024000001
,,,-0.00042567,0.024000001
,,,-0.00042566,0.025600002
,,,-0.00042565,0.022400001
,,,-0.00042564,0.024800001
,,,-0.00042563,0.022400001
,,,-0.00042562,0.024800001
,,,-0.00042561,0.024000001
,,,-0.0004256,0.024000001
,,,-0.00042559,0.025600002
,,,-0.00042558,0.023200001
,,,-0.00042557,0.024800001
,,,-0.00042556,0.024000001
,,,-0.00042555,0.024000001
,,,-0.00042554,0.024800001
,,,-0.00042553,0.024800001
,,,-0.00042552,0.023200001
,,,-0.00042551,0.024800001
,,,-0.0004255,0.026400002
,,,-0.00042549,0.024000001
,,,-0.00042548,0.024000001
,,,-0.00042547,0.024000001
,,,-0.00042546,0.024000001
,,,-0.00042545,0.024000001
,,,-0.00042544,0.024000001
,,,-0.00042543,0.024000001
,,,-0.00042542,0.024000001
,,,-0.00042541,0.022400001
,,,-0.0004254,0.023200001
,,,-0.00042539,0.024800001
,,,-0.00042538,0.024800001
,,,-0.00042537,0.023200001
,,,-0.00042536,0.023200001
,,,-0.00042535,0.024000001
,,,-0.00042534,0.024800001
,,,-0.00042533,0.023200001
,,,-0.00042532,0.024000001
,,,-0.00042531,0.024000001
,,,-0.0004253,0.024000001
,,,-0.00042529,0.024000001
,,,-0.00042528,0.024800001
,,,-0.00042527,0.023200001
,,,-0.00042526,0.024800001
,,,-0.00042525,0.024000001
,,,-0.00042524,0.024800001
,,,-0.00042523,0.022400001
,,,-0.00042522,0.024800001
,,,-0.00042521,0.025600002
,,,-0.0004252,0.024000001
,,,-0.00042519,0.023200001
,,,-0.00042518,0.025600002
,,,-0.00042517,0.024800001
,,,-0.00042516,0.024800001
,,,-0.00042515,0.024800001
,,,-0.00042514,0.024000001
,,,-0.00042513,0.024000001
,,,-0.00042512,0.023200001
,,,-0.00042511,0.024800001
,,,-0.0004251,0.025600002
,,,-0.00042509,0.024000001
,,,-0.00042508,0.024000001
,,,-0.00042507,0.023200001
,,,-0.00042506,0.024000001
,,,-0.00042505,0.026400002
,,,-0.00042504,0.022400001
,,,-0.00042503,0.024000001
,,,-0.00042502,0.024800001
,,,-0.00042501,0.024000001
,,,-0.000425,0.024800001
,,,-0.00042499,0.022400001
,,,-0.00042498,0.022400001
,,,-0.00042497,0.023200001
,,,-0.00042496,0.022400001
,,,-0.00042495,0.025600002
,,,-0.00042494,0.025600002
,,,-0.00042493,0.023200001
,,,-0.00042492,0.024000001
,,,-0.00042491,0.025600002
,,,-0.0004249,0.024000001
,,,-0.00042489,0.024000001
,,,-0.00042488,0.023200001
,,,-0.00042487,0.025600002
,,,-0.00042486,0.024000001
,,,-0.00042485,0.024000001
,,,-0.00042484,0.024800001
,,,-0.00042483,0.024000001
,,,-0.00042482,0.024000001
,,,-0.00042481,0.024800001
,,,-0.0004248,0.025600002
,,,-0.00042479,0.025600002
,,,-0.00042478,0.024800001
,,,-0.00042477,0.023200001
,,,-0.00042476,0.024000001
,,,-0.00042475,0.024800001
,,,-0.00042474,0.024000001
,,,-0.00042473,0.025600002
,,,-0.00042472,0.026400002
,,,-0.00042471,0.024000001
,,,-0.0004247,0.024800001
,,,-0.00042469,0.024000001
,,,-0.00042468,0.024800001
,,,-0.00042467,0.024800001
,,,-0.00042466,0.022400001
,,,-0.00042465,0.024000001
,,,-0.00042464,0.023200001
,,,-0.00042463,0.023200001
,,,-0.00042462,0.024000001
,,,-0.00042461,0.024000001
,,,-0.0004246,0.025600002
,,,-0.00042459,0.023200001
,,,-0.00042458,0.024800001
,,,-0.00042457,0.024000001
,,,-0.00042456,0.024000001
,,,-0.00042455,0.025600002
,,,-0.00042454,0.024800001
,,,-0.00042453,0.024800001
,,,-0.00042452,0.022400001
,,,-0.00042451,0.024800001
,,,-0.0004245,0.025600002
,,,-0.00042449,0.024000001
,,,-0.00042448,0.024800001
,,,-0.00042447,0.024800001
,,,-0.00042446,0.024000001
,,,-0.00042445,0.024000001
,,,-0.00042444,0.024800001
,,,-0.00042443,0.025600002
,,,-0.00042442,0.023200001
,,,-0.00042441,0.024000001
,,,-0.0004244,0.023200001
,,,-0.00042439,0.024800001
,,,-0.00042438,0.024000001
,,,-0.00042437,0.024000001
,,,-0.00042436,0.024000001
,,,-0.00042435,0.024800001
,,,-0.00042434,0.024000001
,,,-0.00042433,0.022400001
,,,-0.00042432,0.025600002
,,,-0.00042431,0.025600002
,,,-0.0004243,0.022400001
,,,-0.00042429,0.025600002
,,,-0.00042428,0.024800001
,,,-0.00042427,0.024000001
,,,-0.00042426,0.024000001
,,,-0.00042425,0.025600002
,,,-0.00042424,0.024800001
,,,-0.00042423,0.024000001
,,,-0.00042422,0.024000001
,,,-0.00042421,0.024000001
,,,-0.0004242,0.023200001
,,,-0.00042419,0.024800001
,,,-0.00042418,0.024000001
,,,-0.00042417,0.024000001
,,,-0.00042416,0.023200001
,,,-0.00042415,0.024800001
,,,-0.00042414,0.025600002
,,,-0.00042413,0.024000001
,,,-0.00042412,0.025600002
,,,-0.00042411,0.021600001
,,,-0.0004241,0.024000001
,,,-0.00042409,0.023200001
,,,-0.00042408,0.024000001
,,,-0.00042407,0.024800001
,,,-0.00042406,0.023200001
,,,-0.00042405,0.024000001
,,,-0.00042404,0.026400002
,,,-0.00042403,0.024000001
,,,-0.00042402,0.024000001
,,,-0.00042401,0.023200001
,,,-0.000424,0.024000001
,,,-0.00042399,0.025600002
,,,-0.00042398,0.024000001
,,,-0.00042397,0.024000001
,,,-0.00042396,0.024000001
,,,-0.00042395,0.025600002
,,,-0.00042394,0.024000001
,,,-0.00042393,0.025600002
,,,-0.00042392,0.024800001
,,,-0.00042391,0.024800001
,,,-0.0004239,0.024000001
,,,-0.00042389,0.025600002
,,,-0.00042388,0.024800001
,,,-0.00042387,0.024000001
,,,-0.00042386,0.025600002
,,,-0.00042385,0.024800001
,,,-0.00042384,0.024000001
,,,-0.00042383,0.024000001
,,,-0.00042382,0.024000001
,,,-0.00042381,0.021600001
,,,-0.0004238,0.024800001
,,,-0.00042379,0.024000001
,,,-0.00042378,0.024000001
,,,-0.00042377,0.024000001
,,,-0.00042376,0.024000001
,,,-0.00042375,0.024800001
,,,-0.00042374,0.024000001
,,,-0.00042373,0.024000001
,,,-0.00042372,0.024000001
,,,-0.00042371,0.023200001
,,,-0.0004237,0.025600002
,,,-0.00042369,0.024800001
,,,-0.00042368,0.024800001
,,,-0.00042367,0.024800001
,,,-0.00042366,0.024000001
,,,-0.00042365,0.024000001
,,,-0.00042364,0.025600002
,,,-0.00042363,0.023200001
,,,-0.00042362,0.024000001
,,,-0.00042361,0.024800001
,,,-0.0004236,0.024800001
,,,-0.00042359,0.024000001
,,,-0.00042358,0.024000001
,,,-0.00042357,0.024000001
,,,-0.00042356,0.025600002
,,,-0.00042355,0.024000001
,,,-0.00042354,0.023200001
,,,-0.00042353,0.023200001
,,,-0.00042352,0.024800001
,,,-0.00042351,0.024000001
,,,-0.0004235,0.024000001
,,,-0.00042349,0.023200001
,,,-0.00042348,0.024800001
,,,-0.00042347,0.024800001
,,,-0.00042346,0.025600002
,,,-0.00042345,0.023200001
,,,-0.00042344,0.024800001
,,,-0.00042343,0.024000001
,,,-0.00042342,0.024800001
,,,-0.00042341,0.024800001
,,,-0.0004234,0.024800001
,,,-0.00042339,0.024000001
,,,-0.00042338,0.025600002
,,,-0.00042337,0.023200001
,,,-0.00042336,0.024000001
,,,-0.00042335,0.024800001
,,,-0.00042334,0.024800001
,,,-0.00042333,0.024000001
,,,-0.00042332,0.025600002
,,,-0.00042331,0.025600002
,,,-0.0004233,0.025600002
,,,-0.00042329,0.024000001
,,,-0.00042328,0.024000001
,,,-0.00042327,0.025600002
,,,-0.00042326,0.025600002
,,,-0.00042325,0.023200001
,,,-0.00042324,0.024800001
,,,-0.00042323,0.024800001
,,,-0.00042322,0.024800001
,,,-0.00042321,0.024000001
,,,-0.0004232,0.024800001
,,,-0.00042319,0.024800001
,,,-0.00042318,0.025600002
,,,-0.00042317,0.024000001
,,,-0.00042316,0.024000001
,,,-0.00042315,0.024000001
,,,-0.00042314,0.023200001
,,,-0.00042313,0.024000001
,,,-0.00042312,0.022400001
,,,-0.00042311,0.024000001
,,,-0.0004231,0.024800001
,,,-0.00042309,0.024000001
,,,-0.00042308,0.025600002
,,,-0.00042307,0.024000001
,,,-0.00042306,0.024000001
,,,-0.00042305,0.024000001
,,,-0.00042304,0.023200001
,,,-0.00042303,0.024000001
,,,-0.00042302,0.025600002
,,,-0.00042301,0.024000001
,,,-0.000423,0.024800001
,,,-0.00042299,0.025600002
,,,-0.00042298,0.025600002
,,,-0.00042297,0.023200001
,,,-0.00042296,0.024000001
,,,-0.00042295,0.024000001
,,,-0.00042294,0.024000001
,,,-0.00042293,0.024000001
,,,-0.00042292,0.024800001
,,,-0.00042291,0.024000001
,,,-0.0004229,0.024000001
,,,-0.00042289,0.022400001
,,,-0.00042288,0.024000001
,,,-0.00042287,0.025600002
,,,-0.00042286,0.024000001
,,,-0.00042285,0.023200001
,,,-0.00042284,0.024000001
,,,-0.00042283,0.024000001
,,,-0.00042282,0.024800001
,,,-0.00042281,0.023200001
,,,-0.0004228,0.024800001
,,,-0.00042279,0.024000001
,,,-0.00042278,0.024000001
,,,-0.00042277,0.023200001
,,,-0.00042276,0.024000001
,,,-0.00042275,0.024800001
,,,-0.00042274,0.023200001
,,,-0.00042273,0.024000001
,,,-0.00042272,0.023200001
,,,-0.00042271,0.025600002
,,,-0.0004227,0.023200001
,,,-0.00042269,0.024000001
,,,-0.00042268,0.024000001
,,,-0.00042267,0.024800001
,,,-0.00042266,0.025600002
,,,-0.00042265,0.024000001
,,,-0.00042264,0.025600002
,,,-0.00042263,0.024800001
,,,-0.00042262,0.024800001
,,,-0.00042261,0.024000001
,,,-0.0004226,0.024000001
,,,-0.00042259,0.022400001
,,,-0.00042258,0.024800001
,,,-0.00042257,0.024000001
,,,-0.00042256,0.024000001
,,,-0.00042255,0.023200001
,,,-0.00042254,0.024000001
,,,-0.00042253,0.024000001
,,,-0.00042252,0.025600002
,,,-0.00042251,0.025600002
,,,-0.0004225,0.025600002
,,,-0.00042249,0.024000001
,,,-0.00042248,0.024800001
,,,-0.00042247,0.024800001
,,,-0.00042246,0.025600002
,,,-0.00042245,0.024800001
,,,-0.00042244,0.024000001
,,,-0.00042243,0.024800001
,,,-0.00042242,0.023200001
,,,-0.00042241,0.024800001
,,,-0.0004224,0.024000001
,,,-0.00042239,0.024000001
,,,-0.00042238,0.024000001
,,,-0.00042237,0.024000001
,,,-0.00042236,0.024800001
,,,-0.00042235,0.022400001
,,,-0.00042234,0.024000001
,,,-0.00042233,0.024000001
,,,-0.00042232,0.024000001
,,,-0.00042231,0.023200001
,,,-0.0004223,0.024800001
,,,-0.00042229,0.024000001
,,,-0.00042228,0.025600002
,,,-0.00042227,0.024800001
,,,-0.00042226,0.022400001
,,,-0.00042225,0.024800001
,,,-0.00042224,0.025600002
,,,-0.00042223,0.024800001
,,,-0.00042222,0.024000001
,,,-0.00042221,0.024800001
,,,-0.0004222,0.024000001
,,,-0.00042219,0.026400002
,,,-0.00042218,0.024800001
,,,-0.00042217,0.024000001
,,,-0.00042216,0.024800001
,,,-0.00042215,0.024000001
,,,-0.00042214,0.024000001
,,,-0.00042213,0.024000001
,,,-0.00042212,0.025600002
,,,-0.00042211,0.023200001
,,,-0.0004221,0.024800001
,,,-0.00042209,0.024800001
,,,-0.00042208,0.024000001
,,,-0.00042207,0.024800001
,,,-0.00042206,0.022400001
,,,-0.00042205,0.023200001
,,,-0.00042204,0.023200001
,,,-0.00042203,0.025600002
,,,-0.00042202,0.023200001
,,,-0.00042201,0.024000001
,,,-0.000422,0.024000001
,,,-0.00042199,0.024000001
,,,-0.00042198,0.024000001
,,,-0.00042197,0.024000001
,,,-0.00042196,0.024800001
,,,-0.00042195,0.024800001
,,,-0.00042194,0.023200001
,,,-0.00042193,0.024000001
,,,-0.00042192,0.023200001
,,,-0.00042191,0.024000001
,,,-0.0004219,0.024800001
,,,-0.00042189,0.024000001
,,,-0.00042188,0.027200002
,,,-0.00042187,0.023200001
,,,-0.00042186,0.023200001
,,,-0.00042185,0.025600002
,,,-0.00042184,0.024800001
,,,-0.00042183,0.023200001
,,,-0.00042182,0.024800001
,,,-0.00042181,0.024000001
,,,-0.0004218,0.024800001
,,,-0.00042179,0.024800001
,,,-0.00042178,0.024000001
,,,-0.00042177,0.024000001
,,,-0.00042176,0.025600002
,,,-0.00042175,0.023200001
,,,-0.00042174,0.024000001
,,,-0.00042173,0.024000001
,,,-0.00042172,0.025600002
,,,-0.00042171,0.025600002
,,,-0.0004217,0.024800001
,,,-0.00042169,0.023200001
,,,-0.00042168,0.025600002
,,,-0.00042167,0.024000001
,,,-0.00042166,0.023200001
,,,-0.00042165,0.024800001
,,,-0.00042164,0.024800001
,,,-0.00042163,0.024000001
,,,-0.00042162,0.025600002
,,,-0.00042161,0.024800001
,,,-0.0004216,0.026400002
,,,-0.00042159,0.023200001
,,,-0.00042158,0.024000001
,,,-0.00042157,0.025600002
,,,-0.00042156,0.023200001
,,,-0.00042155,0.024000001
,,,-0.00042154,0.024000001
,,,-0.00042153,0.023200001
,,,-0.00042152,0.023200001
,,,-0.00042151,0.025600002
,,,-0.0004215,0.024800001
,,,-0.00042149,0.026400002
,,,-0.00042148,0.023200001
,,,-0.00042147,0.025600002
,,,-0.00042146,0.024800001
,,,-0.00042145,0.023200001
,,,-0.00042144,0.023200001
,,,-0.00042143,0.024000001
,,,-0.00042142,0.023200001
,,,-0.00042141,0.024800001
,,,-0.0004214,0.024000001
,,,-0.00042139,0.024000001
,,,-0.00042138,0.024000001
,,,-0.00042137,0.024000001
,,,-0.00042136,0.023200001
,,,-0.00042135,0.024000001
,,,-0.00042134,0.025600002
,,,-0.00042133,0.024000001
,,,-0.00042132,0.024000001
,,,-0.00042131,0.026400002
,,,-0.0004213,0.024000001
,,,-0.00042129,0.024000001
,,,-0.00042128,0.025600002
,,,-0.00042127,0.025600002
,,,-0.00042126,0.024000001
,,,-0.00042125,0.023200001
,,,-0.00042124,0.023200001
,,,-0.00042123,0.025600002
,,,-0.00042122,0.025600002
,,,-0.00042121,0.024000001
,,,-0.0004212,0.024000001
,,,-0.00042119,0.023200001
,,,-0.00042118,0.024000001
,,,-0.00042117,0.024800001
,,,-0.00042116,0.024800001
,,,-0.00042115,0.024000001
,,,-0.00042114,0.024000001
,,,-0.00042113,0.023200001
,,,-0.00042112,0.024000001
,,,-0.00042111,0.026400002
,,,-0.0004211,0.024800001
,,,-0.00042109,0.023200001
,,,-0.00042108,0.024800001
,,,-0.00042107,0.023200001
,,,-0.00042106,0.024800001
,,,-0.00042105,0.024800001
,,,-0.00042104,0.025600002
,,,-0.00042103,0.022400001
,,,-0.00042102,0.025600002
,,,-0.00042101,0.024000001
,,,-0.000421,0.024800001
,,,-0.00042099,0.025600002
,,,-0.00042098,0.025600002
,,,-0.00042097,0.025600002
,,,-0.00042096,0.024000001
,,,-0.00042095,0.026400002
,,,-0.00042094,0.024000001
,,,-0.00042093,0.024000001
,,,-0.00042092,0.023200001
,,,-0.00042091,0.023200001
,,,-0.0004209,0.024800001
,,,-0.00042089,0.023200001
,,,-0.00042088,0.024800001
,,,-0.00042087,0.024800001
,,,-0.00042086,0.024800001
,,,-0.00042085,0.025600002
,,,-0.00042084,0.026400002
,,,-0.00042083,0.024800001
,,,-0.00042082,0.024000001
,,,-0.00042081,0.025600002
,,,-0.0004208,0.024800001
,,,-0.00042079,0.024000001
,,,-0.00042078,0.024000001
,,,-0.00042077,0.025600002
,,,-0.00042076,0.023200001
,,,-0.00042075,0.024000001
,,,-0.00042074,0.024800001
,,,-0.00042073,0.024800001
,,,-0.00042072,0.024000001
,,,-0.00042071,0.024000001
,,,-0.0004207,0.024800001
,,,-0.00042069,0.024800001
,,,-0.00042068,0.024800001
,,,-0.00042067,0.024000001
,,,-0.00042066,0.024800001
,,,-0.00042065,0.024000001
,,,-0.00042064,0.024800001
,,,-0.00042063,0.024800001
,,,-0.00042062,0.022400001
,,,-0.00042061,0.024000001
,,,-0.0004206,0.025600002
,,,-0.00042059,0.026400002
,,,-0.00042058,0.024000001
,,,-0.00042057,0.026400002
,,,-0.00042056,0.024800001
,,,-0.00042055,0.024000001
,,,-0.00042054,0.023200001
,,,-0.00042053,0.024000001
,,,-0.00042052,0.024000001
,,,-0.00042051,0.027200002
,,,-0.0004205,0.024800001
,,,-0.00042049,0.024000001
,,,-0.00042048,0.025600002
,,,-0.00042047,0.026400002
,,,-0.00042046,0.023200001
,,,-0.00042045,0.024000001
,,,-0.00042044,0.024800001
,,,-0.00042043,0.024000001
,,,-0.00042042,0.024000001
,,,-0.00042041,0.023200001
,,,-0.0004204,0.024800001
,,,-0.00042039,0.024000001
,,,-0.00042038,0.025600002
,,,-0.00042037,0.024800001
,,,-0.00042036,0.024000001
,,,-0.00042035,0.024800001
,,,-0.00042034,0.025600002
,,,-0.00042033,0.024800001
,,,-0.00042032,0.023200001
,,,-0.00042031,0.025600002
,,,-0.0004203,0.024000001
,,,-0.00042029,0.024800001
,,,-0.00042028,0.024000001
,,,-0.00042027,0.024000001
,,,-0.00042026,0.023200001
,,,-0.00042025,0.024000001
,,,-0.00042024,0.024800001
,,,-0.00042023,0.024000001
,,,-0.00042022,0.024000001
,,,-0.00042021,0.024000001
,,,-0.0004202,0.024000001
,,,-0.00042019,0.023200001
,,,-0.00042018,0.024800001
,,,-0.00042017,0.024800001
,,,-0.00042016,0.024800001
,,,-0.00042015,0.024800001
,,,-0.00042014,0.023200001
,,,-0.00042013,0.023200001
,,,-0.00042012,0.024000001
,,,-0.00042011,0.024000001
,,,-0.0004201,0.025600002
,,,-0.00042009,0.024800001
,,,-0.00042008,0.024800001
,,,-0.00042007,0.023200001
,,,-0.00042006,0.024800001
,,,-0.00042005,0.024800001
,,,-0.00042004,0.025600002
,,,-0.00042003,0.023200001
,,,-0.00042002,0.024800001
,,,-0.00042001,0.023200001
,,,-0.00042,0.022400001
,,,-0.00041999,0.024800001
,,,-0.00041998,0.023200001
,,,-0.00041997,0.025600002
,,,-0.00041996,0.024800001
,,,-0.00041995,0.024000001
,,,-0.00041994,0.024000001
,,,-0.00041993,0.024000001
,,,-0.00041992,0.024800001
,,,-0.00041991,0.023200001
,,,-0.0004199,0.025600002
,,,-0.00041989,0.024000001
,,,-0.00041988,0.024800001
,,,-0.00041987,0.024000001
,,,-0.00041986,0.024800001
,,,-0.00041985,0.026400002
,,,-0.00041984,0.024000001
,,,-0.00041983,0.024800001
,,,-0.00041982,0.025600002
,,,-0.00041981,0.025600002
,,,-0.0004198,0.024800001
,,,-0.00041979,0.024000001
,,,-0.00041978,0.023200001
,,,-0.00041977,0.023200001
,,,-0.00041976,0.024000001
,,,-0.00041975,0.024000001
,,,-0.00041974,0.024000001
,,,-0.00041973,0.025600002
,,,-0.00041972,0.024800001
,,,-0.00041971,0.023200001
,,,-0.0004197,0.024000001
,,,-0.00041969,0.024800001
,,,-0.00041968,0.026400002
,,,-0.00041967,0.025600002
,,,-0.00041966,0.024800001
,,,-0.00041965,0.024000001
,,,-0.00041964,0.023200001
,,,-0.00041963,0.024000001
,,,-0.00041962,0.024000001
,,,-0.00041961,0.024800001
,,,-0.0004196,0.022400001
,,,-0.00041959,0.023200001
,,,-0.00041958,0.024000001
,,,-0.00041957,0.024000001
,,,-0.00041956,0.025600002
,,,-0.00041955,0.024800001
,,,-0.00041954,0.024800001
,,,-0.00041953,0.024000001
,,,-0.00041952,0.024000001
,,,-0.00041951,0.023200001
,,,-0.0004195,0.024000001
,,,-0.00041949,0.024800001
,,,-0.00041948,0.024800001
,,,-0.00041947,0.024000001
,,,-0.00041946,0.024000001
,,,-0.00041945,0.025600002
,,,-0.00041944,0.024800001
,,,-0.00041943,0.024000001
,,,-0.00041942,0.021600001
,,,-0.00041941,0.024000001
,,,-0.0004194,0.024000001
,,,-0.00041939,0.024800001
,,,-0.00041938,0.024000001
,,,-0.00041937,0.024800001
,,,-0.00041936,0.024000001
,,,-0.00041935,0.024000001
,,,-0.00041934,0.024000001
,,,-0.00041933,0.024800001
,,,-0.00041932,0.024000001
,,,-0.00041931,0.025600002
,,,-0.0004193,0.024000001
,,,-0.00041929,0.025600002
,,,-0.00041928,0.024000001
,,,-0.00041927,0.024000001
,,,-0.00041926,0.023200001
,,,-0.00041925,0.023200001
,,,-0.00041924,0.025600002
,,,-0.00041923,0.025600002
,,,-0.00041922,0.024000001
,,,-0.00041921,0.024000001
,,,-0.0004192,0.024000001
,,,-0.00041919,0.025600002
,,,-0.00041918,0.024000001
,,,-0.00041917,0.024000001
,,,-0.00041916,0.024000001
,,,-0.00041915,0.025600002
,,,-0.00041914,0.024000001
,,,-0.00041913,0.024000001
,,,-0.00041912,0.024000001
,,,-0.00041911,0.024000001
,,,-0.0004191,0.023200001
,,,-0.00041909,0.025600002
,,,-0.00041908,0.024000001
,,,-0.00041907,0.026400002
,,,-0.00041906,0.026400002
,,,-0.00041905,0.024000001
,,,-0.00041904,0.024000001
,,,-0.00041903,0.024000001
,,,-0.00041902,0.024000001
,,,-0.00041901,0.023200001
,,,-0.000419,0.024000001
,,,-0.00041899,0.023200001
,,,-0.00041898,0.024800001
,,,-0.00041897,0.025600002
,,,-0.00041896,0.024000001
,,,-0.00041895,0.024800001
,,,-0.00041894,0.024000001
,,,-0.00041893,0.023200001
,,,-0.00041892,0.024000001
,,,-0.00041891,0.024000001
,,,-0.0004189,0.024000001
,,,-0.00041889,0.023200001
,,,-0.00041888,0.025600002
,,,-0.00041887,0.024800001
,,,-0.00041886,0.025600002
,,,-0.00041885,0.025600002
,,,-0.00041884,0.024000001
,,,-0.00041883,0.024000001
,,,-0.00041882,0.024000001
,,,-0.00041881,0.024000001
,,,-0.0004188,0.025600002
,,,-0.00041879,0.024800001
,,,-0.00041878,0.024000001
,,,-0.00041877,0.024000001
,,,-0.00041876,0.025600002
,,,-0.00041875,0.024000001
,,,-0.00041874,0.024000001
,,,-0.00041873,0.024000001
,,,-0.00041872,0.024000001
,,,-0.00041871,0.024000001
,,,-0.0004187,0.025600002
,,,-0.00041869,0.024800001
,,,-0.00041868,0.024800001
,,,-0.00041867,0.025600002
,,,-0.00041866,0.024000001
,,,-0.00041865,0.024000001
,,,-0.00041864,0.024800001
,,,-0.00041863,0.024800001
,,,-0.00041862,0.024800001
,,,-0.00041861,0.023200001
,,,-0.0004186,0.026400002
,,,-0.00041859,0.025600002
,,,-0.00041858,0.024800001
,,,-0.00041857,0.024800001
,,,-0.00041856,0.024000001
,,,-0.00041855,0.025600002
,,,-0.00041854,0.023200001
,,,-0.00041853,0.024000001
,,,-0.00041852,0.023200001
,,,-0.00041851,0.024800001
,,,-0.0004185,0.025600002
,,,-0.00041849,0.023200001
,,,-0.00041848,0.024000001
,,,-0.00041847,0.025600002
,,,-0.00041846,0.025600002
,,,-0.00041845,0.024800001
,,,-0.00041844,0.024000001
,,,-0.00041843,0.024000001
,,,-0.00041842,0.024800001
,,,-0.00041841,0.024000001
,,,-0.0004184,0.025600002
,,,-0.00041839,0.025600002
,,,-0.00041838,0.025600002
,,,-0.00041837,0.024800001
,,,-0.00041836,0.024800001
,,,-0.00041835,0.024000001
,,,-0.00041834,0.024800001
,,,-0.00041833,0.024000001
,,,-0.00041832,0.025600002
,,,-0.00041831,0.024000001
,,,-0.0004183,0.025600002
,,,-0.00041829,0.024000001
,,,-0.00041828,0.024800001
,,,-0.00041827,0.023200001
,,,-0.00041826,0.024000001
,,,-0.00041825,0.025600002
,,,-0.00041824,0.024000001
,,,-0.00041823,0.026400002
,,,-0.00041822,0.024800001
,,,-0.00041821,0.023200001
,,,-0.0004182,0.024000001
,,,-0.00041819,0.026400002
,,,-0.00041818,0.024000001
,,,-0.00041817,0.023200001
,,,-0.00041816,0.023200001
,,,-0.00041815,0.022400001
,,,-0.00041814,0.024800001
,,,-0.00041813,0.024000001
,,,-0.00041812,0.024000001
,,,-0.00041811,0.024800001
,,,-0.0004181,0.025600002
,,,-0.00041809,0.024000001
,,,-0.00041808,0.025600002
,,,-0.00041807,0.024000001
,,,-0.00041806,0.024800001
,,,-0.00041805,0.024000001
,,,-0.00041804,0.024800001
,,,-0.00041803,0.023200001
,,,-0.00041802,0.025600002
,,,-0.00041801,0.024800001
,,,-0.000418,0.025600002
,,,-0.00041799,0.024000001
,,,-0.00041798,0.024000001
,,,-0.00041797,0.024000001
,,,-0.00041796,0.025600002
,,,-0.00041795,0.024800001
,,,-0.00041794,0.024000001
,,,-0.00041793,0.024800001
,,,-0.00041792,0.025600002
,,,-0.00041791,0.025600002
,,,-0.0004179,0.025600002
,,,-0.00041789,0.024000001
,,,-0.00041788,0.023200001
,,,-0.00041787,0.024800001
,,,-0.00041786,0.024000001
,,,-0.00041785,0.024800001
,,,-0.00041784,0.024000001
,,,-0.00041783,0.024000001
,,,-0.00041782,0.025600002
,,,-0.00041781,0.024800001
,,,-0.0004178,0.024000001
,,,-0.00041779,0.025600002
,,,-0.00041778,0.024000001
,,,-0.00041777,0.024000001
,,,-0.00041776,0.024800001
,,,-0.00041775,0.023200001
,,,-0.00041774,0.025600002
,,,-0.00041773,0.024000001
,,,-0.00041772,0.024800001
,,,-0.00041771,0.024000001
,,,-0.0004177,0.023200001
,,,-0.00041769,0.024000001
,,,-0.00041768,0.024800001
,,,-0.00041767,0.024800001
,,,-0.00041766,0.025600002
,,,-0.00041765,0.027200002
,,,-0.00041764,0.024000001
,,,-0.00041763,0.024800001
,,,-0.00041762,0.024800001
,,,-0.00041761,0.024000001
,,,-0.0004176,0.024000001
,,,-0.00041759,0.024000001
,,,-0.00041758,0.024000001
,,,-0.00041757,0.024000001
,,,-0.00041756,0.024000001
,,,-0.00041755,0.024000001
,,,-0.00041754,0.025600002
,,,-0.00041753,0.024000001
,,,-0.00041752,0.024800001
,,,-0.00041751,0.026400002
,,,-0.0004175,0.023200001
,,,-0.00041749,0.024000001
,,,-0.00041748,0.024800001
,,,-0.00041747,0.024800001
,,,-0.00041746,0.024000001
,,,-0.00041745,0.024000001
,,,-0.00041744,0.023200001
,,,-0.00041743,0.024000001
,,,-0.00041742,0.024000001
,,,-0.00041741,0.024800001
,,,-0.0004174,0.024000001
,,,-0.00041739,0.024000001
,,,-0.00041738,0.024000001
,,,-0.00041737,0.024800001
,,,-0.00041736,0.024000001
,,,-0.00041735,0.024800001
,,,-0.00041734,0.023200001
,,,-0.00041733,0.026400002
,,,-0.00041732,0.022400001
,,,-0.00041731,0.024000001
,,,-0.0004173,0.024800001
,,,-0.00041729,0.023200001
,,,-0.00041728,0.023200001
,,,-0.00041727,0.024800001
,,,-0.00041726,0.024000001
,,,-0.00041725,0.024000001
,,,-0.00041724,0.024000001
,,,-0.00041723,0.024000001
,,,-0.00041722,0.023200001
,,,-0.00041721,0.024000001
,,,-0.0004172,0.024000001
,,,-0.00041719,0.023200001
,,,-0.00041718,0.026400002
,,,-0.00041717,0.024000001
,,,-0.00041716,0.025600002
,,,-0.00041715,0.023200001
,,,-0.00041714,0.024000001
,,,-0.00041713,0.022400001
,,,-0.00041712,0.024000001
,,,-0.00041711,0.024000001
,,,-0.0004171,0.022400001
,,,-0.00041709,0.024000001
,,,-0.00041708,0.024000001
,,,-0.00041707,0.023200001
,,,-0.00041706,0.024000001
,,,-0.00041705,0.024000001
,,,-0.00041704,0.024000001
,,,-0.00041703,0.024800001
,,,-0.00041702,0.024800001
,,,-0.00041701,0.024000001
,,,-0.000417,0.023200001
,,,-0.00041699,0.024000001
,,,-0.00041698,0.024000001
,,,-0.00041697,0.024000001
,,,-0.00041696,0.024000001
,,,-0.00041695,0.024000001
,,,-0.00041694,0.024000001
,,,-0.00041693,0.025600002
,,,-0.00041692,0.024800001
,,,-0.00041691,0.025600002
,,,-0.0004169,0.024000001
,,,-0.00041689,0.024000001
,,,-0.00041688,0.024000001
,,,-0.00041687,0.024000001
,,,-0.00041686,0.024800001
,,,-0.00041685,0.023200001
,,,-0.00041684,0.024000001
,,,-0.00041683,0.023200001
,,,-0.00041682,0.024000001
,,,-0.00041681,0.024000001
,,,-0.0004168,0.024800001
,,,-0.00041679,0.025600002
,,,-0.00041678,0.024800001
,,,-0.00041677,0.024000001
,,,-0.00041676,0.024800001
,,,-0.00041675,0.024800001
,,,-0.00041674,0.025600002
,,,-0.00041673,0.024800001
,,,-0.00041672,0.024800001
,,,-0.00041671,0.023200001
,,,-0.0004167,0.024000001
,,,-0.00041669,0.024800001
,,,-0.00041668,0.024000001
,,,-0.00041667,0.024800001
,,,-0.00041666,0.025600002
,,,-0.00041665,0.027200002
,,,-0.00041664,0.024000001
,,,-0.00041663,0.024000001
,,,-0.00041662,0.024000001
,,,-0.00041661,0.024000001
,,,-0.0004166,0.025600002
,,,-0.00041659,0.024000001
,,,-0.00041658,0.025600002
,,,-0.00041657,0.025600002
,,,-0.00041656,0.024000001
,,,-0.00041655,0.025600002
,,,-0.00041654,0.024800001
,,,-0.00041653,0.024000001
,,,-0.00041652,0.024000001
,,,-0.00041651,0.024000001
,,,-0.0004165,0.024800001
,,,-0.00041649,0.025600002
,,,-0.00041648,0.024800001
,,,-0.00041647,0.024000001
,,,-0.00041646,0.024000001
,,,-0.00041645,0.024000001
,,,-0.00041644,0.023200001
,,,-0.00041643,0.024000001
,,,-0.00041642,0.024000001
,,,-0.00041641,0.024800001
,,,-0.0004164,0.024800001
,,,-0.00041639,0.024000001
,,,-0.00041638,0.024000001
,,,-0.00041637,0.024800001
,,,-0.00041636,0.024000001
,,,-0.00041635,0.024000001
,,,-0.00041634,0.022400001
,,,-0.00041633,0.024800001
,,,-0.00041632,0.025600002
,,,-0.00041631,0.025600002
,,,-0.0004163,0.024000001
,,,-0.00041629,0.025600002
,,,-0.00041628,0.024800001
,,,-0.00041627,0.024800001
,,,-0.00041626,0.024800001
,,,-0.00041625,0.024800001
,,,-0.00041624,0.025600002
,,,-0.00041623,0.024800001
,,,-0.00041622,0.024000001
,,,-0.00041621,0.024800001
,,,-0.0004162,0.025600002
,,,-0.00041619,0.024000001
,,,-0.00041618,0.024000001
,,,-0.00041617,0.026400002
,,,-0.00041616,0.024000001
,,,-0.00041615,0.024000001
,,,-0.00041614,0.024000001
,,,-0.00041613,0.024800001
,,,-0.00041612,0.024000001
,,,-0.00041611,0.024800001
,,,-0.0004161,0.024000001
,,,-0.00041609,0.024000001
,,,-0.00041608,0.024000001
,,,-0.00041607,0.024800001
,,,-0.00041606,0.023200001
,,,-0.00041605,0.024000001
,,,-0.00041604,0.024000001
,,,-0.00041603,0.022400001
,,,-0.00041602,0.024800001
,,,-0.00041601,0.024000001
,,,-0.000416,0.024800001
,,,-0.00041599,0.024000001
,,,-0.00041598,0.024800001
,,,-0.00041597,0.024000001
,,,-0.00041596,0.024000001
,,,-0.00041595,0.023200001
,,,-0.00041594,0.025600002
,,,-0.00041593,0.023200001
,,,-0.00041592,0.024000001
,,,-0.00041591,0.024800001
,,,-0.0004159,0.024800001
,,,-0.00041589,0.024800001
,,,-0.00041588,0.022400001
,,,-0.00041587,0.024000001
,,,-0.00041586,0.024000001
,,,-0.00041585,0.025600002
,,,-0.00041584,0.024800001
,,,-0.00041583,0.024800001
,,,-0.00041582,0.024800001
,,,-0.00041581,0.024000001
,,,-0.0004158,0.024000001
,,,-0.00041579,0.025600002
,,,-0.00041578,0.024000001
,,,-0.00041577,0.024800001
,,,-0.00041576,0.024000001
,,,-0.00041575,0.024000001
,,,-0.00041574,0.024800001
,,,-0.00041573,0.024000001
,,,-0.00041572,0.024000001
,,,-0.00041571,0.024000001
,,,-0.0004157,0.024000001
,,,-0.00041569,0.025600002
,,,-0.00041568,0.026400002
,,,-0.00041567,0.024800001
,,,-0.00041566,0.025600002
,,,-0.00041565,0.024000001
,,,-0.00041564,0.024000001
,,,-0.00041563,0.023200001
,,,-0.00041562,0.025600002
,,,-0.00041561,0.024000001
,,,-0.0004156,0.024000001
,,,-0.00041559,0.024000001
,,,-0.00041558,0.024000001
,,,-0.00041557,0.023200001
,,,-0.00041556,0.024800001
,,,-0.00041555,0.025600002
,,,-0.00041554,0.024000001
,,,-0.00041553,0.024800001
,,,-0.00041552,0.023200001
,,,-0.00041551,0.023200001
,,,-0.0004155,0.024000001
,,,-0.00041549,0.023200001
,,,-0.00041548,0.023200001
,,,-0.00041547,0.024000001
,,,-0.00041546,0.023200001
,,,-0.00041545,0.025600002
,,,-0.00041544,0.025600002
,,,-0.00041543,0.024000001
,,,-0.00041542,0.025600002
,,,-0.00041541,0.024800001
,,,-0.0004154,0.024800001
,,,-0.00041539,0.024000001
,,,-0.00041538,0.024000001
,,,-0.00041537,0.024800001
,,,-0.00041536,0.024000001
,,,-0.00041535,0.025600002
,,,-0.00041534,0.024000001
,,,-0.00041533,0.024000001
,,,-0.00041532,0.024800001
,,,-0.00041531,0.024800001
,,,-0.0004153,0.025600002
,,,-0.00041529,0.024000001
,,,-0.00041528,0.026400002
,,,-0.00041527,0.024000001
,,,-0.00041526,0.024800001
,,,-0.00041525,0.024000001
,,,-0.00041524,0.024000001
,,,-0.00041523,0.025600002
,,,-0.00041522,0.024800001
,,,-0.00041521,0.024000001
,,,-0.0004152,0.024000001
,,,-0.00041519,0.024000001
,,,-0.00041518,0.024000001
,,,-0.00041517,0.021600001
,,,-0.00041516,0.024000001
,,,-0.00041515,0.021600001
,,,-0.00041514,0.023200001
,,,-0.00041513,0.024800001
,,,-0.00041512,0.023200001
,,,-0.00041511,0.024800001
,,,-0.0004151,0.024000001
,,,-0.00041509,0.023200001
,,,-0.00041508,0.023200001
,,,-0.00041507,0.025600002
,,,-0.00041506,0.024800001
,,,-0.00041505,0.024000001
,,,-0.00041504,0.026400002
,,,-0.00041503,0.024000001
,,,-0.00041502,0.024000001
,,,-0.00041501,0.025600002
,,,-0.000415,0.024000001
,,,-0.00041499,0.024800001
,,,-0.00041498,0.024000001
,,,-0.00041497,0.024000001
,,,-0.00041496,0.025600002
,,,-0.00041495,0.024000001
,,,-0.00041494,0.024800001
,,,-0.00041493,0.024000001
,,,-0.00041492,0.024800001
,,,-0.00041491,0.026400002
,,,-0.0004149,0.024800001
,,,-0.00041489,0.024000001
,,,-0.00041488,0.023200001
,,,-0.00041487,0.023200001
,,,-0.00041486,0.024000001
,,,-0.00041485,0.025600002
,,,-0.00041484,0.024000001
,,,-0.00041483,0.022400001
,,,-0.00041482,0.024000001
,,,-0.00041481,0.024800001
,,,-0.0004148,0.024000001
,,,-0.00041479,0.024000001
,,,-0.00041478,0.022400001
,,,-0.00041477,0.024800001
,,,-0.00041476,0.024000001
,,,-0.00041475,0.024000001
,,,-0.00041474,0.024000001
,,,-0.00041473,0.024000001
,,,-0.00041472,0.024000001
,,,-0.00041471,0.024800001
,,,-0.0004147,0.024800001
,,,-0.00041469,0.024800001
,,,-0.00041468,0.024800001
,,,-0.00041467,0.024000001
,,,-0.00041466,0.024000001
,,,-0.00041465,0.025600002
,,,-0.00041464,0.026400002
,,,-0.00041463,0.024800001
,,,-0.00041462,0.025600002
,,,-0.00041461,0.024800001
,,,-0.0004146,0.025600002
,,,-0.00041459,0.024800001
,,,-0.00041458,0.024000001
,,,-0.00041457,0.024800001
,,,-0.00041456,0.023200001
,,,-0.00041455,0.024000001
,,,-0.00041454,0.025600002
,,,-0.00041453,0.024800001
,,,-0.00041452,0.024000001
,,,-0.00041451,0.024000001
,,,-0.0004145,0.025600002
,,,-0.00041449,0.025600002
,,,-0.00041448,0.025600002
,,,-0.00041447,0.025600002
,,,-0.00041446,0.024800001
,,,-0.00041445,0.024000001
,,,-0.00041444,0.024800001
,,,-0.00041443,0.024800001
,,,-0.00041442,0.024800001
,,,-0.00041441,0.023200001
,,,-0.0004144,0.023200001
,,,-0.00041439,0.024000001
,,,-0.00041438,0.023200001
,,,-0.00041437,0.023200001
,,,-0.00041436,0.024800001
,,,-0.00041435,0.024800001
,,,-0.00041434,0.025600002
,,,-0.00041433,0.024000001
,,,-0.00041432,0.024000001
,,,-0.00041431,0.023200001
,,,-0.0004143,0.024000001
,,,-0.00041429,0.024000001
,,,-0.00041428,0.024000001
,,,-0.00041427,0.024800001
,,,-0.00041426,0.024800001
,,,-0.00041425,0.024000001
,,,-0.00041424,0.024000001
,,,-0.00041423,0.025600002
,,,-0.00041422,0.026400002
,,,-0.00041421,0.024000001
,,,-0.0004142,0.024800001
,,,-0.00041419,0.025600002
,,,-0.00041418,0.024000001
,,,-0.00041417,0.024800001
,,,-0.00041416,0.024800001
,,,-0.00041415,0.023200001
,,,-0.00041414,0.024800001
,,,-0.00041413,0.021600001
,,,-0.00041412,0.024800001
,,,-0.00041411,0.022400001
,,,-0.0004141,0.024000001
,,,-0.00041409,0.024000001
,,,-0.00041408,0.024800001
,,,-0.00041407,0.024000001
,,,-0.00041406,0.023200001
,,,-0.00041405,0.023200001
,,,-0.00041404,0.025600002
,,,-0.00041403,0.024000001
,,,-0.00041402,0.024800001
,,,-0.00041401,0.024000001
,,,-0.000414,0.024800001
,,,-0.00041399,0.024000001
,,,-0.00041398,0.026400002
,,,-0.00041397,0.024000001
,,,-0.00041396,0.024000001
,,,-0.00041395,0.024000001
,,,-0.00041394,0.025600002
,,,-0.00041393,0.024800001
,,,-0.00041392,0.024000001
,,,-0.00041391,0.024000001
,,,-0.0004139,0.024000001
,,,-0.00041389,0.024000001
,,,-0.00041388,0.024800001
,,,-0.00041387,0.025600002
,,,-0.00041386,0.024000001
,,,-0.00041385,0.024800001
,,,-0.00041384,0.024800001
,,,-0.00041383,0.024000001
,,,-0.00041382,0.024000001
,,,-0.00041381,0.024000001
,,,-0.0004138,0.024800001
,,,-0.00041379,0.023200001
,,,-0.00041378,0.024800001
,,,-0.00041377,0.024000001
,,,-0.00041376,0.024000001
,,,-0.00041375,0.026400002
,,,-0.00041374,0.024000001
,,,-0.00041373,0.024000001
,,,-0.00041372,0.024000001
,,,-0.00041371,0.024000001
,,,-0.0004137,0.023200001
,,,-0.00041369,0.022400001
,,,-0.00041368,0.024000001
,,,-0.00041367,0.025600002
,,,-0.00041366,0.023200001
,,,-0.00041365,0.023200001
,,,-0.00041364,0.024800001
,,,-0.00041363,0.024000001
,,,-0.00041362,0.024000001
,,,-0.00041361,0.024000001
,,,-0.0004136,0.023200001
,,,-0.00041359,0.024000001
,,,-0.00041358,0.024800001
,,,-0.00041357,0.024000001
,,,-0.00041356,0.024000001
,,,-0.00041355,0.024000001
,,,-0.00041354,0.024800001
,,,-0.00041353,0.024000001
,,,-0.00041352,0.024000001
,,,-0.00041351,0.024000001
,,,-0.0004135,0.023200001
,,,-0.00041349,0.024000001
,,,-0.00041348,0.024800001
,,,-0.00041347,0.024000001
,,,-0.00041346,0.025600002
,,,-0.00041345,0.024800001
,,,-0.00041344,0.023200001
,,,-0.00041343,0.024800001
,,,-0.00041342,0.025600002
,,,-0.00041341,0.024000001
,,,-0.0004134,0.024000001
,,,-0.00041339,0.024000001
,,,-0.00041338,0.024000001
,,,-0.00041337,0.024000001
,,,-0.00041336,0.024800001
,,,-0.00041335,0.023200001
,,,-0.00041334,0.025600002
,,,-0.00041333,0.023200001
,,,-0.00041332,0.024800001
,,,-0.00041331,0.024000001
,,,-0.0004133,0.024800001
,,,-0.00041329,0.024800001
,,,-0.00041328,0.025600002
,,,-0.00041327,0.024000001
,,,-0.00041326,0.024800001
,,,-0.00041325,0.024000001
,,,-0.00041324,0.024800001
,,,-0.00041323,0.024800001
,,,-0.00041322,0.023200001
,,,-0.00041321,0.024800001
,,,-0.0004132,0.024000001
,,,-0.00041319,0.024000001
,,,-0.00041318,0.024800001
,,,-0.00041317,0.024000001
,,,-0.00041316,0.024800001
,,,-0.00041315,0.023200001
,,,-0.00041314,0.024000001
,,,-0.00041313,0.024000001
,,,-0.00041312,0.024000001
,,,-0.00041311,0.024000001
,,,-0.0004131,0.024000001
,,,-0.00041309,0.024000001
,,,-0.00041308,0.024000001
,,,-0.00041307,0.024800001
,,,-0.00041306,0.024000001
,,,-0.00041305,0.023200001
,,,-0.00041304,0.023200001
,,,-0.00041303,0.024000001
,,,-0.00041302,0.024000001
,,,-0.00041301,0.024000001
,,,-0.000413,0.025600002
,,,-0.00041299,0.024800001
,,,-0.00041298,0.024000001
,,,-0.00041297,0.024000001
,,,-0.00041296,0.024800001
,,,-0.00041295,0.023200001
,,,-0.00041294,0.025600002
,,,-0.00041293,0.023200001
,,,-0.00041292,0.025600002
,,,-0.00041291,0.024000001
,,,-0.0004129,0.022400001
,,,-0.00041289,0.024800001
,,,-0.00041288,0.023200001
,,,-0.00041287,0.023200001
,,,-0.00041286,0.025600002
,,,-0.00041285,0.025600002
,,,-0.00041284,0.024800001
,,,-0.00041283,0.023200001
,,,-0.00041282,0.024000001
,,,-0.00041281,0.023200001
,,,-0.0004128,0.023200001
,,,-0.00041279,0.024000001
,,,-0.00041278,0.024000001
,,,-0.00041277,0.024000001
,,,-0.00041276,0.024800001
,,,-0.00041275,0.022400001
,,,-0.00041274,0.023200001
,,,-0.00041273,0.024800001
,,,-0.00041272,0.024000001
,,,-0.00041271,0.025600002
,,,-0.0004127,0.024000001
,,,-0.00041269,0.025600002
,,,-0.00041268,0.024000001
,,,-0.00041267,0.024000001
,,,-0.00041266,0.024800001
,,,-0.00041265,0.024000001
,,,-0.00041264,0.025600002
,,,-0.00041263,0.024800001
,,,-0.00041262,0.023200001
,,,-0.00041261,0.022400001
,,,-0.0004126,0.022400001
,,,-0.00041259,0.024000001
,,,-0.00041258,0.024000001
,,,-0.00041257,0.024000001
,,,-0.00041256,0.024000001
,,,-0.00041255,0.024000001
,,,-0.00041254,0.023200001
,,,-0.00041253,0.023200001
,,,-0.00041252,0.024800001
,,,-0.00041251,0.024800001
,,,-0.0004125,0.024000001
,,,-0.00041249,0.025600002
,,,-0.00041248,0.024000001
,,,-0.00041247,0.024000001
,,,-0.00041246,0.023200001
,,,-0.00041245,0.024000001
,,,-0.00041244,0.024000001
,,,-0.00041243,0.025600002
,,,-0.00041242,0.024800001
,,,-0.00041241,0.025600002
,,,-0.0004124,0.024800001
,,,-0.00041239,0.023200001
,,,-0.00041238,0.024000001
,,,-0.00041237,0.024800001
,,,-0.00041236,0.024000001
,,,-0.00041235,0.024000001
,,,-0.00041234,0.024800001
,,,-0.00041233,0.024000001
,,,-0.00041232,0.024000001
,,,-0.00041231,0.024800001
,,,-0.0004123,0.025600002
,,,-0.00041229,0.024000001
,,,-0.00041228,0.023200001
,,,-0.00041227,0.023200001
,,,-0.00041226,0.023200001
,,,-0.00041225,0.024000001
,,,-0.00041224,0.024000001
,,,-0.00041223,0.024000001
,,,-0.00041222,0.024000001
,,,-0.00041221,0.024800001
,,,-0.0004122,0.024800001
,,,-0.00041219,0.024800001
,,,-0.00041218,0.024000001
,,,-0.00041217,0.024000001
,,,-0.00041216,0.023200001
,,,-0.00041215,0.024000001
,,,-0.00041214,0.024800001
,,,-0.00041213,0.025600002
,,,-0.00041212,0.023200001
,,,-0.00041211,0.024000001
,,,-0.0004121,0.023200001
,,,-0.00041209,0.022400001
,,,-0.00041208,0.024800001
,,,-0.00041207,0.024000001
,,,-0.00041206,0.023200001
,,,-0.00041205,0.024000001
,,,-0.00041204,0.024800001
,,,-0.00041203,0.024000001
,,,-0.00041202,0.024800001
,,,-0.00041201,0.024000001
,,,-0.000412,0.024800001
,,,-0.00041199,0.023200001
,,,-0.00041198,0.024800001
,,,-0.00041197,0.024000001
,,,-0.00041196,0.024000001
,,,-0.00041195,0.025600002
,,,-0.00041194,0.025600002
,,,-0.00041193,0.024000001
,,,-0.00041192,0.024000001
,,,-0.00041191,0.024800001
,,,-0.0004119,0.024800001
,,,-0.00041189,0.024000001
,,,-0.00041188,0.024000001
,,,-0.00041187,0.023200001
,,,-0.00041186,0.025600002
,,,-0.00041185,0.023200001
,,,-0.00041184,0.025600002
,,,-0.00041183,0.024000001
,,,-0.00041182,0.024000001
,,,-0.00041181,0.024000001
,,,-0.0004118,0.023200001
,,,-0.00041179,0.024000001
,,,-0.00041178,0.024000001
,,,-0.00041177,0.023200001
,,,-0.00041176,0.024000001
,,,-0.00041175,0.023200001
,,,-0.00041174,0.024000001
,,,-0.00041173,0.024000001
,,,-0.00041172,0.024000001
,,,-0.00041171,0.024800001
,,,-0.0004117,0.024000001
,,,-0.00041169,0.024800001
,,,-0.00041168,0.024000001
,,,-0.00041167,0.024800001
,,,-0.00041166,0.024000001
,,,-0.00041165,0.024800001
,,,-0.00041164,0.024800001
,,,-0.00041163,0.024000001
,,,-0.00041162,0.025600002
,,,-0.00041161,0.024000001
,,,-0.0004116,0.024000001
,,,-0.00041159,0.025600002
,,,-0.00041158,0.024800001
,,,-0.00041157,0.025600002
,,,-0.00041156,0.024000001
,,,-0.00041155,0.024000001
,,,-0.00041154,0.024000001
,,,-0.00041153,0.026400002
,,,-0.00041152,0.024000001
,,,-0.00041151,0.024000001
,,,-0.0004115,0.024800001
,,,-0.00041149,0.024000001
,,,-0.00041148,0.024000001
,,,-0.00041147,0.024000001
,,,-0.00041146,0.024000001
,,,-0.00041145,0.022400001
,,,-0.00041144,0.024000001
,,,-0.00041143,0.022400001
,,,-0.00041142,0.024800001
,,,-0.00041141,0.025600002
,,,-0.0004114,0.025600002
,,,-0.00041139,0.024000001
,,,-0.00041138,0.024000001
,,,-0.00041137,0.024800001
,,,-0.00041136,0.024000001
,,,-0.00041135,0.024800001
,,,-0.00041134,0.024000001
,,,-0.00041133,0.024000001
,,,-0.00041132,0.024000001
,,,-0.00041131,0.024800001
,,,-0.0004113,0.023200001
,,,-0.00041129,0.024800001
,,,-0.00041128,0.024800001
,,,-0.00041127,0.024000001
,,,-0.00041126,0.024800001
,,,-0.00041125,0.021600001
,,,-0.00041124,0.024000001
,,,-0.00041123,0.024000001
,,,-0.00041122,0.024000001
,,,-0.00041121,0.023200001
,,,-0.0004112,0.025600002
,,,-0.00041119,0.024800001
,,,-0.00041118,0.024000001
,,,-0.00041117,0.024000001
,,,-0.00041116,0.023200001
,,,-0.00041115,0.024000001
,,,-0.00041114,0.024000001
,,,-0.00041113,0.022400001
,,,-0.00041112,0.024800001
,,,-0.00041111,0.024000001
,,,-0.0004111,0.024000001
,,,-0.00041109,0.024800001
,,,-0.00041108,0.026400002
,,,-0.00041107,0.024000001
,,,-0.00041106,0.024000001
,,,-0.00041105,0.024000001
,,,-0.00041104,0.024000001
,,,-0.00041103,0.024000001
,,,-0.00041102,0.025600002
,,,-0.00041101,0.023200001
,,,-0.000411,0.023200001
,,,-0.00041099,0.024000001
,,,-0.00041098,0.024800001
,,,-0.00041097,0.024000001
,,,-0.00041096,0.024000001
,,,-0.00041095,0.024000001
,,,-0.00041094,0.023200001
,,,-0.00041093,0.024000001
,,,-0.00041092,0.024000001
,,,-0.00041091,0.024000001
,,,-0.0004109,0.023200001
,,,-0.00041089,0.024800001
,,,-0.00041088,0.024800001
,,,-0.00041087,0.024800001
,,,-0.00041086,0.024000001
,,,-0.00041085,0.023200001
,,,-0.00041084,0.024800001
,,,-0.00041083,0.024800001
,,,-0.00041082,0.025600002
,,,-0.00041081,0.024800001
,,,-0.0004108,0.024000001
,,,-0.00041079,0.024000001
,,,-0.00041078,0.025600002
,,,-0.00041077,0.024000001
,,,-0.00041076,0.024000001
,,,-0.00041075,0.024000001
,,,-0.00041074,0.024000001
,,,-0.00041073,0.024800001
,,,-0.00041072,0.024000001
,,,-0.00041071,0.026400002
,,,-0.0004107,0.023200001
,,,-0.00041069,0.022400001
,,,-0.00041068,0.023200001
,,,-0.00041067,0.024800001
,,,-0.00041066,0.024800001
,,,-0.00041065,0.024000001
,,,-0.00041064,0.024000001
,,,-0.00041063,0.024800001
,,,-0.00041062,0.024800001
,,,-0.00041061,0.024800001
,,,-0.0004106,0.024800001
,,,-0.00041059,0.024800001
,,,-0.00041058,0.024800001
,,,-0.00041057,0.024800001
,,,-0.00041056,0.025600002
,,,-0.00041055,0.026400002
,,,-0.00041054,0.024800001
,,,-0.00041053,0.024000001
,,,-0.00041052,0.024800001
,,,-0.00041051,0.025600002
,,,-0.0004105,0.023200001
,,,-0.00041049,0.024000001
,,,-0.00041048,0.024800001
,,,-0.00041047,0.024000001
,,,-0.00041046,0.024800001
,,,-0.00041045,0.025600002
,,,-0.00041044,0.024000001
,,,-0.00041043,0.024800001
,,,-0.00041042,0.024000001
,,,-0.00041041,0.024800001
,,,-0.0004104,0.022400001
,,,-0.00041039,0.024800001
,,,-0.00041038,0.024000001
,,,-0.00041037,0.024800001
,,,-0.00041036,0.025600002
,,,-0.00041035,0.023200001
,,,-0.00041034,0.020800001
,,,-0.00041033,0.025600002
,,,-0.00041032,0.025600002
,,,-0.00041031,0.024000001
,,,-0.0004103,0.024000001
,,,-0.00041029,0.024000001
,,,-0.00041028,0.024000001
,,,-0.00041027,0.024000001
,,,-0.00041026,0.025600002
,,,-0.00041025,0.024800001
,,,-0.00041024,0.024000001
,,,-0.00041023,0.024800001
,,,-0.00041022,0.024000001
,,,-0.00041021,0.023200001
,,,-0.0004102,0.024000001
,,,-0.00041019,0.023200001
,,,-0.00041018,0.024000001
,,,-0.00041017,0.024000001
,,,-0.00041016,0.024000001
,,,-0.00041015,0.024000001
,,,-0.00041014,0.024800001
,,,-0.00041013,0.025600002
,,,-0.00041012,0.027200002
,,,-0.00041011,0.024800001
,,,-0.0004101,0.024800001
,,,-0.00041009,0.024000001
,,,-0.00041008,0.023200001
,,,-0.00041007,0.024000001
,,,-0.00041006,0.024800001
,,,-0.00041005,0.021600001
,,,-0.00041004,0.024000001
,,,-0.00041003,0.024800001
,,,-0.00041002,0.025600002
,,,-0.00041001,0.024000001
,,,-0.00041,0.024800001
,,,-0.00040999,0.024800001
,,,-0.00040998,0.024000001
,,,-0.00040997,0.024800001
,,,-0.00040996,0.023200001
,,,-0.00040995,0.024000001
,,,-0.00040994,0.024800001
,,,-0.00040993,0.024000001
,,,-0.00040992,0.026400002
,,,-0.00040991,0.024000001
,,,-0.0004099,0.024800001
,,,-0.00040989,0.024000001
,,,-0.00040988,0.025600002
,,,-0.00040987,0.023200001
,,,-0.00040986,0.024000001
,,,-0.00040985,0.024000001
,,,-0.00040984,0.024000001
,,,-0.00040983,0.024000001
,,,-0.00040982,0.025600002
,,,-0.00040981,0.024000001
,,,-0.0004098,0.024000001
,,,-0.00040979,0.024000001
,,,-0.00040978,0.024800001
,,,-0.00040977,0.023200001
,,,-0.00040976,0.024800001
,,,-0.00040975,0.024000001
,,,-0.00040974,0.024000001
,,,-0.00040973,0.024000001
,,,-0.00040972,0.024800001
,,,-0.00040971,0.024000001
,,,-0.0004097,0.024000001
,,,-0.00040969,0.024800001
,,,-0.00040968,0.023200001
,,,-0.00040967,0.024000001
,,,-0.00040966,0.024800001
,,,-0.00040965,0.023200001
,,,-0.00040964,0.024000001
,,,-0.00040963,0.024800001
,,,-0.00040962,0.024000001
,,,-0.00040961,0.025600002
,,,-0.0004096,0.023200001
,,,-0.00040959,0.024000001
,,,-0.00040958,0.023200001
,,,-0.00040957,0.025600002
,,,-0.00040956,0.025600002
,,,-0.00040955,0.025600002
,,,-0.00040954,0.024000001
,,,-0.00040953,0.023200001
,,,-0.00040952,0.025600002
,,,-0.00040951,0.024000001
,,,-0.0004095,0.024000001
,,,-0.00040949,0.024000001
,,,-0.00040948,0.024800001
,,,-0.00040947,0.024000001
,,,-0.00040946,0.023200001
,,,-0.00040945,0.026400002
,,,-0.00040944,0.024800001
,,,-0.00040943,0.026400002
,,,-0.00040942,0.024000001
,,,-0.00040941,0.024800001
,,,-0.0004094,0.022400001
,,,-0.00040939,0.024000001
,,,-0.00040938,0.024000001
,,,-0.00040937,0.024000001
,,,-0.00040936,0.024000001
,,,-0.00040935,0.024800001
,,,-0.00040934,0.024000001
,,,-0.00040933,0.024000001
,,,-0.00040932,0.024800001
,,,-0.00040931,0.025600002
,,,-0.0004093,0.026400002
,,,-0.00040929,0.024000001
,,,-0.00040928,0.023200001
,,,-0.00040927,0.024800001
,,,-0.00040926,0.024000001
,,,-0.00040925,0.025600002
,,,-0.00040924,0.024000001
,,,-0.00040923,0.024000001
,,,-0.00040922,0.023200001
,,,-0.00040921,0.023200001
,,,-0.0004092,0.023200001
,,,-0.00040919,0.023200001
,,,-0.00040918,0.024000001
,,,-0.00040917,0.024000001
,,,-0.00040916,0.025600002
,,,-0.00040915,0.024800001
,,,-0.00040914,0.024000001
,,,-0.00040913,0.024000001
,,,-0.00040912,0.024800001
,,,-0.00040911,0.023200001
,,,-0.0004091,0.024800001
,,,-0.00040909,0.023200001
,,,-0.00040908,0.023200001
,,,-0.00040907,0.024000001
,,,-0.00040906,0.024000001
,,,-0.00040905,0.025600002
,,,-0.00040904,0.024800001
,,,-0.00040903,0.024800001
,,,-0.00040902,0.024000001
,,,-0.00040901,0.024000001
,,,-0.000409,0.024000001
,,,-0.00040899,0.024800001
,,,-0.00040898,0.024800001
,,,-0.00040897,0.025600002
,,,-0.00040896,0.024000001
,,,-0.00040895,0.022400001
,,,-0.00040894,0.025600002
,,,-0.00040893,0.024800001
,,,-0.00040892,0.025600002
,,,-0.00040891,0.024000001
,,,-0.0004089,0.024000001
,,,-0.00040889,0.023200001
,,,-0.00040888,0.023200001
,,,-0.00040887,0.024000001
,,,-0.00040886,0.024000001
,,,-0.00040885,0.024000001
,,,-0.00040884,0.026400002
,,,-0.00040883,0.024000001
,,,-0.00040882,0.024800001
,,,-0.00040881,0.024000001
,,,-0.0004088,0.023200001
,,,-0.00040879,0.025600002
,,,-0.00040878,0.025600002
,,,-0.00040877,0.025600002
,,,-0.00040876,0.024000001
,,,-0.00040875,0.023200001
,,,-0.00040874,0.024000001
,,,-0.00040873,0.024000001
,,,-0.00040872,0.026400002
,,,-0.00040871,0.024000001
,,,-0.0004087,0.021600001
,,,-0.00040869,0.020000001
,,,-0.00040868,0.024000001
,,,-0.00040867,0.024800001
,,,-0.00040866,0.025600002
,,,-0.00040865,0.024000001
,,,-0.00040864,0.022400001
,,,-0.00040863,0.023200001
,,,-0.00040862,0.024800001
,,,-0.00040861,0.024800001
,,,-0.0004086,0.026400002
,,,-0.00040859,0.024000001
,,,-0.00040858,0.023200001
,,,-0.00040857,0.025600002
,,,-0.00040856,0.024000001
,,,-0.00040855,0.024800001
,,,-0.00040854,0.027200002
,,,-0.00040853,0.025600002
,,,-0.00040852,0.024000001
,,,-0.00040851,0.024800001
,,,-0.0004085,0.024000001
,,,-0.00040849,0.024800001
,,,-0.00040848,0.024000001
,,,-0.00040847,0.024800001
,,,-0.00040846,0.024000001
,,,-0.00040845,0.024000001
,,,-0.00040844,0.024000001
,,,-0.00040843,0.025600002
,,,-0.00040842,0.024000001
,,,-0.00040841,0.023200001
,,,-0.0004084,0.024800001
,,,-0.00040839,0.024000001
,,,-0.00040838,0.024800001
,,,-0.00040837,0.024000001
,,,-0.00040836,0.024000001
,,,-0.00040835,0.023200001
,,,-0.00040834,0.023200001
,,,-0.00040833,0.025600002
,,,-0.00040832,0.024000001
,,,-0.00040831,0.024000001
,,,-0.0004083,0.023200001
,,,-0.00040829,0.024000001
,,,-0.00040828,0.024000001
,,,-0.00040827,0.024000001
,,,-0.00040826,0.024800001
,,,-0.00040825,0.024000001
,,,-0.00040824,0.023200001
,,,-0.00040823,0.024000001
,,,-0.00040822,0.025600002
,,,-0.00040821,0.024800001
,,,-0.0004082,0.024000001
,,,-0.00040819,0.024800001
,,,-0.00040818,0.024000001
,,,-0.00040817,0.024000001
,,,-0.00040816,0.024000001
,,,-0.00040815,0.024000001
,,,-0.00040814,0.024000001
,,,-0.00040813,0.024800001
,,,-0.00040812,0.024800001
,,,-0.00040811,0.024000001
,,,-0.0004081,0.024800001
,,,-0.00040809,0.024000001
,,,-0.00040808,0.024000001
,,,-0.00040807,0.023200001
,,,-0.00040806,0.024000001
,,,-0.00040805,0.024800001
,,,-0.00040804,0.024800001
,,,-0.00040803,0.023200001
,,,-0.00040802,0.024000001
,,,-0.00040801,0.024000001
,,,-0.000408,0.025600002
,,,-0.00040799,0.023200001
,,,-0.00040798,0.024000001
,,,-0.00040797,0.024000001
,,,-0.00040796,0.024800001
,,,-0.00040795,0.023200001
,,,-0.00040794,0.024800001
,,,-0.00040793,0.024000001
,,,-0.00040792,0.024000001
,,,-0.00040791,0.024800001
,,,-0.0004079,0.024000001
,,,-0.00040789,0.024000001
,,,-0.00040788,0.023200001
,,,-0.00040787,0.025600002
,,,-0.00040786,0.024000001
,,,-0.00040785,0.024800001
,,,-0.00040784,0.023200001
,,,-0.00040783,0.024000001
,,,-0.00040782,0.024000001
,,,-0.00040781,0.023200001
,,,-0.0004078,0.024000001
,,,-0.00040779,0.023200001
,,,-0.00040778,0.024000001
,,,-0.00040777,0.024000001
,,,-0.00040776,0.024000001
,,,-0.00040775,0.026400002
,,,-0.00040774,0.025600002
,,,-0.00040773,0.025600002
,,,-0.00040772,0.024000001
,,,-0.00040771,0.024000001
,,,-0.0004077,0.023200001
,,,-0.00040769,0.024000001
,,,-0.00040768,0.024800001
,,,-0.00040767,0.025600002
,,,-0.00040766,0.024800001
,,,-0.00040765,0.024800001
,,,-0.00040764,0.024000001
,,,-0.00040763,0.022400001
,,,-0.00040762,0.024000001
,,,-0.00040761,0.024000001
,,,-0.0004076,0.025600002
,,,-0.00040759,0.024000001
,,,-0.00040758,0.024000001
,,,-0.00040757,0.024000001
,,,-0.00040756,0.024800001
,,,-0.00040755,0.024800001
,,,-0.00040754,0.025600002
,,,-0.00040753,0.025600002
,,,-0.00040752,0.024800001
,,,-0.00040751,0.024800001
,,,-0.0004075,0.024000001
,,,-0.00040749,0.024800001
,,,-0.00040748,0.023200001
,,,-0.00040747,0.023200001
,,,-0.00040746,0.024000001
,,,-0.00040745,0.024000001
,,,-0.00040744,0.024000001
,,,-0.00040743,0.025600002
,,,-0.00040742,0.024800001
,,,-0.00040741,0.025600002
,,,-0.0004074,0.024000001
,,,-0.00040739,0.024000001
,,,-0.00040738,0.024800001
,,,-0.00040737,0.024000001
,,,-0.00040736,0.024000001
,,,-0.00040735,0.024000001
,,,-0.00040734,0.023200001
,,,-0.00040733,0.024800001
,,,-0.00040732,0.024000001
,,,-0.00040731,0.024800001
,,,-0.0004073,0.024800001
,,,-0.00040729,0.024000001
,,,-0.00040728,0.024800001
,,,-0.00040727,0.024000001
,,,-0.00040726,0.023200001
,,,-0.00040725,0.024000001
,,,-0.00040724,0.025600002
,,,-0.00040723,0.025600002
,,,-0.00040722,0.024000001
,,,-0.00040721,0.025600002
,,,-0.0004072,0.024000001
,,,-0.00040719,0.024000001
,,,-0.00040718,0.025600002
,,,-0.00040717,0.024000001
,,,-0.00040716,0.024000001
,,,-0.00040715,0.024000001
,,,-0.00040714,0.024800001
,,,-0.00040713,0.023200001
,,,-0.00040712,0.022400001
,,,-0.00040711,0.024000001
,,,-0.0004071,0.024000001
,,,-0.00040709,0.024000001
,,,-0.00040708,0.024800001
,,,-0.00040707,0.022400001
,,,-0.00040706,0.024000001
,,,-0.00040705,0.024000001
,,,-0.00040704,0.023200001
,,,-0.00040703,0.025600002
,,,-0.00040702,0.024800001
,,,-0.00040701,0.023200001
,,,-0.000407,0.024800001
,,,-0.00040699,0.024800001
,,,-0.00040698,0.024000001
,,,-0.00040697,0.024000001
,,,-0.00040696,0.024000001
,,,-0.00040695,0.024000001
,,,-0.00040694,0.024800001
,,,-0.00040693,0.024000001
,,,-0.00040692,0.024800001
,,,-0.00040691,0.024000001
,,,-0.0004069,0.024000001
,,,-0.00040689,0.024800001
,,,-0.00040688,0.023200001
,,,-0.00040687,0.024000001
,,,-0.00040686,0.025600002
,,,-0.00040685,0.022400001
,,,-0.00040684,0.026400002
,,,-0.00040683,0.024000001
,,,-0.00040682,0.024800001
,,,-0.00040681,0.025600002
,,,-0.0004068,0.024800001
,,,-0.00040679,0.025600002
,,,-0.00040678,0.022400001
,,,-0.00040677,0.023200001
,,,-0.00040676,0.024800001
,,,-0.00040675,0.024000001
,,,-0.00040674,0.024800001
,,,-0.00040673,0.025600002
,,,-0.00040672,0.023200001
,,,-0.00040671,0.024800001
,,,-0.0004067,0.024000001
,,,-0.00040669,0.024000001
,,,-0.00040668,0.024000001
,,,-0.00040667,0.024800001
,,,-0.00040666,0.023200001
,,,-0.00040665,0.024000001
,,,-0.00040664,0.024000001
,,,-0.00040663,0.024000001
,,,-0.00040662,0.023200001
,,,-0.00040661,0.024800001
,,,-0.0004066,0.024000001
,,,-0.00040659,0.024800001
,,,-0.00040658,0.024000001
,,,-0.00040657,0.024800001
,,,-0.00040656,0.025600002
,,,-0.00040655,0.024800001
,,,-0.00040654,0.023200001
,,,-0.00040653,0.024800001
,,,-0.00040652,0.024800001
,,,-0.00040651,0.023200001
,,,-0.0004065,0.024000001
,,,-0.00040649,0.022400001
,,,-0.00040648,0.024000001
,,,-0.00040647,0.024000001
,,,-0.00040646,0.023200001
,,,-0.00040645,0.024000001
,,,-0.00040644,0.024800001
,,,-0.00040643,0.024800001
,,,-0.00040642,0.024000001
,,,-0.00040641,0.024000001
,,,-0.0004064,0.024000001
,,,-0.00040639,0.024000001
,,,-0.00040638,0.024000001
,,,-0.00040637,0.024800001
,,,-0.00040636,0.023200001
,,,-0.00040635,0.024000001
,,,-0.00040634,0.024000001
,,,-0.00040633,0.024000001
,,,-0.00040632,0.022400001
,,,-0.00040631,0.025600002
,,,-0.0004063,0.024000001
,,,-0.00040629,0.024000001
,,,-0.00040628,0.024800001
,,,-0.00040627,0.025600002
,,,-0.00040626,0.022400001
,,,-0.00040625,0.025600002
,,,-0.00040624,0.024000001
,,,-0.00040623,0.024800001
,,,-0.00040622,0.024800001
,,,-0.00040621,0.023200001
,,,-0.0004062,0.022400001
,,,-0.00040619,0.024800001
,,,-0.00040618,0.024800001
,,,-0.00040617,0.023200001
,,,-0.00040616,0.024000001
,,,-0.00040615,0.024000001
,,,-0.00040614,0.024000001
,,,-0.00040613,0.024800001
,,,-0.00040612,0.023200001
,,,-0.00040611,0.024000001
,,,-0.0004061,0.024000001
,,,-0.00040609,0.024000001
,,,-0.00040608,0.024000001
,,,-0.00040607,0.024800001
,,,-0.00040606,0.024800001
,,,-0.00040605,0.024000001
,,,-0.00040604,0.023200001
,,,-0.00040603,0.024800001
,,,-0.00040602,0.024000001
,,,-0.00040601,0.024800001
,,,-0.000406,0.024800001
,,,-0.00040599,0.024000001
,,,-0.00040598,0.024800001
,,,-0.00040597,0.024000001
,,,-0.00040596,0.024000001
,,,-0.00040595,0.024000001
,,,-0.00040594,0.024000001
,,,-0.00040593,0.025600002
,,,-0.00040592,0.024800001
,,,-0.00040591,0.023200001
,,,-0.0004059,0.024800001
,,,-0.00040589,0.023200001
,,,-0.00040588,0.024000001
,,,-0.00040587,0.025600002
,,,-0.00040586,0.024000001
,,,-0.00040585,0.022400001
,,,-0.00040584,0.024800001
,,,-0.00040583,0.024000001
,,,-0.00040582,0.023200001
,,,-0.00040581,0.023200001
,,,-0.0004058,0.024000001
,,,-0.00040579,0.024000001
,,,-0.00040578,0.024000001
,,,-0.00040577,0.024000001
,,,-0.00040576,0.024000001
,,,-0.00040575,0.024000001
,,,-0.00040574,0.024800001
,,,-0.00040573,0.024000001
,,,-0.00040572,0.022400001
,,,-0.00040571,0.024800001
,,,-0.0004057,0.024800001
,,,-0.00040569,0.024000001
,,,-0.00040568,0.024800001
,,,-0.00040567,0.024000001
,,,-0.00040566,0.023200001
,,,-0.00040565,0.024000001
,,,-0.00040564,0.024800001
,,,-0.00040563,0.024800001
,,,-0.00040562,0.024000001
,,,-0.00040561,0.024000001
,,,-0.0004056,0.024800001
,,,-0.00040559,0.024000001
,,,-0.00040558,0.024000001
,,,-0.00040557,0.024000001
,,,-0.00040556,0.024000001
,,,-0.00040555,0.024000001
,,,-0.00040554,0.024000001
,,,-0.00040553,0.023200001
,,,-0.00040552,0.024000001
,,,-0.00040551,0.023200001
,,,-0.0004055,0.025600002
,,,-0.00040549,0.025600002
,,,-0.00040548,0.023200001
,,,-0.00040547,0.024800001
,,,-0.00040546,0.024000001
,,,-0.00040545,0.023200001
,,,-0.00040544,0.024000001
,,,-0.00040543,0.024800001
,,,-0.00040542,0.024000001
,,,-0.00040541,0.024000001
,,,-0.0004054,0.024000001
,,,-0.00040539,0.023200001
,,,-0.00040538,0.024000001
,,,-0.00040537,0.024000001
,,,-0.00040536,0.024000001
,,,-0.00040535,0.024000001
,,,-0.00040534,0.024000001
,,,-0.00040533,0.024000001
,,,-0.00040532,0.024800001
,,,-0.00040531,0.024000001
,,,-0.0004053,0.025600002
,,,-0.00040529,0.023200001
,,,-0.00040528,0.024000001
,,,-0.00040527,0.024000001
,,,-0.00040526,0.024000001
,,,-0.00040525,0.024800001
,,,-0.00040524,0.023200001
,,,-0.00040523,0.024000001
,,,-0.00040522,0.024800001
,,,-0.00040521,0.024000001
,,,-0.0004052,0.024000001
,,,-0.00040519,0.024000001
,,,-0.00040518,0.024000001
,,,-0.00040517,0.025600002
,,,-0.00040516,0.025600002
,,,-0.00040515,0.024800001
,,,-0.00040514,0.024800001
,,,-0.00040513,0.025600002
,,,-0.00040512,0.023200001
,,,-0.00040511,0.024000001
,,,-0.0004051,0.024800001
,,,-0.00040509,0.024800001
,,,-0.00040508,0.024000001
,,,-0.00040507,0.024000001
,,,-0.00040506,0.024000001
,,,-0.00040505,0.024000001
,,,-0.00040504,0.024800001
,,,-0.00040503,0.024000001
,,,-0.00040502,0.024000001
,,,-0.00040501,0.024000001
,,,-0.000405,0.024800001
,,,-0.00040499,0.026400002
,,,-0.00040498,0.024800001
,,,-0.00040497,0.024000001
,,,-0.00040496,0.024800001
,,,-0.00040495,0.023200001
,,,-0.00040494,0.024000001
,,,-0.00040493,0.024000001
,,,-0.00040492,0.024800001
,,,-0.00040491,0.022400001
,,,-0.0004049,0.024000001
,,,-0.00040489,0.023200001
,,,-0.00040488,0.023200001
,,,-0.00040487,0.024000001
,,,-0.00040486,0.024800001
,,,-0.00040485,0.024000001
,,,-0.00040484,0.024000001
,,,-0.00040483,0.025600002
,,,-0.00040482,0.024800001
,,,-0.00040481,0.024000001
,,,-0.0004048,0.024800001
,,,-0.00040479,0.024000001
,,,-0.00040478,0.024000001
,,,-0.00040477,0.024000001
,,,-0.00040476,0.026400002
,,,-0.00040475,0.024000001
,,,-0.00040474,0.023200001
,,,-0.00040473,0.023200001
,,,-0.00040472,0.024000001
,,,-0.00040471,0.024000001
,,,-0.0004047,0.024800001
,,,-0.00040469,0.023200001
,,,-0.00040468,0.023200001
,,,-0.00040467,0.023200001
,,,-0.00040466,0.024000001
,,,-0.00040465,0.024000001
,,,-0.00040464,0.024800001
,,,-0.00040463,0.024000001
,,,-0.00040462,0.024000001
,,,-0.00040461,0.024000001
,,,-0.0004046,0.023200001
,,,-0.00040459,0.024000001
,,,-0.00040458,0.024000001
,,,-0.00040457,0.024800001
,,,-0.00040456,0.024000001
,,,-0.00040455,0.023200001
,,,-0.00040454,0.024000001
,,,-0.00040453,0.024800001
,,,-0.00040452,0.022400001
,,,-0.00040451,0.024000001
,,,-0.0004045,0.024000001
,,,-0.00040449,0.024000001
,,,-0.00040448,0.023200001
,,,-0.00040447,0.025600002
,,,-0.00040446,0.024000001
,,,-0.00040445,0.024800001
,,,-0.00040444,0.024000001
,,,-0.00040443,0.025600002
,,,-0.00040442,0.023200001
,,,-0.00040441,0.024000001
,,,-0.0004044,0.024000001
,,,-0.00040439,0.023200001
,,,-0.00040438,0.024000001
,,,-0.00040437,0.024000001
,,,-0.00040436,0.023200001
,,,-0.00040435,0.024000001
,,,-0.00040434,0.024000001
,,,-0.00040433,0.024000001
,,,-0.00040432,0.024000001
,,,-0.00040431,0.023200001
,,,-0.0004043,0.024000001
,,,-0.00040429,0.024000001
,,,-0.00040428,0.024000001
,,,-0.00040427,0.025600002
,,,-0.00040426,0.024000001
,,,-0.00040425,0.024000001
,,,-0.00040424,0.023200001
,,,-0.00040423,0.024000001
,,,-0.00040422,0.022400001
,,,-0.00040421,0.024000001
,,,-0.0004042,0.024000001
,,,-0.00040419,0.023200001
,,,-0.00040418,0.024800001
,,,-0.00040417,0.024000001
,,,-0.00040416,0.024000001
,,,-0.00040415,0.024000001
,,,-0.00040414,0.024800001
,,,-0.00040413,0.022400001
,,,-0.00040412,0.024000001
,,,-0.00040411,0.023200001
,,,-0.0004041,0.022400001
,,,-0.00040409,0.024000001
,,,-0.00040408,0.024000001
,,,-0.00040407,0.022400001
,,,-0.00040406,0.024000001
,,,-0.00040405,0.023200001
,,,-0.00040404,0.024000001
,,,-0.00040403,0.024000001
,,,-0.00040402,0.024000001
,,,-0.00040401,0.024000001
,,,-0.000404,0.024000001
,,,-0.00040399,0.024000001
,,,-0.00040398,0.024800001
,,,-0.00040397,0.024000001
,,,-0.00040396,0.025600002
,,,-0.00040395,0.024000001
,,,-0.00040394,0.024800001
,,,-0.00040393,0.024800001
,,,-0.00040392,0.023200001
,,,-0.00040391,0.024000001
,,,-0.0004039,0.022400001
,,,-0.00040389,0.023200001
,,,-0.00040388,0.024000001
,,,-0.00040387,0.024000001
,,,-0.00040386,0.024000001
,,,-0.00040385,0.025600002
,,,-0.00040384,0.024800001
,,,-0.00040383,0.024800001
,,,-0.00040382,0.024800001
,,,-0.00040381,0.024000001
,,,-0.0004038,0.025600002
,,,-0.00040379,0.024800001
,,,-0.00040378,0.024000001
,,,-0.00040377,0.024000001
,,,-0.00040376,0.024000001
,,,-0.00040375,0.025600002
,,,-0.00040374,0.024800001
,,,-0.00040373,0.023200001
,,,-0.00040372,0.024000001
,,,-0.00040371,0.024000001
,,,-0.0004037,0.025600002
,,,-0.00040369,0.023200001
,,,-0.00040368,0.024800001
,,,-0.00040367,0.024000001
,,,-0.00040366,0.023200001
,,,-0.00040365,0.024000001
,,,-0.00040364,0.023200001
,,,-0.00040363,0.024000001
,,,-0.00040362,0.024000001
,,,-0.00040361,0.024000001
,,,-0.0004036,0.024000001
,,,-0.00040359,0.024000001
,,,-0.00040358,0.025600002
,,,-0.00040357,0.026400002
,,,-0.00040356,0.025600002
,,,-0.00040355,0.024800001
,,,-0.00040354,0.023200001
,,,-0.00040353,0.023200001
,,,-0.00040352,0.024000001
,,,-0.00040351,0.023200001
,,,-0.0004035,0.024800001
,,,-0.00040349,0.024800001
,,,-0.00040348,0.025600002
,,,-0.00040347,0.024000001
,,,-0.00040346,0.024800001
,,,-0.00040345,0.024000001
,,,-0.00040344,0.023200001
,,,-0.00040343,0.025600002
,,,-0.00040342,0.024000001
,,,-0.00040341,0.023200001
,,,-0.0004034,0.024800001
,,,-0.00040339,0.023200001
,,,-0.00040338,0.026400002
,,,-0.00040337,0.024000001
,,,-0.00040336,0.024800001
,,,-0.00040335,0.024800001
,,,-0.00040334,0.024000001
,,,-0.00040333,0.024800001
,,,-0.00040332,0.024000001
,,,-0.00040331,0.025600002
,,,-0.0004033,0.025600002
,,,-0.00040329,0.024000001
,,,-0.00040328,0.024000001
,,,-0.00040327,0.024000001
,,,-0.00040326,0.024000001
,,,-0.00040325,0.024000001
,,,-0.00040324,0.024000001
,,,-0.00040323,0.024000001
,,,-0.00040322,0.024000001
,,,-0.00040321,0.024000001
,,,-0.0004032,0.024800001
,,,-0.00040319,0.024000001
,,,-0.00040318,0.024800001
,,,-0.00040317,0.023200001
,,,-0.00040316,0.024000001
,,,-0.00040315,0.024000001
,,,-0.00040314,0.024000001
,,,-0.00040313,0.024000001
,,,-0.00040312,0.024000001
,,,-0.00040311,0.024000001
,,,-0.0004031,0.024800001
,,,-0.00040309,0.024800001
,,,-0.00040308,0.026400002
,,,-0.00040307,0.023200001
,,,-0.00040306,0.024000001
,,,-0.00040305,0.024800001
,,,-0.00040304,0.024800001
,,,-0.00040303,0.024800001
,,,-0.00040302,0.024800001
,,,-0.00040301,0.024800001
,,,-0.000403,0.024800001
,,,-0.00040299,0.024000001
,,,-0.00040298,0.024000001
,,,-0.00040297,0.024000001
,,,-0.00040296,0.024800001
,,,-0.00040295,0.024800001
,,,-0.00040294,0.024000001
,,,-0.00040293,0.024000001
,,,-0.00040292,0.024800001
,,,-0.00040291,0.023200001
,,,-0.0004029,0.025600002
,,,-0.00040289,0.024000001
,,,-0.00040288,0.025600002
,,,-0.00040287,0.024800001
,,,-0.00040286,0.024800001
,,,-0.00040285,0.023200001
,,,-0.00040284,0.025600002
,,,-0.00040283,0.024000001
,,,-0.00040282,0.024000001
,,,-0.00040281,0.024800001
,,,-0.0004028,0.024800001
,,,-0.00040279,0.024000001
,,,-0.00040278,0.025600002
,,,-0.00040277,0.024000001
,,,-0.00040276,0.024000001
,,,-0.00040275,0.024800001
,,,-0.00040274,0.024000001
,,,-0.00040273,0.024000001
,,,-0.00040272,0.024000001
,,,-0.00040271,0.023200001
,,,-0.0004027,0.024800001
,,,-0.00040269,0.024000001
,,,-0.00040268,0.024000001
,,,-0.00040267,0.025600002
,,,-0.00040266,0.024800001
,,,-0.00040265,0.025600002
,,,-0.00040264,0.023200001
,,,-0.00040263,0.024000001
,,,-0.00040262,0.024000001
,,,-0.00040261,0.024800001
,,,-0.0004026,0.025600002
,,,-0.00040259,0.024800001
,,,-0.00040258,0.025600002
,,,-0.00040257,0.023200001
,,,-0.00040256,0.025600002
,,,-0.00040255,0.025600002
,,,-0.00040254,0.024800001
,,,-0.00040253,0.024000001
,,,-0.00040252,0.026400002
,,,-0.00040251,0.024000001
,,,-0.0004025,0.025600002
,,,-0.00040249,0.023200001
,,,-0.00040248,0.024000001
,,,-0.00040247,0.024000001
,,,-0.00040246,0.024000001
,,,-0.00040245,0.024000001
,,,-0.00040244,0.023200001
,,,-0.00040243,0.024000001
,,,-0.00040242,0.023200001
,,,-0.00040241,0.024800001
,,,-0.0004024,0.024000001
,,,-0.00040239,0.024000001
,,,-0.00040238,0.023200001
,,,-0.00040237,0.024000001
,,,-0.00040236,0.024800001
,,,-0.00040235,0.024800001
,,,-0.00040234,0.025600002
,,,-0.00040233,0.025600002
,,,-0.00040232,0.022400001
,,,-0.00040231,0.024000001
,,,-0.0004023,0.024800001
,,,-0.00040229,0.024800001
,,,-0.00040228,0.024000001
,,,-0.00040227,0.024000001
,,,-0.00040226,0.024000001
,,,-0.00040225,0.024800001
,,,-0.00040224,0.024000001
,,,-0.00040223,0.024800001
,,,-0.00040222,0.024000001
,,,-0.00040221,0.024800001
,,,-0.0004022,0.022400001
,,,-0.00040219,0.026400002
,,,-0.00040218,0.024000001
,,,-0.00040217,0.024800001
,,,-0.00040216,0.024000001
,,,-0.00040215,0.024000001
,,,-0.00040214,0.024800001
,,,-0.00040213,0.024800001
,,,-0.00040212,0.025600002
,,,-0.00040211,0.023200001
,,,-0.0004021,0.024800001
,,,-0.00040209,0.024000001
,,,-0.00040208,0.024000001
,,,-0.00040207,0.023200001
,,,-0.00040206,0.024800001
,,,-0.00040205,0.024000001
,,,-0.00040204,0.024800001
,,,-0.00040203,0.023200001
,,,-0.00040202,0.024800001
,,,-0.00040201,0.024000001
,,,-0.000402,0.024800001
,,,-0.00040199,0.025600002
,,,-0.00040198,0.024800001
,,,-0.00040197,0.024000001
,,,-0.00040196,0.024000001
,,,-0.00040195,0.024800001
,,,-0.00040194,0.024000001
,,,-0.00040193,0.024800001
,,,-0.00040192,0.024000001
,,,-0.00040191,0.023200001
,,,-0.0004019,0.024000001
,,,-0.00040189,0.024000001
,,,-0.00040188,0.027200002
,,,-0.00040187,0.024800001
,,,-0.00040186,0.024800001
,,,-0.00040185,0.024000001
,,,-0.00040184,0.025600002
,,,-0.00040183,0.024800001
,,,-0.00040182,0.023200001
,,,-0.00040181,0.023200001
,,,-0.0004018,0.024800001
,,,-0.00040179,0.024000001
,,,-0.00040178,0.024800001
,,,-0.00040177,0.023200001
,,,-0.00040176,0.024000001
,,,-0.00040175,0.024000001
,,,-0.00040174,0.024800001
,,,-0.00040173,0.023200001
,,,-0.00040172,0.023200001
,,,-0.00040171,0.023200001
,,,-0.0004017,0.024000001
,,,-0.00040169,0.024000001
,,,-0.00040168,0.024800001
,,,-0.00040167,0.024000001
,,,-0.00040166,0.024000001
,,,-0.00040165,0.024000001
,,,-0.00040164,0.024000001
,,,-0.00040163,0.024000001
,,,-0.00040162,0.024800001
,,,-0.00040161,0.024800001
,,,-0.0004016,0.024000001
,,,-0.00040159,0.024000001
,,,-0.00040158,0.024800001
,,,-0.00040157,0.025600002
,,,-0.00040156,0.024800001
,,,-0.00040155,0.024800001
,,,-0.00040154,0.024000001
,,,-0.00040153,0.024000001
,,,-0.00040152,0.024000001
,,,-0.00040151,0.024000001
,,,-0.0004015,0.024800001
,,,-0.00040149,0.023200001
,,,-0.00040148,0.025600002
,,,-0.00040147,0.021600001
,,,-0.00040146,0.024000001
,,,-0.00040145,0.025600002
,,,-0.00040144,0.024000001
,,,-0.00040143,0.025600002
,,,-0.00040142,0.022400001
,,,-0.00040141,0.024000001
,,,-0.0004014,0.025600002
,,,-0.00040139,0.024800001
,,,-0.00040138,0.024000001
,,,-0.00040137,0.024800001
,,,-0.00040136,0.024000001
,,,-0.00040135,0.024000001
,,,-0.00040134,0.022400001
,,,-0.00040133,0.024800001
,,,-0.00040132,0.023200001
,,,-0.00040131,0.024000001
,,,-0.0004013,0.025600002
,,,-0.00040129,0.024000001
,,,-0.00040128,0.024800001
,,,-0.00040127,0.024000001
,,,-0.00040126,0.024000001
,,,-0.00040125,0.023200001
,,,-0.00040124,0.024800001
,,,-0.00040123,0.025600002
,,,-0.00040122,0.024000001
,,,-0.00040121,0.023200001
,,,-0.0004012,0.024000001
,,,-0.00040119,0.025600002
,,,-0.00040118,0.025600002
,,,-0.00040117,0.025600002
,,,-0.00040116,0.023200001
,,,-0.00040115,0.025600002
,,,-0.00040114,0.024800001
,,,-0.00040113,0.024000001
,,,-0.00040112,0.025600002
,,,-0.00040111,0.024000001
,,,-0.0004011,0.024000001
,,,-0.00040109,0.025600002
,,,-0.00040108,0.023200001
,,,-0.00040107,0.024000001
,,,-0.00040106,0.024000001
,,,-0.00040105,0.024800001
,,,-0.00040104,0.026400002
,,,-0.00040103,0.025600002
,,,-0.00040102,0.024800001
,,,-0.00040101,0.024800001
,,,-0.000401,0.024000001
,,,-0.00040099,0.023200001
,,,-0.00040098,0.024000001
,,,-0.00040097,0.025600002
,,,-0.00040096,0.024000001
,,,-0.00040095,0.024800001
,,,-0.00040094,0.024800001
,,,-0.00040093,0.024000001
,,,-0.00040092,0.024000001
,,,-0.00040091,0.023200001
,,,-0.0004009,0.024000001
,,,-0.00040089,0.023200001
,,,-0.00040088,0.026400002
,,,-0.00040087,0.024000001
,,,-0.00040086,0.024000001
,,,-0.00040085,0.024000001
,,,-0.00040084,0.024000001
,,,-0.00040083,0.024000001
,,,-0.00040082,0.024000001
,,,-0.00040081,0.024800001
,,,-0.0004008,0.024800001
,,,-0.00040079,0.025600002
,,,-0.00040078,0.025600002
,,,-0.00040077,0.024000001
,,,-0.00040076,0.023200001
,,,-0.00040075,0.024800001
,,,-0.00040074,0.024800001
,,,-0.00040073,0.026400002
,,,-0.00040072,0.024000001
,,,-0.00040071,0.024000001
,,,-0.0004007,0.024800001
,,,-0.00040069,0.024000001
,,,-0.00040068,0.024000001
,,,-0.00040067,0.024000001
,,,-0.00040066,0.024000001
,,,-0.00040065,0.024000001
,,,-0.00040064,0.024800001
,,,-0.00040063,0.024800001
,,,-0.00040062,0.023200001
,,,-0.00040061,0.025600002
,,,-0.0004006,0.024000001
,,,-0.00040059,0.024000001
,,,-0.00040058,0.024000001
,,,-0.00040057,0.023200001
,,,-0.00040056,0.023200001
,,,-0.00040055,0.025600002
,,,-0.00040054,0.024800001
,,,-0.00040053,0.024000001
,,,-0.00040052,0.024800001
,,,-0.00040051,0.024000001
,,,-0.0004005,0.024000001
,,,-0.00040049,0.024000001
,,,-0.00040048,0.024000001
,,,-0.00040047,0.024800001
,,,-0.00040046,0.024000001
,,,-0.00040045,0.024000001
,,,-0.00040044,0.024000001
,,,-0.00040043,0.024000001
,,,-0.00040042,0.024000001
,,,-0.00040041,0.024000001
,,,-0.0004004,0.024000001
,,,-0.00040039,0.021600001
,,,-0.00040038,0.024000001
,,,-0.00040037,0.024000001
,,,-0.00040036,0.023200001
,,,-0.00040035,0.024000001
,,,-0.00040034,0.021600001
,,,-0.00040033,0.024000001
,,,-0.00040032,0.024000001
,,,-0.00040031,0.024000001
,,,-0.0004003,0.024000001
,,,-0.00040029,0.024000001
,,,-0.00040028,0.025600002
,,,-0.00040027,0.025600002
,,,-0.00040026,0.024000001
,,,-0.00040025,0.025600002
,,,-0.00040024,0.023200001
,,,-0.00040023,0.024800001
,,,-0.00040022,0.024000001
,,,-0.00040021,0.024800001
,,,-0.0004002,0.025600002
,,,-0.00040019,0.024000001
,,,-0.00040018,0.024000001
,,,-0.00040017,0.024000001
,,,-0.00040016,0.024000001
,,,-0.00040015,0.023200001
,,,-0.00040014,0.025600002
,,,-0.00040013,0.024000001
,,,-0.00040012,0.024000001
,,,-0.00040011,0.025600002
,,,-0.0004001,0.025600002
,,,-0.00040009,0.024000001
,,,-0.00040008,0.024000001
,,,-0.00040007,0.024800001
,,,-0.00040006,0.025600002
,,,-0.00040005,0.024800001
,,,-0.00040004,0.023200001
,,,-0.00040003,0.022400001
,,,-0.00040002,0.024000001
,,,-0.00040001,0.024800001
,,,-0.0004,0.024000001
,,,-0.00039999,0.024000001
,,,-0.00039998,0.022400001
,,,-0.00039997,0.024000001
,,,-0.00039996,0.024800001
,,,-0.00039995,0.024000001
,,,-0.00039994,0.023200001
,,,-0.00039993,0.023200001
,,,-0.00039992,0.024000001
,,,-0.00039991,0.024000001
,,,-0.0003999,0.024800001
,,,-0.00039989,0.024800001
,,,-0.00039988,0.022400001
,,,-0.00039987,0.024000001
,,,-0.00039986,0.024000001
,,,-0.00039985,0.024000001
,,,-0.00039984,0.023200001
,,,-0.00039983,0.024000001
,,,-0.00039982,0.024800001
,,,-0.00039981,0.024000001
,,,-0.0003998,0.024000001
,,,-0.00039979,0.025600002
,,,-0.00039978,0.024000001
,,,-0.00039977,0.024000001
,,,-0.00039976,0.022400001
,,,-0.00039975,0.024000001
,,,-0.00039974,0.024800001
,,,-0.00039973,0.024800001
,,,-0.00039972,0.024800001
,,,-0.00039971,0.024000001
,,,-0.0003997,0.024000001
,,,-0.00039969,0.024000001
,,,-0.00039968,0.024000001
,,,-0.00039967,0.024000001
,,,-0.00039966,0.024800001
,,,-0.00039965,0.024000001
,,,-0.00039964,0.025600002
,,,-0.00039963,0.023200001
,,,-0.00039962,0.024800001
,,,-0.00039961,0.024000001
,,,-0.0003996,0.024000001
,,,-0.00039959,0.024800001
,,,-0.00039958,0.024800001
,,,-0.00039957,0.024800001
,,,-0.00039956,0.023200001
,,,-0.00039955,0.024000001
,,,-0.00039954,0.023200001
,,,-0.00039953,0.024000001
,,,-0.00039952,0.023200001
,,,-0.00039951,0.024000001
,,,-0.0003995,0.024800001
,,,-0.00039949,0.024000001
,,,-0.00039948,0.023200001
,,,-0.00039947,0.024000001
,,,-0.00039946,0.024000001
,,,-0.00039945,0.023200001
,,,-0.00039944,0.024800001
,,,-0.00039943,0.024000001
,,,-0.00039942,0.022400001
,,,-0.00039941,0.024000001
,,,-0.0003994,0.024800001
,,,-0.00039939,0.024800001
,,,-0.00039938,0.024000001
,,,-0.00039937,0.024000001
,,,-0.00039936,0.023200001
,,,-0.00039935,0.023200001
,,,-0.00039934,0.024800001
,,,-0.00039933,0.024000001
,,,-0.00039932,0.024800001
,,,-0.00039931,0.024800001
,,,-0.0003993,0.023200001
,,,-0.00039929,0.024800001
,,,-0.00039928,0.023200001
,,,-0.00039927,0.024000001
,,,-0.00039926,0.024000001
,,,-0.00039925,0.024000001
,,,-0.00039924,0.024000001
,,,-0.00039923,0.024800001
,,,-0.00039922,0.024000001
,,,-0.00039921,0.024800001
,,,-0.0003992,0.024000001
,,,-0.00039919,0.024000001
,,,-0.00039918,0.024000001
,,,-0.00039917,0.024000001
,,,-0.00039916,0.022400001
,,,-0.00039915,0.022400001
,,,-0.00039914,0.024800001
,,,-0.00039913,0.024000001
,,,-0.00039912,0.024000001
,,,-0.00039911,0.024000001
,,,-0.0003991,0.025600002
,,,-0.00039909,0.023200001
,,,-0.00039908,0.024000001
,,,-0.00039907,0.024800001
,,,-0.00039906,0.024800001
,,,-0.00039905,0.022400001
,,,-0.00039904,0.023200001
,,,-0.00039903,0.024000001
,,,-0.00039902,0.024000001
,,,-0.00039901,0.023200001
,,,-0.000399,0.023200001
,,,-0.00039899,0.024000001
,,,-0.00039898,0.024800001
,,,-0.00039897,0.024000001
,,,-0.00039896,0.024800001
,,,-0.00039895,0.023200001
,,,-0.00039894,0.022400001
,,,-0.00039893,0.026400002
,,,-0.00039892,0.023200001
,,,-0.00039891,0.023200001
,,,-0.0003989,0.024000001
,,,-0.00039889,0.023200001
,,,-0.00039888,0.024000001
,,,-0.00039887,0.023200001
,,,-0.00039886,0.024000001
,,,-0.00039885,0.024000001
,,,-0.00039884,0.024000001
,,,-0.00039883,0.024000001
,,,-0.00039882,0.024800001
,,,-0.00039881,0.023200001
,,,-0.0003988,0.024000001
,,,-0.00039879,0.024000001
,,,-0.00039878,0.022400001
,,,-0.00039877,0.024000001
,,,-0.00039876,0.024800001
,,,-0.00039875,0.024800001
,,,-0.00039874,0.024800001
,,,-0.00039873,0.024000001
,,,-0.00039872,0.024000001
,,,-0.00039871,0.024000001
,,,-0.0003987,0.024000001
,,,-0.00039869,0.024000001
,,,-0.00039868,0.023200001
,,,-0.00039867,0.024000001
,,,-0.00039866,0.024800001
,,,-0.00039865,0.024800001
,,,-0.00039864,0.024000001
,,,-0.00039863,0.024000001
,,,-0.00039862,0.024800001
,,,-0.00039861,0.023200001
,,,-0.0003986,0.024000001
,,,-0.00039859,0.024000001
,,,-0.00039858,0.024000001
,,,-0.00039857,0.024000001
,,,-0.00039856,0.023200001
,,,-0.00039855,0.024000001
,,,-0.00039854,0.023200001
,,,-0.00039853,0.024800001
,,,-0.00039852,0.023200001
,,,-0.00039851,0.024000001
,,,-0.0003985,0.023200001
,,,-0.00039849,0.024800001
,,,-0.00039848,0.024800001
,,,-0.00039847,0.024800001
,,,-0.00039846,0.024000001
,,,-0.00039845,0.022400001
,,,-0.00039844,0.025600002
,,,-0.00039843,0.024800001
,,,-0.00039842,0.023200001
,,,-0.00039841,0.024800001
,,,-0.0003984,0.024800001
,,,-0.00039839,0.024000001
,,,-0.00039838,0.023200001
,,,-0.00039837,0.023200001
,,,-0.00039836,0.024800001
,,,-0.00039835,0.024000001
,,,-0.00039834,0.023200001
,,,-0.00039833,0.024000001
,,,-0.00039832,0.024800001
,,,-0.00039831,0.024000001
,,,-0.0003983,0.024800001
,,,-0.00039829,0.023200001
,,,-0.00039828,0.025600002
,,,-0.00039827,0.023200001
,,,-0.00039826,0.025600002
,,,-0.00039825,0.023200001
,,,-0.00039824,0.023200001
,,,-0.00039823,0.024000001
,,,-0.00039822,0.024800001
,,,-0.00039821,0.024800001
,,,-0.0003982,0.024000001
,,,-0.00039819,0.024000001
,,,-0.00039818,0.024800001
,,,-0.00039817,0.024000001
,,,-0.00039816,0.025600002
,,,-0.00039815,0.024800001
,,,-0.00039814,0.024800001
,,,-0.00039813,0.023200001
,,,-0.00039812,0.024000001
,,,-0.00039811,0.023200001
,,,-0.0003981,0.024800001
,,,-0.00039809,0.025600002
,,,-0.00039808,0.024000001
,,,-0.00039807,0.024000001
,,,-0.00039806,0.024000001
,,,-0.00039805,0.024800001
,,,-0.00039804,0.024800001
,,,-0.00039803,0.024800001
,,,-0.00039802,0.024000001
,,,-0.00039801,0.025600002
,,,-0.000398,0.024800001
,,,-0.00039799,0.024000001
,,,-0.00039798,0.024800001
,,,-0.00039797,0.024000001
,,,-0.00039796,0.024000001
,,,-0.00039795,0.025600002
,,,-0.00039794,0.024000001
,,,-0.00039793,0.024800001
,,,-0.00039792,0.024800001
,,,-0.00039791,0.024800001
,,,-0.0003979,0.024000001
,,,-0.00039789,0.023200001
,,,-0.00039788,0.024000001
,,,-0.00039787,0.023200001
,,,-0.00039786,0.024000001
,,,-0.00039785,0.024000001
,,,-0.00039784,0.024000001
,,,-0.00039783,0.023200001
,,,-0.00039782,0.024800001
,,,-0.00039781,0.022400001
,,,-0.0003978,0.024000001
,,,-0.00039779,0.022400001
,,,-0.00039778,0.023200001
,,,-0.00039777,0.022400001
,,,-0.00039776,0.023200001
,,,-0.00039775,0.024800001
,,,-0.00039774,0.023200001
,,,-0.00039773,0.024800001
,,,-0.00039772,0.023200001
,,,-0.00039771,0.023200001
,,,-0.0003977,0.023200001
,,,-0.00039769,0.024000001
,,,-0.00039768,0.024800001
,,,-0.00039767,0.023200001
,,,-0.00039766,0.025600002
,,,-0.00039765,0.024000001
,,,-0.00039764,0.024800001
,,,-0.00039763,0.024000001
,,,-0.00039762,0.024800001
,,,-0.00039761,0.025600002
,,,-0.0003976,0.022400001
,,,-0.00039759,0.022400001
,,,-0.00039758,0.022400001
,,,-0.00039757,0.024000001
,,,-0.00039756,0.023200001
,,,-0.00039755,0.024800001
,,,-0.00039754,0.023200001
,,,-0.00039753,0.025600002
,,,-0.00039752,0.024000001
,,,-0.00039751,0.025600002
,,,-0.0003975,0.024000001
,,,-0.00039749,0.024000001
,,,-0.00039748,0.025600002
,,,-0.00039747,0.024000001
,,,-0.00039746,0.024000001
,,,-0.00039745,0.023200001
,,,-0.00039744,0.024000001
,,,-0.00039743,0.024000001
,,,-0.00039742,0.024800001
,,,-0.00039741,0.024000001
,,,-0.0003974,0.024000001
,,,-0.00039739,0.024800001
,,,-0.00039738,0.024000001
,,,-0.00039737,0.024000001
,,,-0.00039736,0.024000001
,,,-0.00039735,0.024000001
,,,-0.00039734,0.024800001
,,,-0.00039733,0.025600002
,,,-0.00039732,0.024000001
,,,-0.00039731,0.025600002
,,,-0.0003973,0.024000001
,,,-0.00039729,0.024000001
,,,-0.00039728,0.024800001
,,,-0.00039727,0.024000001
,,,-0.00039726,0.024000001
,,,-0.00039725,0.024800001
,,,-0.00039724,0.025600002
,,,-0.00039723,0.024000001
,,,-0.00039722,0.025600002
,,,-0.00039721,0.024000001
,,,-0.0003972,0.023200001
,,,-0.00039719,0.024800001
,,,-0.00039718,0.023200001
,,,-0.00039717,0.024000001
,,,-0.00039716,0.024800001
,,,-0.00039715,0.024800001
,,,-0.00039714,0.024800001
,,,-0.00039713,0.024000001
,,,-0.00039712,0.023200001
,,,-0.00039711,0.025600002
,,,-0.0003971,0.023200001
,,,-0.00039709,0.024000001
,,,-0.00039708,0.021600001
,,,-0.00039707,0.024800001
,,,-0.00039706,0.024800001
,,,-0.00039705,0.024800001
,,,-0.00039704,0.024000001
,,,-0.00039703,0.023200001
,,,-0.00039702,0.023200001
,,,-0.00039701,0.024800001
,,,-0.000397,0.024000001
,,,-0.00039699,0.021600001
,,,-0.00039698,0.025600002
,,,-0.00039697,0.023200001
,,,-0.00039696,0.025600002
,,,-0.00039695,0.024000001
,,,-0.00039694,0.025600002
,,,-0.00039693,0.024000001
,,,-0.00039692,0.024000001
,,,-0.00039691,0.024000001
,,,-0.0003969,0.024800001
,,,-0.00039689,0.024800001
,,,-0.00039688,0.024800001
,,,-0.00039687,0.023200001
,,,-0.00039686,0.024800001
,,,-0.00039685,0.024800001
,,,-0.00039684,0.024800001
,,,-0.00039683,0.024800001
,,,-0.00039682,0.024000001
,,,-0.00039681,0.022400001
,,,-0.0003968,0.024000001
,,,-0.00039679,0.024000001
,,,-0.00039678,0.025600002
,,,-0.00039677,0.025600002
,,,-0.00039676,0.024000001
,,,-0.00039675,0.024800001
,,,-0.00039674,0.024800001
,,,-0.00039673,0.024000001
,,,-0.00039672,0.024800001
,,,-0.00039671,0.024000001
,,,-0.0003967,0.026400002
,,,-0.00039669,0.022400001
,,,-0.00039668,0.024800001
,,,-0.00039667,0.024000001
,,,-0.00039666,0.024800001
,,,-0.00039665,0.024000001
,,,-0.00039664,0.023200001
,,,-0.00039663,0.023200001
,,,-0.00039662,0.023200001
,,,-0.00039661,0.024800001
,,,-0.0003966,0.025600002
,,,-0.00039659,0.025600002
,,,-0.00039658,0.025600002
,,,-0.00039657,0.024000001
,,,-0.00039656,0.024800001
,,,-0.00039655,0.024000001
,,,-0.00039654,0.024800001
,,,-0.00039653,0.023200001
,,,-0.00039652,0.024000001
,,,-0.00039651,0.023200001
,,,-0.0003965,0.024800001
,,,-0.00039649,0.024800001
,,,-0.00039648,0.024000001
,,,-0.00039647,0.024800001
,,,-0.00039646,0.024800001
,,,-0.00039645,0.024000001
,,,-0.00039644,0.024000001
,,,-0.00039643,0.025600002
,,,-0.00039642,0.024000001
,,,-0.00039641,0.023200001
,,,-0.0003964,0.024000001
,,,-0.00039639,0.024000001
,,,-0.00039638,0.024000001
,,,-0.00039637,0.024000001
,,,-0.00039636,0.024000001
,,,-0.00039635,0.024800001
,,,-0.00039634,0.024800001
,,,-0.00039633,0.024000001
,,,-0.00039632,0.025600002
,,,-0.00039631,0.025600002
,,,-0.0003963,0.024000001
,,,-0.00039629,0.025600002
,,,-0.00039628,0.024800001
,,,-0.00039627,0.024000001
,,,-0.00039626,0.024000001
,,,-0.00039625,0.024000001
,,,-0.00039624,0.023200001
,,,-0.00039623,0.024000001
,,,-0.00039622,0.024000001
,,,-0.00039621,0.023200001
,,,-0.0003962,0.024000001
,,,-0.00039619,0.025600002
,,,-0.00039618,0.024000001
,,,-0.00039617,0.024800001
,,,-0.00039616,0.024800001
,,,-0.00039615,0.024800001
,,,-0.00039614,0.023200001
,,,-0.00039613,0.024000001
,,,-0.00039612,0.024000001
,,,-0.00039611,0.024800001
,,,-0.0003961,0.024800001
,,,-0.00039609,0.023200001
,,,-0.00039608,0.024000001
,,,-0.00039607,0.024000001
,,,-0.00039606,0.023200001
,,,-0.00039605,0.024800001
,,,-0.00039604,0.024800001
,,,-0.00039603,0.023200001
,,,-0.00039602,0.027200002
,,,-0.00039601,0.024000001
,,,-0.000396,0.024800001
,,,-0.00039599,0.024800001
,,,-0.00039598,0.023200001
,,,-0.00039597,0.024000001
,,,-0.00039596,0.024800001
,,,-0.00039595,0.024000001
,,,-0.00039594,0.024800001
,,,-0.00039593,0.025600002
,,,-0.00039592,0.024000001
,,,-0.00039591,0.024800001
,,,-0.0003959,0.024000001
,,,-0.00039589,0.023200001
,,,-0.00039588,0.024800001
,,,-0.00039587,0.024000001
,,,-0.00039586,0.024000001
,,,-0.00039585,0.025600002
,,,-0.00039584,0.024000001
,,,-0.00039583,0.024000001
,,,-0.00039582,0.023200001
,,,-0.00039581,0.024000001
,,,-0.0003958,0.023200001
,,,-0.00039579,0.024000001
,,,-0.00039578,0.024000001
,,,-0.00039577,0.024000001
,,,-0.00039576,0.024000001
,,,-0.00039575,0.024000001
,,,-0.00039574,0.024000001
,,,-0.00039573,0.024800001
,,,-0.00039572,0.024000001
,,,-0.00039571,0.025600002
,,,-0.0003957,0.023200001
,,,-0.00039569,0.024000001
,,,-0.00039568,0.024800001
,,,-0.00039567,0.024000001
,,,-0.00039566,0.024000001
,,,-0.00039565,0.025600002
,,,-0.00039564,0.023200001
,,,-0.00039563,0.024800001
,,,-0.00039562,0.025600002
,,,-0.00039561,0.024000001
,,,-0.0003956,0.024000001
,,,-0.00039559,0.024000001
,,,-0.00039558,0.024000001
,,,-0.00039557,0.024000001
,,,-0.00039556,0.024000001
,,,-0.00039555,0.024000001
,,,-0.00039554,0.024000001
,,,-0.00039553,0.024000001
,,,-0.00039552,0.023200001
,,,-0.00039551,0.024000001
,,,-0.0003955,0.024000001
,,,-0.00039549,0.024000001
,,,-0.00039548,0.024800001
,,,-0.00039547,0.024000001
,,,-0.00039546,0.024000001
,,,-0.00039545,0.024000001
,,,-0.00039544,0.024800001
,,,-0.00039543,0.023200001
,,,-0.00039542,0.021600001
,,,-0.00039541,0.023200001
,,,-0.0003954,0.024000001
,,,-0.00039539,0.024800001
,,,-0.00039538,0.024000001
,,,-0.00039537,0.024000001
,,,-0.00039536,0.023200001
,,,-0.00039535,0.024000001
,,,-0.00039534,0.026400002
,,,-0.00039533,0.024000001
,,,-0.00039532,0.024800001
,,,-0.00039531,0.024000001
,,,-0.0003953,0.023200001
,,,-0.00039529,0.024000001
,,,-0.00039528,0.023200001
,,,-0.00039527,0.024800001
,,,-0.00039526,0.024000001
,,,-0.00039525,0.024000001
,,,-0.00039524,0.024000001
,,,-0.00039523,0.024000001
,,,-0.00039522,0.023200001
,,,-0.00039521,0.024000001
,,,-0.0003952,0.024000001
,,,-0.00039519,0.026400002
,,,-0.00039518,0.025600002
,,,-0.00039517,0.022400001
,,,-0.00039516,0.023200001
,,,-0.00039515,0.024000001
,,,-0.00039514,0.024800001
,,,-0.00039513,0.023200001
,,,-0.00039512,0.023200001
,,,-0.00039511,0.024000001
,,,-0.0003951,0.024000001
,,,-0.00039509,0.024800001
,,,-0.00039508,0.022400001
,,,-0.00039507,0.024000001
,,,-0.00039506,0.024000001
,,,-0.00039505,0.024000001
,,,-0.00039504,0.022400001
,,,-0.00039503,0.024000001
,,,-0.00039502,0.025600002
,,,-0.00039501,0.024000001
,,,-0.000395,0.024000001
,,,-0.00039499,0.024800001
,,,-0.00039498,0.025600002
,,,-0.00039497,0.024800001
,,,-0.00039496,0.024000001
,,,-0.00039495,0.024000001
,,,-0.00039494,0.024000001
,,,-0.00039493,0.024000001
,,,-0.00039492,0.024800001
,,,-0.00039491,0.025600002
,,,-0.0003949,0.024800001
,,,-0.00039489,0.024000001
,,,-0.00039488,0.024000001
,,,-0.00039487,0.024000001
,,,-0.00039486,0.024000001
,,,-0.00039485,0.024000001
,,,-0.00039484,0.025600002
,,,-0.00039483,0.024000001
,,,-0.00039482,0.024000001
,,,-0.00039481,0.024800001
,,,-0.0003948,0.024000001
,,,-0.00039479,0.024000001
,,,-0.00039478,0.025600002
,,,-0.00039477,0.024000001
,,,-0.00039476,0.023200001
,,,-0.00039475,0.023200001
,,,-0.00039474,0.024000001
,,,-0.00039473,0.024800001
,,,-0.00039472,0.024000001
,,,-0.00039471,0.024000001
,,,-0.0003947,0.023200001
,,,-0.00039469,0.025600002
,,,-0.00039468,0.024000001
,,,-0.00039467,0.025600002
,,,-0.00039466,0.024800001
,,,-0.00039465,0.023200001
,,,-0.00039464,0.024800001
,,,-0.00039463,0.024000001
,,,-0.00039462,0.024800001
,,,-0.00039461,0.024000001
,,,-0.0003946,0.023200001
,,,-0.00039459,0.024800001
,,,-0.00039458,0.025600002
,,,-0.00039457,0.024000001
,,,-0.00039456,0.024000001
,,,-0.00039455,0.024800001
,,,-0.00039454,0.024000001
,,,-0.00039453,0.024800001
,,,-0.00039452,0.025600002
,,,-0.00039451,0.024000001
,,,-0.0003945,0.023200001
,,,-0.00039449,0.025600002
,,,-0.00039448,0.025600002
,,,-0.00039447,0.023200001
,,,-0.00039446,0.024000001
,,,-0.00039445,0.023200001
,,,-0.00039444,0.024000001
,,,-0.00039443,0.023200001
,,,-0.00039442,0.024000001
,,,-0.00039441,0.024000001
,,,-0.0003944,0.024800001
,,,-0.00039439,0.023200001
,,,-0.00039438,0.024000001
,,,-0.00039437,0.023200001
,,,-0.00039436,0.024800001
,,,-0.00039435,0.024800001
,,,-0.00039434,0.025600002
,,,-0.00039433,0.024000001
,,,-0.00039432,0.025600002
,,,-0.00039431,0.023200001
,,,-0.0003943,0.024000001
,,,-0.00039429,0.024800001
,,,-0.00039428,0.024000001
,,,-0.00039427,0.023200001
,,,-0.00039426,0.024000001
,,,-0.00039425,0.024000001
,,,-0.00039424,0.025600002
,,,-0.00039423,0.024000001
,,,-0.00039422,0.024000001
,,,-0.00039421,0.024800001
,,,-0.0003942,0.026400002
,,,-0.00039419,0.024000001
,,,-0.00039418,0.024000001
,,,-0.00039417,0.024000001
,,,-0.00039416,0.025600002
,,,-0.00039415,0.023200001
,,,-0.00039414,0.024800001
,,,-0.00039413,0.024800001
,,,-0.00039412,0.024800001
,,,-0.00039411,0.024000001
,,,-0.0003941,0.024000001
,,,-0.00039409,0.024000001
,,,-0.00039408,0.024000001
,,,-0.00039407,0.023200001
,,,-0.00039406,0.023200001
,,,-0.00039405,0.024800001
,,,-0.00039404,0.025600002
,,,-0.00039403,0.026400002
,,,-0.00039402,0.024000001
,,,-0.00039401,0.025600002
,,,-0.000394,0.024800001
,,,-0.00039399,0.024800001
,,,-0.00039398,0.024000001
,,,-0.00039397,0.024800001
,,,-0.00039396,0.024000001
,,,-0.00039395,0.023200001
,,,-0.00039394,0.024800001
,,,-0.00039393,0.026400002
,,,-0.00039392,0.024800001
,,,-0.00039391,0.023200001
,,,-0.0003939,0.024000001
,,,-0.00039389,0.024800001
,,,-0.00039388,0.024000001
,,,-0.00039387,0.024000001
,,,-0.00039386,0.024000001
,,,-0.00039385,0.023200001
,,,-0.00039384,0.023200001
,,,-0.00039383,0.025600002
,,,-0.00039382,0.024000001
,,,-0.00039381,0.024000001
,,,-0.0003938,0.024000001
,,,-0.00039379,0.023200001
,,,-0.00039378,0.024800001
,,,-0.00039377,0.024000001
,,,-0.00039376,0.025600002
,,,-0.00039375,0.024000001
,,,-0.00039374,0.024800001
,,,-0.00039373,0.022400001
,,,-0.00039372,0.024800001
,,,-0.00039371,0.022400001
,,,-0.0003937,0.024000001
,,,-0.00039369,0.024800001
,,,-0.00039368,0.024800001
,,,-0.00039367,0.024800001
,,,-0.00039366,0.023200001
,,,-0.00039365,0.025600002
,,,-0.00039364,0.024800001
,,,-0.00039363,0.024000001
,,,-0.00039362,0.024800001
,,,-0.00039361,0.026400002
,,,-0.0003936,0.024000001
,,,-0.00039359,0.023200001
,,,-0.00039358,0.024000001
,,,-0.00039357,0.024000001
,,,-0.00039356,0.024000001
,,,-0.00039355,0.024000001
,,,-0.00039354,0.024000001
,,,-0.00039353,0.024800001
,,,-0.00039352,0.024800001
,,,-0.00039351,0.024000001
,,,-0.0003935,0.024800001
,,,-0.00039349,0.024000001
,,,-0.00039348,0.024000001
,,,-0.00039347,0.024000001
,,,-0.00039346,0.024000001
,,,-0.00039345,0.024800001
,,,-0.00039344,0.024800001
,,,-0.00039343,0.022400001
,,,-0.00039342,0.024000001
,,,-0.00039341,0.024000001
,,,-0.0003934,0.024800001
,,,-0.00039339,0.024800001
,,,-0.00039338,0.024000001
,,,-0.00039337,0.025600002
,,,-0.00039336,0.024800001
,,,-0.00039335,0.022400001
,,,-0.00039334,0.024000001
,,,-0.00039333,0.026400002
,,,-0.00039332,0.024800001
,,,-0.00039331,0.022400001
,,,-0.0003933,0.024000001
,,,-0.00039329,0.024000001
,,,-0.00039328,0.024000001
,,,-0.00039327,0.024800001
,,,-0.00039326,0.025600002
,,,-0.00039325,0.023200001
,,,-0.00039324,0.024000001
,,,-0.00039323,0.024000001
,,,-0.00039322,0.024000001
,,,-0.00039321,0.024800001
,,,-0.0003932,0.025600002
,,,-0.00039319,0.024800001
,,,-0.00039318,0.024000001
,,,-0.00039317,0.024800001
,,,-0.00039316,0.024800001
,,,-0.00039315,0.024000001
,,,-0.00039314,0.025600002
,,,-0.00039313,0.025600002
,,,-0.00039312,0.024800001
,,,-0.00039311,0.024800001
,,,-0.0003931,0.023200001
,,,-0.00039309,0.023200001
,,,-0.00039308,0.024000001
,,,-0.00039307,0.024000001
,,,-0.00039306,0.024800001
,,,-0.00039305,0.023200001
,,,-0.00039304,0.024800001
,,,-0.00039303,0.025600002
,,,-0.00039302,0.024000001
,,,-0.00039301,0.024000001
,,,-0.000393,0.024000001
,,,-0.00039299,0.024800001
,,,-0.00039298,0.024000001
,,,-0.00039297,0.024800001
,,,-0.00039296,0.024000001
,,,-0.00039295,0.024800001
,,,-0.00039294,0.024000001
,,,-0.00039293,0.022400001
,,,-0.00039292,0.024000001
,,,-0.00039291,0.024000001
,,,-0.0003929,0.024000001
,,,-0.00039289,0.024800001
,,,-0.00039288,0.024000001
,,,-0.00039287,0.024800001
,,,-0.00039286,0.023200001
,,,-0.00039285,0.024800001
,,,-0.00039284,0.024000001
,,,-0.00039283,0.024800001
,,,-0.00039282,0.024800001
,,,-0.00039281,0.024000001
,,,-0.0003928,0.024800001
,,,-0.00039279,0.024000001
,,,-0.00039278,0.025600002
,,,-0.00039277,0.024000001
,,,-0.00039276,0.024800001
,,,-0.00039275,0.025600002
,,,-0.00039274,0.022400001
,,,-0.00039273,0.024000001
,,,-0.00039272,0.025600002
,,,-0.00039271,0.024000001
,,,-0.0003927,0.024000001
,,,-0.00039269,0.024000001
,,,-0.00039268,0.025600002
,,,-0.00039267,0.022400001
,,,-0.00039266,0.024000001
,,,-0.00039265,0.023200001
,,,-0.00039264,0.024800001
,,,-0.00039263,0.024000001
,,,-0.00039262,0.022400001
,,,-0.00039261,0.025600002
,,,-0.0003926,0.024800001
,,,-0.00039259,0.024800001
,,,-0.00039258,0.023200001
,,,-0.00039257,0.024800001
,,,-0.00039256,0.024800001
,,,-0.00039255,0.025600002
,,,-0.00039254,0.023200001
,,,-0.00039253,0.024000001
,,,-0.00039252,0.024000001
,,,-0.00039251,0.024000001
,,,-0.0003925,0.024000001
,,,-0.00039249,0.024000001
,,,-0.00039248,0.024000001
,,,-0.00039247,0.024000001
,,,-0.00039246,0.024800001
,,,-0.00039245,0.024000001
,,,-0.00039244,0.024000001
,,,-0.00039243,0.024000001
,,,-0.00039242,0.025600002
,,,-0.00039241,0.024800001
,,,-0.0003924,0.024000001
,,,-0.00039239,0.025600002
,,,-0.00039238,0.023200001
,,,-0.00039237,0.024000001
,,,-0.00039236,0.025600002
,,,-0.00039235,0.024000001
,,,-0.00039234,0.024000001
,,,-0.00039233,0.024000001
,,,-0.00039232,0.027200002
,,,-0.00039231,0.024000001
,,,-0.0003923,0.024000001
,,,-0.00039229,0.023200001
,,,-0.00039228,0.024800001
,,,-0.00039227,0.024800001
,,,-0.00039226,0.025600002
,,,-0.00039225,0.024800001
,,,-0.00039224,0.024800001
,,,-0.00039223,0.024000001
,,,-0.00039222,0.024800001
,,,-0.00039221,0.024000001
,,,-0.0003922,0.024000001
,,,-0.00039219,0.024800001
,,,-0.00039218,0.024000001
,,,-0.00039217,0.024800001
,,,-0.00039216,0.024800001
,,,-0.00039215,0.026400002
,,,-0.00039214,0.023200001
,,,-0.00039213,0.024000001
,,,-0.00039212,0.023200001
,,,-0.00039211,0.024800001
,,,-0.0003921,0.024000001
,,,-0.00039209,0.024000001
,,,-0.00039208,0.024800001
,,,-0.00039207,0.024000001
,,,-0.00039206,0.024000001
,,,-0.00039205,0.024000001
,,,-0.00039204,0.024000001
,,,-0.00039203,0.024800001
,,,-0.00039202,0.023200001
,,,-0.00039201,0.024000001
,,,-0.000392,0.024000001
,,,-0.00039199,0.024800001
,,,-0.00039198,0.024000001
,,,-0.00039197,0.023200001
,,,-0.00039196,0.023200001
,,,-0.00039195,0.025600002
,,,-0.00039194,0.025600002
,,,-0.00039193,0.024000001
,,,-0.00039192,0.024800001
,,,-0.00039191,0.023200001
,,,-0.0003919,0.023200001
,,,-0.00039189,0.024800001
,,,-0.00039188,0.027200002
,,,-0.00039187,0.024800001
,,,-0.00039186,0.024800001
,,,-0.00039185,0.024000001
,,,-0.00039184,0.024000001
,,,-0.00039183,0.024000001
,,,-0.00039182,0.024000001
,,,-0.00039181,0.024000001
,,,-0.0003918,0.024800001
,,,-0.00039179,0.024800001
,,,-0.00039178,0.024000001
,,,-0.00039177,0.024000001
,,,-0.00039176,0.024000001
,,,-0.00039175,0.024800001
,,,-0.00039174,0.024800001
,,,-0.00039173,0.024800001
,,,-0.00039172,0.024000001
,,,-0.00039171,0.024000001
,,,-0.0003917,0.024000001
,,,-0.00039169,0.024000001
,,,-0.00039168,0.024000001
,,,-0.00039167,0.024000001
,,,-0.00039166,0.024800001
,,,-0.00039165,0.024000001
,,,-0.00039164,0.024800001
,,,-0.00039163,0.023200001
,,,-0.00039162,0.024800001
,,,-0.00039161,0.024000001
,,,-0.0003916,0.023200001
,,,-0.00039159,0.024000001
,,,-0.00039158,0.024000001
,,,-0.00039157,0.024000001
,,,-0.00039156,0.024000001
,,,-0.00039155,0.024000001
,,,-0.00039154,0.023200001
,,,-0.00039153,0.024000001
,,,-0.00039152,0.024000001
,,,-0.00039151,0.024000001
,,,-0.0003915,0.023200001
,,,-0.00039149,0.022400001
,,,-0.00039148,0.024000001
,,,-0.00039147,0.024800001
,,,-0.00039146,0.025600002
,,,-0.00039145,0.024800001
,,,-0.00039144,0.024000001
,,,-0.00039143,0.024000001
,,,-0.00039142,0.024000001
,,,-0.00039141,0.024000001
,,,-0.0003914,0.024000001
,,,-0.00039139,0.022400001
,,,-0.00039138,0.024000001
,,,-0.00039137,0.024000001
,,,-0.00039136,0.024000001
,,,-0.00039135,0.024000001
,,,-0.00039134,0.024000001
,,,-0.00039133,0.025600002
,,,-0.00039132,0.024800001
,,,-0.00039131,0.025600002
,,,-0.0003913,0.024000001
,,,-0.00039129,0.024000001
,,,-0.00039128,0.024000001
,,,-0.00039127,0.024000001
,,,-0.00039126,0.024000001
,,,-0.00039125,0.025600002
,,,-0.00039124,0.024000001
,,,-0.00039123,0.024000001
,,,-0.00039122,0.024000001
,,,-0.00039121,0.024000001
,,,-0.0003912,0.024000001
,,,-0.00039119,0.024000001
,,,-0.00039118,0.024000001
,,,-0.00039117,0.023200001
,,,-0.00039116,0.023200001
,,,-0.00039115,0.024000001
,,,-0.00039114,0.024000001
,,,-0.00039113,0.024000001
,,,-0.00039112,0.024000001
,,,-0.00039111,0.024000001
,,,-0.0003911,0.023200001
,,,-0.00039109,0.022400001
,,,-0.00039108,0.023200001
,,,-0.00039107,0.025600002
,,,-0.00039106,0.024800001
,,,-0.00039105,0.024000001
,,,-0.00039104,0.026400002
,,,-0.00039103,0.024000001
,,,-0.00039102,0.024000001
,,,-0.00039101,0.023200001
,,,-0.000391,0.023200001
,,,-0.00039099,0.026400002
,,,-0.00039098,0.024000001
,,,-0.00039097,0.024800001
,,,-0.00039096,0.024000001
,,,-0.00039095,0.024000001
,,,-0.00039094,0.023200001
,,,-0.00039093,0.024800001
,,,-0.00039092,0.023200001
,,,-0.00039091,0.023200001
,,,-0.0003909,0.024800001
,,,-0.00039089,0.024000001
,,,-0.00039088,0.023200001
,,,-0.00039087,0.025600002
,,,-0.00039086,0.024000001
,,,-0.00039085,0.024000001
,,,-0.00039084,0.024800001
,,,-0.00039083,0.024800001
,,,-0.00039082,0.024000001
,,,-0.00039081,0.024800001
,,,-0.0003908,0.027200002
,,,-0.00039079,0.024000001
,,,-0.00039078,0.024000001
,,,-0.00039077,0.024000001
,,,-0.00039076,0.024000001
,,,-0.00039075,0.024000001
,,,-0.00039074,0.024000001
,,,-0.00039073,0.024000001
,,,-0.00039072,0.024000001
,,,-0.00039071,0.024000001
,,,-0.0003907,0.023200001
,,,-0.00039069,0.024000001
,,,-0.00039068,0.024000001
,,,-0.00039067,0.023200001
,,,-0.00039066,0.023200001
,,,-0.00039065,0.023200001
,,,-0.00039064,0.024800001
,,,-0.00039063,0.024000001
,,,-0.00039062,0.024800001
,,,-0.00039061,0.026400002
,,,-0.0003906,0.025600002
,,,-0.00039059,0.024000001
,,,-0.00039058,0.025600002
,,,-0.00039057,0.021600001
,,,-0.00039056,0.024000001
,,,-0.00039055,0.024800001
,,,-0.00039054,0.024000001
,,,-0.00039053,0.024000001
,,,-0.00039052,0.024800001
,,,-0.00039051,0.023200001
,,,-0.0003905,0.024800001
,,,-0.00039049,0.024800001
,,,-0.00039048,0.024000001
,,,-0.00039047,0.023200001
,,,-0.00039046,0.024000001
,,,-0.00039045,0.024800001
,,,-0.00039044,0.024000001
,,,-0.00039043,0.024000001
,,,-0.00039042,0.024000001
,,,-0.00039041,0.024800001
,,,-0.0003904,0.024000001
,,,-0.00039039,0.021600001
,,,-0.00039038,0.024000001
,,,-0.00039037,0.024000001
,,,-0.00039036,0.025600002
,,,-0.00039035,0.025600002
,,,-0.00039034,0.024000001
,,,-0.00039033,0.024800001
,,,-0.00039032,0.024000001
,,,-0.00039031,0.024000001
,,,-0.0003903,0.024000001
,,,-0.00039029,0.024000001
,,,-0.00039028,0.024000001
,,,-0.00039027,0.024000001
,,,-0.00039026,0.024800001
,,,-0.00039025,0.024000001
,,,-0.00039024,0.022400001
,,,-0.00039023,0.024800001
,,,-0.00039022,0.025600002
,,,-0.00039021,0.024000001
,,,-0.0003902,0.024800001
,,,-0.00039019,0.024800001
,,,-0.00039018,0.025600002
,,,-0.00039017,0.024000001
,,,-0.00039016,0.024000001
,,,-0.00039015,0.024800001
,,,-0.00039014,0.022400001
,,,-0.00039013,0.024800001
,,,-0.00039012,0.024000001
,,,-0.00039011,0.024000001
,,,-0.0003901,0.021600001
,,,-0.00039009,0.025600002
,,,-0.00039008,0.024000001
,,,-0.00039007,0.023200001
,,,-0.00039006,0.024000001
,,,-0.00039005,0.025600002
,,,-0.00039004,0.024000001
,,,-0.00039003,0.023200001
,,,-0.00039002,0.024000001
,,,-0.00039001,0.023200001
,,,-0.00039,0.023200001
,,,-0.00038999,0.024800001
,,,-0.00038998,0.022400001
,,,-0.00038997,0.024000001
,,,-0.00038996,0.024800001
,,,-0.00038995,0.024000001
,,,-0.00038994,0.024800001
,,,-0.00038993,0.024800001
,,,-0.00038992,0.024000001
,,,-0.00038991,0.024000001
,,,-0.0003899,0.022400001
,,,-0.00038989,0.024000001
,,,-0.00038988,0.024000001
,,,-0.00038987,0.024800001
,,,-0.00038986,0.022400001
,,,-0.00038985,0.023200001
,,,-0.00038984,0.024000001
,,,-0.00038983,0.024000001
,,,-0.00038982,0.024800001
,,,-0.00038981,0.024000001
,,,-0.0003898,0.024000001
,,,-0.00038979,0.024000001
,,,-0.00038978,0.024000001
,,,-0.00038977,0.024000001
,,,-0.00038976,0.024000001
,,,-0.00038975,0.023200001
,,,-0.00038974,0.025600002
,,,-0.00038973,0.024000001
,,,-0.00038972,0.024800001
,,,-0.00038971,0.023200001
,,,-0.0003897,0.024000001
,,,-0.00038969,0.024000001
,,,-0.00038968,0.023200001
,,,-0.00038967,0.024800001
,,,-0.00038966,0.025600002
,,,-0.00038965,0.024800001
,,,-0.00038964,0.023200001
,,,-0.00038963,0.024000001
,,,-0.00038962,0.024000001
,,,-0.00038961,0.023200001
,,,-0.0003896,0.024800001
,,,-0.00038959,0.023200001
,,,-0.00038958,0.024000001
,,,-0.00038957,0.024000001
,,,-0.00038956,0.024000001
,,,-0.00038955,0.024000001
,,,-0.00038954,0.024000001
,,,-0.00038953,0.022400001
,,,-0.00038952,0.023200001
,,,-0.00038951,0.023200001
,,,-0.0003895,0.024800001
,,,-0.00038949,0.024800001
,,,-0.00038948,0.024000001
,,,-0.00038947,0.024800001
,,,-0.00038946,0.024000001
,,,-0.00038945,0.024000001
,,,-0.00038944,0.023200001
,,,-0.00038943,0.024000001
,,,-0.00038942,0.024800001
,,,-0.00038941,0.024000001
,,,-0.0003894,0.024800001
,,,-0.00038939,0.025600002
,,,-0.00038938,0.024800001
,,,-0.00038937,0.023200001
,,,-0.00038936,0.024000001
,,,-0.00038935,0.024000001
,,,-0.00038934,0.024000001
,,,-0.00038933,0.024800001
,,,-0.00038932,0.024000001
,,,-0.00038931,0.024000001
,,,-0.0003893,0.025600002
,,,-0.00038929,0.024000001
,,,-0.00038928,0.024000001
,,,-0.00038927,0.023200001
,,,-0.00038926,0.024000001
,,,-0.00038925,0.024800001
,,,-0.00038924,0.024000001
,,,-0.00038923,0.024000001
,,,-0.00038922,0.024800001
,,,-0.00038921,0.022400001
,,,-0.0003892,0.024000001
,,,-0.00038919,0.024000001
,,,-0.00038918,0.024800001
,,,-0.00038917,0.024800001
,,,-0.00038916,0.024000001
,,,-0.00038915,0.024000001
,,,-0.00038914,0.024000001
,,,-0.00038913,0.022400001
,,,-0.00038912,0.024000001
,,,-0.00038911,0.023200001
,,,-0.0003891,0.023200001
,,,-0.00038909,0.024000001
,,,-0.00038908,0.024800001
,,,-0.00038907,0.023200001
,,,-0.00038906,0.024000001
,,,-0.00038905,0.024000001
,,,-0.00038904,0.023200001
,,,-0.00038903,0.024000001
,,,-0.00038902,0.024800001
,,,-0.00038901,0.024000001
,,,-0.000389,0.025600002
,,,-0.00038899,0.023200001
,,,-0.00038898,0.024000001
,,,-0.00038897,0.024800001
,,,-0.00038896,0.024800001
,,,-0.00038895,0.024000001
,,,-0.00038894,0.024000001
,,,-0.00038893,0.024000001
,,,-0.00038892,0.024800001
,,,-0.00038891,0.024000001
,,,-0.0003889,0.024800001
,,,-0.00038889,0.024000001
,,,-0.00038888,0.024000001
,,,-0.00038887,0.024000001
,,,-0.00038886,0.024800001
,,,-0.00038885,0.024800001
,,,-0.00038884,0.024000001
,,,-0.00038883,0.024800001
,,,-0.00038882,0.024800001
,,,-0.00038881,0.024800001
,,,-0.0003888,0.024000001
,,,-0.00038879,0.024000001
,,,-0.00038878,0.024800001
,,,-0.00038877,0.023200001
,,,-0.00038876,0.024000001
,,,-0.00038875,0.024800001
,,,-0.00038874,0.024800001
,,,-0.00038873,0.024000001
,,,-0.00038872,0.024000001
,,,-0.00038871,0.024000001
,,,-0.0003887,0.024800001
,,,-0.00038869,0.024000001
,,,-0.00038868,0.023200001
,,,-0.00038867,0.024800001
,,,-0.00038866,0.024800001
,,,-0.00038865,0.024800001
,,,-0.00038864,0.023200001
,,,-0.00038863,0.024000001
,,,-0.00038862,0.024000001
,,,-0.00038861,0.024800001
,,,-0.0003886,0.024800001
,,,-0.00038859,0.024000001
,,,-0.00038858,0.026400002
,,,-0.00038857,0.024000001
,,,-0.00038856,0.024000001
,,,-0.00038855,0.024000001
,,,-0.00038854,0.024000001
,,,-0.00038853,0.024800001
,,,-0.00038852,0.024800001
,,,-0.00038851,0.024000001
,,,-0.0003885,0.024800001
,,,-0.00038849,0.024800001
,,,-0.00038848,0.024800001
,,,-0.00038847,0.023200001
,,,-0.00038846,0.024800001
,,,-0.00038845,0.023200001
,,,-0.00038844,0.025600002
,,,-0.00038843,0.024800001
,,,-0.00038842,0.025600002
,,,-0.00038841,0.023200001
,,,-0.0003884,0.024000001
,,,-0.00038839,0.023200001
,,,-0.00038838,0.023200001
,,,-0.00038837,0.025600002
,,,-0.00038836,0.024000001
,,,-0.00038835,0.024000001
,,,-0.00038834,0.024000001
,,,-0.00038833,0.024000001
,,,-0.00038832,0.023200001
,,,-0.00038831,0.024000001
,,,-0.0003883,0.024800001
,,,-0.00038829,0.024800001
,,,-0.00038828,0.025600002
,,,-0.00038827,0.024000001
,,,-0.00038826,0.024000001
,,,-0.00038825,0.024800001
,,,-0.00038824,0.024000001
,,,-0.00038823,0.024000001
,,,-0.00038822,0.024800001
,,,-0.00038821,0.023200001
,,,-0.0003882,0.024000001
,,,-0.00038819,0.024000001
,,,-0.00038818,0.024800001
,,,-0.00038817,0.025600002
,,,-0.00038816,0.025600002
,,,-0.00038815,0.024000001
,,,-0.00038814,0.024800001
,,,-0.00038813,0.024000001
,,,-0.00038812,0.024800001
,,,-0.00038811,0.024000001
,,,-0.0003881,0.024000001
,,,-0.00038809,0.024000001
,,,-0.00038808,0.024000001
,,,-0.00038807,0.025600002
,,,-0.00038806,0.022400001
,,,-0.00038805,0.024000001
,,,-0.00038804,0.024800001
,,,-0.00038803,0.023200001
,,,-0.00038802,0.025600002
,,,-0.00038801,0.024800001
,,,-0.000388,0.024000001
,,,-0.00038799,0.024000001
,,,-0.00038798,0.024800001
,,,-0.00038797,0.024000001
,,,-0.00038796,0.024800001
,,,-0.00038795,0.024000001
,,,-0.00038794,0.024000001
,,,-0.00038793,0.024000001
,,,-0.00038792,0.024000001
,,,-0.00038791,0.024000001
,,,-0.0003879,0.024800001
,,,-0.00038789,0.024000001
,,,-0.00038788,0.024000001
,,,-0.00038787,0.024000001
,,,-0.00038786,0.025600002
,,,-0.00038785,0.024000001
,,,-0.00038784,0.024800001
,,,-0.00038783,0.025600002
,,,-0.00038782,0.024800001
,,,-0.00038781,0.026400002
,,,-0.0003878,0.025600002
,,,-0.00038779,0.023200001
,,,-0.00038778,0.025600002
,,,-0.00038777,0.023200001
,,,-0.00038776,0.024800001
,,,-0.00038775,0.024000001
,,,-0.00038774,0.024800001
,,,-0.00038773,0.025600002
,,,-0.00038772,0.023200001
,,,-0.00038771,0.024000001
,,,-0.0003877,0.024000001
,,,-0.00038769,0.023200001
,,,-0.00038768,0.025600002
,,,-0.00038767,0.022400001
,,,-0.00038766,0.023200001
,,,-0.00038765,0.023200001
,,,-0.00038764,0.024000001
,,,-0.00038763,0.022400001
,,,-0.00038762,0.024000001
,,,-0.00038761,0.023200001
,,,-0.0003876,0.024800001
,,,-0.00038759,0.023200001
,,,-0.00038758,0.024000001
,,,-0.00038757,0.024000001
,,,-0.00038756,0.024800001
,,,-0.00038755,0.024800001
,,,-0.00038754,0.026400002
,,,-0.00038753,0.024000001
,,,-0.00038752,0.024800001
,,,-0.00038751,0.025600002
,,,-0.0003875,0.024000001
,,,-0.00038749,0.025600002
,,,-0.00038748,0.024000001
,,,-0.00038747,0.024000001
,,,-0.00038746,0.024800001
,,,-0.00038745,0.024800001
,,,-0.00038744,0.024000001
,,,-0.00038743,0.023200001
,,,-0.00038742,0.023200001
,,,-0.00038741,0.024800001
,,,-0.0003874,0.023200001
,,,-0.00038739,0.024000001
,,,-0.00038738,0.025600002
,,,-0.00038737,0.024800001
,,,-0.00038736,0.024000001
,,,-0.00038735,0.024000001
,,,-0.00038734,0.024800001
,,,-0.00038733,0.024000001
,,,-0.00038732,0.024000001
,,,-0.00038731,0.024800001
,,,-0.0003873,0.024000001
,,,-0.00038729,0.024000001
,,,-0.00038728,0.024000001
,,,-0.00038727,0.022400001
,,,-0.00038726,0.024800001
,,,-0.00038725,0.024000001
,,,-0.00038724,0.024800001
,,,-0.00038723,0.024800001
,,,-0.00038722,0.023200001
,,,-0.00038721,0.023200001
,,,-0.0003872,0.025600002
,,,-0.00038719,0.022400001
,,,-0.00038718,0.023200001
,,,-0.00038717,0.024000001
,,,-0.00038716,0.024800001
,,,-0.00038715,0.025600002
,,,-0.00038714,0.024000001
,,,-0.00038713,0.024000001
,,,-0.00038712,0.024800001
,,,-0.00038711,0.024000001
,,,-0.0003871,0.024800001
,,,-0.00038709,0.024000001
,,,-0.00038708,0.024000001
,,,-0.00038707,0.023200001
,,,-0.00038706,0.024800001
,,,-0.00038705,0.023200001
,,,-0.00038704,0.024000001
,,,-0.00038703,0.024800001
,,,-0.00038702,0.025600002
,,,-0.00038701,0.024800001
,,,-0.000387,0.024000001
,,,-0.00038699,0.024000001
,,,-0.00038698,0.024000001
,,,-0.00038697,0.024000001
,,,-0.00038696,0.023200001
,,,-0.00038695,0.024000001
,,,-0.00038694,0.023200001
,,,-0.00038693,0.024000001
,,,-0.00038692,0.024800001
,,,-0.00038691,0.023200001
,,,-0.0003869,0.024800001
,,,-0.00038689,0.024000001
,,,-0.00038688,0.024800001
,,,-0.00038687,0.024000001
,,,-0.00038686,0.024800001
,,,-0.00038685,0.023200001
,,,-0.00038684,0.023200001
,,,-0.00038683,0.025600002
,,,-0.00038682,0.024000001
,,,-0.00038681,0.023200001
,,,-0.0003868,0.025600002
,,,-0.00038679,0.024800001
,,,-0.00038678,0.024800001
,,,-0.00038677,0.022400001
,,,-0.00038676,0.024000001
,,,-0.00038675,0.024000001
,,,-0.00038674,0.024800001
,,,-0.00038673,0.024000001
,,,-0.00038672,0.023200001
,,,-0.00038671,0.021600001
,,,-0.0003867,0.024000001
,,,-0.00038669,0.024000001
,,,-0.00038668,0.024000001
,,,-0.00038667,0.024800001
,,,-0.00038666,0.024000001
,,,-0.00038665,0.024000001
,,,-0.00038664,0.024000001
,,,-0.00038663,0.024000001
,,,-0.00038662,0.022400001
,,,-0.00038661,0.024000001
,,,-0.0003866,0.024800001
,,,-0.00038659,0.024000001
,,,-0.00038658,0.024000001
,,,-0.00038657,0.024000001
,,,-0.00038656,0.025600002
,,,-0.00038655,0.025600002
,,,-0.00038654,0.024000001
,,,-0.00038653,0.025600002
,,,-0.00038652,0.025600002
,,,-0.00038651,0.024800001
,,,-0.0003865,0.023200001
,,,-0.00038649,0.023200001
,,,-0.00038648,0.024000001
,,,-0.00038647,0.024000001
,,,-0.00038646,0.024000001
,,,-0.00038645,0.024000001
,,,-0.00038644,0.024000001
,,,-0.00038643,0.024800001
,,,-0.00038642,0.024000001
,,,-0.00038641,0.024800001
,,,-0.0003864,0.024000001
,,,-0.00038639,0.024800001
,,,-0.00038638,0.025600002
,,,-0.00038637,0.024800001
,,,-0.00038636,0.026400002
,,,-0.00038635,0.024000001
,,,-0.00038634,0.024000001
,,,-0.00038633,0.024800001
,,,-0.00038632,0.024000001
,,,-0.00038631,0.024000001
,,,-0.0003863,0.024000001
,,,-0.00038629,0.024800001
,,,-0.00038628,0.024000001
,,,-0.00038627,0.025600002
,,,-0.00038626,0.025600002
,,,-0.00038625,0.025600002
,,,-0.00038624,0.024800001
,,,-0.00038623,0.024800001
,,,-0.00038622,0.022400001
,,,-0.00038621,0.025600002
,,,-0.0003862,0.023200001
,,,-0.00038619,0.024000001
,,,-0.00038618,0.024000001
,,,-0.00038617,0.024000001
,,,-0.00038616,0.022400001
,,,-0.00038615,0.024000001
,,,-0.00038614,0.024000001
,,,-0.00038613,0.024000001
,,,-0.00038612,0.026400002
,,,-0.00038611,0.024000001
,,,-0.0003861,0.023200001
,,,-0.00038609,0.024800001
,,,-0.00038608,0.024000001
,,,-0.00038607,0.024000001
,,,-0.00038606,0.024000001
,,,-0.00038605,0.024000001
,,,-0.00038604,0.024800001
,,,-0.00038603,0.023200001
,,,-0.00038602,0.024800001
,,,-0.00038601,0.024800001
,,,-0.000386,0.024000001
,,,-0.00038599,0.024000001
,,,-0.00038598,0.025600002
,,,-0.00038597,0.024000001
,,,-0.00038596,0.024000001
,,,-0.00038595,0.024000001
,,,-0.00038594,0.026400002
,,,-0.00038593,0.024000001
,,,-0.00038592,0.025600002
,,,-0.00038591,0.024800001
,,,-0.0003859,0.024000001
,,,-0.00038589,0.024000001
,,,-0.00038588,0.024000001
,,,-0.00038587,0.024000001
,,,-0.00038586,0.024000001
,,,-0.00038585,0.024800001
,,,-0.00038584,0.024000001
,,,-0.00038583,0.024000001
,,,-0.00038582,0.023200001
,,,-0.00038581,0.023200001
,,,-0.0003858,0.024000001
,,,-0.00038579,0.024800001
,,,-0.00038578,0.024000001
,,,-0.00038577,0.024000001
,,,-0.00038576,0.024000001
,,,-0.00038575,0.023200001
,,,-0.00038574,0.024800001
,,,-0.00038573,0.025600002
,,,-0.00038572,0.025600002
,,,-0.00038571,0.023200001
,,,-0.0003857,0.024800001
,,,-0.00038569,0.024000001
,,,-0.00038568,0.024800001
,,,-0.00038567,0.025600002
,,,-0.00038566,0.024000001
,,,-0.00038565,0.025600002
,,,-0.00038564,0.025600002
,,,-0.00038563,0.024000001
,,,-0.00038562,0.023200001
,,,-0.00038561,0.024800001
,,,-0.0003856,0.024000001
,,,-0.00038559,0.023200001
,,,-0.00038558,0.024800001
,,,-0.00038557,0.024000001
,,,-0.00038556,0.024000001
,,,-0.00038555,0.024000001
,,,-0.00038554,0.024000001
,,,-0.00038553,0.024000001
,,,-0.00038552,0.025600002
,,,-0.00038551,0.023200001
,,,-0.0003855,0.024800001
,,,-0.00038549,0.024000001
,,,-0.00038548,0.025600002
,,,-0.00038547,0.024000001
,,,-0.00038546,0.024000001
,,,-0.00038545,0.024000001
,,,-0.00038544,0.023200001
,,,-0.00038543,0.024000001
,,,-0.00038542,0.024000001
,,,-0.00038541,0.023200001
,,,-0.0003854,0.024000001
,,,-0.00038539,0.024000001
,,,-0.00038538,0.022400001
,,,-0.00038537,0.024800001
,,,-0.00038536,0.024000001
,,,-0.00038535,0.024000001
,,,-0.00038534,0.024800001
,,,-0.00038533,0.024000001
,,,-0.00038532,0.024000001
,,,-0.00038531,0.024800001
,,,-0.0003853,0.024800001
,,,-0.00038529,0.024000001
,,,-0.00038528,0.024000001
,,,-0.00038527,0.024800001
,,,-0.00038526,0.022400001
,,,-0.00038525,0.024800001
,,,-0.00038524,0.023200001
,,,-0.00038523,0.024000001
,,,-0.00038522,0.024800001
,,,-0.00038521,0.024000001
,,,-0.0003852,0.024800001
,,,-0.00038519,0.024000001
,,,-0.00038518,0.022400001
,,,-0.00038517,0.024800001
,,,-0.00038516,0.024000001
,,,-0.00038515,0.024800001
,,,-0.00038514,0.024800001
,,,-0.00038513,0.023200001
,,,-0.00038512,0.023200001
,,,-0.00038511,0.023200001
,,,-0.0003851,0.024000001
,,,-0.00038509,0.023200001
,,,-0.00038508,0.025600002
,,,-0.00038507,0.024000001
,,,-0.00038506,0.024800001
,,,-0.00038505,0.024800001
,,,-0.00038504,0.024000001
,,,-0.00038503,0.024800001
,,,-0.00038502,0.024800001
,,,-0.00038501,0.024000001
,,,-0.000385,0.022400001
,,,-0.00038499,0.022400001
,,,-0.00038498,0.024800001
,,,-0.00038497,0.024000001
,,,-0.00038496,0.025600002
,,,-0.00038495,0.024800001
,,,-0.00038494,0.024000001
,,,-0.00038493,0.024000001
,,,-0.00038492,0.023200001
,,,-0.00038491,0.024000001
,,,-0.0003849,0.024000001
,,,-0.00038489,0.023200001
,,,-0.00038488,0.024000001
,,,-0.00038487,0.027200002
,,,-0.00038486,0.024000001
,,,-0.00038485,0.023200001
,,,-0.00038484,0.023200001
,,,-0.00038483,0.024800001
,,,-0.00038482,0.023200001
,,,-0.00038481,0.024800001
,,,-0.0003848,0.022400001
,,,-0.00038479,0.023200001
,,,-0.00038478,0.024800001
,,,-0.00038477,0.023200001
,,,-0.00038476,0.025600002
,,,-0.00038475,0.023200001
,,,-0.00038474,0.023200001
,,,-0.00038473,0.024000001
,,,-0.00038472,0.024000001
,,,-0.00038471,0.024800001
,,,-0.0003847,0.024000001
,,,-0.00038469,0.024000001
,,,-0.00038468,0.024000001
,,,-0.00038467,0.024000001
,,,-0.00038466,0.024800001
,,,-0.00038465,0.024000001
,,,-0.00038464,0.023200001
,,,-0.00038463,0.024000001
,,,-0.00038462,0.025600002
,,,-0.00038461,0.025600002
,,,-0.0003846,0.024000001
,,,-0.00038459,0.024000001
,,,-0.00038458,0.023200001
,,,-0.00038457,0.023200001
,,,-0.00038456,0.023200001
,,,-0.00038455,0.026400002
,,,-0.00038454,0.024800001
,,,-0.00038453,0.024800001
,,,-0.00038452,0.024000001
,,,-0.00038451,0.023200001
,,,-0.0003845,0.024000001
,,,-0.00038449,0.024000001
,,,-0.00038448,0.024000001
,,,-0.00038447,0.024800001
,,,-0.00038446,0.023200001
,,,-0.00038445,0.023200001
,,,-0.00038444,0.022400001
,,,-0.00038443,0.025600002
,,,-0.00038442,0.024800001
,,,-0.00038441,0.024000001
,,,-0.0003844,0.024800001
,,,-0.00038439,0.024000001
,,,-0.00038438,0.024000001
,,,-0.00038437,0.024800001
,,,-0.00038436,0.023200001
,,,-0.00038435,0.024000001
,,,-0.00038434,0.024800001
,,,-0.00038433,0.022400001
,,,-0.00038432,0.023200001
,,,-0.00038431,0.023200001
,,,-0.0003843,0.024000001
,,,-0.00038429,0.022400001
,,,-0.00038428,0.024800001
,,,-0.00038427,0.024000001
,,,-0.00038426,0.024000001
,,,-0.00038425,0.024000001
,,,-0.00038424,0.024800001
,,,-0.00038423,0.024000001
,,,-0.00038422,0.025600002
,,,-0.00038421,0.024800001
,,,-0.0003842,0.024800001
,,,-0.00038419,0.024000001
,,,-0.00038418,0.024000001
,,,-0.00038417,0.024800001
,,,-0.00038416,0.023200001
,,,-0.00038415,0.024000001
,,,-0.00038414,0.024800001
,,,-0.00038413,0.024000001
,,,-0.00038412,0.024000001
,,,-0.00038411,0.024000001
,,,-0.0003841,0.024800001
,,,-0.00038409,0.024000001
,,,-0.00038408,0.023200001
,,,-0.00038407,0.024000001
,,,-0.00038406,0.024000001
,,,-0.00038405,0.024800001
,,,-0.00038404,0.024000001
,,,-0.00038403,0.023200001
,,,-0.00038402,0.023200001
,,,-0.00038401,0.024000001
,,,-0.000384,0.024000001
,,,-0.00038399,0.024800001
,,,-0.00038398,0.024800001
,,,-0.00038397,0.024000001
,,,-0.00038396,0.024000001
,,,-0.00038395,0.024000001
,,,-0.00038394,0.023200001
,,,-0.00038393,0.026400002
,,,-0.00038392,0.025600002
,,,-0.00038391,0.024000001
,,,-0.0003839,0.025600002
,,,-0.00038389,0.024000001
,,,-0.00038388,0.024000001
,,,-0.00038387,0.024000001
,,,-0.00038386,0.024800001
,,,-0.00038385,0.024800001
,,,-0.00038384,0.023200001
,,,-0.00038383,0.024000001
,,,-0.00038382,0.026400002
,,,-0.00038381,0.024000001
,,,-0.0003838,0.024000001
,,,-0.00038379,0.024800001
,,,-0.00038378,0.023200001
,,,-0.00038377,0.024000001
,,,-0.00038376,0.024000001
,,,-0.00038375,0.024800001
,,,-0.00038374,0.024800001
,,,-0.00038373,0.022400001
,,,-0.00038372,0.024000001
,,,-0.00038371,0.024800001
,,,-0.0003837,0.025600002
,,,-0.00038369,0.022400001
,,,-0.00038368,0.025600002
,,,-0.00038367,0.024000001
,,,-0.00038366,0.024800001
,,,-0.00038365,0.025600002
,,,-0.00038364,0.024000001
,,,-0.00038363,0.024800001
,,,-0.00038362,0.024000001
,,,-0.00038361,0.024800001
,,,-0.0003836,0.024800001
,,,-0.00038359,0.024000001
,,,-0.00038358,0.022400001
,,,-0.00038357,0.023200001
,,,-0.00038356,0.024000001
,,,-0.00038355,0.025600002
,,,-0.00038354,0.024800001
,,,-0.00038353,0.024000001
,,,-0.00038352,0.024000001
,,,-0.00038351,0.024000001
,,,-0.0003835,0.024000001
,,,-0.00038349,0.023200001
,,,-0.00038348,0.024800001
,,,-0.00038347,0.024000001
,,,-0.00038346,0.023200001
,,,-0.00038345,0.024800001
,,,-0.00038344,0.025600002
,,,-0.00038343,0.024000001
,,,-0.00038342,0.025600002
,,,-0.00038341,0.024000001
,,,-0.0003834,0.024000001
,,,-0.00038339,0.024800001
,,,-0.00038338,0.024800001
,,,-0.00038337,0.024000001
,,,-0.00038336,0.024000001
,,,-0.00038335,0.023200001
,,,-0.00038334,0.024800001
,,,-0.00038333,0.025600002
,,,-0.00038332,0.024000001
,,,-0.00038331,0.024000001
,,,-0.0003833,0.024000001
,,,-0.00038329,0.024000001
,,,-0.00038328,0.024800001
,,,-0.00038327,0.024000001
,,,-0.00038326,0.026400002
,,,-0.00038325,0.024000001
,,,-0.00038324,0.024800001
,,,-0.00038323,0.024000001
,,,-0.00038322,0.024800001
,,,-0.00038321,0.024000001
,,,-0.0003832,0.024000001
,,,-0.00038319,0.024800001
,,,-0.00038318,0.023200001
,,,-0.00038317,0.023200001
,,,-0.00038316,0.024000001
,,,-0.00038315,0.024000001
,,,-0.00038314,0.024000001
,,,-0.00038313,0.024000001
,,,-0.00038312,0.024000001
,,,-0.00038311,0.024800001
,,,-0.0003831,0.024800001
,,,-0.00038309,0.025600002
,,,-0.00038308,0.024800001
,,,-0.00038307,0.023200001
,,,-0.00038306,0.023200001
,,,-0.00038305,0.024000001
,,,-0.00038304,0.024800001
,,,-0.00038303,0.023200001
,,,-0.00038302,0.023200001
,,,-0.00038301,0.024000001
,,,-0.000383,0.024000001
,,,-0.00038299,0.024000001
,,,-0.00038298,0.024800001
,,,-0.00038297,0.024000001
,,,-0.00038296,0.024000001
,,,-0.00038295,0.024000001
,,,-0.00038294,0.024800001
,,,-0.00038293,0.024000001
,,,-0.00038292,0.024000001
,,,-0.00038291,0.024000001
,,,-0.0003829,0.024000001
,,,-0.00038289,0.024000001
,,,-0.00038288,0.026400002
,,,-0.00038287,0.024800001
,,,-0.00038286,0.025600002
,,,-0.00038285,0.023200001
,,,-0.00038284,0.024000001
,,,-0.00038283,0.024800001
,,,-0.00038282,0.026400002
,,,-0.00038281,0.024000001
,,,-0.0003828,0.024000001
,,,-0.00038279,0.024000001
,,,-0.00038278,0.023200001
,,,-0.00038277,0.024000001
,,,-0.00038276,0.023200001
,,,-0.00038275,0.025600002
,,,-0.00038274,0.024000001
,,,-0.00038273,0.023200001
,,,-0.00038272,0.023200001
,,,-0.00038271,0.024000001
,,,-0.0003827,0.024000001
,,,-0.00038269,0.023200001
,,,-0.00038268,0.024800001
,,,-0.00038267,0.024000001
,,,-0.00038266,0.024000001
,,,-0.00038265,0.024000001
,,,-0.00038264,0.024800001
,,,-0.00038263,0.024800001
,,,-0.00038262,0.024000001
,,,-0.00038261,0.024000001
,,,-0.0003826,0.025600002
,,,-0.00038259,0.025600002
,,,-0.00038258,0.024800001
,,,-0.00038257,0.022400001
,,,-0.00038256,0.024000001
,,,-0.00038255,0.023200001
,,,-0.00038254,0.024000001
,,,-0.00038253,0.024000001
,,,-0.00038252,0.024000001
,,,-0.00038251,0.024000001
,,,-0.0003825,0.024000001
,,,-0.00038249,0.024000001
,,,-0.00038248,0.023200001
,,,-0.00038247,0.023200001
,,,-0.00038246,0.024000001
,,,-0.00038245,0.024000001
,,,-0.00038244,0.023200001
,,,-0.00038243,0.024000001
,,,-0.00038242,0.024000001
,,,-0.00038241,0.023200001
,,,-0.0003824,0.024000001
,,,-0.00038239,0.022400001
,,,-0.00038238,0.024000001
,,,-0.00038237,0.024000001
,,,-0.00038236,0.024000001
,,,-0.00038235,0.022400001
,,,-0.00038234,0.024800001
,,,-0.00038233,0.023200001
,,,-0.00038232,0.023200001
,,,-0.00038231,0.024800001
,,,-0.0003823,0.024000001
,,,-0.00038229,0.024800001
,,,-0.00038228,0.024000001
,,,-0.00038227,0.024000001
,,,-0.00038226,0.024000001
,,,-0.00038225,0.024000001
,,,-0.00038224,0.020800001
,,,-0.00038223,0.023200001
,,,-0.00038222,0.026400002
,,,-0.00038221,0.024000001
,,,-0.0003822,0.025600002
,,,-0.00038219,0.024000001
,,,-0.00038218,0.024000001
,,,-0.00038217,0.024000001
,,,-0.00038216,0.024800001
,,,-0.00038215,0.024000001
,,,-0.00038214,0.022400001
,,,-0.00038213,0.023200001
,,,-0.00038212,0.023200001
,,,-0.00038211,0.024000001
,,,-0.0003821,0.024800001
,,,-0.00038209,0.024000001
,,,-0.00038208,0.023200001
,,,-0.00038207,0.024000001
,,,-0.00038206,0.024800001
,,,-0.00038205,0.024800001
,,,-0.00038204,0.024000001
,,,-0.00038203,0.025600002
,,,-0.00038202,0.024000001
,,,-0.00038201,0.023200001
,,,-0.000382,0.024000001
,,,-0.00038199,0.024000001
,,,-0.00038198,0.024000001
,,,-0.00038197,0.024000001
,,,-0.00038196,0.025600002
,,,-0.00038195,0.024000001
,,,-0.00038194,0.023200001
,,,-0.00038193,0.024000001
,,,-0.00038192,0.024800001
,,,-0.00038191,0.024800001
,,,-0.0003819,0.024000001
,,,-0.00038189,0.024000001
,,,-0.00038188,0.024000001
,,,-0.00038187,0.025600002
,,,-0.00038186,0.022400001
,,,-0.00038185,0.024800001
,,,-0.00038184,0.025600002
,,,-0.00038183,0.024800001
,,,-0.00038182,0.024000001
,,,-0.00038181,0.024800001
,,,-0.0003818,0.024000001
,,,-0.00038179,0.023200001
,,,-0.00038178,0.025600002
,,,-0.00038177,0.025600002
,,,-0.00038176,0.024000001
,,,-0.00038175,0.024000001
,,,-0.00038174,0.024800001
,,,-0.00038173,0.024000001
,,,-0.00038172,0.023200001
,,,-0.00038171,0.024000001
,,,-0.0003817,0.023200001
,,,-0.00038169,0.025600002
,,,-0.00038168,0.025600002
,,,-0.00038167,0.024800001
,,,-0.00038166,0.024000001
,,,-0.00038165,0.024000001
,,,-0.00038164,0.024000001
,,,-0.00038163,0.024000001
,,,-0.00038162,0.024800001
,,,-0.00038161,0.025600002
,,,-0.0003816,0.024000001
,,,-0.00038159,0.024800001
,,,-0.00038158,0.024800001
,,,-0.00038157,0.024000001
,,,-0.00038156,0.024800001
,,,-0.00038155,0.024800001
,,,-0.00038154,0.025600002
,,,-0.00038153,0.024000001
,,,-0.00038152,0.024000001
,,,-0.00038151,0.024000001
,,,-0.0003815,0.024000001
,,,-0.00038149,0.024000001
,,,-0.00038148,0.024000001
,,,-0.00038147,0.023200001
,,,-0.00038146,0.024800001
,,,-0.00038145,0.024000001
,,,-0.00038144,0.024800001
,,,-0.00038143,0.025600002
,,,-0.00038142,0.022400001
,,,-0.00038141,0.023200001
,,,-0.0003814,0.024000001
,,,-0.00038139,0.024000001
,,,-0.00038138,0.025600002
,,,-0.00038137,0.024800001
,,,-0.00038136,0.024800001
,,,-0.00038135,0.024000001
,,,-0.00038134,0.024000001
,,,-0.00038133,0.024800001
,,,-0.00038132,0.025600002
,,,-0.00038131,0.024800001
,,,-0.0003813,0.024000001
,,,-0.00038129,0.025600002
,,,-0.00038128,0.024800001
,,,-0.00038127,0.024800001
,,,-0.00038126,0.024000001
,,,-0.00038125,0.024800001
,,,-0.00038124,0.023200001
,,,-0.00038123,0.025600002
,,,-0.00038122,0.023200001
,,,-0.00038121,0.024000001
,,,-0.0003812,0.021600001
,,,-0.00038119,0.024000001
,,,-0.00038118,0.024000001
,,,-0.00038117,0.024000001
,,,-0.00038116,0.024000001
,,,-0.00038115,0.023200001
,,,-0.00038114,0.024000001
,,,-0.00038113,0.024000001
,,,-0.00038112,0.024000001
,,,-0.00038111,0.025600002
,,,-0.0003811,0.025600002
,,,-0.00038109,0.024000001
,,,-0.00038108,0.024000001
,,,-0.00038107,0.024000001
,,,-0.00038106,0.024800001
,,,-0.00038105,0.024800001
,,,-0.00038104,0.024000001
,,,-0.00038103,0.024000001
,,,-0.00038102,0.025600002
,,,-0.00038101,0.024000001
,,,-0.000381,0.024800001
,,,-0.00038099,0.023200001
,,,-0.00038098,0.024800001
,,,-0.00038097,0.024800001
,,,-0.00038096,0.026400002
,,,-0.00038095,0.024800001
,,,-0.00038094,0.024800001
,,,-0.00038093,0.024000001
,,,-0.00038092,0.024000001
,,,-0.00038091,0.024000001
,,,-0.0003809,0.023200001
,,,-0.00038089,0.025600002
,,,-0.00038088,0.025600002
,,,-0.00038087,0.024000001
,,,-0.00038086,0.024000001
,,,-0.00038085,0.024000001
,,,-0.00038084,0.024000001
,,,-0.00038083,0.024000001
,,,-0.00038082,0.024000001
,,,-0.00038081,0.024000001
,,,-0.0003808,0.023200001
,,,-0.00038079,0.024800001
,,,-0.00038078,0.024000001
,,,-0.00038077,0.024000001
,,,-0.00038076,0.024000001
,,,-0.00038075,0.024800001
,,,-0.00038074,0.024000001
,,,-0.00038073,0.025600002
,,,-0.00038072,0.024000001
,,,-0.00038071,0.023200001
,,,-0.0003807,0.024000001
,,,-0.00038069,0.024000001
,,,-0.00038068,0.024800001
,,,-0.00038067,0.024000001
,,,-0.00038066,0.024000001
,,,-0.00038065,0.024000001
,,,-0.00038064,0.024800001
,,,-0.00038063,0.024800001
,,,-0.00038062,0.024000001
,,,-0.00038061,0.024800001
,,,-0.0003806,0.024000001
,,,-0.00038059,0.024000001
,,,-0.00038058,0.024000001
,,,-0.00038057,0.024000001
,,,-0.00038056,0.024000001
,,,-0.00038055,0.024800001
,,,-0.00038054,0.025600002
,,,-0.00038053,0.024000001
,,,-0.00038052,0.024800001
,,,-0.00038051,0.024800001
,,,-0.0003805,0.024000001
,,,-0.00038049,0.024000001
,,,-0.00038048,0.024000001
,,,-0.00038047,0.025600002
,,,-0.00038046,0.024800001
,,,-0.00038045,0.024800001
,,,-0.00038044,0.024800001
,,,-0.00038043,0.024000001
,,,-0.00038042,0.024000001
,,,-0.00038041,0.024000001
,,,-0.0003804,0.024000001
,,,-0.00038039,0.024800001
,,,-0.00038038,0.024800001
,,,-0.00038037,0.025600002
,,,-0.00038036,0.026400002
,,,-0.00038035,0.022400001
,,,-0.00038034,0.024800001
,,,-0.00038033,0.024000001
,,,-0.00038032,0.024800001
,,,-0.00038031,0.024000001
,,,-0.0003803,0.024000001
,,,-0.00038029,0.024800001
,,,-0.00038028,0.024800001
,,,-0.00038027,0.023200001
,,,-0.00038026,0.024000001
,,,-0.00038025,0.024000001
,,,-0.00038024,0.024800001
,,,-0.00038023,0.024000001
,,,-0.00038022,0.023200001
,,,-0.00038021,0.022400001
,,,-0.0003802,0.023200001
,,,-0.00038019,0.023200001
,,,-0.00038018,0.024000001
,,,-0.00038017,0.024000001
,,,-0.00038016,0.023200001
,,,-0.00038015,0.024000001
,,,-0.00038014,0.024000001
,,,-0.00038013,0.024800001
,,,-0.00038012,0.023200001
,,,-0.00038011,0.024000001
,,,-0.0003801,0.024000001
,,,-0.00038009,0.024800001
,,,-0.00038008,0.024000001
,,,-0.00038007,0.024000001
,,,-0.00038006,0.024000001
,,,-0.00038005,0.024000001
,,,-0.00038004,0.024000001
,,,-0.00038003,0.024000001
,,,-0.00038002,0.024000001
,,,-0.00038001,0.024800001
,,,-0.00038,0.024000001
,,,-0.00037999,0.024000001
,,,-0.00037998,0.024000001
,,,-0.00037997,0.025600002
,,,-0.00037996,0.024800001
,,,-0.00037995,0.024000001
,,,-0.00037994,0.024000001
,,,-0.00037993,0.024000001
,,,-0.00037992,0.023200001
,,,-0.00037991,0.024800001
,,,-0.0003799,0.024000001
,,,-0.00037989,0.024000001
,,,-0.00037988,0.024000001
,,,-0.00037987,0.023200001
,,,-0.00037986,0.024800001
,,,-0.00037985,0.025600002
,,,-0.00037984,0.024000001
,,,-0.00037983,0.024000001
,,,-0.00037982,0.024800001
,,,-0.00037981,0.024000001
,,,-0.0003798,0.023200001
,,,-0.00037979,0.025600002
,,,-0.00037978,0.024800001
,,,-0.00037977,0.024800001
,,,-0.00037976,0.024000001
,,,-0.00037975,0.023200001
,,,-0.00037974,0.024800001
,,,-0.00037973,0.023200001
,,,-0.00037972,0.023200001
,,,-0.00037971,0.024000001
,,,-0.0003797,0.024800001
,,,-0.00037969,0.022400001
,,,-0.00037968,0.025600002
,,,-0.00037967,0.024000001
,,,-0.00037966,0.025600002
,,,-0.00037965,0.024800001
,,,-0.00037964,0.024000001
,,,-0.00037963,0.025600002
,,,-0.00037962,0.024000001
,,,-0.00037961,0.024000001
,,,-0.0003796,0.024000001
,,,-0.00037959,0.024000001
,,,-0.00037958,0.024000001
,,,-0.00037957,0.024000001
,,,-0.00037956,0.024000001
,,,-0.00037955,0.024000001
,,,-0.00037954,0.024000001
,,,-0.00037953,0.023200001
,,,-0.00037952,0.024000001
,,,-0.00037951,0.024000001
,,,-0.0003795,0.024000001
,,,-0.00037949,0.024000001
,,,-0.00037948,0.024000001
,,,-0.00037947,0.024800001
,,,-0.00037946,0.026400002
,,,-0.00037945,0.024800001
,,,-0.00037944,0.024800001
,,,-0.00037943,0.024000001
,,,-0.00037942,0.024800001
,,,-0.00037941,0.024000001
,,,-0.0003794,0.024800001
,,,-0.00037939,0.022400001
,,,-0.00037938,0.024800001
,,,-0.00037937,0.024000001
,,,-0.00037936,0.024000001
,,,-0.00037935,0.024000001
,,,-0.00037934,0.024000001
,,,-0.00037933,0.024000001
,,,-0.00037932,0.024000001
,,,-0.00037931,0.024000001
,,,-0.0003793,0.025600002
,,,-0.00037929,0.024000001
,,,-0.00037928,0.024800001
,,,-0.00037927,0.023200001
,,,-0.00037926,0.024000001
,,,-0.00037925,0.024800001
,,,-0.00037924,0.024000001
,,,-0.00037923,0.024000001
,,,-0.00037922,0.024000001
,,,-0.00037921,0.023200001
,,,-0.0003792,0.026400002
,,,-0.00037919,0.023200001
,,,-0.00037918,0.024800001
,,,-0.00037917,0.024800001
,,,-0.00037916,0.024000001
,,,-0.00037915,0.024000001
,,,-0.00037914,0.024800001
,,,-0.00037913,0.023200001
,,,-0.00037912,0.025600002
,,,-0.00037911,0.024000001
,,,-0.0003791,0.024000001
,,,-0.00037909,0.023200001
,,,-0.00037908,0.024000001
,,,-0.00037907,0.025600002
,,,-0.00037906,0.024800001
,,,-0.00037905,0.024800001
,,,-0.00037904,0.024800001
,,,-0.00037903,0.025600002
,,,-0.00037902,0.024000001
,,,-0.00037901,0.024000001
,,,-0.000379,0.024800001
,,,-0.00037899,0.022400001
,,,-0.00037898,0.024000001
,,,-0.00037897,0.024000001
,,,-0.00037896,0.024800001
,,,-0.00037895,0.024000001
,,,-0.00037894,0.024000001
,,,-0.00037893,0.025600002
,,,-0.00037892,0.024800001
,,,-0.00037891,0.024000001
,,,-0.0003789,0.024800001
,,,-0.00037889,0.024000001
,,,-0.00037888,0.024000001
,,,-0.00037887,0.024000001
,,,-0.00037886,0.024000001
,,,-0.00037885,0.025600002
,,,-0.00037884,0.024000001
,,,-0.00037883,0.024000001
,,,-0.00037882,0.025600002
,,,-0.00037881,0.024800001
,,,-0.0003788,0.026400002
,,,-0.00037879,0.022400001
,,,-0.00037878,0.024800001
,,,-0.00037877,0.024000001
,,,-0.00037876,0.026400002
,,,-0.00037875,0.025600002
,,,-0.00037874,0.023200001
,,,-0.00037873,0.024800001
,,,-0.00037872,0.024000001
,,,-0.00037871,0.024000001
,,,-0.0003787,0.024800001
,,,-0.00037869,0.024800001
,,,-0.00037868,0.024000001
,,,-0.00037867,0.024000001
,,,-0.00037866,0.024000001
,,,-0.00037865,0.024800001
,,,-0.00037864,0.024000001
,,,-0.00037863,0.023200001
,,,-0.00037862,0.023200001
,,,-0.00037861,0.024000001
,,,-0.0003786,0.024800001
,,,-0.00037859,0.025600002
,,,-0.00037858,0.024000001
,,,-0.00037857,0.023200001
,,,-0.00037856,0.024000001
,,,-0.00037855,0.024000001
,,,-0.00037854,0.024000001
,,,-0.00037853,0.024800001
,,,-0.00037852,0.024000001
,,,-0.00037851,0.023200001
,,,-0.0003785,0.024800001
,,,-0.00037849,0.024800001
,,,-0.00037848,0.024000001
,,,-0.00037847,0.023200001
,,,-0.00037846,0.024000001
,,,-0.00037845,0.023200001
,,,-0.00037844,0.024000001
,,,-0.00037843,0.024000001
,,,-0.00037842,0.025600002
,,,-0.00037841,0.024000001
,,,-0.0003784,0.024000001
,,,-0.00037839,0.023200001
,,,-0.00037838,0.024000001
,,,-0.00037837,0.024000001
,,,-0.00037836,0.024000001
,,,-0.00037835,0.024000001
,,,-0.00037834,0.026400002
,,,-0.00037833,0.022400001
,,,-0.00037832,0.023200001
,,,-0.00037831,0.023200001
,,,-0.0003783,0.025600002
,,,-0.00037829,0.024000001
,,,-0.00037828,0.025600002
,,,-0.00037827,0.024800001
,,,-0.00037826,0.024000001
,,,-0.00037825,0.024000001
,,,-0.00037824,0.024800001
,,,-0.00037823,0.027200002
,,,-0.00037822,0.024000001
,,,-0.00037821,0.023200001
,,,-0.0003782,0.024800001
,,,-0.00037819,0.024000001
,,,-0.00037818,0.028000002
,,,-0.00037817,0.024000001
,,,-0.00037816,0.024800001
,,,-0.00037815,0.024800001
,,,-0.00037814,0.024000001
,,,-0.00037813,0.026400002
,,,-0.00037812,0.024800001
,,,-0.00037811,0.024000001
,,,-0.0003781,0.025600002
,,,-0.00037809,0.025600002
,,,-0.00037808,0.024000001
,,,-0.00037807,0.024000001
,,,-0.00037806,0.023200001
,,,-0.00037805,0.024000001
,,,-0.00037804,0.022400001
,,,-0.00037803,0.024000001
,,,-0.00037802,0.022400001
,,,-0.00037801,0.024000001
,,,-0.000378,0.024000001
,,,-0.00037799,0.024000001
,,,-0.00037798,0.024000001
,,,-0.00037797,0.025600002
,,,-0.00037796,0.024000001
,,,-0.00037795,0.023200001
,,,-0.00037794,0.023200001
,,,-0.00037793,0.024000001
,,,-0.00037792,0.023200001
,,,-0.00037791,0.025600002
,,,-0.0003779,0.024000001
,,,-0.00037789,0.024000001
,,,-0.00037788,0.025600002
,,,-0.00037787,0.024800001
,,,-0.00037786,0.022400001
,,,-0.00037785,0.023200001
,,,-0.00037784,0.024800001
,,,-0.00037783,0.024000001
,,,-0.00037782,0.024800001
,,,-0.00037781,0.024000001
,,,-0.0003778,0.025600002
,,,-0.00037779,0.024000001
,,,-0.00037778,0.024800001
,,,-0.00037777,0.024800001
,,,-0.00037776,0.024000001
,,,-0.00037775,0.023200001
,,,-0.00037774,0.023200001
,,,-0.00037773,0.024000001
,,,-0.00037772,0.024000001
,,,-0.00037771,0.023200001
,,,-0.0003777,0.024000001
,,,-0.00037769,0.024000001
,,,-0.00037768,0.024000001
,,,-0.00037767,0.026400002
,,,-0.00037766,0.024000001
,,,-0.00037765,0.024000001
,,,-0.00037764,0.024000001
,,,-0.00037763,0.024000001
,,,-0.00037762,0.025600002
,,,-0.00037761,0.024800001
,,,-0.0003776,0.025600002
,,,-0.00037759,0.024000001
,,,-0.00037758,0.024000001
,,,-0.00037757,0.024000001
,,,-0.00037756,0.024000001
,,,-0.00037755,0.025600002
,,,-0.00037754,0.024800001
,,,-0.00037753,0.024000001
,,,-0.00037752,0.024000001
,,,-0.00037751,0.024800001
,,,-0.0003775,0.024800001
,,,-0.00037749,0.024800001
,,,-0.00037748,0.024800001
,,,-0.00037747,0.024800001
,,,-0.00037746,0.024000001
,,,-0.00037745,0.024800001
,,,-0.00037744,0.024000001
,,,-0.00037743,0.024000001
,,,-0.00037742,0.022400001
,,,-0.00037741,0.024000001
,,,-0.0003774,0.024800001
,,,-0.00037739,0.024800001
,,,-0.00037738,0.023200001
,,,-0.00037737,0.024800001
,,,-0.00037736,0.024000001
,,,-0.00037735,0.024800001
,,,-0.00037734,0.024800001
,,,-0.00037733,0.024800001
,,,-0.00037732,0.024800001
,,,-0.00037731,0.023200001
,,,-0.0003773,0.024000001
,,,-0.00037729,0.024000001
,,,-0.00037728,0.024000001
,,,-0.00037727,0.024000001
,,,-0.00037726,0.024000001
,,,-0.00037725,0.024000001
,,,-0.00037724,0.024800001
,,,-0.00037723,0.023200001
,,,-0.00037722,0.024800001
,,,-0.00037721,0.024000001
,,,-0.0003772,0.022400001
,,,-0.00037719,0.024800001
,,,-0.00037718,0.024000001
,,,-0.00037717,0.024000001
,,,-0.00037716,0.024000001
,,,-0.00037715,0.024000001
,,,-0.00037714,0.024000001
,,,-0.00037713,0.023200001
,,,-0.00037712,0.024000001
,,,-0.00037711,0.022400001
,,,-0.0003771,0.024000001
,,,-0.00037709,0.024000001
,,,-0.00037708,0.024000001
,,,-0.00037707,0.024800001
,,,-0.00037706,0.024000001
,,,-0.00037705,0.024000001
,,,-0.00037704,0.024000001
,,,-0.00037703,0.024000001
,,,-0.00037702,0.024000001
,,,-0.00037701,0.024000001
,,,-0.000377,0.024000001
,,,-0.00037699,0.024000001
,,,-0.00037698,0.024000001
,,,-0.00037697,0.024000001
,,,-0.00037696,0.023200001
,,,-0.00037695,0.025600002
,,,-0.00037694,0.024800001
,,,-0.00037693,0.024000001
,,,-0.00037692,0.023200001
,,,-0.00037691,0.024000001
,,,-0.0003769,0.024000001
,,,-0.00037689,0.024800001
,,,-0.00037688,0.024000001
,,,-0.00037687,0.024000001
,,,-0.00037686,0.024000001
,,,-0.00037685,0.024800001
,,,-0.00037684,0.024800001
,,,-0.00037683,0.023200001
,,,-0.00037682,0.024000001
,,,-0.00037681,0.023200001
,,,-0.0003768,0.024000001
,,,-0.00037679,0.024000001
,,,-0.00037678,0.025600002
,,,-0.00037677,0.024000001
,,,-0.00037676,0.025600002
,,,-0.00037675,0.024800001
,,,-0.00037674,0.025600002
,,,-0.00037673,0.024000001
,,,-0.00037672,0.024800001
,,,-0.00037671,0.023200001
,,,-0.0003767,0.024000001
,,,-0.00037669,0.024800001
,,,-0.00037668,0.022400001
,,,-0.00037667,0.026400002
,,,-0.00037666,0.026400002
,,,-0.00037665,0.024800001
,,,-0.00037664,0.025600002
,,,-0.00037663,0.024000001
,,,-0.00037662,0.024800001
,,,-0.00037661,0.025600002
,,,-0.0003766,0.024800001
,,,-0.00037659,0.024000001
,,,-0.00037658,0.024000001
,,,-0.00037657,0.024000001
,,,-0.00037656,0.027200002
,,,-0.00037655,0.024000001
,,,-0.00037654,0.024800001
,,,-0.00037653,0.024000001
,,,-0.00037652,0.023200001
,,,-0.00037651,0.024000001
,,,-0.0003765,0.024000001
,,,-0.00037649,0.024800001
,,,-0.00037648,0.023200001
,,,-0.00037647,0.024000001
,,,-0.00037646,0.024000001
,,,-0.00037645,0.023200001
,,,-0.00037644,0.022400001
,,,-0.00037643,0.024800001
,,,-0.00037642,0.024800001
,,,-0.00037641,0.027200002
,,,-0.0003764,0.024800001
,,,-0.00037639,0.024000001
,,,-0.00037638,0.024000001
,,,-0.00037637,0.024000001
,,,-0.00037636,0.023200001
,,,-0.00037635,0.023200001
,,,-0.00037634,0.024000001
,,,-0.00037633,0.025600002
,,,-0.00037632,0.024000001
,,,-0.00037631,0.024800001
,,,-0.0003763,0.024800001
,,,-0.00037629,0.024800001
,,,-0.00037628,0.024800001
,,,-0.00037627,0.024000001
,,,-0.00037626,0.023200001
,,,-0.00037625,0.024000001
,,,-0.00037624,0.021600001
,,,-0.00037623,0.024000001
,,,-0.00037622,0.023200001
,,,-0.00037621,0.024800001
,,,-0.0003762,0.024000001
,,,-0.00037619,0.024000001
,,,-0.00037618,0.024000001
,,,-0.00037617,0.025600002
,,,-0.00037616,0.024800001
,,,-0.00037615,0.024800001
,,,-0.00037614,0.024000001
,,,-0.00037613,0.024800001
,,,-0.00037612,0.024000001
,,,-0.00037611,0.025600002
,,,-0.0003761,0.024000001
,,,-0.00037609,0.024000001
,,,-0.00037608,0.024000001
,,,-0.00037607,0.024000001
,,,-0.00037606,0.024800001
,,,-0.00037605,0.022400001
,,,-0.00037604,0.024000001
,,,-0.00037603,0.023200001
,,,-0.00037602,0.023200001
,,,-0.00037601,0.024000001
,,,-0.000376,0.024000001
,,,-0.00037599,0.023200001
,,,-0.00037598,0.024000001
,,,-0.00037597,0.023200001
,,,-0.00037596,0.023200001
,,,-0.00037595,0.024800001
,,,-0.00037594,0.026400002
,,,-0.00037593,0.024000001
,,,-0.00037592,0.024000001
,,,-0.00037591,0.024000001
,,,-0.0003759,0.023200001
,,,-0.00037589,0.024800001
,,,-0.00037588,0.024000001
,,,-0.00037587,0.023200001
,,,-0.00037586,0.024800001
,,,-0.00037585,0.024000001
,,,-0.00037584,0.024000001
,,,-0.00037583,0.024000001
,,,-0.00037582,0.023200001
,,,-0.00037581,0.023200001
,,,-0.0003758,0.024000001
,,,-0.00037579,0.025600002
,,,-0.00037578,0.022400001
,,,-0.00037577,0.024000001
,,,-0.00037576,0.024000001
,,,-0.00037575,0.024000001
,,,-0.00037574,0.024000001
,,,-0.00037573,0.024000001
,,,-0.00037572,0.024000001
,,,-0.00037571,0.025600002
,,,-0.0003757,0.024800001
,,,-0.00037569,0.023200001
,,,-0.00037568,0.023200001
,,,-0.00037567,0.025600002
,,,-0.00037566,0.024000001
,,,-0.00037565,0.024800001
,,,-0.00037564,0.025600002
,,,-0.00037563,0.025600002
,,,-0.00037562,0.023200001
,,,-0.00037561,0.024000001
,,,-0.0003756,0.024800001
,,,-0.00037559,0.024000001
,,,-0.00037558,0.023200001
,,,-0.00037557,0.024800001
,,,-0.00037556,0.024000001
,,,-0.00037555,0.022400001
,,,-0.00037554,0.024800001
,,,-0.00037553,0.026400002
,,,-0.00037552,0.024000001
,,,-0.00037551,0.024000001
,,,-0.0003755,0.024000001
,,,-0.00037549,0.023200001
,,,-0.00037548,0.024800001
,,,-0.00037547,0.024800001
,,,-0.00037546,0.024000001
,,,-0.00037545,0.024000001
,,,-0.00037544,0.024000001
,,,-0.00037543,0.024000001
,,,-0.00037542,0.024000001
,,,-0.00037541,0.024000001
,,,-0.0003754,0.023200001
,,,-0.00037539,0.024000001
,,,-0.00037538,0.024800001
,,,-0.00037537,0.025600002
,,,-0.00037536,0.023200001
,,,-0.00037535,0.024000001
,,,-0.00037534,0.025600002
,,,-0.00037533,0.024000001
,,,-0.00037532,0.024800001
,,,-0.00037531,0.024000001
,,,-0.0003753,0.024000001
,,,-0.00037529,0.024800001
,,,-0.00037528,0.024000001
,,,-0.00037527,0.024000001
,,,-0.00037526,0.023200001
,,,-0.00037525,0.024000001
,,,-0.00037524,0.024000001
,,,-0.00037523,0.024000001
,,,-0.00037522,0.024000001
,,,-0.00037521,0.021600001
,,,-0.0003752,0.024000001
,,,-0.00037519,0.022400001
,,,-0.00037518,0.024800001
,,,-0.00037517,0.024800001
,,,-0.00037516,0.024800001
,,,-0.00037515,0.024000001
,,,-0.00037514,0.024000001
,,,-0.00037513,0.024000001
,,,-0.00037512,0.024000001
,,,-0.00037511,0.024000001
,,,-0.0003751,0.024000001
,,,-0.00037509,0.023200001
,,,-0.00037508,0.024000001
,,,-0.00037507,0.023200001
,,,-0.00037506,0.024000001
,,,-0.00037505,0.024800001
,,,-0.00037504,0.024000001
,,,-0.00037503,0.024000001
,,,-0.00037502,0.024800001
,,,-0.00037501,0.024800001
,,,-0.000375,0.024000001
,,,-0.00037499,0.024800001
,,,-0.00037498,0.023200001
,,,-0.00037497,0.024800001
,,,-0.00037496,0.024800001
,,,-0.00037495,0.022400001
,,,-0.00037494,0.024000001
,,,-0.00037493,0.024000001
,,,-0.00037492,0.025600002
,,,-0.00037491,0.024800001
,,,-0.0003749,0.025600002
,,,-0.00037489,0.023200001
,,,-0.00037488,0.024800001
,,,-0.00037487,0.024000001
,,,-0.00037486,0.025600002
,,,-0.00037485,0.024000001
,,,-0.00037484,0.025600002
,,,-0.00037483,0.023200001
,,,-0.00037482,0.024800001
,,,-0.00037481,0.025600002
,,,-0.0003748,0.024000001
,,,-0.00037479,0.024000001
,,,-0.00037478,0.024000001
,,,-0.00037477,0.023200001
,,,-0.00037476,0.024800001
,,,-0.00037475,0.024000001
,,,-0.00037474,0.024000001
,,,-0.00037473,0.025600002
,,,-0.00037472,0.025600002
,,,-0.00037471,0.024000001
,,,-0.0003747,0.024800001
,,,-0.00037469,0.022400001
,,,-0.00037468,0.024000001
,,,-0.00037467,0.026400002
,,,-0.00037466,0.025600002
,,,-0.00037465,0.024000001
,,,-0.00037464,0.022400001
,,,-0.00037463,0.024800001
,,,-0.00037462,0.024000001
,,,-0.00037461,0.024000001
,,,-0.0003746,0.024000001
,,,-0.00037459,0.024000001
,,,-0.00037458,0.024800001
,,,-0.00037457,0.024800001
,,,-0.00037456,0.023200001
,,,-0.00037455,0.025600002
,,,-0.00037454,0.024000001
,,,-0.00037453,0.023200001
,,,-0.00037452,0.024000001
,,,-0.00037451,0.024000001
,,,-0.0003745,0.024800001
,,,-0.00037449,0.025600002
,,,-0.00037448,0.024000001
,,,-0.00037447,0.024000001
,,,-0.00037446,0.023200001
,,,-0.00037445,0.024800001
,,,-0.00037444,0.024000001
,,,-0.00037443,0.025600002
,,,-0.00037442,0.024000001
,,,-0.00037441,0.021600001
,,,-0.0003744,0.024000001
,,,-0.00037439,0.024800001
,,,-0.00037438,0.024000001
,,,-0.00037437,0.024800001
,,,-0.00037436,0.024000001
,,,-0.00037435,0.024000001
,,,-0.00037434,0.024000001
,,,-0.00037433,0.023200001
,,,-0.00037432,0.024000001
,,,-0.00037431,0.024800001
,,,-0.0003743,0.024800001
,,,-0.00037429,0.024000001
,,,-0.00037428,0.024000001
,,,-0.00037427,0.024000001
,,,-0.00037426,0.025600002
,,,-0.00037425,0.022400001
,,,-0.00037424,0.024800001
,,,-0.00037423,0.023200001
,,,-0.00037422,0.023200001
,,,-0.00037421,0.024000001
,,,-0.0003742,0.027200002
,,,-0.00037419,0.024000001
,,,-0.00037418,0.024000001
,,,-0.00037417,0.024000001
,,,-0.00037416,0.024800001
,,,-0.00037415,0.024000001
,,,-0.00037414,0.023200001
,,,-0.00037413,0.023200001
,,,-0.00037412,0.025600002
,,,-0.00037411,0.024000001
,,,-0.0003741,0.024000001
,,,-0.00037409,0.024000001
,,,-0.00037408,0.024000001
,,,-0.00037407,0.024000001
,,,-0.00037406,0.026400002
,,,-0.00037405,0.024000001
,,,-0.00037404,0.023200001
,,,-0.00037403,0.024000001
,,,-0.00037402,0.024000001
,,,-0.00037401,0.025600002
,,,-0.000374,0.024000001
,,,-0.00037399,0.024000001
,,,-0.00037398,0.024000001
,,,-0.00037397,0.024000001
,,,-0.00037396,0.024800001
,,,-0.00037395,0.024000001
,,,-0.00037394,0.024000001
,,,-0.00037393,0.024000001
,,,-0.00037392,0.024000001
,,,-0.00037391,0.025600002
,,,-0.0003739,0.024000001
,,,-0.00037389,0.024800001
,,,-0.00037388,0.024000001
,,,-0.00037387,0.024000001
,,,-0.00037386,0.024000001
,,,-0.00037385,0.024000001
,,,-0.00037384,0.024000001
,,,-0.00037383,0.025600002
,,,-0.00037382,0.024800001
,,,-0.00037381,0.027200002
,,,-0.0003738,0.025600002
,,,-0.00037379,0.024000001
,,,-0.00037378,0.024000001
,,,-0.00037377,0.024000001
,,,-0.00037376,0.025600002
,,,-0.00037375,0.024800001
,,,-0.00037374,0.024000001
,,,-0.00037373,0.024000001
,,,-0.00037372,0.024000001
,,,-0.00037371,0.024000001
,,,-0.0003737,0.024800001
,,,-0.00037369,0.025600002
,,,-0.00037368,0.024000001
,,,-0.00037367,0.023200001
,,,-0.00037366,0.021600001
,,,-0.00037365,0.022400001
,,,-0.00037364,0.024000001
,,,-0.00037363,0.024000001
,,,-0.00037362,0.024000001
,,,-0.00037361,0.024800001
,,,-0.0003736,0.023200001
,,,-0.00037359,0.024800001
,,,-0.00037358,0.023200001
,,,-0.00037357,0.021600001
,,,-0.00037356,0.024000001
,,,-0.00037355,0.024000001
,,,-0.00037354,0.025600002
,,,-0.00037353,0.023200001
,,,-0.00037352,0.025600002
,,,-0.00037351,0.023200001
,,,-0.0003735,0.024000001
,,,-0.00037349,0.024000001
,,,-0.00037348,0.025600002
,,,-0.00037347,0.024000001
,,,-0.00037346,0.024800001
,,,-0.00037345,0.024000001
,,,-0.00037344,0.024800001
,,,-0.00037343,0.023200001
,,,-0.00037342,0.024800001
,,,-0.00037341,0.024000001
,,,-0.0003734,0.025600002
,,,-0.00037339,0.024000001
,,,-0.00037338,0.024000001
,,,-0.00037337,0.025600002
,,,-0.00037336,0.024000001
,,,-0.00037335,0.024000001
,,,-0.00037334,0.024000001
,,,-0.00037333,0.024000001
,,,-0.00037332,0.024000001
,,,-0.00037331,0.024000001
,,,-0.0003733,0.024000001
,,,-0.00037329,0.023200001
,,,-0.00037328,0.024000001
,,,-0.00037327,0.022400001
,,,-0.00037326,0.024000001
,,,-0.00037325,0.023200001
,,,-0.00037324,0.026400002
,,,-0.00037323,0.024000001
,,,-0.00037322,0.023200001
,,,-0.00037321,0.024000001
,,,-0.0003732,0.024000001
,,,-0.00037319,0.023200001
,,,-0.00037318,0.025600002
,,,-0.00037317,0.024800001
,,,-0.00037316,0.025600002
,,,-0.00037315,0.026400002
,,,-0.00037314,0.024800001
,,,-0.00037313,0.024000001
,,,-0.00037312,0.024800001
,,,-0.00037311,0.024800001
,,,-0.0003731,0.024000001
,,,-0.00037309,0.023200001
,,,-0.00037308,0.024000001
,,,-0.00037307,0.024000001
,,,-0.00037306,0.025600002
,,,-0.00037305,0.024000001
,,,-0.00037304,0.025600002
,,,-0.00037303,0.025600002
,,,-0.00037302,0.024000001
,,,-0.00037301,0.024000001
,,,-0.000373,0.025600002
,,,-0.00037299,0.024800001
,,,-0.00037298,0.024000001
,,,-0.00037297,0.024000001
,,,-0.00037296,0.024000001
,,,-0.00037295,0.024000001
,,,-0.00037294,0.024000001
,,,-0.00037293,0.022400001
,,,-0.00037292,0.025600002
,,,-0.00037291,0.024000001
,,,-0.0003729,0.024000001
,,,-0.00037289,0.023200001
,,,-0.00037288,0.024000001
,,,-0.00037287,0.024000001
,,,-0.00037286,0.024000001
,,,-0.00037285,0.021600001
,,,-0.00037284,0.024800001
,,,-0.00037283,0.023200001
,,,-0.00037282,0.024000001
,,,-0.00037281,0.023200001
,,,-0.0003728,0.024000001
,,,-0.00037279,0.024000001
,,,-0.00037278,0.023200001
,,,-0.00037277,0.024000001
,,,-0.00037276,0.023200001
,,,-0.00037275,0.024800001
,,,-0.00037274,0.024000001
,,,-0.00037273,0.024800001
,,,-0.00037272,0.024000001
,,,-0.00037271,0.024000001
,,,-0.0003727,0.023200001
,,,-0.00037269,0.024000001
,,,-0.00037268,0.024000001
,,,-0.00037267,0.024000001
,,,-0.00037266,0.023200001
,,,-0.00037265,0.024000001
,,,-0.00037264,0.025600002
,,,-0.00037263,0.024800001
,,,-0.00037262,0.023200001
,,,-0.00037261,0.024000001
,,,-0.0003726,0.023200001
,,,-0.00037259,0.024000001
,,,-0.00037258,0.024000001
,,,-0.00037257,0.024800001
,,,-0.00037256,0.025600002
,,,-0.00037255,0.024800001
,,,-0.00037254,0.024000001
,,,-0.00037253,0.024000001
,,,-0.00037252,0.024800001
,,,-0.00037251,0.025600002
,,,-0.0003725,0.024000001
,,,-0.00037249,0.024000001
,,,-0.00037248,0.024000001
,,,-0.00037247,0.023200001
,,,-0.00037246,0.024000001
,,,-0.00037245,0.024800001
,,,-0.00037244,0.024800001
,,,-0.00037243,0.024800001
,,,-0.00037242,0.024800001
,,,-0.00037241,0.024800001
,,,-0.0003724,0.024800001
,,,-0.00037239,0.024800001
,,,-0.00037238,0.023200001
,,,-0.00037237,0.024000001
,,,-0.00037236,0.024000001
,,,-0.00037235,0.024800001
,,,-0.00037234,0.024800001
,,,-0.00037233,0.024000001
,,,-0.00037232,0.024800001
,,,-0.00037231,0.024800001
,,,-0.0003723,0.024000001
,,,-0.00037229,0.024000001
,,,-0.00037228,0.024000001
,,,-0.00037227,0.024800001
,,,-0.00037226,0.024000001
,,,-0.00037225,0.023200001
,,,-0.00037224,0.024000001
,,,-0.00037223,0.024000001
,,,-0.00037222,0.025600002
,,,-0.00037221,0.024000001
,,,-0.0003722,0.024000001
,,,-0.00037219,0.022400001
,,,-0.00037218,0.024000001
,,,-0.00037217,0.024800001
,,,-0.00037216,0.024000001
,,,-0.00037215,0.024800001
,,,-0.00037214,0.024000001
,,,-0.00037213,0.022400001
,,,-0.00037212,0.024800001
,,,-0.00037211,0.024800001
,,,-0.0003721,0.024800001
,,,-0.00037209,0.024800001
,,,-0.00037208,0.024800001
,,,-0.00037207,0.024000001
,,,-0.00037206,0.023200001
,,,-0.00037205,0.024000001
,,,-0.00037204,0.023200001
,,,-0.00037203,0.024800001
,,,-0.00037202,0.024000001
,,,-0.00037201,0.027200002
,,,-0.000372,0.026400002
,,,-0.00037199,0.024000001
,,,-0.00037198,0.022400001
,,,-0.00037197,0.025600002
,,,-0.00037196,0.024000001
,,,-0.00037195,0.022400001
,,,-0.00037194,0.024800001
,,,-0.00037193,0.023200001
,,,-0.00037192,0.023200001
,,,-0.00037191,0.023200001
,,,-0.0003719,0.023200001
,,,-0.00037189,0.023200001
,,,-0.00037188,0.024000001
,,,-0.00037187,0.026400002
,,,-0.00037186,0.024000001
,,,-0.00037185,0.024000001
,,,-0.00037184,0.024000001
,,,-0.00037183,0.024000001
,,,-0.00037182,0.025600002
,,,-0.00037181,0.024800001
,,,-0.0003718,0.024000001
,,,-0.00037179,0.026400002
,,,-0.00037178,0.024000001
,,,-0.00037177,0.024800001
,,,-0.00037176,0.025600002
,,,-0.00037175,0.024000001
,,,-0.00037174,0.024000001
,,,-0.00037173,0.024000001
,,,-0.00037172,0.024000001
,,,-0.00037171,0.023200001
,,,-0.0003717,0.025600002
,,,-0.00037169,0.025600002
,,,-0.00037168,0.025600002
,,,-0.00037167,0.024000001
,,,-0.00037166,0.024800001
,,,-0.00037165,0.024800001
,,,-0.00037164,0.025600002
,,,-0.00037163,0.025600002
,,,-0.00037162,0.024000001
,,,-0.00037161,0.024000001
,,,-0.0003716,0.022400001
,,,-0.00037159,0.024000001
,,,-0.00037158,0.025600002
,,,-0.00037157,0.024800001
,,,-0.00037156,0.024000001
,,,-0.00037155,0.022400001
,,,-0.00037154,0.024000001
,,,-0.00037153,0.024800001
,,,-0.00037152,0.024000001
,,,-0.00037151,0.023200001
,,,-0.0003715,0.024800001
,,,-0.00037149,0.024000001
,,,-0.00037148,0.025600002
,,,-0.00037147,0.025600002
,,,-0.00037146,0.024000001
,,,-0.00037145,0.024000001
,,,-0.00037144,0.024000001
,,,-0.00037143,0.024800001
,,,-0.00037142,0.026400002
,,,-0.00037141,0.024000001
,,,-0.0003714,0.023200001
,,,-0.00037139,0.025600002
,,,-0.00037138,0.024800001
,,,-0.00037137,0.024000001
,,,-0.00037136,0.024000001
,,,-0.00037135,0.024000001
,,,-0.00037134,0.023200001
,,,-0.00037133,0.024800001
,,,-0.00037132,0.024800001
,,,-0.00037131,0.024000001
,,,-0.0003713,0.023200001
,,,-0.00037129,0.025600002
,,,-0.00037128,0.022400001
,,,-0.00037127,0.024000001
,,,-0.00037126,0.024000001
,,,-0.00037125,0.024800001
,,,-0.00037124,0.024800001
,,,-0.00037123,0.024000001
,,,-0.00037122,0.022400001
,,,-0.00037121,0.024800001
,,,-0.0003712,0.024000001
,,,-0.00037119,0.024000001
,,,-0.00037118,0.023200001
,,,-0.00037117,0.023200001
,,,-0.00037116,0.024800001
,,,-0.00037115,0.024000001
,,,-0.00037114,0.023200001
,,,-0.00037113,0.024000001
,,,-0.00037112,0.023200001
,,,-0.00037111,0.024000001
,,,-0.0003711,0.024000001
,,,-0.00037109,0.021600001
,,,-0.00037108,0.025600002
,,,-0.00037107,0.024000001
,,,-0.00037106,0.024000001
,,,-0.00037105,0.025600002
,,,-0.00037104,0.023200001
,,,-0.00037103,0.023200001
,,,-0.00037102,0.025600002
,,,-0.00037101,0.024800001
,,,-0.000371,0.025600002
,,,-0.00037099,0.023200001
,,,-0.00037098,0.024000001
,,,-0.00037097,0.024800001
,,,-0.00037096,0.024800001
,,,-0.00037095,0.024000001
,,,-0.00037094,0.024000001
,,,-0.00037093,0.023200001
,,,-0.00037092,0.024000001
,,,-0.00037091,0.024000001
,,,-0.0003709,0.025600002
,,,-0.00037089,0.025600002
,,,-0.00037088,0.023200001
,,,-0.00037087,0.024000001
,,,-0.00037086,0.024800001
,,,-0.00037085,0.023200001
,,,-0.00037084,0.024800001
,,,-0.00037083,0.023200001
,,,-0.00037082,0.024800001
,,,-0.00037081,0.024000001
,,,-0.0003708,0.024000001
,,,-0.00037079,0.023200001
,,,-0.00037078,0.025600002
,,,-0.00037077,0.024000001
,,,-0.00037076,0.024800001
,,,-0.00037075,0.024800001
,,,-0.00037074,0.024000001
,,,-0.00037073,0.024800001
,,,-0.00037072,0.023200001
,,,-0.00037071,0.024000001
,,,-0.0003707,0.024000001
,,,-0.00037069,0.023200001
,,,-0.00037068,0.024800001
,,,-0.00037067,0.024000001
,,,-0.00037066,0.025600002
,,,-0.00037065,0.024000001
,,,-0.00037064,0.024800001
,,,-0.00037063,0.024000001
,,,-0.00037062,0.024800001
,,,-0.00037061,0.024000001
,,,-0.0003706,0.024800001
,,,-0.00037059,0.024800001
,,,-0.00037058,0.024000001
,,,-0.00037057,0.024000001
,,,-0.00037056,0.024000001
,,,-0.00037055,0.024000001
,,,-0.00037054,0.024000001
,,,-0.00037053,0.024800001
,,,-0.00037052,0.024000001
,,,-0.00037051,0.024000001
,,,-0.0003705,0.024000001
,,,-0.00037049,0.024000001
,,,-0.00037048,0.024800001
,,,-0.00037047,0.023200001
,,,-0.00037046,0.025600002
,,,-0.00037045,0.022400001
,,,-0.00037044,0.024000001
,,,-0.00037043,0.024000001
,,,-0.00037042,0.023200001
,,,-0.00037041,0.025600002
,,,-0.0003704,0.023200001
,,,-0.00037039,0.024800001
,,,-0.00037038,0.023200001
,,,-0.00037037,0.024000001
,,,-0.00037036,0.025600002
,,,-0.00037035,0.024800001
,,,-0.00037034,0.024000001
,,,-0.00037033,0.025600002
,,,-0.00037032,0.026400002
,,,-0.00037031,0.023200001
,,,-0.0003703,0.024800001
,,,-0.00037029,0.024800001
,,,-0.00037028,0.024800001
,,,-0.00037027,0.024000001
,,,-0.00037026,0.024000001
,,,-0.00037025,0.025600002
,,,-0.00037024,0.025600002
,,,-0.00037023,0.024000001
,,,-0.00037022,0.024000001
,,,-0.00037021,0.024000001
,,,-0.0003702,0.021600001
,,,-0.00037019,0.024800001
,,,-0.00037018,0.024800001
,,,-0.00037017,0.023200001
,,,-0.00037016,0.023200001
,,,-0.00037015,0.024000001
,,,-0.00037014,0.024800001
,,,-0.00037013,0.024000001
,,,-0.00037012,0.024000001
,,,-0.00037011,0.024000001
,,,-0.0003701,0.024000001
,,,-0.00037009,0.024000001
,,,-0.00037008,0.024000001
,,,-0.00037007,0.028000002
,,,-0.00037006,0.024800001
,,,-0.00037005,0.021600001
,,,-0.00037004,0.024000001
,,,-0.00037003,0.024000001
,,,-0.00037002,0.024800001
,,,-0.00037001,0.024000001
,,,-0.00037,0.024000001
,,,-0.00036999,0.024000001
,,,-0.00036998,0.023200001
,,,-0.00036997,0.025600002
,,,-0.00036996,0.024000001
,,,-0.00036995,0.024000001
,,,-0.00036994,0.024800001
,,,-0.00036993,0.024800001
,,,-0.00036992,0.024000001
,,,-0.00036991,0.024800001
,,,-0.0003699,0.024000001
,,,-0.00036989,0.024000001
,,,-0.00036988,0.023200001
,,,-0.00036987,0.024000001
,,,-0.00036986,0.024000001
,,,-0.00036985,0.023200001
,,,-0.00036984,0.024000001
,,,-0.00036983,0.024000001
,,,-0.00036982,0.024800001
,,,-0.00036981,0.023200001
,,,-0.0003698,0.024000001
,,,-0.00036979,0.024000001
,,,-0.00036978,0.023200001
,,,-0.00036977,0.025600002
,,,-0.00036976,0.024800001
,,,-0.00036975,0.023200001
,,,-0.00036974,0.024000001
,,,-0.00036973,0.024000001
,,,-0.00036972,0.024000001
,,,-0.00036971,0.024000001
,,,-0.0003697,0.024800001
,,,-0.00036969,0.024000001
,,,-0.00036968,0.024800001
,,,-0.00036967,0.024000001
,,,-0.00036966,0.025600002
,,,-0.00036965,0.024000001
,,,-0.00036964,0.024000001
,,,-0.00036963,0.024800001
,,,-0.00036962,0.023200001
,,,-0.00036961,0.025600002
,,,-0.0003696,0.024800001
,,,-0.00036959,0.024800001
,,,-0.00036958,0.024000001
,,,-0.00036957,0.024000001
,,,-0.00036956,0.024000001
,,,-0.00036955,0.024000001
,,,-0.00036954,0.023200001
,,,-0.00036953,0.024000001
,,,-0.00036952,0.024000001
,,,-0.00036951,0.023200001
,,,-0.0003695,0.024000001
,,,-0.00036949,0.024800001
,,,-0.00036948,0.023200001
,,,-0.00036947,0.021600001
,,,-0.00036946,0.023200001
,,,-0.00036945,0.024800001
,,,-0.00036944,0.024000001
,,,-0.00036943,0.024800001
,,,-0.00036942,0.025600002
,,,-0.00036941,0.023200001
,,,-0.0003694,0.024000001
,,,-0.00036939,0.022400001
,,,-0.00036938,0.024800001
,,,-0.00036937,0.024000001
,,,-0.00036936,0.024000001
,,,-0.00036935,0.025600002
,,,-0.00036934,0.024000001
,,,-0.00036933,0.024800001
,,,-0.00036932,0.024000001
,,,-0.00036931,0.024800001
,,,-0.0003693,0.024000001
,,,-0.00036929,0.024800001
,,,-0.00036928,0.024000001
,,,-0.00036927,0.023200001
,,,-0.00036926,0.024000001
,,,-0.00036925,0.024000001
,,,-0.00036924,0.025600002
,,,-0.00036923,0.024800001
,,,-0.00036922,0.024000001
,,,-0.00036921,0.024800001
,,,-0.0003692,0.024000001
,,,-0.00036919,0.024800001
,,,-0.00036918,0.025600002
,,,-0.00036917,0.022400001
,,,-0.00036916,0.023200001
,,,-0.00036915,0.024000001
,,,-0.00036914,0.024000001
,,,-0.00036913,0.024000001
,,,-0.00036912,0.024800001
,,,-0.00036911,0.024800001
,,,-0.0003691,0.024000001
,,,-0.00036909,0.023200001
,,,-0.00036908,0.026400002
,,,-0.00036907,0.024000001
,,,-0.00036906,0.024000001
,,,-0.00036905,0.024800001
,,,-0.00036904,0.024800001
,,,-0.00036903,0.025600002
,,,-0.00036902,0.024800001
,,,-0.00036901,0.024000001
,,,-0.000369,0.024000001
,,,-0.00036899,0.024000001
,,,-0.00036898,0.024800001
,,,-0.00036897,0.024000001
,,,-0.00036896,0.024000001
,,,-0.00036895,0.024000001
,,,-0.00036894,0.024800001
,,,-0.00036893,0.023200001
,,,-0.00036892,0.025600002
,,,-0.00036891,0.024000001
,,,-0.0003689,0.025600002
,,,-0.00036889,0.024000001
,,,-0.00036888,0.024800001
,,,-0.00036887,0.024000001
,,,-0.00036886,0.024000001
,,,-0.00036885,0.022400001
,,,-0.00036884,0.024000001
,,,-0.00036883,0.024000001
,,,-0.00036882,0.025600002
,,,-0.00036881,0.024800001
,,,-0.0003688,0.024000001
,,,-0.00036879,0.023200001
,,,-0.00036878,0.024000001
,,,-0.00036877,0.024800001
,,,-0.00036876,0.024000001
,,,-0.00036875,0.024800001
,,,-0.00036874,0.024000001
,,,-0.00036873,0.024000001
,,,-0.00036872,0.023200001
,,,-0.00036871,0.024000001
,,,-0.0003687,0.026400002
,,,-0.00036869,0.025600002
,,,-0.00036868,0.024000001
,,,-0.00036867,0.024800001
,,,-0.00036866,0.024800001
,,,-0.00036865,0.024000001
,,,-0.00036864,0.024000001
,,,-0.00036863,0.023200001
,,,-0.00036862,0.024000001
,,,-0.00036861,0.024000001
,,,-0.0003686,0.024800001
,,,-0.00036859,0.025600002
,,,-0.00036858,0.024800001
,,,-0.00036857,0.025600002
,,,-0.00036856,0.025600002
,,,-0.00036855,0.023200001
,,,-0.00036854,0.024800001
,,,-0.00036853,0.024000001
,,,-0.00036852,0.025600002
,,,-0.00036851,0.024800001
,,,-0.0003685,0.024000001
,,,-0.00036849,0.022400001
,,,-0.00036848,0.023200001
,,,-0.00036847,0.024000001
,,,-0.00036846,0.024800001
,,,-0.00036845,0.024000001
,,,-0.00036844,0.024000001
,,,-0.00036843,0.024000001
,,,-0.00036842,0.024800001
,,,-0.00036841,0.024000001
,,,-0.0003684,0.023200001
,,,-0.00036839,0.024000001
,,,-0.00036838,0.021600001
,,,-0.00036837,0.024000001
,,,-0.00036836,0.024000001
,,,-0.00036835,0.024000001
,,,-0.00036834,0.024000001
,,,-0.00036833,0.024000001
,,,-0.00036832,0.024000001
,,,-0.00036831,0.023200001
,,,-0.0003683,0.026400002
,,,-0.00036829,0.023200001
,,,-0.00036828,0.024800001
,,,-0.00036827,0.024800001
,,,-0.00036826,0.023200001
,,,-0.00036825,0.023200001
,,,-0.00036824,0.024000001
,,,-0.00036823,0.023200001
,,,-0.00036822,0.024000001
,,,-0.00036821,0.024800001
,,,-0.0003682,0.023200001
,,,-0.00036819,0.023200001
,,,-0.00036818,0.024000001
,,,-0.00036817,0.024000001
,,,-0.00036816,0.025600002
,,,-0.00036815,0.024000001
,,,-0.00036814,0.023200001
,,,-0.00036813,0.023200001
,,,-0.00036812,0.025600002
,,,-0.00036811,0.024000001
,,,-0.0003681,0.024000001
,,,-0.00036809,0.024000001
,,,-0.00036808,0.024000001
,,,-0.00036807,0.024000001
,,,-0.00036806,0.024000001
,,,-0.00036805,0.024800001
,,,-0.00036804,0.024000001
,,,-0.00036803,0.023200001
,,,-0.00036802,0.024800001
,,,-0.00036801,0.024000001
,,,-0.000368,0.024000001
,,,-0.00036799,0.024000001
,,,-0.00036798,0.025600002
,,,-0.00036797,0.021600001
,,,-0.00036796,0.025600002
,,,-0.00036795,0.024000001
,,,-0.00036794,0.024800001
,,,-0.00036793,0.024000001
,,,-0.00036792,0.024800001
,,,-0.00036791,0.024000001
,,,-0.0003679,0.024000001
,,,-0.00036789,0.024800001
,,,-0.00036788,0.024800001
,,,-0.00036787,0.023200001
,,,-0.00036786,0.024800001
,,,-0.00036785,0.024800001
,,,-0.00036784,0.023200001
,,,-0.00036783,0.024000001
,,,-0.00036782,0.024800001
,,,-0.00036781,0.024000001
,,,-0.0003678,0.023200001
,,,-0.00036779,0.025600002
,,,-0.00036778,0.024000001
,,,-0.00036777,0.024000001
,,,-0.00036776,0.024000001
,,,-0.00036775,0.024800001
,,,-0.00036774,0.024000001
,,,-0.00036773,0.024000001
,,,-0.00036772,0.024800001
,,,-0.00036771,0.024000001
,,,-0.0003677,0.024800001
,,,-0.00036769,0.024000001
,,,-0.00036768,0.025600002
,,,-0.00036767,0.024000001
,,,-0.00036766,0.024000001
,,,-0.00036765,0.024000001
,,,-0.00036764,0.024000001
,,,-0.00036763,0.024000001
,,,-0.00036762,0.024800001
,,,-0.00036761,0.024000001
,,,-0.0003676,0.022400001
,,,-0.00036759,0.025600002
,,,-0.00036758,0.026400002
,,,-0.00036757,0.023200001
,,,-0.00036756,0.024800001
,,,-0.00036755,0.024800001
,,,-0.00036754,0.024000001
,,,-0.00036753,0.024800001
,,,-0.00036752,0.024000001
,,,-0.00036751,0.024000001
,,,-0.0003675,0.025600002
,,,-0.00036749,0.024000001
,,,-0.00036748,0.024800001
,,,-0.00036747,0.023200001
,,,-0.00036746,0.024000001
,,,-0.00036745,0.024000001
,,,-0.00036744,0.024000001
,,,-0.00036743,0.024000001
,,,-0.00036742,0.024800001
,,,-0.00036741,0.023200001
,,,-0.0003674,0.024000001
,,,-0.00036739,0.024000001
,,,-0.00036738,0.023200001
,,,-0.00036737,0.024000001
,,,-0.00036736,0.025600002
,,,-0.00036735,0.024800001
,,,-0.00036734,0.024800001
,,,-0.00036733,0.023200001
,,,-0.00036732,0.024800001
,,,-0.00036731,0.023200001
,,,-0.0003673,0.023200001
,,,-0.00036729,0.024000001
,,,-0.00036728,0.024800001
,,,-0.00036727,0.024800001
,,,-0.00036726,0.024800001
,,,-0.00036725,0.024000001
,,,-0.00036724,0.024000001
,,,-0.00036723,0.023200001
,,,-0.00036722,0.025600002
,,,-0.00036721,0.024800001
,,,-0.0003672,0.024000001
,,,-0.00036719,0.024000001
,,,-0.00036718,0.023200001
,,,-0.00036717,0.021600001
,,,-0.00036716,0.024000001
,,,-0.00036715,0.024800001
,,,-0.00036714,0.023200001
,,,-0.00036713,0.024800001
,,,-0.00036712,0.024800001
,,,-0.00036711,0.024000001
,,,-0.0003671,0.023200001
,,,-0.00036709,0.021600001
,,,-0.00036708,0.023200001
,,,-0.00036707,0.025600002
,,,-0.00036706,0.025600002
,,,-0.00036705,0.024000001
,,,-0.00036704,0.024000001
,,,-0.00036703,0.022400001
,,,-0.00036702,0.023200001
,,,-0.00036701,0.024800001
,,,-0.000367,0.025600002
,,,-0.00036699,0.024000001
,,,-0.00036698,0.024000001
,,,-0.00036697,0.024000001
,,,-0.00036696,0.025600002
,,,-0.00036695,0.025600002
,,,-0.00036694,0.025600002
,,,-0.00036693,0.024000001
,,,-0.00036692,0.024000001
,,,-0.00036691,0.024000001
,,,-0.0003669,0.024800001
,,,-0.00036689,0.025600002
,,,-0.00036688,0.024000001
,,,-0.00036687,0.023200001
,,,-0.00036686,0.023200001
,,,-0.00036685,0.024800001
,,,-0.00036684,0.024000001
,,,-0.00036683,0.024800001
,,,-0.00036682,0.023200001
,,,-0.00036681,0.025600002
,,,-0.0003668,0.024000001
,,,-0.00036679,0.024800001
,,,-0.00036678,0.024800001
,,,-0.00036677,0.024000001
,,,-0.00036676,0.023200001
,,,-0.00036675,0.023200001
,,,-0.00036674,0.023200001
,,,-0.00036673,0.023200001
,,,-0.00036672,0.024000001
,,,-0.00036671,0.024800001
,,,-0.0003667,0.024000001
,,,-0.00036669,0.024000001
,,,-0.00036668,0.024000001
,,,-0.00036667,0.023200001
,,,-0.00036666,0.024000001
,,,-0.00036665,0.026400002
,,,-0.00036664,0.023200001
,,,-0.00036663,0.024800001
,,,-0.00036662,0.024000001
,,,-0.00036661,0.024000001
,,,-0.0003666,0.024000001
,,,-0.00036659,0.024800001
,,,-0.00036658,0.024800001
,,,-0.00036657,0.023200001
,,,-0.00036656,0.024000001
,,,-0.00036655,0.024000001
,,,-0.00036654,0.023200001
,,,-0.00036653,0.023200001
,,,-0.00036652,0.026400002
,,,-0.00036651,0.023200001
,,,-0.0003665,0.023200001
,,,-0.00036649,0.024000001
,,,-0.00036648,0.023200001
,,,-0.00036647,0.023200001
,,,-0.00036646,0.024800001
,,,-0.00036645,0.023200001
,,,-0.00036644,0.024000001
,,,-0.00036643,0.024000001
,,,-0.00036642,0.024000001
,,,-0.00036641,0.024000001
,,,-0.0003664,0.025600002
,,,-0.00036639,0.024000001
,,,-0.00036638,0.025600002
,,,-0.00036637,0.024000001
,,,-0.00036636,0.023200001
,,,-0.00036635,0.024000001
,,,-0.00036634,0.024800001
,,,-0.00036633,0.025600002
,,,-0.00036632,0.024000001
,,,-0.00036631,0.024000001
,,,-0.0003663,0.024000001
,,,-0.00036629,0.024000001
,,,-0.00036628,0.024000001
,,,-0.00036627,0.023200001
,,,-0.00036626,0.025600002
,,,-0.00036625,0.024000001
,,,-0.00036624,0.024000001
,,,-0.00036623,0.024000001
,,,-0.00036622,0.025600002
,,,-0.00036621,0.023200001
,,,-0.0003662,0.023200001
,,,-0.00036619,0.023200001
,,,-0.00036618,0.024800001
,,,-0.00036617,0.024000001
,,,-0.00036616,0.024800001
,,,-0.00036615,0.024800001
,,,-0.00036614,0.023200001
,,,-0.00036613,0.022400001
,,,-0.00036612,0.024000001
,,,-0.00036611,0.024000001
,,,-0.0003661,0.022400001
,,,-0.00036609,0.024000001
,,,-0.00036608,0.025600002
,,,-0.00036607,0.023200001
,,,-0.00036606,0.023200001
,,,-0.00036605,0.024000001
,,,-0.00036604,0.024000001
,,,-0.00036603,0.023200001
,,,-0.00036602,0.025600002
,,,-0.00036601,0.024800001
,,,-0.000366,0.023200001
,,,-0.00036599,0.024800001
,,,-0.00036598,0.023200001
,,,-0.00036597,0.024000001
,,,-0.00036596,0.024000001
,,,-0.00036595,0.024000001
,,,-0.00036594,0.024000001
,,,-0.00036593,0.023200001
,,,-0.00036592,0.024800001
,,,-0.00036591,0.024000001
,,,-0.0003659,0.025600002
,,,-0.00036589,0.024800001
,,,-0.00036588,0.024000001
,,,-0.00036587,0.023200001
,,,-0.00036586,0.025600002
,,,-0.00036585,0.024000001
,,,-0.00036584,0.023200001
,,,-0.00036583,0.023200001
,,,-0.00036582,0.025600002
,,,-0.00036581,0.024800001
,,,-0.0003658,0.024000001
,,,-0.00036579,0.024000001
,,,-0.00036578,0.024000001
,,,-0.00036577,0.022400001
,,,-0.00036576,0.026400002
,,,-0.00036575,0.024000001
,,,-0.00036574,0.024000001
,,,-0.00036573,0.024000001
,,,-0.00036572,0.024800001
,,,-0.00036571,0.024800001
,,,-0.0003657,0.024000001
,,,-0.00036569,0.024000001
,,,-0.00036568,0.023200001
,,,-0.00036567,0.024000001
,,,-0.00036566,0.024000001
,,,-0.00036565,0.024000001
,,,-0.00036564,0.024800001
,,,-0.00036563,0.023200001
,,,-0.00036562,0.024000001
,,,-0.00036561,0.024000001
,,,-0.0003656,0.024800001
,,,-0.00036559,0.024000001
,,,-0.00036558,0.024800001
,,,-0.00036557,0.024800001
,,,-0.00036556,0.024000001
,,,-0.00036555,0.026400002
,,,-0.00036554,0.024800001
,,,-0.00036553,0.024800001
,,,-0.00036552,0.024800001
,,,-0.00036551,0.024000001
,,,-0.0003655,0.024000001
,,,-0.00036549,0.023200001
,,,-0.00036548,0.024000001
,,,-0.00036547,0.025600002
,,,-0.00036546,0.023200001
,,,-0.00036545,0.024800001
,,,-0.00036544,0.024800001
,,,-0.00036543,0.024000001
,,,-0.00036542,0.025600002
,,,-0.00036541,0.025600002
,,,-0.0003654,0.023200001
,,,-0.00036539,0.024000001
,,,-0.00036538,0.024000001
,,,-0.00036537,0.024800001
,,,-0.00036536,0.024000001
,,,-0.00036535,0.024000001
,,,-0.00036534,0.024800001
,,,-0.00036533,0.024000001
,,,-0.00036532,0.024800001
,,,-0.00036531,0.024000001
,,,-0.0003653,0.025600002
,,,-0.00036529,0.024800001
,,,-0.00036528,0.026400002
,,,-0.00036527,0.023200001
,,,-0.00036526,0.024000001
,,,-0.00036525,0.024000001
,,,-0.00036524,0.024000001
,,,-0.00036523,0.024000001
,,,-0.00036522,0.023200001
,,,-0.00036521,0.024000001
,,,-0.0003652,0.024000001
,,,-0.00036519,0.026400002
,,,-0.00036518,0.024800001
,,,-0.00036517,0.024800001
,,,-0.00036516,0.025600002
,,,-0.00036515,0.023200001
,,,-0.00036514,0.024800001
,,,-0.00036513,0.023200001
,,,-0.00036512,0.024000001
,,,-0.00036511,0.024000001
,,,-0.0003651,0.025600002
,,,-0.00036509,0.023200001
,,,-0.00036508,0.024800001
,,,-0.00036507,0.024000001
,,,-0.00036506,0.025600002
,,,-0.00036505,0.024000001
,,,-0.00036504,0.024000001
,,,-0.00036503,0.024000001
,,,-0.00036502,0.025600002
,,,-0.00036501,0.024000001
,,,-0.000365,0.024000001
,,,-0.00036499,0.024000001
,,,-0.00036498,0.024800001
,,,-0.00036497,0.024000001
,,,-0.00036496,0.024800001
,,,-0.00036495,0.024000001
,,,-0.00036494,0.024000001
,,,-0.00036493,0.024000001
,,,-0.00036492,0.024000001
,,,-0.00036491,0.024800001
,,,-0.0003649,0.024000001
,,,-0.00036489,0.025600002
,,,-0.00036488,0.024000001
,,,-0.00036487,0.024800001
,,,-0.00036486,0.024000001
,,,-0.00036485,0.024000001
,,,-0.00036484,0.024000001
,,,-0.00036483,0.025600002
,,,-0.00036482,0.023200001
,,,-0.00036481,0.023200001
,,,-0.0003648,0.024000001
,,,-0.00036479,0.023200001
,,,-0.00036478,0.024000001
,,,-0.00036477,0.023200001
,,,-0.00036476,0.024000001
,,,-0.00036475,0.025600002
,,,-0.00036474,0.024000001
,,,-0.00036473,0.024000001
,,,-0.00036472,0.024000001
,,,-0.00036471,0.024000001
,,,-0.0003647,0.023200001
,,,-0.00036469,0.024000001
,,,-0.00036468,0.024000001
,,,-0.00036467,0.024000001
,,,-0.00036466,0.024000001
,,,-0.00036465,0.024000001
,,,-0.00036464,0.024000001
,,,-0.00036463,0.024000001
,,,-0.00036462,0.024000001
,,,-0.00036461,0.025600002
,,,-0.0003646,0.024800001
,,,-0.00036459,0.024000001
,,,-0.00036458,0.024000001
,,,-0.00036457,0.024800001
,,,-0.00036456,0.024000001
,,,-0.00036455,0.024800001
,,,-0.00036454,0.024800001
,,,-0.00036453,0.025600002
,,,-0.00036452,0.024000001
,,,-0.00036451,0.023200001
,,,-0.0003645,0.024800001
,,,-0.00036449,0.022400001
,,,-0.00036448,0.024800001
,,,-0.00036447,0.024000001
,,,-0.00036446,0.025600002
,,,-0.00036445,0.024000001
,,,-0.00036444,0.024000001
,,,-0.00036443,0.024000001
,,,-0.00036442,0.024000001
,,,-0.00036441,0.024000001
,,,-0.0003644,0.025600002
,,,-0.00036439,0.023200001
,,,-0.00036438,0.024000001
,,,-0.00036437,0.024000001
,,,-0.00036436,0.024800001
,,,-0.00036435,0.024800001
,,,-0.00036434,0.024000001
,,,-0.00036433,0.025600002
,,,-0.00036432,0.024800001
,,,-0.00036431,0.024800001
,,,-0.0003643,0.023200001
,,,-0.00036429,0.024800001
,,,-0.00036428,0.024000001
,,,-0.00036427,0.024800001
,,,-0.00036426,0.023200001
,,,-0.00036425,0.024800001
,,,-0.00036424,0.024000001
,,,-0.00036423,0.024000001
,,,-0.00036422,0.024800001
,,,-0.00036421,0.024000001
,,,-0.0003642,0.024800001
,,,-0.00036419,0.024800001
,,,-0.00036418,0.024000001
,,,-0.00036417,0.023200001
,,,-0.00036416,0.024000001
,,,-0.00036415,0.022400001
,,,-0.00036414,0.025600002
,,,-0.00036413,0.024800001
,,,-0.00036412,0.024800001
,,,-0.00036411,0.024000001
,,,-0.0003641,0.023200001
,,,-0.00036409,0.023200001
,,,-0.00036408,0.024800001
,,,-0.00036407,0.024000001
,,,-0.00036406,0.024800001
,,,-0.00036405,0.023200001
,,,-0.00036404,0.024000001
,,,-0.00036403,0.024000001
,,,-0.00036402,0.023200001
,,,-0.00036401,0.024000001
,,,-0.000364,0.024000001
,,,-0.00036399,0.024000001
,,,-0.00036398,0.024000001
,,,-0.00036397,0.024000001
,,,-0.00036396,0.022400001
,,,-0.00036395,0.024000001
,,,-0.00036394,0.025600002
,,,-0.00036393,0.024000001
,,,-0.00036392,0.024800001
,,,-0.00036391,0.021600001
,,,-0.0003639,0.024000001
,,,-0.00036389,0.025600002
,,,-0.00036388,0.024000001
,,,-0.00036387,0.024000001
,,,-0.00036386,0.023200001
,,,-0.00036385,0.024800001
,,,-0.00036384,0.024800001
,,,-0.00036383,0.024000001
,,,-0.00036382,0.024000001
,,,-0.00036381,0.025600002
,,,-0.0003638,0.024800001
,,,-0.00036379,0.024000001
,,,-0.00036378,0.024000001
,,,-0.00036377,0.024800001
,,,-0.00036376,0.024000001
,,,-0.00036375,0.023200001
,,,-0.00036374,0.024800001
,,,-0.00036373,0.024000001
,,,-0.00036372,0.024000001
,,,-0.00036371,0.025600002
,,,-0.0003637,0.024000001
,,,-0.00036369,0.024000001
,,,-0.00036368,0.024000001
,,,-0.00036367,0.024000001
,,,-0.00036366,0.024000001
,,,-0.00036365,0.024800001
,,,-0.00036364,0.026400002
,,,-0.00036363,0.024800001
,,,-0.00036362,0.024000001
,,,-0.00036361,0.024800001
,,,-0.0003636,0.024000001
,,,-0.00036359,0.023200001
,,,-0.00036358,0.025600002
,,,-0.00036357,0.024000001
,,,-0.00036356,0.024000001
,,,-0.00036355,0.024800001
,,,-0.00036354,0.024800001
,,,-0.00036353,0.024800001
,,,-0.00036352,0.025600002
,,,-0.00036351,0.024000001
,,,-0.0003635,0.024000001
,,,-0.00036349,0.024000001
,,,-0.00036348,0.024000001
,,,-0.00036347,0.024000001
,,,-0.00036346,0.023200001
,,,-0.00036345,0.023200001
,,,-0.00036344,0.025600002
,,,-0.00036343,0.024000001
,,,-0.00036342,0.024800001
,,,-0.00036341,0.024800001
,,,-0.0003634,0.024000001
,,,-0.00036339,0.024000001
,,,-0.00036338,0.023200001
,,,-0.00036337,0.024000001
,,,-0.00036336,0.023200001
,,,-0.00036335,0.024000001
,,,-0.00036334,0.024000001
,,,-0.00036333,0.023200001
,,,-0.00036332,0.025600002
,,,-0.00036331,0.024000001
,,,-0.0003633,0.024000001
,,,-0.00036329,0.023200001
,,,-0.00036328,0.024000001
,,,-0.00036327,0.024000001
,,,-0.00036326,0.024800001
,,,-0.00036325,0.024000001
,,,-0.00036324,0.024000001
,,,-0.00036323,0.023200001
,,,-0.00036322,0.024000001
,,,-0.00036321,0.024800001
,,,-0.0003632,0.022400001
,,,-0.00036319,0.023200001
,,,-0.00036318,0.023200001
,,,-0.00036317,0.024000001
,,,-0.00036316,0.024800001
,,,-0.00036315,0.024000001
,,,-0.00036314,0.024800001
,,,-0.00036313,0.023200001
,,,-0.00036312,0.024000001
,,,-0.00036311,0.024000001
,,,-0.0003631,0.025600002
,,,-0.00036309,0.024000001
,,,-0.00036308,0.023200001
,,,-0.00036307,0.022400001
,,,-0.00036306,0.023200001
,,,-0.00036305,0.023200001
,,,-0.00036304,0.023200001
,,,-0.00036303,0.024800001
,,,-0.00036302,0.024800001
,,,-0.00036301,0.024000001
,,,-0.000363,0.024800001
,,,-0.00036299,0.022400001
,,,-0.00036298,0.024800001
,,,-0.00036297,0.024000001
,,,-0.00036296,0.023200001
,,,-0.00036295,0.024000001
,,,-0.00036294,0.024000001
,,,-0.00036293,0.023200001
,,,-0.00036292,0.024000001
,,,-0.00036291,0.024800001
,,,-0.0003629,0.024000001
,,,-0.00036289,0.025600002
,,,-0.00036288,0.024000001
,,,-0.00036287,0.024000001
,,,-0.00036286,0.025600002
,,,-0.00036285,0.024000001
,,,-0.00036284,0.024800001
,,,-0.00036283,0.025600002
,,,-0.00036282,0.023200001
,,,-0.00036281,0.024800001
,,,-0.0003628,0.024800001
,,,-0.00036279,0.024000001
,,,-0.00036278,0.024800001
,,,-0.00036277,0.023200001
,,,-0.00036276,0.024800001
,,,-0.00036275,0.024000001
,,,-0.00036274,0.023200001
,,,-0.00036273,0.023200001
,,,-0.00036272,0.024000001
,,,-0.00036271,0.024000001
,,,-0.0003627,0.024000001
,,,-0.00036269,0.024000001
,,,-0.00036268,0.024000001
,,,-0.00036267,0.023200001
,,,-0.00036266,0.024800001
,,,-0.00036265,0.025600002
,,,-0.00036264,0.024000001
,,,-0.00036263,0.024000001
,,,-0.00036262,0.024000001
,,,-0.00036261,0.024000001
,,,-0.0003626,0.024800001
,,,-0.00036259,0.025600002
,,,-0.00036258,0.024000001
,,,-0.00036257,0.024000001
,,,-0.00036256,0.025600002
,,,-0.00036255,0.025600002
,,,-0.00036254,0.024000001
,,,-0.00036253,0.024000001
,,,-0.00036252,0.024000001
,,,-0.00036251,0.024800001
,,,-0.0003625,0.024800001
,,,-0.00036249,0.024800001
,,,-0.00036248,0.024000001
,,,-0.00036247,0.024000001
,,,-0.00036246,0.024000001
,,,-0.00036245,0.024800001
,,,-0.00036244,0.024000001
,,,-0.00036243,0.024800001
,,,-0.00036242,0.024000001
,,,-0.00036241,0.024000001
,,,-0.0003624,0.024000001
,,,-0.00036239,0.024800001
,,,-0.00036238,0.024000001
,,,-0.00036237,0.023200001
,,,-0.00036236,0.022400001
,,,-0.00036235,0.024000001
,,,-0.00036234,0.024000001
,,,-0.00036233,0.023200001
,,,-0.00036232,0.022400001
,,,-0.00036231,0.023200001
,,,-0.0003623,0.024000001
,,,-0.00036229,0.024800001
,,,-0.00036228,0.024000001
,,,-0.00036227,0.025600002
,,,-0.00036226,0.024800001
,,,-0.00036225,0.024800001
,,,-0.00036224,0.024000001
,,,-0.00036223,0.024000001
,,,-0.00036222,0.023200001
,,,-0.00036221,0.024800001
,,,-0.0003622,0.024000001
,,,-0.00036219,0.024000001
,,,-0.00036218,0.025600002
,,,-0.00036217,0.023200001
,,,-0.00036216,0.024800001
,,,-0.00036215,0.025600002
,,,-0.00036214,0.024000001
,,,-0.00036213,0.024000001
,,,-0.00036212,0.023200001
,,,-0.00036211,0.024000001
,,,-0.0003621,0.023200001
,,,-0.00036209,0.024800001
,,,-0.00036208,0.026400002
,,,-0.00036207,0.024000001
,,,-0.00036206,0.024000001
,,,-0.00036205,0.024000001
,,,-0.00036204,0.024000001
,,,-0.00036203,0.024800001
,,,-0.00036202,0.023200001
,,,-0.00036201,0.024800001
,,,-0.000362,0.024800001
,,,-0.00036199,0.026400002
,,,-0.00036198,0.024000001
,,,-0.00036197,0.024000001
,,,-0.00036196,0.024000001
,,,-0.00036195,0.024000001
,,,-0.00036194,0.021600001
,,,-0.00036193,0.024800001
,,,-0.00036192,0.023200001
,,,-0.00036191,0.024000001
,,,-0.0003619,0.023200001
,,,-0.00036189,0.023200001
,,,-0.00036188,0.024800001
,,,-0.00036187,0.024000001
,,,-0.00036186,0.022400001
,,,-0.00036185,0.023200001
,,,-0.00036184,0.024800001
,,,-0.00036183,0.024800001
,,,-0.00036182,0.023200001
,,,-0.00036181,0.024000001
,,,-0.0003618,0.024800001
,,,-0.00036179,0.024000001
,,,-0.00036178,0.024000001
,,,-0.00036177,0.024000001
,,,-0.00036176,0.024000001
,,,-0.00036175,0.023200001
,,,-0.00036174,0.024000001
,,,-0.00036173,0.025600002
,,,-0.00036172,0.024000001
,,,-0.00036171,0.024000001
,,,-0.0003617,0.024000001
,,,-0.00036169,0.024000001
,,,-0.00036168,0.024000001
,,,-0.00036167,0.024000001
,,,-0.00036166,0.024000001
,,,-0.00036165,0.024800001
,,,-0.00036164,0.025600002
,,,-0.00036163,0.024000001
,,,-0.00036162,0.024800001
,,,-0.00036161,0.024000001
,,,-0.0003616,0.024000001
,,,-0.00036159,0.024000001
,,,-0.00036158,0.023200001
,,,-0.00036157,0.024000001
,,,-0.00036156,0.024000001
,,,-0.00036155,0.024800001
,,,-0.00036154,0.024000001
,,,-0.00036153,0.024000001
,,,-0.00036152,0.022400001
,,,-0.00036151,0.023200001
,,,-0.0003615,0.023200001
,,,-0.00036149,0.024000001
,,,-0.00036148,0.024000001
,,,-0.00036147,0.024000001
,,,-0.00036146,0.024000001
,,,-0.00036145,0.023200001
,,,-0.00036144,0.023200001
,,,-0.00036143,0.024000001
,,,-0.00036142,0.026400002
,,,-0.00036141,0.025600002
,,,-0.0003614,0.025600002
,,,-0.00036139,0.024000001
,,,-0.00036138,0.026400002
,,,-0.00036137,0.025600002
,,,-0.00036136,0.025600002
,,,-0.00036135,0.024000001
,,,-0.00036134,0.024800001
,,,-0.00036133,0.025600002
,,,-0.00036132,0.024800001
,,,-0.00036131,0.024800001
,,,-0.0003613,0.024000001
,,,-0.00036129,0.023200001
,,,-0.00036128,0.025600002
,,,-0.00036127,0.024800001
,,,-0.00036126,0.024800001
,,,-0.00036125,0.024800001
,,,-0.00036124,0.024000001
,,,-0.00036123,0.025600002
,,,-0.00036122,0.024800001
,,,-0.00036121,0.024000001
,,,-0.0003612,0.024000001
,,,-0.00036119,0.024000001
,,,-0.00036118,0.024800001
,,,-0.00036117,0.024000001
,,,-0.00036116,0.024800001
,,,-0.00036115,0.024800001
,,,-0.00036114,0.024000001
,,,-0.00036113,0.024000001
,,,-0.00036112,0.025600002
,,,-0.00036111,0.023200001
,,,-0.0003611,0.024000001
,,,-0.00036109,0.023200001
,,,-0.00036108,0.023200001
,,,-0.00036107,0.024000001
,,,-0.00036106,0.024000001
,,,-0.00036105,0.024000001
,,,-0.00036104,0.024000001
,,,-0.00036103,0.024000001
,,,-0.00036102,0.024000001
,,,-0.00036101,0.024800001
,,,-0.000361,0.024000001
,,,-0.00036099,0.024800001
,,,-0.00036098,0.024000001
,,,-0.00036097,0.024000001
,,,-0.00036096,0.025600002
,,,-0.00036095,0.023200001
,,,-0.00036094,0.024000001
,,,-0.00036093,0.024000001
,,,-0.00036092,0.023200001
,,,-0.00036091,0.024000001
,,,-0.0003609,0.026400002
,,,-0.00036089,0.024000001
,,,-0.00036088,0.024000001
,,,-0.00036087,0.024000001
,,,-0.00036086,0.024000001
,,,-0.00036085,0.024800001
,,,-0.00036084,0.025600002
,,,-0.00036083,0.024800001
,,,-0.00036082,0.024800001
,,,-0.00036081,0.024000001
,,,-0.0003608,0.022400001
,,,-0.00036079,0.022400001
,,,-0.00036078,0.023200001
,,,-0.00036077,0.026400002
,,,-0.00036076,0.024800001
,,,-0.00036075,0.023200001
,,,-0.00036074,0.024000001
,,,-0.00036073,0.024000001
,,,-0.00036072,0.024000001
,,,-0.00036071,0.024000001
,,,-0.0003607,0.024000001
,,,-0.00036069,0.025600002
,,,-0.00036068,0.024000001
,,,-0.00036067,0.024000001
,,,-0.00036066,0.024800001
,,,-0.00036065,0.023200001
,,,-0.00036064,0.024000001
,,,-0.00036063,0.024800001
,,,-0.00036062,0.024800001
,,,-0.00036061,0.024000001
,,,-0.0003606,0.023200001
,,,-0.00036059,0.024000001
,,,-0.00036058,0.025600002
,,,-0.00036057,0.025600002
,,,-0.00036056,0.024800001
,,,-0.00036055,0.025600002
,,,-0.00036054,0.024000001
,,,-0.00036053,0.024800001
,,,-0.00036052,0.023200001
,,,-0.00036051,0.024800001
,,,-0.0003605,0.024800001
,,,-0.00036049,0.024000001
,,,-0.00036048,0.024800001
,,,-0.00036047,0.024800001
,,,-0.00036046,0.024800001
,,,-0.00036045,0.024000001
,,,-0.00036044,0.025600002
,,,-0.00036043,0.023200001
,,,-0.00036042,0.024000001
,,,-0.00036041,0.024800001
,,,-0.0003604,0.025600002
,,,-0.00036039,0.024800001
,,,-0.00036038,0.023200001
,,,-0.00036037,0.024800001
,,,-0.00036036,0.024000001
,,,-0.00036035,0.023200001
,,,-0.00036034,0.024000001
,,,-0.00036033,0.024000001
,,,-0.00036032,0.024800001
,,,-0.00036031,0.024000001
,,,-0.0003603,0.024000001
,,,-0.00036029,0.024000001
,,,-0.00036028,0.024800001
,,,-0.00036027,0.024000001
,,,-0.00036026,0.024000001
,,,-0.00036025,0.024000001
,,,-0.00036024,0.023200001
,,,-0.00036023,0.024800001
,,,-0.00036022,0.024000001
,,,-0.00036021,0.024800001
,,,-0.0003602,0.024000001
,,,-0.00036019,0.024800001
,,,-0.00036018,0.024000001
,,,-0.00036017,0.024800001
,,,-0.00036016,0.024800001
,,,-0.00036015,0.024000001
,,,-0.00036014,0.024000001
,,,-0.00036013,0.024000001
,,,-0.00036012,0.025600002
,,,-0.00036011,0.024800001
,,,-0.0003601,0.023200001
,,,-0.00036009,0.025600002
,,,-0.00036008,0.023200001
,,,-0.00036007,0.024800001
,,,-0.00036006,0.024000001
,,,-0.00036005,0.024800001
,,,-0.00036004,0.022400001
,,,-0.00036003,0.024000001
,,,-0.00036002,0.023200001
,,,-0.00036001,0.024000001
,,,-0.00036,0.024000001
,,,-0.00035999,0.024800001
,,,-0.00035998,0.024800001
,,,-0.00035997,0.024000001
,,,-0.00035996,0.024800001
,,,-0.00035995,0.024000001
,,,-0.00035994,0.024000001
,,,-0.00035993,0.023200001
,,,-0.00035992,0.024800001
,,,-0.00035991,0.022400001
,,,-0.0003599,0.024000001
,,,-0.00035989,0.024000001
,,,-0.00035988,0.025600002
,,,-0.00035987,0.024000001
,,,-0.00035986,0.023200001
,,,-0.00035985,0.024800001
,,,-0.00035984,0.023200001
,,,-0.00035983,0.024000001
,,,-0.00035982,0.024800001
,,,-0.00035981,0.025600002
,,,-0.0003598,0.025600002
,,,-0.00035979,0.024000001
,,,-0.00035978,0.023200001
,,,-0.00035977,0.024000001
,,,-0.00035976,0.024800001
,,,-0.00035975,0.024800001
,,,-0.00035974,0.024000001
,,,-0.00035973,0.024000001
,,,-0.00035972,0.024000001
,,,-0.00035971,0.024000001
,,,-0.0003597,0.024800001
,,,-0.00035969,0.023200001
,,,-0.00035968,0.024800001
,,,-0.00035967,0.024800001
,,,-0.00035966,0.024000001
,,,-0.00035965,0.024000001
,,,-0.00035964,0.025600002
,,,-0.00035963,0.024000001
,,,-0.00035962,0.022400001
,,,-0.00035961,0.024000001
,,,-0.0003596,0.024000001
,,,-0.00035959,0.024000001
,,,-0.00035958,0.024800001
,,,-0.00035957,0.024000001
,,,-0.00035956,0.024000001
,,,-0.00035955,0.024800001
,,,-0.00035954,0.025600002
,,,-0.00035953,0.022400001
,,,-0.00035952,0.024000001
,,,-0.00035951,0.024800001
,,,-0.0003595,0.022400001
,,,-0.00035949,0.023200001
,,,-0.00035948,0.021600001
,,,-0.00035947,0.025600002
,,,-0.00035946,0.024000001
,,,-0.00035945,0.023200001
,,,-0.00035944,0.024800001
,,,-0.00035943,0.024000001
,,,-0.00035942,0.024800001
,,,-0.00035941,0.024000001
,,,-0.0003594,0.024000001
,,,-0.00035939,0.024800001
,,,-0.00035938,0.024000001
,,,-0.00035937,0.024000001
,,,-0.00035936,0.023200001
,,,-0.00035935,0.025600002
,,,-0.00035934,0.024000001
,,,-0.00035933,0.025600002
,,,-0.00035932,0.025600002
,,,-0.00035931,0.024000001
,,,-0.0003593,0.024800001
,,,-0.00035929,0.025600002
,,,-0.00035928,0.024800001
,,,-0.00035927,0.024000001
,,,-0.00035926,0.025600002
,,,-0.00035925,0.024000001
,,,-0.00035924,0.025600002
,,,-0.00035923,0.022400001
,,,-0.00035922,0.025600002
,,,-0.00035921,0.024000001
,,,-0.0003592,0.024000001
,,,-0.00035919,0.024000001
,,,-0.00035918,0.024800001
,,,-0.00035917,0.024800001
,,,-0.00035916,0.024000001
,,,-0.00035915,0.024800001
,,,-0.00035914,0.024000001
,,,-0.00035913,0.024000001
,,,-0.00035912,0.023200001
,,,-0.00035911,0.024000001
,,,-0.0003591,0.024800001
,,,-0.00035909,0.023200001
,,,-0.00035908,0.023200001
,,,-0.00035907,0.026400002
,,,-0.00035906,0.024800001
,,,-0.00035905,0.024000001
,,,-0.00035904,0.023200001
,,,-0.00035903,0.024000001
,,,-0.00035902,0.024000001
,,,-0.00035901,0.024800001
,,,-0.000359,0.025600002
,,,-0.00035899,0.023200001
,,,-0.00035898,0.024000001
,,,-0.00035897,0.024800001
,,,-0.00035896,0.024000001
,,,-0.00035895,0.024000001
,,,-0.00035894,0.024000001
,,,-0.00035893,0.024800001
,,,-0.00035892,0.023200001
,,,-0.00035891,0.024800001
,,,-0.0003589,0.024000001
,,,-0.00035889,0.024800001
,,,-0.00035888,0.024000001
,,,-0.00035887,0.024800001
,,,-0.00035886,0.024000001
,,,-0.00035885,0.023200001
,,,-0.00035884,0.024000001
,,,-0.00035883,0.022400001
,,,-0.00035882,0.024000001
,,,-0.00035881,0.023200001
,,,-0.0003588,0.024800001
,,,-0.00035879,0.023200001
,,,-0.00035878,0.024800001
,,,-0.00035877,0.024800001
,,,-0.00035876,0.023200001
,,,-0.00035875,0.024000001
,,,-0.00035874,0.027200002
,,,-0.00035873,0.024000001
,,,-0.00035872,0.023200001
,,,-0.00035871,0.024800001
,,,-0.0003587,0.024800001
,,,-0.00035869,0.022400001
,,,-0.00035868,0.024000001
,,,-0.00035867,0.024800001
,,,-0.00035866,0.021600001
,,,-0.00035865,0.024800001
,,,-0.00035864,0.023200001
,,,-0.00035863,0.024000001
,,,-0.00035862,0.024000001
,,,-0.00035861,0.023200001
,,,-0.0003586,0.024000001
,,,-0.00035859,0.024000001
,,,-0.00035858,0.024800001
,,,-0.00035857,0.025600002
,,,-0.00035856,0.024000001
,,,-0.00035855,0.025600002
,,,-0.00035854,0.022400001
,,,-0.00035853,0.024000001
,,,-0.00035852,0.023200001
,,,-0.00035851,0.022400001
,,,-0.0003585,0.024000001
,,,-0.00035849,0.024000001
,,,-0.00035848,0.024000001
,,,-0.00035847,0.024000001
,,,-0.00035846,0.024800001
,,,-0.00035845,0.023200001
,,,-0.00035844,0.026400002
,,,-0.00035843,0.023200001
,,,-0.00035842,0.025600002
,,,-0.00035841,0.026400002
,,,-0.0003584,0.024000001
,,,-0.00035839,0.025600002
,,,-0.00035838,0.024800001
,,,-0.00035837,0.024000001
,,,-0.00035836,0.025600002
,,,-0.00035835,0.024000001
,,,-0.00035834,0.024000001
,,,-0.00035833,0.024000001
,,,-0.00035832,0.024000001
,,,-0.00035831,0.024000001
,,,-0.0003583,0.024000001
,,,-0.00035829,0.024000001
,,,-0.00035828,0.025600002
,,,-0.00035827,0.024800001
,,,-0.00035826,0.024000001
,,,-0.00035825,0.024000001
,,,-0.00035824,0.025600002
,,,-0.00035823,0.024000001
,,,-0.00035822,0.023200001
,,,-0.00035821,0.023200001
,,,-0.0003582,0.024800001
,,,-0.00035819,0.023200001
,,,-0.00035818,0.024000001
,,,-0.00035817,0.024000001
,,,-0.00035816,0.024000001
,,,-0.00035815,0.024800001
,,,-0.00035814,0.024000001
,,,-0.00035813,0.024000001
,,,-0.00035812,0.024000001
,,,-0.00035811,0.024000001
,,,-0.0003581,0.024000001
,,,-0.00035809,0.024800001
,,,-0.00035808,0.024800001
,,,-0.00035807,0.024000001
,,,-0.00035806,0.024000001
,,,-0.00035805,0.025600002
,,,-0.00035804,0.025600002
,,,-0.00035803,0.024000001
,,,-0.00035802,0.024000001
,,,-0.00035801,0.024000001
,,,-0.000358,0.024000001
,,,-0.00035799,0.024000001
,,,-0.00035798,0.024800001
,,,-0.00035797,0.025600002
,,,-0.00035796,0.024800001
,,,-0.00035795,0.025600002
,,,-0.00035794,0.024800001
,,,-0.00035793,0.024800001
,,,-0.00035792,0.024000001
,,,-0.00035791,0.024800001
,,,-0.0003579,0.024000001
,,,-0.00035789,0.024000001
,,,-0.00035788,0.022400001
,,,-0.00035787,0.024000001
,,,-0.00035786,0.023200001
,,,-0.00035785,0.024000001
,,,-0.00035784,0.023200001
,,,-0.00035783,0.024800001
,,,-0.00035782,0.023200001
,,,-0.00035781,0.023200001
,,,-0.0003578,0.024000001
,,,-0.00035779,0.024000001
,,,-0.00035778,0.024000001
,,,-0.00035777,0.023200001
,,,-0.00035776,0.024000001
,,,-0.00035775,0.024000001
,,,-0.00035774,0.024000001
,,,-0.00035773,0.024800001
,,,-0.00035772,0.024000001
,,,-0.00035771,0.024000001
,,,-0.0003577,0.024000001
,,,-0.00035769,0.024000001
,,,-0.00035768,0.023200001
,,,-0.00035767,0.023200001
,,,-0.00035766,0.024000001
,,,-0.00035765,0.024800001
,,,-0.00035764,0.024000001
,,,-0.00035763,0.025600002
,,,-0.00035762,0.024800001
,,,-0.00035761,0.023200001
,,,-0.0003576,0.023200001
,,,-0.00035759,0.024000001
,,,-0.00035758,0.023200001
,,,-0.00035757,0.024800001
,,,-0.00035756,0.024000001
,,,-0.00035755,0.024000001
,,,-0.00035754,0.024000001
,,,-0.00035753,0.024000001
,,,-0.00035752,0.024000001
,,,-0.00035751,0.024800001
,,,-0.0003575,0.024000001
,,,-0.00035749,0.024000001
,,,-0.00035748,0.024000001
,,,-0.00035747,0.024800001
,,,-0.00035746,0.024800001
,,,-0.00035745,0.026400002
,,,-0.00035744,0.023200001
,,,-0.00035743,0.022400001
,,,-0.00035742,0.024000001
,,,-0.00035741,0.024000001
,,,-0.0003574,0.024000001
,,,-0.00035739,0.024000001
,,,-0.00035738,0.024000001
,,,-0.00035737,0.023200001
,,,-0.00035736,0.026400002
,,,-0.00035735,0.024000001
,,,-0.00035734,0.024000001
,,,-0.00035733,0.024000001
,,,-0.00035732,0.024000001
,,,-0.00035731,0.023200001
,,,-0.0003573,0.025600002
,,,-0.00035729,0.024800001
,,,-0.00035728,0.022400001
,,,-0.00035727,0.024000001
,,,-0.00035726,0.024000001
,,,-0.00035725,0.022400001
,,,-0.00035724,0.024000001
,,,-0.00035723,0.024000001
,,,-0.00035722,0.022400001
,,,-0.00035721,0.024000001
,,,-0.0003572,0.025600002
,,,-0.00035719,0.024000001
,,,-0.00035718,0.024000001
,,,-0.00035717,0.024800001
,,,-0.00035716,0.023200001
,,,-0.00035715,0.024800001
,,,-0.00035714,0.024000001
,,,-0.00035713,0.024800001
,,,-0.00035712,0.025600002
,,,-0.00035711,0.024000001
,,,-0.0003571,0.025600002
,,,-0.00035709,0.024000001
,,,-0.00035708,0.025600002
,,,-0.00035707,0.024000001
,,,-0.00035706,0.024000001
,,,-0.00035705,0.026400002
,,,-0.00035704,0.024800001
,,,-0.00035703,0.024000001
,,,-0.00035702,0.024000001
,,,-0.00035701,0.024800001
,,,-0.000357,0.024800001
,,,-0.00035699,0.024800001
,,,-0.00035698,0.024800001
,,,-0.00035697,0.024000001
,,,-0.00035696,0.024000001
,,,-0.00035695,0.024800001
,,,-0.00035694,0.024000001
,,,-0.00035693,0.024000001
,,,-0.00035692,0.024800001
,,,-0.00035691,0.023200001
,,,-0.0003569,0.024000001
,,,-0.00035689,0.023200001
,,,-0.00035688,0.024800001
,,,-0.00035687,0.022400001
,,,-0.00035686,0.024000001
,,,-0.00035685,0.024000001
,,,-0.00035684,0.024000001
,,,-0.00035683,0.024800001
,,,-0.00035682,0.024000001
,,,-0.00035681,0.024800001
,,,-0.0003568,0.024000001
,,,-0.00035679,0.022400001
,,,-0.00035678,0.025600002
,,,-0.00035677,0.023200001
,,,-0.00035676,0.024000001
,,,-0.00035675,0.025600002
,,,-0.00035674,0.026400002
,,,-0.00035673,0.023200001
,,,-0.00035672,0.024800001
,,,-0.00035671,0.024000001
,,,-0.0003567,0.023200001
,,,-0.00035669,0.024000001
,,,-0.00035668,0.024800001
,,,-0.00035667,0.024800001
,,,-0.00035666,0.024000001
,,,-0.00035665,0.024000001
,,,-0.00035664,0.024000001
,,,-0.00035663,0.024800001
,,,-0.00035662,0.024000001
,,,-0.00035661,0.024000001
,,,-0.0003566,0.024000001
,,,-0.00035659,0.024000001
,,,-0.00035658,0.025600002
,,,-0.00035657,0.025600002
,,,-0.00035656,0.024000001
,,,-0.00035655,0.024800001
,,,-0.00035654,0.024000001
,,,-0.00035653,0.024000001
,,,-0.00035652,0.024800001
,,,-0.00035651,0.024000001
,,,-0.0003565,0.024000001
,,,-0.00035649,0.022400001
,,,-0.00035648,0.024800001
,,,-0.00035647,0.024800001
,,,-0.00035646,0.024000001
,,,-0.00035645,0.024000001
,,,-0.00035644,0.024800001
,,,-0.00035643,0.024800001
,,,-0.00035642,0.024800001
,,,-0.00035641,0.024000001
,,,-0.0003564,0.023200001
,,,-0.00035639,0.023200001
,,,-0.00035638,0.024800001
,,,-0.00035637,0.024000001
,,,-0.00035636,0.024800001
,,,-0.00035635,0.024000001
,,,-0.00035634,0.024800001
,,,-0.00035633,0.024000001
,,,-0.00035632,0.023200001
,,,-0.00035631,0.022400001
,,,-0.0003563,0.024000001
,,,-0.00035629,0.024800001
,,,-0.00035628,0.024000001
,,,-0.00035627,0.024000001
,,,-0.00035626,0.023200001
,,,-0.00035625,0.024800001
,,,-0.00035624,0.024000001
,,,-0.00035623,0.023200001
,,,-0.00035622,0.023200001
,,,-0.00035621,0.024000001
,,,-0.0003562,0.026400002
,,,-0.00035619,0.024000001
,,,-0.00035618,0.025600002
,,,-0.00035617,0.022400001
,,,-0.00035616,0.023200001
,,,-0.00035615,0.024800001
,,,-0.00035614,0.023200001
,,,-0.00035613,0.024000001
,,,-0.00035612,0.024000001
,,,-0.00035611,0.024000001
,,,-0.0003561,0.024800001
,,,-0.00035609,0.024800001
,,,-0.00035608,0.025600002
,,,-0.00035607,0.024000001
,,,-0.00035606,0.024000001
,,,-0.00035605,0.024800001
,,,-0.00035604,0.024000001
,,,-0.00035603,0.024000001
,,,-0.00035602,0.023200001
,,,-0.00035601,0.024000001
,,,-0.000356,0.023200001
,,,-0.00035599,0.026400002
,,,-0.00035598,0.024000001
,,,-0.00035597,0.024000001
,,,-0.00035596,0.024000001
,,,-0.00035595,0.024000001
,,,-0.00035594,0.027200002
,,,-0.00035593,0.025600002
,,,-0.00035592,0.024800001
,,,-0.00035591,0.024800001
,,,-0.0003559,0.024800001
,,,-0.00035589,0.025600002
,,,-0.00035588,0.025600002
,,,-0.00035587,0.024800001
,,,-0.00035586,0.024800001
,,,-0.00035585,0.022400001
,,,-0.00035584,0.024800001
,,,-0.00035583,0.024800001
,,,-0.00035582,0.024000001
,,,-0.00035581,0.023200001
,,,-0.0003558,0.024000001
,,,-0.00035579,0.024000001
,,,-0.00035578,0.024800001
,,,-0.00035577,0.024800001
,,,-0.00035576,0.024800001
,,,-0.00035575,0.025600002
,,,-0.00035574,0.024800001
,,,-0.00035573,0.024000001
,,,-0.00035572,0.024000001
,,,-0.00035571,0.024000001
,,,-0.0003557,0.024800001
,,,-0.00035569,0.024000001
,,,-0.00035568,0.025600002
,,,-0.00035567,0.024000001
,,,-0.00035566,0.024000001
,,,-0.00035565,0.024000001
,,,-0.00035564,0.024800001
,,,-0.00035563,0.024000001
,,,-0.00035562,0.024000001
,,,-0.00035561,0.024800001
,,,-0.0003556,0.024000001
,,,-0.00035559,0.025600002
,,,-0.00035558,0.024800001
,,,-0.00035557,0.024000001
,,,-0.00035556,0.024000001
,,,-0.00035555,0.024000001
,,,-0.00035554,0.022400001
,,,-0.00035553,0.023200001
,,,-0.00035552,0.024000001
,,,-0.00035551,0.024000001
,,,-0.0003555,0.024000001
,,,-0.00035549,0.024000001
,,,-0.00035548,0.024000001
,,,-0.00035547,0.024800001
,,,-0.00035546,0.024000001
,,,-0.00035545,0.025600002
,,,-0.00035544,0.025600002
,,,-0.00035543,0.024000001
,,,-0.00035542,0.024000001
,,,-0.00035541,0.023200001
,,,-0.0003554,0.024000001
,,,-0.00035539,0.024800001
,,,-0.00035538,0.025600002
,,,-0.00035537,0.025600002
,,,-0.00035536,0.022400001
,,,-0.00035535,0.024000001
,,,-0.00035534,0.025600002
,,,-0.00035533,0.024800001
,,,-0.00035532,0.025600002
,,,-0.00035531,0.022400001
,,,-0.0003553,0.023200001
,,,-0.00035529,0.024000001
,,,-0.00035528,0.023200001
,,,-0.00035527,0.026400002
,,,-0.00035526,0.024000001
,,,-0.00035525,0.024000001
,,,-0.00035524,0.024000001
,,,-0.00035523,0.023200001
,,,-0.00035522,0.024000001
,,,-0.00035521,0.024000001
,,,-0.0003552,0.024000001
,,,-0.00035519,0.024800001
,,,-0.00035518,0.024800001
,,,-0.00035517,0.024000001
,,,-0.00035516,0.024000001
,,,-0.00035515,0.024000001
,,,-0.00035514,0.024000001
,,,-0.00035513,0.024000001
,,,-0.00035512,0.024800001
,,,-0.00035511,0.024000001
,,,-0.0003551,0.024000001
,,,-0.00035509,0.025600002
,,,-0.00035508,0.024000001
,,,-0.00035507,0.024000001
,,,-0.00035506,0.025600002
,,,-0.00035505,0.026400002
,,,-0.00035504,0.025600002
,,,-0.00035503,0.024000001
,,,-0.00035502,0.027200002
,,,-0.00035501,0.023200001
,,,-0.000355,0.025600002
,,,-0.00035499,0.024000001
,,,-0.00035498,0.024800001
,,,-0.00035497,0.024800001
,,,-0.00035496,0.024800001
,,,-0.00035495,0.025600002
,,,-0.00035494,0.024800001
,,,-0.00035493,0.024000001
,,,-0.00035492,0.024000001
,,,-0.00035491,0.024000001
,,,-0.0003549,0.024000001
,,,-0.00035489,0.024800001
,,,-0.00035488,0.024000001
,,,-0.00035487,0.024000001
,,,-0.00035486,0.024800001
,,,-0.00035485,0.023200001
,,,-0.00035484,0.023200001
,,,-0.00035483,0.024000001
,,,-0.00035482,0.024000001
,,,-0.00035481,0.024800001
,,,-0.0003548,0.025600002
,,,-0.00035479,0.024000001
,,,-0.00035478,0.024000001
,,,-0.00035477,0.024000001
,,,-0.00035476,0.023200001
,,,-0.00035475,0.024000001
,,,-0.00035474,0.024000001
,,,-0.00035473,0.024000001
,,,-0.00035472,0.024000001
,,,-0.00035471,0.024800001
,,,-0.0003547,0.024000001
,,,-0.00035469,0.024000001
,,,-0.00035468,0.024000001
,,,-0.00035467,0.024000001
,,,-0.00035466,0.025600002
,,,-0.00035465,0.024800001
,,,-0.00035464,0.024800001
,,,-0.00035463,0.024000001
,,,-0.00035462,0.024800001
,,,-0.00035461,0.024000001
,,,-0.0003546,0.024000001
,,,-0.00035459,0.024000001
,,,-0.00035458,0.024000001
,,,-0.00035457,0.024000001
,,,-0.00035456,0.024000001
,,,-0.00035455,0.025600002
,,,-0.00035454,0.024000001
,,,-0.00035453,0.023200001
,,,-0.00035452,0.024000001
,,,-0.00035451,0.024000001
,,,-0.0003545,0.024000001
,,,-0.00035449,0.024000001
,,,-0.00035448,0.024800001
,,,-0.00035447,0.024000001
,,,-0.00035446,0.025600002
,,,-0.00035445,0.024800001
,,,-0.00035444,0.024000001
,,,-0.00035443,0.022400001
,,,-0.00035442,0.024000001
,,,-0.00035441,0.024000001
,,,-0.0003544,0.023200001
,,,-0.00035439,0.024000001
,,,-0.00035438,0.024800001
,,,-0.00035437,0.023200001
,,,-0.00035436,0.024000001
,,,-0.00035435,0.024000001
,,,-0.00035434,0.024000001
,,,-0.00035433,0.024000001
,,,-0.00035432,0.025600002
,,,-0.00035431,0.024000001
,,,-0.0003543,0.022400001
,,,-0.00035429,0.024800001
,,,-0.00035428,0.024000001
,,,-0.00035427,0.024000001
,,,-0.00035426,0.024800001
,,,-0.00035425,0.025600002
,,,-0.00035424,0.024000001
,,,-0.00035423,0.022400001
,,,-0.00035422,0.024800001
,,,-0.00035421,0.024000001
,,,-0.0003542,0.025600002
,,,-0.00035419,0.024000001
,,,-0.00035418,0.023200001
,,,-0.00035417,0.024000001
,,,-0.00035416,0.023200001
,,,-0.00035415,0.025600002
,,,-0.00035414,0.025600002
,,,-0.00035413,0.021600001
,,,-0.00035412,0.024800001
,,,-0.00035411,0.022400001
,,,-0.0003541,0.025600002
,,,-0.00035409,0.023200001
,,,-0.00035408,0.024800001
,,,-0.00035407,0.024800001
,,,-0.00035406,0.024800001
,,,-0.00035405,0.024000001
,,,-0.00035404,0.025600002
,,,-0.00035403,0.023200001
,,,-0.00035402,0.024000001
,,,-0.00035401,0.023200001
,,,-0.000354,0.024000001
,,,-0.00035399,0.024000001
,,,-0.00035398,0.024000001
,,,-0.00035397,0.023200001
,,,-0.00035396,0.021600001
,,,-0.00035395,0.024800001
,,,-0.00035394,0.024800001
,,,-0.00035393,0.024000001
,,,-0.00035392,0.024800001
,,,-0.00035391,0.025600002
,,,-0.0003539,0.025600002
,,,-0.00035389,0.024000001
,,,-0.00035388,0.024000001
,,,-0.00035387,0.022400001
,,,-0.00035386,0.024800001
,,,-0.00035385,0.024000001
,,,-0.00035384,0.024000001
,,,-0.00035383,0.024800001
,,,-0.00035382,0.026400002
,,,-0.00035381,0.024800001
,,,-0.0003538,0.024800001
,,,-0.00035379,0.024800001
,,,-0.00035378,0.023200001
,,,-0.00035377,0.024800001
,,,-0.00035376,0.023200001
,,,-0.00035375,0.024800001
,,,-0.00035374,0.024800001
,,,-0.00035373,0.024800001
,,,-0.00035372,0.025600002
,,,-0.00035371,0.024000001
,,,-0.0003537,0.024800001
,,,-0.00035369,0.024800001
,,,-0.00035368,0.024000001
,,,-0.00035367,0.024000001
,,,-0.00035366,0.024000001
,,,-0.00035365,0.024000001
,,,-0.00035364,0.024000001
,,,-0.00035363,0.025600002
,,,-0.00035362,0.023200001
,,,-0.00035361,0.024000001
,,,-0.0003536,0.024000001
,,,-0.00035359,0.024000001
,,,-0.00035358,0.024000001
,,,-0.00035357,0.021600001
,,,-0.00035356,0.024800001
,,,-0.00035355,0.023200001
,,,-0.00035354,0.024800001
,,,-0.00035353,0.024800001
,,,-0.00035352,0.023200001
,,,-0.00035351,0.024000001
,,,-0.0003535,0.023200001
,,,-0.00035349,0.024800001
,,,-0.00035348,0.025600002
,,,-0.00035347,0.024000001
,,,-0.00035346,0.026400002
,,,-0.00035345,0.024800001
,,,-0.00035344,0.023200001
,,,-0.00035343,0.024800001
,,,-0.00035342,0.024000001
,,,-0.00035341,0.024800001
,,,-0.0003534,0.023200001
,,,-0.00035339,0.025600002
,,,-0.00035338,0.024000001
,,,-0.00035337,0.024000001
,,,-0.00035336,0.024800001
,,,-0.00035335,0.024800001
,,,-0.00035334,0.024000001
,,,-0.00035333,0.024000001
,,,-0.00035332,0.024000001
,,,-0.00035331,0.024800001
,,,-0.0003533,0.024000001
,,,-0.00035329,0.025600002
,,,-0.00035328,0.024800001
,,,-0.00035327,0.025600002
,,,-0.00035326,0.024800001
,,,-0.00035325,0.024800001
,,,-0.00035324,0.024000001
,,,-0.00035323,0.024000001
,,,-0.00035322,0.023200001
,,,-0.00035321,0.024800001
,,,-0.0003532,0.024800001
,,,-0.00035319,0.023200001
,,,-0.00035318,0.024000001
,,,-0.00035317,0.024800001
,,,-0.00035316,0.024000001
,,,-0.00035315,0.024000001
,,,-0.00035314,0.025600002
,,,-0.00035313,0.024800001
,,,-0.00035312,0.023200001
,,,-0.00035311,0.023200001
,,,-0.0003531,0.024000001
,,,-0.00035309,0.023200001
,,,-0.00035308,0.023200001
,,,-0.00035307,0.024000001
,,,-0.00035306,0.023200001
,,,-0.00035305,0.026400002
,,,-0.00035304,0.023200001
,,,-0.00035303,0.024000001
,,,-0.00035302,0.024000001
,,,-0.00035301,0.024000001
,,,-0.000353,0.023200001
,,,-0.00035299,0.024800001
,,,-0.00035298,0.024000001
,,,-0.00035297,0.024000001
,,,-0.00035296,0.024000001
,,,-0.00035295,0.024000001
,,,-0.00035294,0.024000001
,,,-0.00035293,0.023200001
,,,-0.00035292,0.025600002
,,,-0.00035291,0.024800001
,,,-0.0003529,0.024000001
,,,-0.00035289,0.024000001
,,,-0.00035288,0.024000001
,,,-0.00035287,0.025600002
,,,-0.00035286,0.024000001
,,,-0.00035285,0.024000001
,,,-0.00035284,0.023200001
,,,-0.00035283,0.024000001
,,,-0.00035282,0.024000001
,,,-0.00035281,0.024000001
,,,-0.0003528,0.024000001
,,,-0.00035279,0.026400002
,,,-0.00035278,0.024000001
,,,-0.00035277,0.024000001
,,,-0.00035276,0.024000001
,,,-0.00035275,0.023200001
,,,-0.00035274,0.024000001
,,,-0.00035273,0.025600002
,,,-0.00035272,0.024800001
,,,-0.00035271,0.024800001
,,,-0.0003527,0.025600002
,,,-0.00035269,0.021600001
,,,-0.00035268,0.024000001
,,,-0.00035267,0.022400001
,,,-0.00035266,0.024000001
,,,-0.00035265,0.026400002
,,,-0.00035264,0.024000001
,,,-0.00035263,0.024800001
,,,-0.00035262,0.024800001
,,,-0.00035261,0.025600002
,,,-0.0003526,0.024000001
,,,-0.00035259,0.024800001
,,,-0.00035258,0.024000001
,,,-0.00035257,0.024000001
,,,-0.00035256,0.023200001
,,,-0.00035255,0.024000001
,,,-0.00035254,0.023200001
,,,-0.00035253,0.025600002
,,,-0.00035252,0.024000001
,,,-0.00035251,0.023200001
,,,-0.0003525,0.024800001
,,,-0.00035249,0.024800001
,,,-0.00035248,0.022400001
,,,-0.00035247,0.022400001
,,,-0.00035246,0.026400002
,,,-0.00035245,0.024000001
,,,-0.00035244,0.022400001
,,,-0.00035243,0.024800001
,,,-0.00035242,0.025600002
,,,-0.00035241,0.024000001
,,,-0.0003524,0.025600002
,,,-0.00035239,0.025600002
,,,-0.00035238,0.024000001
,,,-0.00035237,0.024000001
,,,-0.00035236,0.022400001
,,,-0.00035235,0.024000001
,,,-0.00035234,0.024000001
,,,-0.00035233,0.024800001
,,,-0.00035232,0.024800001
,,,-0.00035231,0.024000001
,,,-0.0003523,0.024800001
,,,-0.00035229,0.024000001
,,,-0.00035228,0.028000002
,,,-0.00035227,0.024000001
,,,-0.00035226,0.024000001
,,,-0.00035225,0.024000001
,,,-0.00035224,0.024800001
,,,-0.00035223,0.024800001
,,,-0.00035222,0.024000001
,,,-0.00035221,0.024800001
,,,-0.0003522,0.024000001
,,,-0.00035219,0.025600002
,,,-0.00035218,0.024000001
,,,-0.00035217,0.024000001
,,,-0.00035216,0.022400001
,,,-0.00035215,0.024000001
,,,-0.00035214,0.022400001
,,,-0.00035213,0.024800001
,,,-0.00035212,0.024800001
,,,-0.00035211,0.024000001
,,,-0.0003521,0.024800001
,,,-0.00035209,0.025600002
,,,-0.00035208,0.023200001
,,,-0.00035207,0.026400002
,,,-0.00035206,0.024800001
,,,-0.00035205,0.024000001
,,,-0.00035204,0.024800001
,,,-0.00035203,0.024000001
,,,-0.00035202,0.023200001
,,,-0.00035201,0.024800001
,,,-0.000352,0.024000001
,,,-0.00035199,0.024000001
,,,-0.00035198,0.024800001
,,,-0.00035197,0.024800001
,,,-0.00035196,0.024000001
,,,-0.00035195,0.024800001
,,,-0.00035194,0.024000001
,,,-0.00035193,0.023200001
,,,-0.00035192,0.025600002
,,,-0.00035191,0.024800001
,,,-0.0003519,0.024800001
,,,-0.00035189,0.024800001
,,,-0.00035188,0.023200001
,,,-0.00035187,0.023200001
,,,-0.00035186,0.024000001
,,,-0.00035185,0.024000001
,,,-0.00035184,0.025600002
,,,-0.00035183,0.024800001
,,,-0.00035182,0.024000001
,,,-0.00035181,0.024000001
,,,-0.0003518,0.024000001
,,,-0.00035179,0.024800001
,,,-0.00035178,0.024000001
,,,-0.00035177,0.024000001
,,,-0.00035176,0.025600002
,,,-0.00035175,0.024000001
,,,-0.00035174,0.024000001
,,,-0.00035173,0.024000001
,,,-0.00035172,0.025600002
,,,-0.00035171,0.024000001
,,,-0.0003517,0.024000001
,,,-0.00035169,0.024000001
,,,-0.00035168,0.023200001
,,,-0.00035167,0.024800001
,,,-0.00035166,0.024800001
,,,-0.00035165,0.023200001
,,,-0.00035164,0.025600002
,,,-0.00035163,0.026400002
,,,-0.00035162,0.024000001
,,,-0.00035161,0.024800001
,,,-0.0003516,0.024800001
,,,-0.00035159,0.024000001
,,,-0.00035158,0.024800001
,,,-0.00035157,0.024000001
,,,-0.00035156,0.024000001
,,,-0.00035155,0.024000001
,,,-0.00035154,0.024000001
,,,-0.00035153,0.023200001
,,,-0.00035152,0.023200001
,,,-0.00035151,0.024000001
,,,-0.0003515,0.024000001
,,,-0.00035149,0.024800001
,,,-0.00035148,0.024000001
,,,-0.00035147,0.024000001
,,,-0.00035146,0.024000001
,,,-0.00035145,0.025600002
,,,-0.00035144,0.024800001
,,,-0.00035143,0.024000001
,,,-0.00035142,0.024800001
,,,-0.00035141,0.024800001
,,,-0.0003514,0.022400001
,,,-0.00035139,0.024800001
,,,-0.00035138,0.024800001
,,,-0.00035137,0.024000001
,,,-0.00035136,0.024000001
,,,-0.00035135,0.022400001
,,,-0.00035134,0.024800001
,,,-0.00035133,0.024000001
,,,-0.00035132,0.024800001
,,,-0.00035131,0.023200001
,,,-0.0003513,0.025600002
,,,-0.00035129,0.024800001
,,,-0.00035128,0.026400002
,,,-0.00035127,0.024000001
,,,-0.00035126,0.024800001
,,,-0.00035125,0.023200001
,,,-0.00035124,0.025600002
,,,-0.00035123,0.024000001
,,,-0.00035122,0.024000001
,,,-0.00035121,0.024000001
,,,-0.0003512,0.024000001
,,,-0.00035119,0.022400001
,,,-0.00035118,0.024000001
,,,-0.00035117,0.024000001
,,,-0.00035116,0.025600002
,,,-0.00035115,0.024800001
,,,-0.00035114,0.024000001
,,,-0.00035113,0.024800001
,,,-0.00035112,0.022400001
,,,-0.00035111,0.025600002
,,,-0.0003511,0.024800001
,,,-0.00035109,0.024000001
,,,-0.00035108,0.024800001
,,,-0.00035107,0.023200001
,,,-0.00035106,0.024000001
,,,-0.00035105,0.025600002
,,,-0.00035104,0.024000001
,,,-0.00035103,0.024000001
,,,-0.00035102,0.024000001
,,,-0.00035101,0.024800001
,,,-0.000351,0.024800001
,,,-0.00035099,0.024000001
,,,-0.00035098,0.024000001
,,,-0.00035097,0.024000001
,,,-0.00035096,0.024000001
,,,-0.00035095,0.024000001
,,,-0.00035094,0.025600002
,,,-0.00035093,0.024000001
,,,-0.00035092,0.024000001
,,,-0.00035091,0.024000001
,,,-0.0003509,0.024000001
,,,-0.00035089,0.024800001
,,,-0.00035088,0.024000001
,,,-0.00035087,0.024000001
,,,-0.00035086,0.025600002
,,,-0.00035085,0.023200001
,,,-0.00035084,0.024800001
,,,-0.00035083,0.023200001
,,,-0.00035082,0.023200001
,,,-0.00035081,0.024000001
,,,-0.0003508,0.024000001
,,,-0.00035079,0.024000001
,,,-0.00035078,0.027200002
,,,-0.00035077,0.024000001
,,,-0.00035076,0.024000001
,,,-0.00035075,0.024000001
,,,-0.00035074,0.024800001
,,,-0.00035073,0.024800001
,,,-0.00035072,0.024800001
,,,-0.00035071,0.023200001
,,,-0.0003507,0.024000001
,,,-0.00035069,0.024000001
,,,-0.00035068,0.024000001
,,,-0.00035067,0.023200001
,,,-0.00035066,0.024800001
,,,-0.00035065,0.024000001
,,,-0.00035064,0.024000001
,,,-0.00035063,0.024800001
,,,-0.00035062,0.024000001
,,,-0.00035061,0.024800001
,,,-0.0003506,0.024000001
,,,-0.00035059,0.024800001
,,,-0.00035058,0.022400001
,,,-0.00035057,0.024800001
,,,-0.00035056,0.023200001
,,,-0.00035055,0.025600002
,,,-0.00035054,0.025600002
,,,-0.00035053,0.024800001
,,,-0.00035052,0.024000001
,,,-0.00035051,0.025600002
,,,-0.0003505,0.024800001
,,,-0.00035049,0.024800001
,,,-0.00035048,0.024800001
,,,-0.00035047,0.024000001
,,,-0.00035046,0.024000001
,,,-0.00035045,0.024000001
,,,-0.00035044,0.024800001
,,,-0.00035043,0.024000001
,,,-0.00035042,0.024000001
,,,-0.00035041,0.024000001
,,,-0.0003504,0.023200001
,,,-0.00035039,0.024800001
,,,-0.00035038,0.024800001
,,,-0.00035037,0.023200001
,,,-0.00035036,0.024000001
,,,-0.00035035,0.022400001
,,,-0.00035034,0.024800001
,,,-0.00035033,0.024000001
,,,-0.00035032,0.024000001
,,,-0.00035031,0.024000001
,,,-0.0003503,0.024800001
,,,-0.00035029,0.024000001
,,,-0.00035028,0.024800001
,,,-0.00035027,0.024000001
,,,-0.00035026,0.022400001
,,,-0.00035025,0.025600002
,,,-0.00035024,0.024000001
,,,-0.00035023,0.024000001
,,,-0.00035022,0.024000001
,,,-0.00035021,0.024000001
,,,-0.0003502,0.024000001
,,,-0.00035019,0.024000001
,,,-0.00035018,0.026400002
,,,-0.00035017,0.024000001
,,,-0.00035016,0.024000001
,,,-0.00035015,0.023200001
,,,-0.00035014,0.023200001
,,,-0.00035013,0.023200001
,,,-0.00035012,0.024800001
,,,-0.00035011,0.023200001
,,,-0.0003501,0.024800001
,,,-0.00035009,0.024000001
,,,-0.00035008,0.024000001
,,,-0.00035007,0.024000001
,,,-0.00035006,0.024800001
,,,-0.00035005,0.023200001
,,,-0.00035004,0.024000001
,,,-0.00035003,0.024800001
,,,-0.00035002,0.024800001
,,,-0.00035001,0.026400002
,,,-0.00035,0.024800001
,,,-0.00034999,0.023200001
,,,-0.00034998,0.024000001
,,,-0.00034997,0.024000001
,,,-0.00034996,0.024000001
,,,-0.00034995,0.023200001
,,,-0.00034994,0.024000001
,,,-0.00034993,0.024000001
,,,-0.00034992,0.023200001
,,,-0.00034991,0.023200001
,,,-0.0003499,0.024000001
,,,-0.00034989,0.024000001
,,,-0.00034988,0.024000001
,,,-0.00034987,0.024000001
,,,-0.00034986,0.024000001
,,,-0.00034985,0.024800001
,,,-0.00034984,0.024000001
,,,-0.00034983,0.023200001
,,,-0.00034982,0.024800001
,,,-0.00034981,0.023200001
,,,-0.0003498,0.024000001
,,,-0.00034979,0.024000001
,,,-0.00034978,0.024000001
,,,-0.00034977,0.024000001
,,,-0.00034976,0.024000001
,,,-0.00034975,0.024000001
,,,-0.00034974,0.024800001
,,,-0.00034973,0.023200001
,,,-0.00034972,0.025600002
,,,-0.00034971,0.024000001
,,,-0.0003497,0.024000001
,,,-0.00034969,0.024000001
,,,-0.00034968,0.024000001
,,,-0.00034967,0.024800001
,,,-0.00034966,0.025600002
,,,-0.00034965,0.023200001
,,,-0.00034964,0.024000001
,,,-0.00034963,0.024800001
,,,-0.00034962,0.024000001
,,,-0.00034961,0.023200001
,,,-0.0003496,0.024000001
,,,-0.00034959,0.024000001
,,,-0.00034958,0.024800001
,,,-0.00034957,0.023200001
,,,-0.00034956,0.024000001
,,,-0.00034955,0.024800001
,,,-0.00034954,0.022400001
,,,-0.00034953,0.024000001
,,,-0.00034952,0.025600002
,,,-0.00034951,0.024000001
,,,-0.0003495,0.026400002
,,,-0.00034949,0.027200002
,,,-0.00034948,0.024800001
,,,-0.00034947,0.024800001
,,,-0.00034946,0.024000001
,,,-0.00034945,0.023200001
,,,-0.00034944,0.023200001
,,,-0.00034943,0.023200001
,,,-0.00034942,0.024000001
,,,-0.00034941,0.024000001
,,,-0.0003494,0.024000001
,,,-0.00034939,0.025600002
,,,-0.00034938,0.024000001
,,,-0.00034937,0.024800001
,,,-0.00034936,0.024000001
,,,-0.00034935,0.023200001
,,,-0.00034934,0.024000001
,,,-0.00034933,0.023200001
,,,-0.00034932,0.024800001
,,,-0.00034931,0.025600002
,,,-0.0003493,0.024000001
,,,-0.00034929,0.023200001
,,,-0.00034928,0.024800001
,,,-0.00034927,0.023200001
,,,-0.00034926,0.024000001
,,,-0.00034925,0.024800001
,,,-0.00034924,0.024800001
,,,-0.00034923,0.025600002
,,,-0.00034922,0.026400002
,,,-0.00034921,0.024000001
,,,-0.0003492,0.024800001
,,,-0.00034919,0.025600002
,,,-0.00034918,0.024800001
,,,-0.00034917,0.024800001
,,,-0.00034916,0.025600002
,,,-0.00034915,0.025600002
,,,-0.00034914,0.024000001
,,,-0.00034913,0.024800001
,,,-0.00034912,0.025600002
,,,-0.00034911,0.024000001
,,,-0.0003491,0.024000001
,,,-0.00034909,0.024800001
,,,-0.00034908,0.024000001
,,,-0.00034907,0.024000001
,,,-0.00034906,0.024000001
,,,-0.00034905,0.023200001
,,,-0.00034904,0.023200001
,,,-0.00034903,0.024000001
,,,-0.00034902,0.024000001
,,,-0.00034901,0.025600002
,,,-0.000349,0.024000001
,,,-0.00034899,0.023200001
,,,-0.00034898,0.025600002
,,,-0.00034897,0.025600002
,,,-0.00034896,0.024000001
,,,-0.00034895,0.024000001
,,,-0.00034894,0.024000001
,,,-0.00034893,0.024800001
,,,-0.00034892,0.024800001
,,,-0.00034891,0.024000001
,,,-0.0003489,0.024000001
,,,-0.00034889,0.024000001
,,,-0.00034888,0.024000001
,,,-0.00034887,0.024800001
,,,-0.00034886,0.024000001
,,,-0.00034885,0.023200001
,,,-0.00034884,0.023200001
,,,-0.00034883,0.024800001
,,,-0.00034882,0.023200001
,,,-0.00034881,0.024800001
,,,-0.0003488,0.024000001
,,,-0.00034879,0.023200001
,,,-0.00034878,0.024800001
,,,-0.00034877,0.023200001
,,,-0.00034876,0.024800001
,,,-0.00034875,0.025600002
,,,-0.00034874,0.025600002
,,,-0.00034873,0.024000001
,,,-0.00034872,0.022400001
,,,-0.00034871,0.024000001
,,,-0.0003487,0.024000001
,,,-0.00034869,0.024000001
,,,-0.00034868,0.024000001
,,,-0.00034867,0.024000001
,,,-0.00034866,0.024800001
,,,-0.00034865,0.023200001
,,,-0.00034864,0.024000001
,,,-0.00034863,0.024000001
,,,-0.00034862,0.025600002
,,,-0.00034861,0.024000001
,,,-0.0003486,0.025600002
,,,-0.00034859,0.023200001
,,,-0.00034858,0.025600002
,,,-0.00034857,0.024000001
,,,-0.00034856,0.024000001
,,,-0.00034855,0.023200001
,,,-0.00034854,0.023200001
,,,-0.00034853,0.024800001
,,,-0.00034852,0.024000001
,,,-0.00034851,0.024000001
,,,-0.0003485,0.024000001
,,,-0.00034849,0.024000001
,,,-0.00034848,0.023200001
,,,-0.00034847,0.025600002
,,,-0.00034846,0.024800001
,,,-0.00034845,0.024000001
,,,-0.00034844,0.024800001
,,,-0.00034843,0.025600002
,,,-0.00034842,0.024000001
,,,-0.00034841,0.023200001
,,,-0.0003484,0.024000001
,,,-0.00034839,0.024800001
,,,-0.00034838,0.024000001
,,,-0.00034837,0.024000001
,,,-0.00034836,0.024800001
,,,-0.00034835,0.025600002
,,,-0.00034834,0.024000001
,,,-0.00034833,0.024000001
,,,-0.00034832,0.023200001
,,,-0.00034831,0.024000001
,,,-0.0003483,0.024800001
,,,-0.00034829,0.023200001
,,,-0.00034828,0.026400002
,,,-0.00034827,0.024800001
,,,-0.00034826,0.025600002
,,,-0.00034825,0.025600002
,,,-0.00034824,0.024800001
,,,-0.00034823,0.024000001
,,,-0.00034822,0.024800001
,,,-0.00034821,0.024000001
,,,-0.0003482,0.024000001
,,,-0.00034819,0.025600002
,,,-0.00034818,0.026400002
,,,-0.00034817,0.022400001
,,,-0.00034816,0.024000001
,,,-0.00034815,0.024800001
,,,-0.00034814,0.024800001
,,,-0.00034813,0.023200001
,,,-0.00034812,0.025600002
,,,-0.00034811,0.024000001
,,,-0.0003481,0.023200001
,,,-0.00034809,0.025600002
,,,-0.00034808,0.025600002
,,,-0.00034807,0.024000001
,,,-0.00034806,0.023200001
,,,-0.00034805,0.024800001
,,,-0.00034804,0.025600002
,,,-0.00034803,0.024000001
,,,-0.00034802,0.024000001
,,,-0.00034801,0.024000001
,,,-0.000348,0.024000001
,,,-0.00034799,0.026400002
,,,-0.00034798,0.023200001
,,,-0.00034797,0.024000001
,,,-0.00034796,0.024800001
,,,-0.00034795,0.023200001
,,,-0.00034794,0.023200001
,,,-0.00034793,0.024800001
,,,-0.00034792,0.023200001
,,,-0.00034791,0.024800001
,,,-0.0003479,0.022400001
,,,-0.00034789,0.024000001
,,,-0.00034788,0.024000001
,,,-0.00034787,0.024800001
,,,-0.00034786,0.024000001
,,,-0.00034785,0.024800001
,,,-0.00034784,0.024000001
,,,-0.00034783,0.024800001
,,,-0.00034782,0.023200001
,,,-0.00034781,0.024000001
,,,-0.0003478,0.024800001
,,,-0.00034779,0.023200001
,,,-0.00034778,0.024000001
,,,-0.00034777,0.024800001
,,,-0.00034776,0.024000001
,,,-0.00034775,0.024800001
,,,-0.00034774,0.024800001
,,,-0.00034773,0.024000001
,,,-0.00034772,0.024800001
,,,-0.00034771,0.023200001
,,,-0.0003477,0.024800001
,,,-0.00034769,0.024800001
,,,-0.00034768,0.024800001
,,,-0.00034767,0.024000001
,,,-0.00034766,0.024000001
,,,-0.00034765,0.026400002
,,,-0.00034764,0.024800001
,,,-0.00034763,0.024800001
,,,-0.00034762,0.024000001
,,,-0.00034761,0.025600002
,,,-0.0003476,0.024000001
,,,-0.00034759,0.024000001
,,,-0.00034758,0.024000001
,,,-0.00034757,0.025600002
,,,-0.00034756,0.024000001
,,,-0.00034755,0.024000001
,,,-0.00034754,0.024000001
,,,-0.00034753,0.024000001
,,,-0.00034752,0.023200001
,,,-0.00034751,0.025600002
,,,-0.0003475,0.022400001
,,,-0.00034749,0.024000001
,,,-0.00034748,0.024000001
,,,-0.00034747,0.023200001
,,,-0.00034746,0.023200001
,,,-0.00034745,0.024000001
,,,-0.00034744,0.024000001
,,,-0.00034743,0.024000001
,,,-0.00034742,0.024800001
,,,-0.00034741,0.024000001
,,,-0.0003474,0.025600002
,,,-0.00034739,0.024800001
,,,-0.00034738,0.024800001
,,,-0.00034737,0.025600002
,,,-0.00034736,0.024000001
,,,-0.00034735,0.024000001
,,,-0.00034734,0.024800001
,,,-0.00034733,0.024800001
,,,-0.00034732,0.023200001
,,,-0.00034731,0.023200001
,,,-0.0003473,0.025600002
,,,-0.00034729,0.023200001
,,,-0.00034728,0.024000001
,,,-0.00034727,0.024800001
,,,-0.00034726,0.024000001
,,,-0.00034725,0.024000001
,,,-0.00034724,0.025600002
,,,-0.00034723,0.024000001
,,,-0.00034722,0.025600002
,,,-0.00034721,0.024800001
,,,-0.0003472,0.024000001
,,,-0.00034719,0.024000001
,,,-0.00034718,0.024000001
,,,-0.00034717,0.024000001
,,,-0.00034716,0.022400001
,,,-0.00034715,0.024800001
,,,-0.00034714,0.023200001
,,,-0.00034713,0.024800001
,,,-0.00034712,0.024800001
,,,-0.00034711,0.024000001
,,,-0.0003471,0.024800001
,,,-0.00034709,0.023200001
,,,-0.00034708,0.024000001
,,,-0.00034707,0.024000001
,,,-0.00034706,0.024000001
,,,-0.00034705,0.024000001
,,,-0.00034704,0.024000001
,,,-0.00034703,0.024000001
,,,-0.00034702,0.024000001
,,,-0.00034701,0.024000001
,,,-0.000347,0.024000001
,,,-0.00034699,0.024000001
,,,-0.00034698,0.024800001
,,,-0.00034697,0.024800001
,,,-0.00034696,0.024000001
,,,-0.00034695,0.023200001
,,,-0.00034694,0.024000001
,,,-0.00034693,0.024000001
,,,-0.00034692,0.025600002
,,,-0.00034691,0.025600002
,,,-0.0003469,0.024800001
,,,-0.00034689,0.023200001
,,,-0.00034688,0.024800001
,,,-0.00034687,0.023200001
,,,-0.00034686,0.025600002
,,,-0.00034685,0.024800001
,,,-0.00034684,0.025600002
,,,-0.00034683,0.024000001
,,,-0.00034682,0.023200001
,,,-0.00034681,0.024000001
,,,-0.0003468,0.024000001
,,,-0.00034679,0.024800001
,,,-0.00034678,0.024000001
,,,-0.00034677,0.024800001
,,,-0.00034676,0.024000001
,,,-0.00034675,0.024000001
,,,-0.00034674,0.024800001
,,,-0.00034673,0.024800001
,,,-0.00034672,0.024000001
,,,-0.00034671,0.021600001
,,,-0.0003467,0.024000001
,,,-0.00034669,0.024000001
,,,-0.00034668,0.024800001
,,,-0.00034667,0.024800001
,,,-0.00034666,0.025600002
,,,-0.00034665,0.023200001
,,,-0.00034664,0.024800001
,,,-0.00034663,0.024000001
,,,-0.00034662,0.023200001
,,,-0.00034661,0.024800001
,,,-0.0003466,0.024000001
,,,-0.00034659,0.024000001
,,,-0.00034658,0.025600002
,,,-0.00034657,0.024000001
,,,-0.00034656,0.022400001
,,,-0.00034655,0.024000001
,,,-0.00034654,0.024800001
,,,-0.00034653,0.024000001
,,,-0.00034652,0.024800001
,,,-0.00034651,0.025600002
,,,-0.0003465,0.023200001
,,,-0.00034649,0.024000001
,,,-0.00034648,0.023200001
,,,-0.00034647,0.024000001
,,,-0.00034646,0.024000001
,,,-0.00034645,0.023200001
,,,-0.00034644,0.024000001
,,,-0.00034643,0.023200001
,,,-0.00034642,0.024800001
,,,-0.00034641,0.024000001
,,,-0.0003464,0.024000001
,,,-0.00034639,0.024000001
,,,-0.00034638,0.025600002
,,,-0.00034637,0.024000001
,,,-0.00034636,0.024000001
,,,-0.00034635,0.023200001
,,,-0.00034634,0.024000001
,,,-0.00034633,0.024800001
,,,-0.00034632,0.024000001
,,,-0.00034631,0.024000001
,,,-0.0003463,0.024000001
,,,-0.00034629,0.024800001
,,,-0.00034628,0.025600002
,,,-0.00034627,0.024000001
,,,-0.00034626,0.024000001
,,,-0.00034625,0.024000001
,,,-0.00034624,0.023200001
,,,-0.00034623,0.025600002
,,,-0.00034622,0.027200002
,,,-0.00034621,0.022400001
,,,-0.0003462,0.024800001
,,,-0.00034619,0.023200001
,,,-0.00034618,0.024000001
,,,-0.00034617,0.025600002
,,,-0.00034616,0.024800001
,,,-0.00034615,0.024800001
,,,-0.00034614,0.023200001
,,,-0.00034613,0.024800001
,,,-0.00034612,0.024000001
,,,-0.00034611,0.024000001
,,,-0.0003461,0.024800001
,,,-0.00034609,0.025600002
,,,-0.00034608,0.023200001
,,,-0.00034607,0.023200001
,,,-0.00034606,0.024800001
,,,-0.00034605,0.024800001
,,,-0.00034604,0.024000001
,,,-0.00034603,0.022400001
,,,-0.00034602,0.024800001
,,,-0.00034601,0.024000001
,,,-0.000346,0.024000001
,,,-0.00034599,0.024000001
,,,-0.00034598,0.024000001
,,,-0.00034597,0.024000001
,,,-0.00034596,0.024000001
,,,-0.00034595,0.025600002
,,,-0.00034594,0.023200001
,,,-0.00034593,0.022400001
,,,-0.00034592,0.024000001
,,,-0.00034591,0.024000001
,,,-0.0003459,0.024800001
,,,-0.00034589,0.024000001
,,,-0.00034588,0.024000001
,,,-0.00034587,0.024000001
,,,-0.00034586,0.024800001
,,,-0.00034585,0.025600002
,,,-0.00034584,0.024800001
,,,-0.00034583,0.024000001
,,,-0.00034582,0.024000001
,,,-0.00034581,0.024000001
,,,-0.0003458,0.024000001
,,,-0.00034579,0.026400002
,,,-0.00034578,0.024000001
,,,-0.00034577,0.025600002
,,,-0.00034576,0.024000001
,,,-0.00034575,0.024800001
,,,-0.00034574,0.024000001
,,,-0.00034573,0.027200002
,,,-0.00034572,0.024800001
,,,-0.00034571,0.024000001
,,,-0.0003457,0.024000001
,,,-0.00034569,0.024800001
,,,-0.00034568,0.024800001
,,,-0.00034567,0.024000001
,,,-0.00034566,0.024800001
,,,-0.00034565,0.024000001
,,,-0.00034564,0.024000001
,,,-0.00034563,0.024800001
,,,-0.00034562,0.024800001
,,,-0.00034561,0.024000001
,,,-0.0003456,0.023200001
,,,-0.00034559,0.024800001
,,,-0.00034558,0.024000001
,,,-0.00034557,0.024000001
,,,-0.00034556,0.025600002
,,,-0.00034555,0.023200001
,,,-0.00034554,0.025600002
,,,-0.00034553,0.023200001
,,,-0.00034552,0.023200001
,,,-0.00034551,0.024000001
,,,-0.0003455,0.024000001
,,,-0.00034549,0.024000001
,,,-0.00034548,0.024000001
,,,-0.00034547,0.025600002
,,,-0.00034546,0.024800001
,,,-0.00034545,0.024000001
,,,-0.00034544,0.025600002
,,,-0.00034543,0.024000001
,,,-0.00034542,0.023200001
,,,-0.00034541,0.020800001
,,,-0.0003454,0.024000001
,,,-0.00034539,0.023200001
,,,-0.00034538,0.024800001
,,,-0.00034537,0.024000001
,,,-0.00034536,0.024800001
,,,-0.00034535,0.025600002
,,,-0.00034534,0.025600002
,,,-0.00034533,0.024000001
,,,-0.00034532,0.024800001
,,,-0.00034531,0.025600002
,,,-0.0003453,0.024800001
,,,-0.00034529,0.024000001
,,,-0.00034528,0.024000001
,,,-0.00034527,0.023200001
,,,-0.00034526,0.022400001
,,,-0.00034525,0.024000001
,,,-0.00034524,0.024800001
,,,-0.00034523,0.023200001
,,,-0.00034522,0.024000001
,,,-0.00034521,0.023200001
,,,-0.0003452,0.025600002
,,,-0.00034519,0.024800001
,,,-0.00034518,0.024800001
,,,-0.00034517,0.024000001
,,,-0.00034516,0.023200001
,,,-0.00034515,0.025600002
,,,-0.00034514,0.024000001
,,,-0.00034513,0.024000001
,,,-0.00034512,0.024000001
,,,-0.00034511,0.025600002
,,,-0.0003451,0.023200001
,,,-0.00034509,0.024800001
,,,-0.00034508,0.024000001
,,,-0.00034507,0.025600002
,,,-0.00034506,0.024000001
,,,-0.00034505,0.024000001
,,,-0.00034504,0.024800001
,,,-0.00034503,0.024000001
,,,-0.00034502,0.025600002
,,,-0.00034501,0.024800001
,,,-0.000345,0.024000001
,,,-0.00034499,0.023200001
,,,-0.00034498,0.023200001
,,,-0.00034497,0.024000001
,,,-0.00034496,0.024000001
,,,-0.00034495,0.025600002
,,,-0.00034494,0.024000001
,,,-0.00034493,0.024000001
,,,-0.00034492,0.022400001
,,,-0.00034491,0.026400002
,,,-0.0003449,0.024000001
,,,-0.00034489,0.024800001
,,,-0.00034488,0.024000001
,,,-0.00034487,0.024800001
,,,-0.00034486,0.024000001
,,,-0.00034485,0.024000001
,,,-0.00034484,0.025600002
,,,-0.00034483,0.023200001
,,,-0.00034482,0.024000001
,,,-0.00034481,0.025600002
,,,-0.0003448,0.024000001
,,,-0.00034479,0.023200001
,,,-0.00034478,0.024000001
,,,-0.00034477,0.024800001
,,,-0.00034476,0.024000001
,,,-0.00034475,0.023200001
,,,-0.00034474,0.024000001
,,,-0.00034473,0.023200001
,,,-0.00034472,0.024000001
,,,-0.00034471,0.024000001
,,,-0.0003447,0.024000001
,,,-0.00034469,0.024000001
,,,-0.00034468,0.024000001
,,,-0.00034467,0.024000001
,,,-0.00034466,0.024000001
,,,-0.00034465,0.022400001
,,,-0.00034464,0.024000001
,,,-0.00034463,0.024800001
,,,-0.00034462,0.022400001
,,,-0.00034461,0.024000001
,,,-0.0003446,0.024000001
,,,-0.00034459,0.025600002
,,,-0.00034458,0.024000001
,,,-0.00034457,0.023200001
,,,-0.00034456,0.024000001
,,,-0.00034455,0.024000001
,,,-0.00034454,0.023200001
,,,-0.00034453,0.024000001
,,,-0.00034452,0.024800001
,,,-0.00034451,0.024000001
,,,-0.0003445,0.024000001
,,,-0.00034449,0.024000001
,,,-0.00034448,0.024000001
,,,-0.00034447,0.025600002
,,,-0.00034446,0.025600002
,,,-0.00034445,0.024000001
,,,-0.00034444,0.025600002
,,,-0.00034443,0.024800001
,,,-0.00034442,0.024000001
,,,-0.00034441,0.024000001
,,,-0.0003444,0.024800001
,,,-0.00034439,0.022400001
,,,-0.00034438,0.024000001
,,,-0.00034437,0.023200001
,,,-0.00034436,0.023200001
,,,-0.00034435,0.024000001
,,,-0.00034434,0.024000001
,,,-0.00034433,0.024800001
,,,-0.00034432,0.024000001
,,,-0.00034431,0.026400002
,,,-0.0003443,0.025600002
,,,-0.00034429,0.024000001
,,,-0.00034428,0.024800001
,,,-0.00034427,0.023200001
,,,-0.00034426,0.024800001
,,,-0.00034425,0.021600001
,,,-0.00034424,0.024000001
,,,-0.00034423,0.024000001
,,,-0.00034422,0.023200001
,,,-0.00034421,0.024000001
,,,-0.0003442,0.023200001
,,,-0.00034419,0.024800001
,,,-0.00034418,0.024800001
,,,-0.00034417,0.024800001
,,,-0.00034416,0.024000001
,,,-0.00034415,0.024800001
,,,-0.00034414,0.024000001
,,,-0.00034413,0.024000001
,,,-0.00034412,0.024000001
,,,-0.00034411,0.025600002
,,,-0.0003441,0.024000001
,,,-0.00034409,0.024000001
,,,-0.00034408,0.024000001
,,,-0.00034407,0.024000001
,,,-0.00034406,0.024800001
,,,-0.00034405,0.024000001
,,,-0.00034404,0.024000001
,,,-0.00034403,0.024000001
,,,-0.00034402,0.024000001
,,,-0.00034401,0.024800001
,,,-0.000344,0.024000001
,,,-0.00034399,0.024800001
,,,-0.00034398,0.025600002
,,,-0.00034397,0.024800001
,,,-0.00034396,0.023200001
,,,-0.00034395,0.024000001
,,,-0.00034394,0.025600002
,,,-0.00034393,0.026400002
,,,-0.00034392,0.024000001
,,,-0.00034391,0.023200001
,,,-0.0003439,0.023200001
,,,-0.00034389,0.023200001
,,,-0.00034388,0.024000001
,,,-0.00034387,0.024800001
,,,-0.00034386,0.024800001
,,,-0.00034385,0.024000001
,,,-0.00034384,0.023200001
,,,-0.00034383,0.024000001
,,,-0.00034382,0.024800001
,,,-0.00034381,0.024000001
,,,-0.0003438,0.022400001
,,,-0.00034379,0.025600002
,,,-0.00034378,0.024000001
,,,-0.00034377,0.024000001
,,,-0.00034376,0.024000001
,,,-0.00034375,0.024000001
,,,-0.00034374,0.023200001
,,,-0.00034373,0.024800001
,,,-0.00034372,0.023200001
,,,-0.00034371,0.024000001
,,,-0.0003437,0.024800001
,,,-0.00034369,0.022400001
,,,-0.00034368,0.024000001
,,,-0.00034367,0.024000001
,,,-0.00034366,0.024000001
,,,-0.00034365,0.025600002
,,,-0.00034364,0.024000001
,,,-0.00034363,0.024000001
,,,-0.00034362,0.023200001
,,,-0.00034361,0.024000001
,,,-0.0003436,0.024000001
,,,-0.00034359,0.024000001
,,,-0.00034358,0.024800001
,,,-0.00034357,0.024000001
,,,-0.00034356,0.025600002
,,,-0.00034355,0.023200001
,,,-0.00034354,0.024000001
,,,-0.00034353,0.025600002
,,,-0.00034352,0.021600001
,,,-0.00034351,0.023200001
,,,-0.0003435,0.025600002
,,,-0.00034349,0.024000001
,,,-0.00034348,0.024000001
,,,-0.00034347,0.024000001
,,,-0.00034346,0.023200001
,,,-0.00034345,0.024000001
,,,-0.00034344,0.024000001
,,,-0.00034343,0.023200001
,,,-0.00034342,0.024800001
,,,-0.00034341,0.024000001
,,,-0.0003434,0.024000001
,,,-0.00034339,0.025600002
,,,-0.00034338,0.024000001
,,,-0.00034337,0.024000001
,,,-0.00034336,0.024000001
,,,-0.00034335,0.023200001
,,,-0.00034334,0.025600002
,,,-0.00034333,0.024000001
,,,-0.00034332,0.024800001
,,,-0.00034331,0.024000001
,,,-0.0003433,0.023200001
,,,-0.00034329,0.024000001
,,,-0.00034328,0.024000001
,,,-0.00034327,0.025600002
,,,-0.00034326,0.024000001
,,,-0.00034325,0.024000001
,,,-0.00034324,0.024000001
,,,-0.00034323,0.024000001
,,,-0.00034322,0.024000001
,,,-0.00034321,0.024000001
,,,-0.0003432,0.024800001
,,,-0.00034319,0.024800001
,,,-0.00034318,0.025600002
,,,-0.00034317,0.024000001
,,,-0.00034316,0.024000001
,,,-0.00034315,0.023200001
,,,-0.00034314,0.024800001
,,,-0.00034313,0.022400001
,,,-0.00034312,0.025600002
,,,-0.00034311,0.024800001
,,,-0.0003431,0.024800001
,,,-0.00034309,0.024000001
,,,-0.00034308,0.024000001
,,,-0.00034307,0.024000001
,,,-0.00034306,0.024000001
,,,-0.00034305,0.025600002
,,,-0.00034304,0.024800001
,,,-0.00034303,0.023200001
,,,-0.00034302,0.023200001
,,,-0.00034301,0.021600001
,,,-0.000343,0.022400001
,,,-0.00034299,0.024000001
,,,-0.00034298,0.024000001
,,,-0.00034297,0.024800001
,,,-0.00034296,0.023200001
,,,-0.00034295,0.024000001
,,,-0.00034294,0.024000001
,,,-0.00034293,0.023200001
,,,-0.00034292,0.024000001
,,,-0.00034291,0.023200001
,,,-0.0003429,0.024000001
,,,-0.00034289,0.024800001
,,,-0.00034288,0.024800001
,,,-0.00034287,0.024000001
,,,-0.00034286,0.022400001
,,,-0.00034285,0.024800001
,,,-0.00034284,0.025600002
,,,-0.00034283,0.024000001
,,,-0.00034282,0.024800001
,,,-0.00034281,0.024000001
,,,-0.0003428,0.025600002
,,,-0.00034279,0.024000001
,,,-0.00034278,0.024000001
,,,-0.00034277,0.024800001
,,,-0.00034276,0.023200001
,,,-0.00034275,0.024000001
,,,-0.00034274,0.023200001
,,,-0.00034273,0.023200001
,,,-0.00034272,0.025600002
,,,-0.00034271,0.024800001
,,,-0.0003427,0.024000001
,,,-0.00034269,0.024000001
,,,-0.00034268,0.024800001
,,,-0.00034267,0.025600002
,,,-0.00034266,0.024800001
,,,-0.00034265,0.023200001
,,,-0.00034264,0.024800001
,,,-0.00034263,0.024000001
,,,-0.00034262,0.024000001
,,,-0.00034261,0.024000001
,,,-0.0003426,0.024000001
,,,-0.00034259,0.025600002
,,,-0.00034258,0.022400001
,,,-0.00034257,0.024000001
,,,-0.00034256,0.023200001
,,,-0.00034255,0.023200001
,,,-0.00034254,0.026400002
,,,-0.00034253,0.024000001
,,,-0.00034252,0.024000001
,,,-0.00034251,0.024800001
,,,-0.0003425,0.024800001
,,,-0.00034249,0.024800001
,,,-0.00034248,0.024800001
,,,-0.00034247,0.023200001
,,,-0.00034246,0.024800001
,,,-0.00034245,0.023200001
,,,-0.00034244,0.023200001
,,,-0.00034243,0.024000001
,,,-0.00034242,0.024000001
,,,-0.00034241,0.026400002
,,,-0.0003424,0.024000001
,,,-0.00034239,0.023200001
,,,-0.00034238,0.023200001
,,,-0.00034237,0.024000001
,,,-0.00034236,0.023200001
,,,-0.00034235,0.022400001
,,,-0.00034234,0.024000001
,,,-0.00034233,0.024800001
,,,-0.00034232,0.024000001
,,,-0.00034231,0.025600002
,,,-0.0003423,0.024000001
,,,-0.00034229,0.024800001
,,,-0.00034228,0.024800001
,,,-0.00034227,0.024000001
,,,-0.00034226,0.025600002
,,,-0.00034225,0.024000001
,,,-0.00034224,0.024800001
,,,-0.00034223,0.024000001
,,,-0.00034222,0.025600002
,,,-0.00034221,0.023200001
,,,-0.0003422,0.023200001
,,,-0.00034219,0.024800001
,,,-0.00034218,0.023200001
,,,-0.00034217,0.024000001
,,,-0.00034216,0.024000001
,,,-0.00034215,0.024000001
,,,-0.00034214,0.024000001
,,,-0.00034213,0.024000001
,,,-0.00034212,0.025600002
,,,-0.00034211,0.023200001
,,,-0.0003421,0.025600002
,,,-0.00034209,0.024800001
,,,-0.00034208,0.024800001
,,,-0.00034207,0.022400001
,,,-0.00034206,0.024800001
,,,-0.00034205,0.024800001
,,,-0.00034204,0.021600001
,,,-0.00034203,0.024800001
,,,-0.00034202,0.024000001
,,,-0.00034201,0.024000001
,,,-0.000342,0.025600002
,,,-0.00034199,0.024000001
,,,-0.00034198,0.024000001
,,,-0.00034197,0.024000001
,,,-0.00034196,0.023200001
,,,-0.00034195,0.024000001
,,,-0.00034194,0.024000001
,,,-0.00034193,0.022400001
,,,-0.00034192,0.024000001
,,,-0.00034191,0.024800001
,,,-0.0003419,0.022400001
,,,-0.00034189,0.024000001
,,,-0.00034188,0.024800001
,,,-0.00034187,0.024000001
,,,-0.00034186,0.024800001
,,,-0.00034185,0.024000001
,,,-0.00034184,0.023200001
,,,-0.00034183,0.024800001
,,,-0.00034182,0.024000001
,,,-0.00034181,0.024800001
,,,-0.0003418,0.023200001
,,,-0.00034179,0.024800001
,,,-0.00034178,0.024800001
,,,-0.00034177,0.024800001
,,,-0.00034176,0.022400001
,,,-0.00034175,0.024000001
,,,-0.00034174,0.024800001
,,,-0.00034173,0.024000001
,,,-0.00034172,0.025600002
,,,-0.00034171,0.024800001
,,,-0.0003417,0.023200001
,,,-0.00034169,0.024000001
,,,-0.00034168,0.024000001
,,,-0.00034167,0.024800001
,,,-0.00034166,0.025600002
,,,-0.00034165,0.023200001
,,,-0.00034164,0.024800001
,,,-0.00034163,0.024000001
,,,-0.00034162,0.024000001
,,,-0.00034161,0.024800001
,,,-0.0003416,0.023200001
,,,-0.00034159,0.024000001
,,,-0.00034158,0.024800001
,,,-0.00034157,0.024000001
,,,-0.00034156,0.024000001
,,,-0.00034155,0.024000001
,,,-0.00034154,0.024000001
,,,-0.00034153,0.024000001
,,,-0.00034152,0.024000001
,,,-0.00034151,0.022400001
,,,-0.0003415,0.024000001
,,,-0.00034149,0.023200001
,,,-0.00034148,0.023200001
,,,-0.00034147,0.024800001
,,,-0.00034146,0.024000001
,,,-0.00034145,0.024000001
,,,-0.00034144,0.024800001
,,,-0.00034143,0.024000001
,,,-0.00034142,0.024000001
,,,-0.00034141,0.024000001
,,,-0.0003414,0.024000001
,,,-0.00034139,0.024800001
,,,-0.00034138,0.024000001
,,,-0.00034137,0.024000001
,,,-0.00034136,0.024000001
,,,-0.00034135,0.023200001
,,,-0.00034134,0.025600002
,,,-0.00034133,0.024000001
,,,-0.00034132,0.026400002
,,,-0.00034131,0.024000001
,,,-0.0003413,0.024000001
,,,-0.00034129,0.024000001
,,,-0.00034128,0.024000001
,,,-0.00034127,0.023200001
,,,-0.00034126,0.024000001
,,,-0.00034125,0.023200001
,,,-0.00034124,0.024000001
,,,-0.00034123,0.023200001
,,,-0.00034122,0.023200001
,,,-0.00034121,0.023200001
,,,-0.0003412,0.024800001
,,,-0.00034119,0.023200001
,,,-0.00034118,0.023200001
,,,-0.00034117,0.024800001
,,,-0.00034116,0.024000001
,,,-0.00034115,0.023200001
,,,-0.00034114,0.024000001
,,,-0.00034113,0.024000001
,,,-0.00034112,0.023200001
,,,-0.00034111,0.024800001
,,,-0.0003411,0.024000001
,,,-0.00034109,0.022400001
,,,-0.00034108,0.024800001
,,,-0.00034107,0.024000001
,,,-0.00034106,0.024000001
,,,-0.00034105,0.023200001
,,,-0.00034104,0.024800001
,,,-0.00034103,0.024800001
,,,-0.00034102,0.024000001
,,,-0.00034101,0.024000001
,,,-0.000341,0.024000001
,,,-0.00034099,0.025600002
,,,-0.00034098,0.024000001
,,,-0.00034097,0.024800001
,,,-0.00034096,0.027200002
,,,-0.00034095,0.024000001
,,,-0.00034094,0.024000001
,,,-0.00034093,0.024000001
,,,-0.00034092,0.024000001
,,,-0.00034091,0.024000001
,,,-0.0003409,0.024000001
,,,-0.00034089,0.024800001
,,,-0.00034088,0.025600002
,,,-0.00034087,0.023200001
,,,-0.00034086,0.023200001
,,,-0.00034085,0.023200001
,,,-0.00034084,0.023200001
,,,-0.00034083,0.024000001
,,,-0.00034082,0.024000001
,,,-0.00034081,0.024000001
,,,-0.0003408,0.024000001
,,,-0.00034079,0.023200001
,,,-0.00034078,0.023200001
,,,-0.00034077,0.024000001
,,,-0.00034076,0.024800001
,,,-0.00034075,0.024000001
,,,-0.00034074,0.024000001
,,,-0.00034073,0.024800001
,,,-0.00034072,0.025600002
,,,-0.00034071,0.024800001
,,,-0.0003407,0.024800001
,,,-0.00034069,0.024000001
,,,-0.00034068,0.024800001
,,,-0.00034067,0.024000001
,,,-0.00034066,0.024000001
,,,-0.00034065,0.024000001
,,,-0.00034064,0.024000001
,,,-0.00034063,0.025600002
,,,-0.00034062,0.024800001
,,,-0.00034061,0.025600002
,,,-0.0003406,0.023200001
,,,-0.00034059,0.023200001
,,,-0.00034058,0.024000001
,,,-0.00034057,0.024000001
,,,-0.00034056,0.024800001
,,,-0.00034055,0.024800001
,,,-0.00034054,0.023200001
,,,-0.00034053,0.025600002
,,,-0.00034052,0.024000001
,,,-0.00034051,0.023200001
,,,-0.0003405,0.025600002
,,,-0.00034049,0.025600002
,,,-0.00034048,0.024000001
,,,-0.00034047,0.024000001
,,,-0.00034046,0.023200001
,,,-0.00034045,0.024800001
,,,-0.00034044,0.023200001
,,,-0.00034043,0.024800001
,,,-0.00034042,0.024800001
,,,-0.00034041,0.024000001
,,,-0.0003404,0.024800001
,,,-0.00034039,0.022400001
,,,-0.00034038,0.025600002
,,,-0.00034037,0.022400001
,,,-0.00034036,0.024800001
,,,-0.00034035,0.025600002
,,,-0.00034034,0.024800001
,,,-0.00034033,0.024000001
,,,-0.00034032,0.025600002
,,,-0.00034031,0.023200001
,,,-0.0003403,0.024000001
,,,-0.00034029,0.024000001
,,,-0.00034028,0.026400002
,,,-0.00034027,0.023200001
,,,-0.00034026,0.024000001
,,,-0.00034025,0.024800001
,,,-0.00034024,0.024800001
,,,-0.00034023,0.024000001
,,,-0.00034022,0.024000001
,,,-0.00034021,0.024000001
,,,-0.0003402,0.024000001
,,,-0.00034019,0.024800001
,,,-0.00034018,0.023200001
,,,-0.00034017,0.024000001
,,,-0.00034016,0.024000001
,,,-0.00034015,0.024800001
,,,-0.00034014,0.023200001
,,,-0.00034013,0.024000001
,,,-0.00034012,0.024000001
,,,-0.00034011,0.025600002
,,,-0.0003401,0.024000001
,,,-0.00034009,0.024000001
,,,-0.00034008,0.026400002
,,,-0.00034007,0.024000001
,,,-0.00034006,0.024800001
,,,-0.00034005,0.024800001
,,,-0.00034004,0.024000001
,,,-0.00034003,0.024000001
,,,-0.00034002,0.024800001
,,,-0.00034001,0.024000001
,,,-0.00034,0.024800001
,,,-0.00033999,0.024000001
,,,-0.00033998,0.024000001
,,,-0.00033997,0.024000001
,,,-0.00033996,0.024000001
,,,-0.00033995,0.025600002
,,,-0.00033994,0.024000001
,,,-0.00033993,0.025600002
,,,-0.00033992,0.024800001
,,,-0.00033991,0.024000001
,,,-0.0003399,0.024000001
,,,-0.00033989,0.024000001
,,,-0.00033988,0.024000001
,,,-0.00033987,0.024000001
,,,-0.00033986,0.022400001
,,,-0.00033985,0.024800001
,,,-0.00033984,0.027200002
,,,-0.00033983,0.024800001
,,,-0.00033982,0.024800001
,,,-0.00033981,0.024000001
,,,-0.0003398,0.024800001
,,,-0.00033979,0.024000001
,,,-0.00033978,0.024000001
,,,-0.00033977,0.024000001
,,,-0.00033976,0.024800001
,,,-0.00033975,0.024000001
,,,-0.00033974,0.024000001
,,,-0.00033973,0.024000001
,,,-0.00033972,0.024000001
,,,-0.00033971,0.022400001
,,,-0.0003397,0.024000001
,,,-0.00033969,0.024000001
,,,-0.00033968,0.025600002
,,,-0.00033967,0.023200001
,,,-0.00033966,0.024800001
,,,-0.00033965,0.024800001
,,,-0.00033964,0.024000001
,,,-0.00033963,0.024000001
,,,-0.00033962,0.024800001
,,,-0.00033961,0.025600002
,,,-0.0003396,0.024800001
,,,-0.00033959,0.024000001
,,,-0.00033958,0.024000001
,,,-0.00033957,0.022400001
,,,-0.00033956,0.024000001
,,,-0.00033955,0.025600002
,,,-0.00033954,0.024800001
,,,-0.00033953,0.024800001
,,,-0.00033952,0.026400002
,,,-0.00033951,0.025600002
,,,-0.0003395,0.024800001
,,,-0.00033949,0.022400001
,,,-0.00033948,0.024800001
,,,-0.00033947,0.024000001
,,,-0.00033946,0.023200001
,,,-0.00033945,0.024000001
,,,-0.00033944,0.024000001
,,,-0.00033943,0.024000001
,,,-0.00033942,0.023200001
,,,-0.00033941,0.024000001
,,,-0.0003394,0.023200001
,,,-0.00033939,0.024000001
,,,-0.00033938,0.024000001
,,,-0.00033937,0.023200001
,,,-0.00033936,0.024000001
,,,-0.00033935,0.025600002
,,,-0.00033934,0.024800001
,,,-0.00033933,0.026400002
,,,-0.00033932,0.024800001
,,,-0.00033931,0.024000001
,,,-0.0003393,0.022400001
,,,-0.00033929,0.024000001
,,,-0.00033928,0.024000001
,,,-0.00033927,0.023200001
,,,-0.00033926,0.024800001
,,,-0.00033925,0.023200001
,,,-0.00033924,0.024800001
,,,-0.00033923,0.024000001
,,,-0.00033922,0.025600002
,,,-0.00033921,0.024000001
,,,-0.0003392,0.025600002
,,,-0.00033919,0.024000001
,,,-0.00033918,0.024800001
,,,-0.00033917,0.024800001
,,,-0.00033916,0.023200001
,,,-0.00033915,0.024800001
,,,-0.00033914,0.022400001
,,,-0.00033913,0.024800001
,,,-0.00033912,0.024000001
,,,-0.00033911,0.024800001
,,,-0.0003391,0.025600002
,,,-0.00033909,0.024800001
,,,-0.00033908,0.024800001
,,,-0.00033907,0.024800001
,,,-0.00033906,0.024000001
,,,-0.00033905,0.024000001
,,,-0.00033904,0.024800001
,,,-0.00033903,0.022400001
,,,-0.00033902,0.024000001
,,,-0.00033901,0.024000001
,,,-0.000339,0.024000001
,,,-0.00033899,0.025600002
,,,-0.00033898,0.024800001
,,,-0.00033897,0.023200001
,,,-0.00033896,0.023200001
,,,-0.00033895,0.024000001
,,,-0.00033894,0.024000001
,,,-0.00033893,0.023200001
,,,-0.00033892,0.024000001
,,,-0.00033891,0.024800001
,,,-0.0003389,0.024800001
,,,-0.00033889,0.023200001
,,,-0.00033888,0.023200001
,,,-0.00033887,0.023200001
,,,-0.00033886,0.024000001
,,,-0.00033885,0.024800001
,,,-0.00033884,0.024800001
,,,-0.00033883,0.024000001
,,,-0.00033882,0.024000001
,,,-0.00033881,0.023200001
,,,-0.0003388,0.024000001
,,,-0.00033879,0.024800001
,,,-0.00033878,0.025600002
,,,-0.00033877,0.024000001
,,,-0.00033876,0.024800001
,,,-0.00033875,0.024800001
,,,-0.00033874,0.024000001
,,,-0.00033873,0.024000001
,,,-0.00033872,0.024800001
,,,-0.00033871,0.025600002
,,,-0.0003387,0.023200001
,,,-0.00033869,0.024000001
,,,-0.00033868,0.024000001
,,,-0.00033867,0.024000001
,,,-0.00033866,0.024000001
,,,-0.00033865,0.024000001
,,,-0.00033864,0.024800001
,,,-0.00033863,0.024800001
,,,-0.00033862,0.025600002
,,,-0.00033861,0.023200001
,,,-0.0003386,0.025600002
,,,-0.00033859,0.024800001
,,,-0.00033858,0.024000001
,,,-0.00033857,0.024800001
,,,-0.00033856,0.021600001
,,,-0.00033855,0.023200001
,,,-0.00033854,0.024000001
,,,-0.00033853,0.024000001
,,,-0.00033852,0.023200001
,,,-0.00033851,0.024800001
,,,-0.0003385,0.023200001
,,,-0.00033849,0.024800001
,,,-0.00033848,0.025600002
,,,-0.00033847,0.024800001
,,,-0.00033846,0.025600002
,,,-0.00033845,0.024000001
,,,-0.00033844,0.023200001
,,,-0.00033843,0.024800001
,,,-0.00033842,0.025600002
,,,-0.00033841,0.024000001
,,,-0.0003384,0.024000001
,,,-0.00033839,0.024000001
,,,-0.00033838,0.024800001
,,,-0.00033837,0.023200001
,,,-0.00033836,0.025600002
,,,-0.00033835,0.024000001
,,,-0.00033834,0.024000001
,,,-0.00033833,0.024000001
,,,-0.00033832,0.024000001
,,,-0.00033831,0.024000001
,,,-0.0003383,0.024800001
,,,-0.00033829,0.024000001
,,,-0.00033828,0.024000001
,,,-0.00033827,0.024000001
,,,-0.00033826,0.024800001
,,,-0.00033825,0.024000001
,,,-0.00033824,0.022400001
,,,-0.00033823,0.024000001
,,,-0.00033822,0.024000001
,,,-0.00033821,0.024800001
,,,-0.0003382,0.025600002
,,,-0.00033819,0.024000001
,,,-0.00033818,0.024000001
,,,-0.00033817,0.022400001
,,,-0.00033816,0.022400001
,,,-0.00033815,0.024800001
,,,-0.00033814,0.024800001
,,,-0.00033813,0.024000001
,,,-0.00033812,0.024800001
,,,-0.00033811,0.024800001
,,,-0.0003381,0.025600002
,,,-0.00033809,0.024000001
,,,-0.00033808,0.023200001
,,,-0.00033807,0.023200001
,,,-0.00033806,0.024800001
,,,-0.00033805,0.024000001
,,,-0.00033804,0.023200001
,,,-0.00033803,0.024000001
,,,-0.00033802,0.025600002
,,,-0.00033801,0.024800001
,,,-0.000338,0.023200001
,,,-0.00033799,0.024000001
,,,-0.00033798,0.024000001
,,,-0.00033797,0.024000001
,,,-0.00033796,0.024000001
,,,-0.00033795,0.026400002
,,,-0.00033794,0.024000001
,,,-0.00033793,0.024000001
,,,-0.00033792,0.024800001
,,,-0.00033791,0.025600002
,,,-0.0003379,0.026400002
,,,-0.00033789,0.024800001
,,,-0.00033788,0.022400001
,,,-0.00033787,0.023200001
,,,-0.00033786,0.024000001
,,,-0.00033785,0.024800001
,,,-0.00033784,0.024800001
,,,-0.00033783,0.023200001
,,,-0.00033782,0.024000001
,,,-0.00033781,0.024000001
,,,-0.0003378,0.024000001
,,,-0.00033779,0.024800001
,,,-0.00033778,0.023200001
,,,-0.00033777,0.024800001
,,,-0.00033776,0.024000001
,,,-0.00033775,0.023200001
,,,-0.00033774,0.024000001
,,,-0.00033773,0.024000001
,,,-0.00033772,0.024000001
,,,-0.00033771,0.024000001
,,,-0.0003377,0.024800001
,,,-0.00033769,0.024000001
,,,-0.00033768,0.024800001
,,,-0.00033767,0.024000001
,,,-0.00033766,0.023200001
,,,-0.00033765,0.023200001
,,,-0.00033764,0.024000001
,,,-0.00033763,0.024800001
,,,-0.00033762,0.021600001
,,,-0.00033761,0.023200001
,,,-0.0003376,0.023200001
,,,-0.00033759,0.023200001
,,,-0.00033758,0.024000001
,,,-0.00033757,0.025600002
,,,-0.00033756,0.024000001
,,,-0.00033755,0.024800001
,,,-0.00033754,0.024000001
,,,-0.00033753,0.024000001
,,,-0.00033752,0.023200001
,,,-0.00033751,0.024000001
,,,-0.0003375,0.024000001
,,,-0.00033749,0.025600002
,,,-0.00033748,0.024000001
,,,-0.00033747,0.023200001
,,,-0.00033746,0.024000001
,,,-0.00033745,0.024000001
,,,-0.00033744,0.022400001
,,,-0.00033743,0.025600002
,,,-0.00033742,0.024000001
,,,-0.00033741,0.024000001
,,,-0.0003374,0.024800001
,,,-0.00033739,0.024000001
,,,-0.00033738,0.024800001
,,,-0.00033737,0.025600002
,,,-0.00033736,0.023200001
,,,-0.00033735,0.025600002
,,,-0.00033734,0.023200001
,,,-0.00033733,0.024800001
,,,-0.00033732,0.025600002
,,,-0.00033731,0.024000001
,,,-0.0003373,0.024000001
,,,-0.00033729,0.024000001
,,,-0.00033728,0.024800001
,,,-0.00033727,0.024000001
,,,-0.00033726,0.023200001
,,,-0.00033725,0.024000001
,,,-0.00033724,0.024000001
,,,-0.00033723,0.024800001
,,,-0.00033722,0.024800001
,,,-0.00033721,0.024000001
,,,-0.0003372,0.024000001
,,,-0.00033719,0.024000001
,,,-0.00033718,0.024000001
,,,-0.00033717,0.024000001
,,,-0.00033716,0.025600002
,,,-0.00033715,0.023200001
,,,-0.00033714,0.024000001
,,,-0.00033713,0.023200001
,,,-0.00033712,0.024800001
,,,-0.00033711,0.023200001
,,,-0.0003371,0.024800001
,,,-0.00033709,0.024000001
,,,-0.00033708,0.023200001
,,,-0.00033707,0.024000001
,,,-0.00033706,0.024000001
,,,-0.00033705,0.024000001
,,,-0.00033704,0.024000001
,,,-0.00033703,0.024000001
,,,-0.00033702,0.023200001
,,,-0.00033701,0.022400001
,,,-0.000337,0.023200001
,,,-0.00033699,0.024800001
,,,-0.00033698,0.024000001
,,,-0.00033697,0.024800001
,,,-0.00033696,0.024800001
,,,-0.00033695,0.024000001
,,,-0.00033694,0.024000001
,,,-0.00033693,0.025600002
,,,-0.00033692,0.024000001
,,,-0.00033691,0.023200001
,,,-0.0003369,0.024000001
,,,-0.00033689,0.024000001
,,,-0.00033688,0.023200001
,,,-0.00033687,0.024000001
,,,-0.00033686,0.023200001
,,,-0.00033685,0.023200001
,,,-0.00033684,0.024000001
,,,-0.00033683,0.027200002
,,,-0.00033682,0.024000001
,,,-0.00033681,0.024000001
,,,-0.0003368,0.024000001
,,,-0.00033679,0.024800001
,,,-0.00033678,0.025600002
,,,-0.00033677,0.024800001
,,,-0.00033676,0.025600002
,,,-0.00033675,0.024000001
,,,-0.00033674,0.023200001
,,,-0.00033673,0.024800001
,,,-0.00033672,0.024000001
,,,-0.00033671,0.024000001
,,,-0.0003367,0.024000001
,,,-0.00033669,0.024000001
,,,-0.00033668,0.024000001
,,,-0.00033667,0.023200001
,,,-0.00033666,0.024000001
,,,-0.00033665,0.024000001
,,,-0.00033664,0.024000001
,,,-0.00033663,0.024000001
,,,-0.00033662,0.024000001
,,,-0.00033661,0.024000001
,,,-0.0003366,0.024800001
,,,-0.00033659,0.024800001
,,,-0.00033658,0.024000001
,,,-0.00033657,0.024800001
,,,-0.00033656,0.024000001
,,,-0.00033655,0.023200001
,,,-0.00033654,0.025600002
,,,-0.00033653,0.023200001
,,,-0.00033652,0.023200001
,,,-0.00033651,0.024000001
,,,-0.0003365,0.024800001
,,,-0.00033649,0.024000001
,,,-0.00033648,0.024800001
,,,-0.00033647,0.026400002
,,,-0.00033646,0.024000001
,,,-0.00033645,0.024000001
,,,-0.00033644,0.023200001
,,,-0.00033643,0.023200001
,,,-0.00033642,0.023200001
,,,-0.00033641,0.023200001
,,,-0.0003364,0.024000001
,,,-0.00033639,0.023200001
,,,-0.00033638,0.024000001
,,,-0.00033637,0.023200001
,,,-0.00033636,0.024000001
,,,-0.00033635,0.024800001
,,,-0.00033634,0.025600002
,,,-0.00033633,0.022400001
,,,-0.00033632,0.025600002
,,,-0.00033631,0.024000001
,,,-0.0003363,0.025600002
,,,-0.00033629,0.024000001
,,,-0.00033628,0.024800001
,,,-0.00033627,0.023200001
,,,-0.00033626,0.024000001
,,,-0.00033625,0.024800001
,,,-0.00033624,0.024000001
,,,-0.00033623,0.024000001
,,,-0.00033622,0.022400001
,,,-0.00033621,0.024800001
,,,-0.0003362,0.023200001
,,,-0.00033619,0.024000001
,,,-0.00033618,0.024000001
,,,-0.00033617,0.025600002
,,,-0.00033616,0.024000001
,,,-0.00033615,0.024000001
,,,-0.00033614,0.023200001
,,,-0.00033613,0.024000001
,,,-0.00033612,0.024000001
,,,-0.00033611,0.025600002
,,,-0.0003361,0.024000001
,,,-0.00033609,0.024000001
,,,-0.00033608,0.023200001
,,,-0.00033607,0.024000001
,,,-0.00033606,0.024000001
,,,-0.00033605,0.024000001
,,,-0.00033604,0.024800001
,,,-0.00033603,0.024800001
,,,-0.00033602,0.025600002
,,,-0.00033601,0.024000001
,,,-0.000336,0.024000001
,,,-0.00033599,0.024000001
,,,-0.00033598,0.024000001
,,,-0.00033597,0.024000001
,,,-0.00033596,0.024000001
,,,-0.00033595,0.022400001
,,,-0.00033594,0.024000001
,,,-0.00033593,0.024000001
,,,-0.00033592,0.025600002
,,,-0.00033591,0.024000001
,,,-0.0003359,0.024000001
,,,-0.00033589,0.024000001
,,,-0.00033588,0.024000001
,,,-0.00033587,0.024800001
,,,-0.00033586,0.023200001
,,,-0.00033585,0.024000001
,,,-0.00033584,0.024800001
,,,-0.00033583,0.024800001
,,,-0.00033582,0.024000001
,,,-0.00033581,0.024000001
,,,-0.0003358,0.024800001
,,,-0.00033579,0.024800001
,,,-0.00033578,0.024800001
,,,-0.00033577,0.024000001
,,,-0.00033576,0.024800001
,,,-0.00033575,0.024000001
,,,-0.00033574,0.024000001
,,,-0.00033573,0.024800001
,,,-0.00033572,0.024000001
,,,-0.00033571,0.024000001
,,,-0.0003357,0.024000001
,,,-0.00033569,0.024000001
,,,-0.00033568,0.024000001
,,,-0.00033567,0.024000001
,,,-0.00033566,0.024800001
,,,-0.00033565,0.024000001
,,,-0.00033564,0.024000001
,,,-0.00033563,0.024800001
,,,-0.00033562,0.024000001
,,,-0.00033561,0.023200001
,,,-0.0003356,0.024800001
,,,-0.00033559,0.024000001
,,,-0.00033558,0.024000001
,,,-0.00033557,0.025600002
,,,-0.00033556,0.024000001
,,,-0.00033555,0.024000001
,,,-0.00033554,0.024000001
,,,-0.00033553,0.024000001
,,,-0.00033552,0.024000001
,,,-0.00033551,0.024000001
,,,-0.0003355,0.024800001
,,,-0.00033549,0.024000001
,,,-0.00033548,0.025600002
,,,-0.00033547,0.025600002
,,,-0.00033546,0.024000001
,,,-0.00033545,0.024000001
,,,-0.00033544,0.024800001
,,,-0.00033543,0.024000001
,,,-0.00033542,0.024000001
,,,-0.00033541,0.024000001
,,,-0.0003354,0.023200001
,,,-0.00033539,0.023200001
,,,-0.00033538,0.025600002
,,,-0.00033537,0.025600002
,,,-0.00033536,0.024000001
,,,-0.00033535,0.021600001
,,,-0.00033534,0.025600002
,,,-0.00033533,0.024000001
,,,-0.00033532,0.024800001
,,,-0.00033531,0.024800001
,,,-0.0003353,0.024000001
,,,-0.00033529,0.022400001
,,,-0.00033528,0.024000001
,,,-0.00033527,0.024800001
,,,-0.00033526,0.024000001
,,,-0.00033525,0.024800001
,,,-0.00033524,0.024000001
,,,-0.00033523,0.024800001
,,,-0.00033522,0.025600002
,,,-0.00033521,0.024000001
,,,-0.0003352,0.024000001
,,,-0.00033519,0.025600002
,,,-0.00033518,0.024000001
,,,-0.00033517,0.022400001
,,,-0.00033516,0.024000001
,,,-0.00033515,0.024000001
,,,-0.00033514,0.024000001
,,,-0.00033513,0.024800001
,,,-0.00033512,0.025600002
,,,-0.00033511,0.024800001
,,,-0.0003351,0.023200001
,,,-0.00033509,0.025600002
,,,-0.00033508,0.024000001
,,,-0.00033507,0.024800001
,,,-0.00033506,0.024000001
,,,-0.00033505,0.024000001
,,,-0.00033504,0.024000001
,,,-0.00033503,0.024000001
,,,-0.00033502,0.023200001
,,,-0.00033501,0.024800001
,,,-0.000335,0.026400002
,,,-0.00033499,0.023200001
,,,-0.00033498,0.025600002
,,,-0.00033497,0.024800001
,,,-0.00033496,0.024000001
,,,-0.00033495,0.023200001
,,,-0.00033494,0.024800001
,,,-0.00033493,0.024000001
,,,-0.00033492,0.024000001
,,,-0.00033491,0.024800001
,,,-0.0003349,0.024000001
,,,-0.00033489,0.024000001
,,,-0.00033488,0.024000001
,,,-0.00033487,0.024800001
,,,-0.00033486,0.024000001
,,,-0.00033485,0.021600001
,,,-0.00033484,0.024800001
,,,-0.00033483,0.024800001
,,,-0.00033482,0.024000001
,,,-0.00033481,0.024800001
,,,-0.0003348,0.023200001
,,,-0.00033479,0.024000001
,,,-0.00033478,0.024000001
,,,-0.00033477,0.024000001
,,,-0.00033476,0.024000001
,,,-0.00033475,0.023200001
,,,-0.00033474,0.024800001
,,,-0.00033473,0.022400001
,,,-0.00033472,0.025600002
,,,-0.00033471,0.024800001
,,,-0.0003347,0.024000001
,,,-0.00033469,0.024000001
,,,-0.00033468,0.024800001
,,,-0.00033467,0.024800001
,,,-0.00033466,0.025600002
,,,-0.00033465,0.024000001
,,,-0.00033464,0.024000001
,,,-0.00033463,0.024800001
,,,-0.00033462,0.025600002
,,,-0.00033461,0.024800001
,,,-0.0003346,0.024000001
,,,-0.00033459,0.024000001
,,,-0.00033458,0.024000001
,,,-0.00033457,0.024800001
,,,-0.00033456,0.024000001
,,,-0.00033455,0.022400001
,,,-0.00033454,0.024800001
,,,-0.00033453,0.023200001
,,,-0.00033452,0.024000001
,,,-0.00033451,0.025600002
,,,-0.0003345,0.022400001
,,,-0.00033449,0.023200001
,,,-0.00033448,0.024000001
,,,-0.00033447,0.024000001
,,,-0.00033446,0.023200001
,,,-0.00033445,0.024000001
,,,-0.00033444,0.024800001
,,,-0.00033443,0.024000001
,,,-0.00033442,0.022400001
,,,-0.00033441,0.024800001
,,,-0.0003344,0.025600002
,,,-0.00033439,0.024800001
,,,-0.00033438,0.024000001
,,,-0.00033437,0.023200001
,,,-0.00033436,0.024000001
,,,-0.00033435,0.024000001
,,,-0.00033434,0.022400001
,,,-0.00033433,0.023200001
,,,-0.00033432,0.025600002
,,,-0.00033431,0.024000001
,,,-0.0003343,0.025600002
,,,-0.00033429,0.024800001
,,,-0.00033428,0.024000001
,,,-0.00033427,0.025600002
,,,-0.00033426,0.024000001
,,,-0.00033425,0.024000001
,,,-0.00033424,0.024800001
,,,-0.00033423,0.024000001
,,,-0.00033422,0.024800001
,,,-0.00033421,0.023200001
,,,-0.0003342,0.023200001
,,,-0.00033419,0.024800001
,,,-0.00033418,0.023200001
,,,-0.00033417,0.024000001
,,,-0.00033416,0.025600002
,,,-0.00033415,0.024800001
,,,-0.00033414,0.024800001
,,,-0.00033413,0.024800001
,,,-0.00033412,0.024000001
,,,-0.00033411,0.025600002
,,,-0.0003341,0.024000001
,,,-0.00033409,0.024000001
,,,-0.00033408,0.024000001
,,,-0.00033407,0.025600002
,,,-0.00033406,0.026400002
,,,-0.00033405,0.024000001
,,,-0.00033404,0.024000001
,,,-0.00033403,0.024800001
,,,-0.00033402,0.022400001
,,,-0.00033401,0.025600002
,,,-0.000334,0.022400001
,,,-0.00033399,0.024000001
,,,-0.00033398,0.023200001
,,,-0.00033397,0.024000001
,,,-0.00033396,0.022400001
,,,-0.00033395,0.025600002
,,,-0.00033394,0.024000001
,,,-0.00033393,0.024800001
,,,-0.00033392,0.024000001
,,,-0.00033391,0.022400001
,,,-0.0003339,0.024000001
,,,-0.00033389,0.024000001
,,,-0.00033388,0.024000001
,,,-0.00033387,0.024000001
,,,-0.00033386,0.025600002
,,,-0.00033385,0.021600001
,,,-0.00033384,0.025600002
,,,-0.00033383,0.024000001
,,,-0.00033382,0.023200001
,,,-0.00033381,0.024000001
,,,-0.0003338,0.023200001
,,,-0.00033379,0.024000001
,,,-0.00033378,0.023200001
,,,-0.00033377,0.024800001
,,,-0.00033376,0.025600002
,,,-0.00033375,0.024000001
,,,-0.00033374,0.024000001
,,,-0.00033373,0.024000001
,,,-0.00033372,0.024800001
,,,-0.00033371,0.024000001
,,,-0.0003337,0.025600002
,,,-0.00033369,0.024000001
,,,-0.00033368,0.024000001
,,,-0.00033367,0.023200001
,,,-0.00033366,0.024000001
,,,-0.00033365,0.024000001
,,,-0.00033364,0.023200001
,,,-0.00033363,0.024000001
,,,-0.00033362,0.023200001
,,,-0.00033361,0.024000001
,,,-0.0003336,0.021600001
,,,-0.00033359,0.024800001
,,,-0.00033358,0.024800001
,,,-0.00033357,0.025600002
,,,-0.00033356,0.024800001
,,,-0.00033355,0.024000001
,,,-0.00033354,0.023200001
,,,-0.00033353,0.024800001
,,,-0.00033352,0.024800001
,,,-0.00033351,0.024800001
,,,-0.0003335,0.024000001
,,,-0.00033349,0.024800001
,,,-0.00033348,0.024800001
,,,-0.00033347,0.024000001
,,,-0.00033346,0.024000001
,,,-0.00033345,0.024800001
,,,-0.00033344,0.024800001
,,,-0.00033343,0.023200001
,,,-0.00033342,0.024000001
,,,-0.00033341,0.025600002
,,,-0.0003334,0.023200001
,,,-0.00033339,0.024000001
,,,-0.00033338,0.023200001
,,,-0.00033337,0.024000001
,,,-0.00033336,0.024000001
,,,-0.00033335,0.024800001
,,,-0.00033334,0.023200001
,,,-0.00033333,0.024000001
,,,-0.00033332,0.024800001
,,,-0.00033331,0.023200001
,,,-0.0003333,0.025600002
,,,-0.00033329,0.024000001
,,,-0.00033328,0.024000001
,,,-0.00033327,0.024000001
,,,-0.00033326,0.024800001
,,,-0.00033325,0.024000001
,,,-0.00033324,0.024000001
,,,-0.00033323,0.024000001
,,,-0.00033322,0.024800001
,,,-0.00033321,0.024000001
,,,-0.0003332,0.024800001
,,,-0.00033319,0.022400001
,,,-0.00033318,0.024000001
,,,-0.00033317,0.022400001
,,,-0.00033316,0.024000001
,,,-0.00033315,0.024800001
,,,-0.00033314,0.024000001
,,,-0.00033313,0.024000001
,,,-0.00033312,0.023200001
,,,-0.00033311,0.024000001
,,,-0.0003331,0.023200001
,,,-0.00033309,0.023200001
,,,-0.00033308,0.024800001
,,,-0.00033307,0.024800001
,,,-0.00033306,0.024000001
,,,-0.00033305,0.024000001
,,,-0.00033304,0.023200001
,,,-0.00033303,0.024000001
,,,-0.00033302,0.022400001
,,,-0.00033301,0.024000001
,,,-0.000333,0.024000001
,,,-0.00033299,0.024000001
,,,-0.00033298,0.024000001
,,,-0.00033297,0.024000001
,,,-0.00033296,0.024800001
,,,-0.00033295,0.022400001
,,,-0.00033294,0.026400002
,,,-0.00033293,0.024800001
,,,-0.00033292,0.024800001
,,,-0.00033291,0.025600002
,,,-0.0003329,0.024000001
,,,-0.00033289,0.023200001
,,,-0.00033288,0.024000001
,,,-0.00033287,0.024800001
,,,-0.00033286,0.024000001
,,,-0.00033285,0.024800001
,,,-0.00033284,0.025600002
,,,-0.00033283,0.024800001
,,,-0.00033282,0.024800001
,,,-0.00033281,0.023200001
,,,-0.0003328,0.026400002
,,,-0.00033279,0.025600002
,,,-0.00033278,0.024000001
,,,-0.00033277,0.024000001
,,,-0.00033276,0.022400001
,,,-0.00033275,0.024800001
,,,-0.00033274,0.023200001
,,,-0.00033273,0.024000001
,,,-0.00033272,0.024800001
,,,-0.00033271,0.025600002
,,,-0.0003327,0.025600002
,,,-0.00033269,0.024800001
,,,-0.00033268,0.025600002
,,,-0.00033267,0.024800001
,,,-0.00033266,0.023200001
,,,-0.00033265,0.024000001
,,,-0.00033264,0.024000001
,,,-0.00033263,0.024000001
,,,-0.00033262,0.022400001
,,,-0.00033261,0.024000001
,,,-0.0003326,0.025600002
,,,-0.00033259,0.024800001
,,,-0.00033258,0.024000001
,,,-0.00033257,0.024000001
,,,-0.00033256,0.025600002
,,,-0.00033255,0.023200001
,,,-0.00033254,0.023200001
,,,-0.00033253,0.027200002
,,,-0.00033252,0.024000001
,,,-0.00033251,0.024800001
,,,-0.0003325,0.024000001
,,,-0.00033249,0.024000001
,,,-0.00033248,0.025600002
,,,-0.00033247,0.024000001
,,,-0.00033246,0.025600002
,,,-0.00033245,0.024000001
,,,-0.00033244,0.024000001
,,,-0.00033243,0.024000001
,,,-0.00033242,0.024000001
,,,-0.00033241,0.024000001
,,,-0.0003324,0.024000001
,,,-0.00033239,0.022400001
,,,-0.00033238,0.024800001
,,,-0.00033237,0.024000001
,,,-0.00033236,0.026400002
,,,-0.00033235,0.024800001
,,,-0.00033234,0.024000001
,,,-0.00033233,0.023200001
,,,-0.00033232,0.024800001
,,,-0.00033231,0.024000001
,,,-0.0003323,0.025600002
,,,-0.00033229,0.024800001
,,,-0.00033228,0.024000001
,,,-0.00033227,0.024800001
,,,-0.00033226,0.022400001
,,,-0.00033225,0.024000001
,,,-0.00033224,0.025600002
,,,-0.00033223,0.024000001
,,,-0.00033222,0.024000001
,,,-0.00033221,0.024800001
,,,-0.0003322,0.026400002
,,,-0.00033219,0.026400002
,,,-0.00033218,0.024000001
,,,-0.00033217,0.023200001
,,,-0.00033216,0.024800001
,,,-0.00033215,0.024000001
,,,-0.00033214,0.024000001
,,,-0.00033213,0.023200001
,,,-0.00033212,0.024800001
,,,-0.00033211,0.024000001
,,,-0.0003321,0.024800001
,,,-0.00033209,0.024000001
,,,-0.00033208,0.025600002
,,,-0.00033207,0.022400001
,,,-0.00033206,0.024000001
,,,-0.00033205,0.024000001
,,,-0.00033204,0.024000001
,,,-0.00033203,0.024000001
,,,-0.00033202,0.022400001
,,,-0.00033201,0.024000001
,,,-0.000332,0.024000001
,,,-0.00033199,0.022400001
,,,-0.00033198,0.023200001
,,,-0.00033197,0.025600002
,,,-0.00033196,0.024000001
,,,-0.00033195,0.024000001
,,,-0.00033194,0.024800001
,,,-0.00033193,0.024800001
,,,-0.00033192,0.024000001
,,,-0.00033191,0.025600002
,,,-0.0003319,0.024800001
,,,-0.00033189,0.026400002
,,,-0.00033188,0.025600002
,,,-0.00033187,0.024000001
,,,-0.00033186,0.024000001
,,,-0.00033185,0.028000002
,,,-0.00033184,0.024800001
,,,-0.00033183,0.025600002
,,,-0.00033182,0.024000001
,,,-0.00033181,0.021600001
,,,-0.0003318,0.024800001
,,,-0.00033179,0.024000001
,,,-0.00033178,0.024800001
,,,-0.00033177,0.024800001
,,,-0.00033176,0.024000001
,,,-0.00033175,0.024800001
,,,-0.00033174,0.024800001
,,,-0.00033173,0.024000001
,,,-0.00033172,0.025600002
,,,-0.00033171,0.024800001
,,,-0.0003317,0.024000001
,,,-0.00033169,0.024000001
,,,-0.00033168,0.024000001
,,,-0.00033167,0.024800001
,,,-0.00033166,0.024000001
,,,-0.00033165,0.024800001
,,,-0.00033164,0.024000001
,,,-0.00033163,0.024000001
,,,-0.00033162,0.024000001
,,,-0.00033161,0.024000001
,,,-0.0003316,0.024000001
,,,-0.00033159,0.023200001
,,,-0.00033158,0.024000001
,,,-0.00033157,0.023200001
,,,-0.00033156,0.024800001
,,,-0.00033155,0.024800001
,,,-0.00033154,0.024000001
,,,-0.00033153,0.024000001
,,,-0.00033152,0.024000001
,,,-0.00033151,0.024000001
,,,-0.0003315,0.024800001
,,,-0.00033149,0.024000001
,,,-0.00033148,0.024000001
,,,-0.00033147,0.024800001
,,,-0.00033146,0.023200001
,,,-0.00033145,0.025600002
,,,-0.00033144,0.024800001
,,,-0.00033143,0.024000001
,,,-0.00033142,0.022400001
,,,-0.00033141,0.024000001
,,,-0.0003314,0.024000001
,,,-0.00033139,0.024000001
,,,-0.00033138,0.024000001
,,,-0.00033137,0.022400001
,,,-0.00033136,0.024000001
,,,-0.00033135,0.024800001
,,,-0.00033134,0.023200001
,,,-0.00033133,0.023200001
,,,-0.00033132,0.024000001
,,,-0.00033131,0.024000001
,,,-0.0003313,0.024000001
,,,-0.00033129,0.024000001
,,,-0.00033128,0.024800001
,,,-0.00033127,0.024000001
,,,-0.00033126,0.024000001
,,,-0.00033125,0.024000001
,,,-0.00033124,0.023200001
,,,-0.00033123,0.024800001
,,,-0.00033122,0.023200001
,,,-0.00033121,0.024000001
,,,-0.0003312,0.024000001
,,,-0.00033119,0.026400002
,,,-0.00033118,0.024800001
,,,-0.00033117,0.024000001
,,,-0.00033116,0.024800001
,,,-0.00033115,0.024800001
,,,-0.00033114,0.024000001
,,,-0.00033113,0.024000001
,,,-0.00033112,0.023200001
,,,-0.00033111,0.024000001
,,,-0.0003311,0.024000001
,,,-0.00033109,0.024800001
,,,-0.00033108,0.024000001
,,,-0.00033107,0.025600002
,,,-0.00033106,0.026400002
,,,-0.00033105,0.025600002
,,,-0.00033104,0.023200001
,,,-0.00033103,0.023200001
,,,-0.00033102,0.024000001
,,,-0.00033101,0.024000001
,,,-0.000331,0.024800001
,,,-0.00033099,0.024000001
,,,-0.00033098,0.024800001
,,,-0.00033097,0.023200001
,,,-0.00033096,0.024000001
,,,-0.00033095,0.024800001
,,,-0.00033094,0.023200001
,,,-0.00033093,0.024000001
,,,-0.00033092,0.024800001
,,,-0.00033091,0.024800001
,,,-0.0003309,0.024800001
,,,-0.00033089,0.025600002
,,,-0.00033088,0.025600002
,,,-0.00033087,0.024800001
,,,-0.00033086,0.024000001
,,,-0.00033085,0.024000001
,,,-0.00033084,0.025600002
,,,-0.00033083,0.024000001
,,,-0.00033082,0.024000001
,,,-0.00033081,0.024800001
,,,-0.0003308,0.025600002
,,,-0.00033079,0.023200001
,,,-0.00033078,0.024000001
,,,-0.00033077,0.025600002
,,,-0.00033076,0.024800001
,,,-0.00033075,0.023200001
,,,-0.00033074,0.024000001
,,,-0.00033073,0.024000001
,,,-0.00033072,0.024000001
,,,-0.00033071,0.024800001
,,,-0.0003307,0.024800001
,,,-0.00033069,0.024000001
,,,-0.00033068,0.025600002
,,,-0.00033067,0.023200001
,,,-0.00033066,0.024800001
,,,-0.00033065,0.025600002
,,,-0.00033064,0.023200001
,,,-0.00033063,0.024800001
,,,-0.00033062,0.025600002
,,,-0.00033061,0.023200001
,,,-0.0003306,0.024000001
,,,-0.00033059,0.023200001
,,,-0.00033058,0.022400001
,,,-0.00033057,0.024000001
,,,-0.00033056,0.024800001
,,,-0.00033055,0.024000001
,,,-0.00033054,0.024000001
,,,-0.00033053,0.024800001
,,,-0.00033052,0.024000001
,,,-0.00033051,0.024000001
,,,-0.0003305,0.025600002
,,,-0.00033049,0.024000001
,,,-0.00033048,0.024800001
,,,-0.00033047,0.024000001
,,,-0.00033046,0.023200001
,,,-0.00033045,0.024000001
,,,-0.00033044,0.025600002
,,,-0.00033043,0.024000001
,,,-0.00033042,0.024000001
,,,-0.00033041,0.024000001
,,,-0.0003304,0.024000001
,,,-0.00033039,0.024800001
,,,-0.00033038,0.026400002
,,,-0.00033037,0.024800001
,,,-0.00033036,0.024000001
,,,-0.00033035,0.024000001
,,,-0.00033034,0.024000001
,,,-0.00033033,0.024000001
,,,-0.00033032,0.024800001
,,,-0.00033031,0.024000001
,,,-0.0003303,0.024800001
,,,-0.00033029,0.024800001
,,,-0.00033028,0.024000001
,,,-0.00033027,0.024000001
,,,-0.00033026,0.022400001
,,,-0.00033025,0.024800001
,,,-0.00033024,0.024000001
,,,-0.00033023,0.025600002
,,,-0.00033022,0.023200001
,,,-0.00033021,0.024000001
,,,-0.0003302,0.025600002
,,,-0.00033019,0.023200001
,,,-0.00033018,0.023200001
,,,-0.00033017,0.023200001
,,,-0.00033016,0.025600002
,,,-0.00033015,0.024800001
,,,-0.00033014,0.024000001
,,,-0.00033013,0.022400001
,,,-0.00033012,0.024000001
,,,-0.00033011,0.024000001
,,,-0.0003301,0.024800001
,,,-0.00033009,0.024000001
,,,-0.00033008,0.024000001
,,,-0.00033007,0.024000001
,,,-0.00033006,0.024000001
,,,-0.00033005,0.024000001
,,,-0.00033004,0.024000001
,,,-0.00033003,0.023200001
,,,-0.00033002,0.024800001
,,,-0.00033001,0.024800001
,,,-0.00033,0.023200001
,,,-0.00032999,0.024000001
,,,-0.00032998,0.024000001
,,,-0.00032997,0.024000001
,,,-0.00032996,0.024000001
,,,-0.00032995,0.024000001
,,,-0.00032994,0.024000001
,,,-0.00032993,0.024000001
,,,-0.00032992,0.024000001
,,,-0.00032991,0.024800001
,,,-0.0003299,0.025600002
,,,-0.00032989,0.024800001
,,,-0.00032988,0.024800001
,,,-0.00032987,0.024800001
,,,-0.00032986,0.025600002
,,,-0.00032985,0.024000001
,,,-0.00032984,0.024000001
,,,-0.00032983,0.024800001
,,,-0.00032982,0.025600002
,,,-0.00032981,0.024000001
,,,-0.0003298,0.024000001
,,,-0.00032979,0.024000001
,,,-0.00032978,0.022400001
,,,-0.00032977,0.024800001
,,,-0.00032976,0.025600002
,,,-0.00032975,0.025600002
,,,-0.00032974,0.023200001
,,,-0.00032973,0.025600002
,,,-0.00032972,0.023200001
,,,-0.00032971,0.024000001
,,,-0.0003297,0.024000001
,,,-0.00032969,0.025600002
,,,-0.00032968,0.024000001
,,,-0.00032967,0.024000001
,,,-0.00032966,0.024000001
,,,-0.00032965,0.024800001
,,,-0.00032964,0.023200001
,,,-0.00032963,0.024000001
,,,-0.00032962,0.024000001
,,,-0.00032961,0.024800001
,,,-0.0003296,0.023200001
,,,-0.00032959,0.024800001
,,,-0.00032958,0.024800001
,,,-0.00032957,0.024000001
,,,-0.00032956,0.024000001
,,,-0.00032955,0.024800001
,,,-0.00032954,0.024800001
,,,-0.00032953,0.024800001
,,,-0.00032952,0.023200001
,,,-0.00032951,0.025600002
,,,-0.0003295,0.023200001
,,,-0.00032949,0.024000001
,,,-0.00032948,0.024000001
,,,-0.00032947,0.025600002
,,,-0.00032946,0.024800001
,,,-0.00032945,0.024000001
,,,-0.00032944,0.025600002
,,,-0.00032943,0.024000001
,,,-0.00032942,0.022400001
,,,-0.00032941,0.024000001
,,,-0.0003294,0.024800001
,,,-0.00032939,0.023200001
,,,-0.00032938,0.024000001
,,,-0.00032937,0.024000001
,,,-0.00032936,0.025600002
,,,-0.00032935,0.024000001
,,,-0.00032934,0.024000001
,,,-0.00032933,0.024000001
,,,-0.00032932,0.023200001
,,,-0.00032931,0.024800001
,,,-0.0003293,0.024000001
,,,-0.00032929,0.024000001
,,,-0.00032928,0.024800001
,,,-0.00032927,0.024800001
,,,-0.00032926,0.024800001
,,,-0.00032925,0.023200001
,,,-0.00032924,0.024000001
,,,-0.00032923,0.022400001
,,,-0.00032922,0.024000001
,,,-0.00032921,0.024800001
,,,-0.0003292,0.024800001
,,,-0.00032919,0.024000001
,,,-0.00032918,0.024000001
,,,-0.00032917,0.024000001
,,,-0.00032916,0.024000001
,,,-0.00032915,0.023200001
,,,-0.00032914,0.025600002
,,,-0.00032913,0.024000001
,,,-0.00032912,0.024000001
,,,-0.00032911,0.024000001
,,,-0.0003291,0.024800001
,,,-0.00032909,0.023200001
,,,-0.00032908,0.024000001
,,,-0.00032907,0.022400001
,,,-0.00032906,0.024000001
,,,-0.00032905,0.024000001
,,,-0.00032904,0.024000001
,,,-0.00032903,0.026400002
,,,-0.00032902,0.024000001
,,,-0.00032901,0.024800001
,,,-0.000329,0.025600002
,,,-0.00032899,0.024800001
,,,-0.00032898,0.024800001
,,,-0.00032897,0.026400002
,,,-0.00032896,0.024000001
,,,-0.00032895,0.023200001
,,,-0.00032894,0.026400002
,,,-0.00032893,0.024000001
,,,-0.00032892,0.024800001
,,,-0.00032891,0.024800001
,,,-0.0003289,0.024000001
,,,-0.00032889,0.024000001
,,,-0.00032888,0.024000001
,,,-0.00032887,0.026400002
,,,-0.00032886,0.023200001
,,,-0.00032885,0.024000001
,,,-0.00032884,0.024800001
,,,-0.00032883,0.023200001
,,,-0.00032882,0.024000001
,,,-0.00032881,0.024800001
,,,-0.0003288,0.022400001
,,,-0.00032879,0.024000001
,,,-0.00032878,0.024000001
,,,-0.00032877,0.023200001
,,,-0.00032876,0.024000001
,,,-0.00032875,0.024000001
,,,-0.00032874,0.022400001
,,,-0.00032873,0.024000001
,,,-0.00032872,0.024000001
,,,-0.00032871,0.023200001
,,,-0.0003287,0.024000001
,,,-0.00032869,0.023200001
,,,-0.00032868,0.024000001
,,,-0.00032867,0.024800001
,,,-0.00032866,0.024000001
,,,-0.00032865,0.024800001
,,,-0.00032864,0.024000001
,,,-0.00032863,0.024000001
,,,-0.00032862,0.024000001
,,,-0.00032861,0.023200001
,,,-0.0003286,0.025600002
,,,-0.00032859,0.024000001
,,,-0.00032858,0.025600002
,,,-0.00032857,0.024000001
,,,-0.00032856,0.022400001
,,,-0.00032855,0.023200001
,,,-0.00032854,0.024000001
,,,-0.00032853,0.024000001
,,,-0.00032852,0.026400002
,,,-0.00032851,0.024000001
,,,-0.0003285,0.024000001
,,,-0.00032849,0.025600002
,,,-0.00032848,0.024000001
,,,-0.00032847,0.026400002
,,,-0.00032846,0.024800001
,,,-0.00032845,0.024000001
,,,-0.00032844,0.024000001
,,,-0.00032843,0.023200001
,,,-0.00032842,0.024000001
,,,-0.00032841,0.024000001
,,,-0.0003284,0.024000001
,,,-0.00032839,0.024000001
,,,-0.00032838,0.024000001
,,,-0.00032837,0.023200001
,,,-0.00032836,0.024000001
,,,-0.00032835,0.025600002
,,,-0.00032834,0.023200001
,,,-0.00032833,0.024800001
,,,-0.00032832,0.024000001
,,,-0.00032831,0.024000001
,,,-0.0003283,0.024800001
,,,-0.00032829,0.024000001
,,,-0.00032828,0.024000001
,,,-0.00032827,0.024800001
,,,-0.00032826,0.025600002
,,,-0.00032825,0.024800001
,,,-0.00032824,0.023200001
,,,-0.00032823,0.023200001
,,,-0.00032822,0.024800001
,,,-0.00032821,0.023200001
,,,-0.0003282,0.024000001
,,,-0.00032819,0.024800001
,,,-0.00032818,0.024800001
,,,-0.00032817,0.025600002
,,,-0.00032816,0.024800001
,,,-0.00032815,0.024000001
,,,-0.00032814,0.024000001
,,,-0.00032813,0.025600002
,,,-0.00032812,0.024000001
,,,-0.00032811,0.024000001
,,,-0.0003281,0.024800001
,,,-0.00032809,0.024800001
,,,-0.00032808,0.024000001
,,,-0.00032807,0.024000001
,,,-0.00032806,0.024000001
,,,-0.00032805,0.024800001
,,,-0.00032804,0.024000001
,,,-0.00032803,0.025600002
,,,-0.00032802,0.023200001
,,,-0.00032801,0.024800001
,,,-0.000328,0.024000001
,,,-0.00032799,0.023200001
,,,-0.00032798,0.024000001
,,,-0.00032797,0.023200001
,,,-0.00032796,0.025600002
,,,-0.00032795,0.024000001
,,,-0.00032794,0.022400001
,,,-0.00032793,0.024000001
,,,-0.00032792,0.024000001
,,,-0.00032791,0.023200001
,,,-0.0003279,0.024000001
,,,-0.00032789,0.024800001
,,,-0.00032788,0.024000001
,,,-0.00032787,0.024000001
,,,-0.00032786,0.024800001
,,,-0.00032785,0.024000001
,,,-0.00032784,0.025600002
,,,-0.00032783,0.024800001
,,,-0.00032782,0.023200001
,,,-0.00032781,0.022400001
,,,-0.0003278,0.023200001
,,,-0.00032779,0.025600002
,,,-0.00032778,0.024000001
,,,-0.00032777,0.022400001
,,,-0.00032776,0.026400002
,,,-0.00032775,0.023200001
,,,-0.00032774,0.024000001
,,,-0.00032773,0.024000001
,,,-0.00032772,0.025600002
,,,-0.00032771,0.025600002
,,,-0.0003277,0.024000001
,,,-0.00032769,0.024800001
,,,-0.00032768,0.025600002
,,,-0.00032767,0.024800001
,,,-0.00032766,0.023200001
,,,-0.00032765,0.025600002
,,,-0.00032764,0.024800001
,,,-0.00032763,0.022400001
,,,-0.00032762,0.023200001
,,,-0.00032761,0.025600002
,,,-0.0003276,0.024000001
,,,-0.00032759,0.023200001
,,,-0.00032758,0.024000001
,,,-0.00032757,0.024000001
,,,-0.00032756,0.024000001
,,,-0.00032755,0.025600002
,,,-0.00032754,0.024000001
,,,-0.00032753,0.025600002
,,,-0.00032752,0.024800001
,,,-0.00032751,0.025600002
,,,-0.0003275,0.024800001
,,,-0.00032749,0.025600002
,,,-0.00032748,0.023200001
,,,-0.00032747,0.024000001
,,,-0.00032746,0.024000001
,,,-0.00032745,0.022400001
,,,-0.00032744,0.024000001
,,,-0.00032743,0.023200001
,,,-0.00032742,0.024800001
,,,-0.00032741,0.024000001
,,,-0.0003274,0.024800001
,,,-0.00032739,0.024800001
,,,-0.00032738,0.024800001
,,,-0.00032737,0.024000001
,,,-0.00032736,0.024800001
,,,-0.00032735,0.024000001
,,,-0.00032734,0.023200001
,,,-0.00032733,0.024000001
,,,-0.00032732,0.024800001
,,,-0.00032731,0.023200001
,,,-0.0003273,0.024000001
,,,-0.00032729,0.024000001
,,,-0.00032728,0.022400001
,,,-0.00032727,0.022400001
,,,-0.00032726,0.024000001
,,,-0.00032725,0.023200001
,,,-0.00032724,0.024000001
,,,-0.00032723,0.023200001
,,,-0.00032722,0.025600002
,,,-0.00032721,0.024800001
,,,-0.0003272,0.024800001
,,,-0.00032719,0.022400001
,,,-0.00032718,0.024000001
,,,-0.00032717,0.024800001
,,,-0.00032716,0.022400001
,,,-0.00032715,0.024800001
,,,-0.00032714,0.024000001
,,,-0.00032713,0.024000001
,,,-0.00032712,0.024000001
,,,-0.00032711,0.024000001
,,,-0.0003271,0.024000001
,,,-0.00032709,0.022400001
,,,-0.00032708,0.021600001
,,,-0.00032707,0.024000001
,,,-0.00032706,0.024000001
,,,-0.00032705,0.024000001
,,,-0.00032704,0.024000001
,,,-0.00032703,0.022400001
,,,-0.00032702,0.024000001
,,,-0.00032701,0.024800001
,,,-0.000327,0.024000001
,,,-0.00032699,0.024000001
,,,-0.00032698,0.024000001
,,,-0.00032697,0.023200001
,,,-0.00032696,0.024800001
,,,-0.00032695,0.024000001
,,,-0.00032694,0.023200001
,,,-0.00032693,0.023200001
,,,-0.00032692,0.025600002
,,,-0.00032691,0.024800001
,,,-0.0003269,0.024800001
,,,-0.00032689,0.025600002
,,,-0.00032688,0.024000001
,,,-0.00032687,0.022400001
,,,-0.00032686,0.024000001
,,,-0.00032685,0.024000001
,,,-0.00032684,0.024000001
,,,-0.00032683,0.023200001
,,,-0.00032682,0.024000001
,,,-0.00032681,0.026400002
,,,-0.0003268,0.024800001
,,,-0.00032679,0.024000001
,,,-0.00032678,0.024800001
,,,-0.00032677,0.025600002
,,,-0.00032676,0.024800001
,,,-0.00032675,0.023200001
,,,-0.00032674,0.023200001
,,,-0.00032673,0.024000001
,,,-0.00032672,0.024800001
,,,-0.00032671,0.024800001
,,,-0.0003267,0.024000001
,,,-0.00032669,0.024000001
,,,-0.00032668,0.024800001
,,,-0.00032667,0.023200001
,,,-0.00032666,0.024000001
,,,-0.00032665,0.026400002
,,,-0.00032664,0.024000001
,,,-0.00032663,0.024800001
,,,-0.00032662,0.024000001
,,,-0.00032661,0.024000001
,,,-0.0003266,0.024800001
,,,-0.00032659,0.024000001
,,,-0.00032658,0.023200001
,,,-0.00032657,0.024800001
,,,-0.00032656,0.024800001
,,,-0.00032655,0.024000001
,,,-0.00032654,0.024800001
,,,-0.00032653,0.024800001
,,,-0.00032652,0.025600002
,,,-0.00032651,0.024000001
,,,-0.0003265,0.024000001
,,,-0.00032649,0.024800001
,,,-0.00032648,0.024000001
,,,-0.00032647,0.025600002
,,,-0.00032646,0.025600002
,,,-0.00032645,0.024000001
,,,-0.00032644,0.024800001
,,,-0.00032643,0.024000001
,,,-0.00032642,0.024000001
,,,-0.00032641,0.023200001
,,,-0.0003264,0.023200001
,,,-0.00032639,0.024000001
,,,-0.00032638,0.025600002
,,,-0.00032637,0.025600002
,,,-0.00032636,0.024800001
,,,-0.00032635,0.024800001
,,,-0.00032634,0.025600002
,,,-0.00032633,0.024000001
,,,-0.00032632,0.025600002
,,,-0.00032631,0.024000001
,,,-0.0003263,0.024800001
,,,-0.00032629,0.024000001
,,,-0.00032628,0.023200001
,,,-0.00032627,0.024000001
,,,-0.00032626,0.023200001
,,,-0.00032625,0.024000001
,,,-0.00032624,0.024800001
,,,-0.00032623,0.025600002
,,,-0.00032622,0.023200001
,,,-0.00032621,0.024000001
,,,-0.0003262,0.024000001
,,,-0.00032619,0.023200001
,,,-0.00032618,0.024800001
,,,-0.00032617,0.024000001
,,,-0.00032616,0.024800001
,,,-0.00032615,0.024000001
,,,-0.00032614,0.025600002
,,,-0.00032613,0.023200001
,,,-0.00032612,0.024000001
,,,-0.00032611,0.023200001
,,,-0.0003261,0.024000001
,,,-0.00032609,0.024000001
,,,-0.00032608,0.024000001
,,,-0.00032607,0.024000001
,,,-0.00032606,0.024000001
,,,-0.00032605,0.024000001
,,,-0.00032604,0.024800001
,,,-0.00032603,0.024000001
,,,-0.00032602,0.024000001
,,,-0.00032601,0.024000001
,,,-0.000326,0.024800001
,,,-0.00032599,0.024000001
,,,-0.00032598,0.024800001
,,,-0.00032597,0.022400001
,,,-0.00032596,0.024000001
,,,-0.00032595,0.025600002
,,,-0.00032594,0.024800001
,,,-0.00032593,0.024000001
,,,-0.00032592,0.024800001
,,,-0.00032591,0.024000001
,,,-0.0003259,0.024800001
,,,-0.00032589,0.024000001
,,,-0.00032588,0.024000001
,,,-0.00032587,0.024000001
,,,-0.00032586,0.027200002
,,,-0.00032585,0.023200001
,,,-0.00032584,0.024800001
,,,-0.00032583,0.027200002
,,,-0.00032582,0.022400001
,,,-0.00032581,0.026400002
,,,-0.0003258,0.026400002
,,,-0.00032579,0.023200001
,,,-0.00032578,0.025600002
,,,-0.00032577,0.024000001
,,,-0.00032576,0.024000001
,,,-0.00032575,0.024000001
,,,-0.00032574,0.024800001
,,,-0.00032573,0.025600002
,,,-0.00032572,0.024000001
,,,-0.00032571,0.025600002
,,,-0.0003257,0.024000001
,,,-0.00032569,0.024000001
,,,-0.00032568,0.023200001
,,,-0.00032567,0.025600002
,,,-0.00032566,0.024800001
,,,-0.00032565,0.023200001
,,,-0.00032564,0.024000001
,,,-0.00032563,0.024800001
,,,-0.00032562,0.024800001
,,,-0.00032561,0.024800001
,,,-0.0003256,0.024000001
,,,-0.00032559,0.022400001
,,,-0.00032558,0.024000001
,,,-0.00032557,0.024000001
,,,-0.00032556,0.024800001
,,,-0.00032555,0.026400002
,,,-0.00032554,0.024800001
,,,-0.00032553,0.024000001
,,,-0.00032552,0.024800001
,,,-0.00032551,0.023200001
,,,-0.0003255,0.024000001
,,,-0.00032549,0.024000001
,,,-0.00032548,0.023200001
,,,-0.00032547,0.024000001
,,,-0.00032546,0.024000001
,,,-0.00032545,0.022400001
,,,-0.00032544,0.024800001
,,,-0.00032543,0.024000001
,,,-0.00032542,0.024000001
,,,-0.00032541,0.022400001
,,,-0.0003254,0.024000001
,,,-0.00032539,0.024000001
,,,-0.00032538,0.025600002
,,,-0.00032537,0.024000001
,,,-0.00032536,0.024000001
,,,-0.00032535,0.026400002
,,,-0.00032534,0.024000001
,,,-0.00032533,0.024000001
,,,-0.00032532,0.024800001
,,,-0.00032531,0.024800001
,,,-0.0003253,0.024000001
,,,-0.00032529,0.024000001
,,,-0.00032528,0.024000001
,,,-0.00032527,0.024000001
,,,-0.00032526,0.025600002
,,,-0.00032525,0.024800001
,,,-0.00032524,0.024000001
,,,-0.00032523,0.025600002
,,,-0.00032522,0.024000001
,,,-0.00032521,0.024800001
,,,-0.0003252,0.023200001
,,,-0.00032519,0.024000001
,,,-0.00032518,0.023200001
,,,-0.00032517,0.024800001
,,,-0.00032516,0.025600002
,,,-0.00032515,0.024000001
,,,-0.00032514,0.023200001
,,,-0.00032513,0.024800001
,,,-0.00032512,0.023200001
,,,-0.00032511,0.023200001
,,,-0.0003251,0.023200001
,,,-0.00032509,0.025600002
,,,-0.00032508,0.024800001
,,,-0.00032507,0.026400002
,,,-0.00032506,0.024000001
,,,-0.00032505,0.024000001
,,,-0.00032504,0.025600002
,,,-0.00032503,0.023200001
,,,-0.00032502,0.024000001
,,,-0.00032501,0.024000001
,,,-0.000325,0.024000001
,,,-0.00032499,0.023200001
,,,-0.00032498,0.024000001
,,,-0.00032497,0.024800001
,,,-0.00032496,0.025600002
,,,-0.00032495,0.023200001
,,,-0.00032494,0.024000001
,,,-0.00032493,0.023200001
,,,-0.00032492,0.024000001
,,,-0.00032491,0.024000001
,,,-0.0003249,0.025600002
,,,-0.00032489,0.024000001
,,,-0.00032488,0.024800001
,,,-0.00032487,0.024000001
,,,-0.00032486,0.022400001
,,,-0.00032485,0.024000001
,,,-0.00032484,0.023200001
,,,-0.00032483,0.023200001
,,,-0.00032482,0.024000001
,,,-0.00032481,0.024800001
,,,-0.0003248,0.024000001
,,,-0.00032479,0.024000001
,,,-0.00032478,0.024800001
,,,-0.00032477,0.024000001
,,,-0.00032476,0.023200001
,,,-0.00032475,0.024000001
,,,-0.00032474,0.026400002
,,,-0.00032473,0.024000001
,,,-0.00032472,0.023200001
,,,-0.00032471,0.023200001
,,,-0.0003247,0.023200001
,,,-0.00032469,0.023200001
,,,-0.00032468,0.024000001
,,,-0.00032467,0.023200001
,,,-0.00032466,0.024800001
,,,-0.00032465,0.024800001
,,,-0.00032464,0.024000001
,,,-0.00032463,0.024000001
,,,-0.00032462,0.023200001
,,,-0.00032461,0.025600002
,,,-0.0003246,0.024000001
,,,-0.00032459,0.025600002
,,,-0.00032458,0.025600002
,,,-0.00032457,0.024000001
,,,-0.00032456,0.026400002
,,,-0.00032455,0.024000001
,,,-0.00032454,0.024000001
,,,-0.00032453,0.024800001
,,,-0.00032452,0.024800001
,,,-0.00032451,0.023200001
,,,-0.0003245,0.024800001
,,,-0.00032449,0.025600002
,,,-0.00032448,0.025600002
,,,-0.00032447,0.025600002
,,,-0.00032446,0.025600002
,,,-0.00032445,0.023200001
,,,-0.00032444,0.023200001
,,,-0.00032443,0.024000001
,,,-0.00032442,0.024000001
,,,-0.00032441,0.024800001
,,,-0.0003244,0.024000001
,,,-0.00032439,0.024800001
,,,-0.00032438,0.025600002
,,,-0.00032437,0.022400001
,,,-0.00032436,0.023200001
,,,-0.00032435,0.023200001
,,,-0.00032434,0.024000001
,,,-0.00032433,0.024000001
,,,-0.00032432,0.024000001
,,,-0.00032431,0.024000001
,,,-0.0003243,0.024800001
,,,-0.00032429,0.024800001
,,,-0.00032428,0.024000001
,,,-0.00032427,0.025600002
,,,-0.00032426,0.024800001
,,,-0.00032425,0.024000001
,,,-0.00032424,0.024000001
,,,-0.00032423,0.023200001
,,,-0.00032422,0.023200001
,,,-0.00032421,0.024000001
,,,-0.0003242,0.024800001
,,,-0.00032419,0.024000001
,,,-0.00032418,0.024800001
,,,-0.00032417,0.024000001
,,,-0.00032416,0.024800001
,,,-0.00032415,0.024800001
,,,-0.00032414,0.024800001
,,,-0.00032413,0.024800001
,,,-0.00032412,0.024000001
,,,-0.00032411,0.024800001
,,,-0.0003241,0.024800001
,,,-0.00032409,0.024800001
,,,-0.00032408,0.024000001
,,,-0.00032407,0.024000001
,,,-0.00032406,0.024000001
,,,-0.00032405,0.025600002
,,,-0.00032404,0.024000001
,,,-0.00032403,0.024000001
,,,-0.00032402,0.024800001
,,,-0.00032401,0.024000001
,,,-0.000324,0.024000001
,,,-0.00032399,0.023200001
,,,-0.00032398,0.024800001
,,,-0.00032397,0.024000001
,,,-0.00032396,0.024000001
,,,-0.00032395,0.024000001
,,,-0.00032394,0.022400001
,,,-0.00032393,0.024000001
,,,-0.00032392,0.024800001
,,,-0.00032391,0.023200001
,,,-0.0003239,0.025600002
,,,-0.00032389,0.025600002
,,,-0.00032388,0.022400001
,,,-0.00032387,0.023200001
,,,-0.00032386,0.024000001
,,,-0.00032385,0.024000001
,,,-0.00032384,0.024800001
,,,-0.00032383,0.024000001
,,,-0.00032382,0.024000001
,,,-0.00032381,0.023200001
,,,-0.0003238,0.024000001
,,,-0.00032379,0.024000001
,,,-0.00032378,0.023200001
,,,-0.00032377,0.024000001
,,,-0.00032376,0.024000001
,,,-0.00032375,0.024000001
,,,-0.00032374,0.024000001
,,,-0.00032373,0.024800001
,,,-0.00032372,0.025600002
,,,-0.00032371,0.024800001
,,,-0.0003237,0.024000001
,,,-0.00032369,0.024800001
,,,-0.00032368,0.025600002
,,,-0.00032367,0.024800001
,,,-0.00032366,0.024800001
,,,-0.00032365,0.024800001
,,,-0.00032364,0.024000001
,,,-0.00032363,0.024000001
,,,-0.00032362,0.023200001
,,,-0.00032361,0.024000001
,,,-0.0003236,0.023200001
,,,-0.00032359,0.023200001
,,,-0.00032358,0.021600001
,,,-0.00032357,0.024000001
,,,-0.00032356,0.024000001
,,,-0.00032355,0.024800001
,,,-0.00032354,0.021600001
,,,-0.00032353,0.023200001
,,,-0.00032352,0.024800001
,,,-0.00032351,0.024800001
,,,-0.0003235,0.024000001
,,,-0.00032349,0.025600002
,,,-0.00032348,0.025600002
,,,-0.00032347,0.024000001
,,,-0.00032346,0.025600002
,,,-0.00032345,0.022400001
,,,-0.00032344,0.025600002
,,,-0.00032343,0.024800001
,,,-0.00032342,0.024000001
,,,-0.00032341,0.024800001
,,,-0.0003234,0.024000001
,,,-0.00032339,0.023200001
,,,-0.00032338,0.024000001
,,,-0.00032337,0.023200001
,,,-0.00032336,0.024000001
,,,-0.00032335,0.024000001
,,,-0.00032334,0.023200001
,,,-0.00032333,0.024000001
,,,-0.00032332,0.024000001
,,,-0.00032331,0.023200001
,,,-0.0003233,0.022400001
,,,-0.00032329,0.023200001
,,,-0.00032328,0.025600002
,,,-0.00032327,0.024000001
,,,-0.00032326,0.024800001
,,,-0.00032325,0.024000001
,,,-0.00032324,0.024000001
,,,-0.00032323,0.025600002
,,,-0.00032322,0.024000001
,,,-0.00032321,0.025600002
,,,-0.0003232,0.023200001
,,,-0.00032319,0.023200001
,,,-0.00032318,0.024000001
,,,-0.00032317,0.024000001
,,,-0.00032316,0.024800001
,,,-0.00032315,0.024000001
,,,-0.00032314,0.024800001
,,,-0.00032313,0.023200001
,,,-0.00032312,0.023200001
,,,-0.00032311,0.026400002
,,,-0.0003231,0.024000001
,,,-0.00032309,0.024000001
,,,-0.00032308,0.024800001
,,,-0.00032307,0.025600002
,,,-0.00032306,0.024800001
,,,-0.00032305,0.023200001
,,,-0.00032304,0.024800001
,,,-0.00032303,0.024000001
,,,-0.00032302,0.023200001
,,,-0.00032301,0.024000001
,,,-0.000323,0.023200001
,,,-0.00032299,0.024000001
,,,-0.00032298,0.024000001
,,,-0.00032297,0.024800001
,,,-0.00032296,0.025600002
,,,-0.00032295,0.024000001
,,,-0.00032294,0.024800001
,,,-0.00032293,0.024000001
,,,-0.00032292,0.023200001
,,,-0.00032291,0.024000001
,,,-0.0003229,0.024800001
,,,-0.00032289,0.023200001
,,,-0.00032288,0.024000001
,,,-0.00032287,0.024000001
,,,-0.00032286,0.024800001
,,,-0.00032285,0.023200001
,,,-0.00032284,0.024000001
,,,-0.00032283,0.023200001
,,,-0.00032282,0.024000001
,,,-0.00032281,0.023200001
,,,-0.0003228,0.024800001
,,,-0.00032279,0.025600002
,,,-0.00032278,0.021600001
,,,-0.00032277,0.024000001
,,,-0.00032276,0.026400002
,,,-0.00032275,0.024800001
,,,-0.00032274,0.025600002
,,,-0.00032273,0.024000001
,,,-0.00032272,0.023200001
,,,-0.00032271,0.024000001
,,,-0.0003227,0.023200001
,,,-0.00032269,0.025600002
,,,-0.00032268,0.024000001
,,,-0.00032267,0.025600002
,,,-0.00032266,0.023200001
,,,-0.00032265,0.024000001
,,,-0.00032264,0.024800001
,,,-0.00032263,0.024000001
,,,-0.00032262,0.024800001
,,,-0.00032261,0.024800001
,,,-0.0003226,0.026400002
,,,-0.00032259,0.022400001
,,,-0.00032258,0.025600002
,,,-0.00032257,0.024000001
,,,-0.00032256,0.025600002
,,,-0.00032255,0.024800001
,,,-0.00032254,0.024000001
,,,-0.00032253,0.024800001
,,,-0.00032252,0.024000001
,,,-0.00032251,0.024800001
,,,-0.0003225,0.024000001
,,,-0.00032249,0.024000001
,,,-0.00032248,0.024800001
,,,-0.00032247,0.024800001
,,,-0.00032246,0.024000001
,,,-0.00032245,0.024800001
,,,-0.00032244,0.024800001
,,,-0.00032243,0.024000001
,,,-0.00032242,0.025600002
,,,-0.00032241,0.023200001
,,,-0.0003224,0.024000001
,,,-0.00032239,0.022400001
,,,-0.00032238,0.024800001
,,,-0.00032237,0.024800001
,,,-0.00032236,0.024000001
,,,-0.00032235,0.024000001
,,,-0.00032234,0.024800001
,,,-0.00032233,0.024800001
,,,-0.00032232,0.024800001
,,,-0.00032231,0.024000001
,,,-0.0003223,0.024800001
,,,-0.00032229,0.024000001
,,,-0.00032228,0.024000001
,,,-0.00032227,0.024000001
,,,-0.00032226,0.025600002
,,,-0.00032225,0.023200001
,,,-0.00032224,0.023200001
,,,-0.00032223,0.024000001
,,,-0.00032222,0.023200001
,,,-0.00032221,0.023200001
,,,-0.0003222,0.024000001
,,,-0.00032219,0.023200001
,,,-0.00032218,0.024000001
,,,-0.00032217,0.024800001
,,,-0.00032216,0.024800001
,,,-0.00032215,0.024800001
,,,-0.00032214,0.025600002
,,,-0.00032213,0.025600002
,,,-0.00032212,0.023200001
,,,-0.00032211,0.022400001
,,,-0.0003221,0.024000001
,,,-0.00032209,0.024000001
,,,-0.00032208,0.024800001
,,,-0.00032207,0.025600002
,,,-0.00032206,0.022400001
,,,-0.00032205,0.026400002
,,,-0.00032204,0.024000001
,,,-0.00032203,0.024000001
,,,-0.00032202,0.024000001
,,,-0.00032201,0.024800001
,,,-0.000322,0.024800001
,,,-0.00032199,0.024800001
,,,-0.00032198,0.025600002
,,,-0.00032197,0.024800001
,,,-0.00032196,0.023200001
,,,-0.00032195,0.025600002
,,,-0.00032194,0.024800001
,,,-0.00032193,0.024000001
,,,-0.00032192,0.024800001
,,,-0.00032191,0.022400001
,,,-0.0003219,0.024000001
,,,-0.00032189,0.024000001
,,,-0.00032188,0.023200001
,,,-0.00032187,0.022400001
,,,-0.00032186,0.024000001
,,,-0.00032185,0.023200001
,,,-0.00032184,0.026400002
,,,-0.00032183,0.024800001
,,,-0.00032182,0.023200001
,,,-0.00032181,0.025600002
,,,-0.0003218,0.023200001
,,,-0.00032179,0.025600002
,,,-0.00032178,0.024000001
,,,-0.00032177,0.024000001
,,,-0.00032176,0.024800001
,,,-0.00032175,0.024800001
,,,-0.00032174,0.024000001
,,,-0.00032173,0.024800001
,,,-0.00032172,0.026400002
,,,-0.00032171,0.023200001
,,,-0.0003217,0.024800001
,,,-0.00032169,0.024000001
,,,-0.00032168,0.024800001
,,,-0.00032167,0.024000001
,,,-0.00032166,0.024000001
,,,-0.00032165,0.024000001
,,,-0.00032164,0.024800001
,,,-0.00032163,0.024000001
,,,-0.00032162,0.025600002
,,,-0.00032161,0.023200001
,,,-0.0003216,0.023200001
,,,-0.00032159,0.026400002
,,,-0.00032158,0.024800001
,,,-0.00032157,0.023200001
,,,-0.00032156,0.024000001
,,,-0.00032155,0.023200001
,,,-0.00032154,0.023200001
,,,-0.00032153,0.023200001
,,,-0.00032152,0.023200001
,,,-0.00032151,0.024000001
,,,-0.0003215,0.023200001
,,,-0.00032149,0.024000001
,,,-0.00032148,0.024800001
,,,-0.00032147,0.024800001
,,,-0.00032146,0.023200001
,,,-0.00032145,0.024800001
,,,-0.00032144,0.025600002
,,,-0.00032143,0.024000001
,,,-0.00032142,0.024800001
,,,-0.00032141,0.025600002
,,,-0.0003214,0.025600002
,,,-0.00032139,0.022400001
,,,-0.00032138,0.023200001
,,,-0.00032137,0.024000001
,,,-0.00032136,0.024800001
,,,-0.00032135,0.026400002
,,,-0.00032134,0.024000001
,,,-0.00032133,0.024000001
,,,-0.00032132,0.024000001
,,,-0.00032131,0.023200001
,,,-0.0003213,0.024000001
,,,-0.00032129,0.024000001
,,,-0.00032128,0.024000001
,,,-0.00032127,0.024000001
,,,-0.00032126,0.024000001
,,,-0.00032125,0.024000001
,,,-0.00032124,0.023200001
,,,-0.00032123,0.024800001
,,,-0.00032122,0.024800001
,,,-0.00032121,0.024000001
,,,-0.0003212,0.023200001
,,,-0.00032119,0.024800001
,,,-0.00032118,0.024000001
,,,-0.00032117,0.024000001
,,,-0.00032116,0.023200001
,,,-0.00032115,0.024000001
,,,-0.00032114,0.023200001
,,,-0.00032113,0.024000001
,,,-0.00032112,0.024000001
,,,-0.00032111,0.024000001
,,,-0.0003211,0.024000001
,,,-0.00032109,0.024000001
,,,-0.00032108,0.024800001
,,,-0.00032107,0.024800001
,,,-0.00032106,0.023200001
,,,-0.00032105,0.025600002
,,,-0.00032104,0.024800001
,,,-0.00032103,0.024000001
,,,-0.00032102,0.024800001
,,,-0.00032101,0.024000001
,,,-0.000321,0.024000001
,,,-0.00032099,0.024000001
,,,-0.00032098,0.023200001
,,,-0.00032097,0.023200001
,,,-0.00032096,0.025600002
,,,-0.00032095,0.024000001
,,,-0.00032094,0.026400002
,,,-0.00032093,0.024000001
,,,-0.00032092,0.025600002
,,,-0.00032091,0.023200001
,,,-0.0003209,0.024000001
,,,-0.00032089,0.024000001
,,,-0.00032088,0.023200001
,,,-0.00032087,0.024000001
,,,-0.00032086,0.024000001
,,,-0.00032085,0.024800001
,,,-0.00032084,0.023200001
,,,-0.00032083,0.024000001
,,,-0.00032082,0.024000001
,,,-0.00032081,0.025600002
,,,-0.0003208,0.022400001
,,,-0.00032079,0.024000001
,,,-0.00032078,0.024000001
,,,-0.00032077,0.024000001
,,,-0.00032076,0.024800001
,,,-0.00032075,0.024000001
,,,-0.00032074,0.024800001
,,,-0.00032073,0.024000001
,,,-0.00032072,0.025600002
,,,-0.00032071,0.024800001
,,,-0.0003207,0.023200001
,,,-0.00032069,0.024000001
,,,-0.00032068,0.022400001
,,,-0.00032067,0.024000001
,,,-0.00032066,0.025600002
,,,-0.00032065,0.024000001
,,,-0.00032064,0.024000001
,,,-0.00032063,0.024000001
,,,-0.00032062,0.024000001
,,,-0.00032061,0.024800001
,,,-0.0003206,0.024800001
,,,-0.00032059,0.024000001
,,,-0.00032058,0.024000001
,,,-0.00032057,0.023200001
,,,-0.00032056,0.024000001
,,,-0.00032055,0.024000001
,,,-0.00032054,0.024000001
,,,-0.00032053,0.023200001
,,,-0.00032052,0.024800001
,,,-0.00032051,0.024000001
,,,-0.0003205,0.024000001
,,,-0.00032049,0.024000001
,,,-0.00032048,0.024800001
,,,-0.00032047,0.024800001
,,,-0.00032046,0.024000001
,,,-0.00032045,0.024000001
,,,-0.00032044,0.024800001
,,,-0.00032043,0.024000001
,,,-0.00032042,0.024000001
,,,-0.00032041,0.023200001
,,,-0.0003204,0.024000001
,,,-0.00032039,0.024800001
,,,-0.00032038,0.023200001
,,,-0.00032037,0.024800001
,,,-0.00032036,0.024000001
,,,-0.00032035,0.024800001
,,,-0.00032034,0.023200001
,,,-0.00032033,0.024800001
,,,-0.00032032,0.024800001
,,,-0.00032031,0.023200001
,,,-0.0003203,0.023200001
,,,-0.00032029,0.024000001
,,,-0.00032028,0.024800001
,,,-0.00032027,0.024000001
,,,-0.00032026,0.024000001
,,,-0.00032025,0.024800001
,,,-0.00032024,0.024000001
,,,-0.00032023,0.024000001
,,,-0.00032022,0.022400001
,,,-0.00032021,0.024000001
,,,-0.0003202,0.024000001
,,,-0.00032019,0.024800001
,,,-0.00032018,0.023200001
,,,-0.00032017,0.024800001
,,,-0.00032016,0.023200001
,,,-0.00032015,0.024000001
,,,-0.00032014,0.023200001
,,,-0.00032013,0.024000001
,,,-0.00032012,0.024800001
,,,-0.00032011,0.024000001
,,,-0.0003201,0.024000001
,,,-0.00032009,0.023200001
,,,-0.00032008,0.024000001
,,,-0.00032007,0.023200001
,,,-0.00032006,0.024000001
,,,-0.00032005,0.024000001
,,,-0.00032004,0.024800001
,,,-0.00032003,0.022400001
,,,-0.00032002,0.025600002
,,,-0.00032001,0.023200001
,,,-0.00032,0.024000001
,,,-0.00031999,0.023200001
,,,-0.00031998,0.025600002
,,,-0.00031997,0.024000001
,,,-0.00031996,0.023200001
,,,-0.00031995,0.024000001
,,,-0.00031994,0.024000001
,,,-0.00031993,0.022400001
,,,-0.00031992,0.024800001
,,,-0.00031991,0.024000001
,,,-0.0003199,0.024000001
,,,-0.00031989,0.023200001
,,,-0.00031988,0.024000001
,,,-0.00031987,0.024800001
,,,-0.00031986,0.024000001
,,,-0.00031985,0.024800001
,,,-0.00031984,0.025600002
,,,-0.00031983,0.025600002
,,,-0.00031982,0.024000001
,,,-0.00031981,0.025600002
,,,-0.0003198,0.023200001
,,,-0.00031979,0.024000001
,,,-0.00031978,0.023200001
,,,-0.00031977,0.024000001
,,,-0.00031976,0.025600002
,,,-0.00031975,0.022400001
,,,-0.00031974,0.024000001
,,,-0.00031973,0.024800001
,,,-0.00031972,0.023200001
,,,-0.00031971,0.024000001
,,,-0.0003197,0.026400002
,,,-0.00031969,0.024000001
,,,-0.00031968,0.024800001
,,,-0.00031967,0.024800001
,,,-0.00031966,0.024000001
,,,-0.00031965,0.024800001
,,,-0.00031964,0.025600002
,,,-0.00031963,0.023200001
,,,-0.00031962,0.023200001
,,,-0.00031961,0.024800001
,,,-0.0003196,0.022400001
,,,-0.00031959,0.024800001
,,,-0.00031958,0.024000001
,,,-0.00031957,0.024800001
,,,-0.00031956,0.024000001
,,,-0.00031955,0.024800001
,,,-0.00031954,0.024000001
,,,-0.00031953,0.025600002
,,,-0.00031952,0.024000001
,,,-0.00031951,0.023200001
,,,-0.0003195,0.024000001
,,,-0.00031949,0.024800001
,,,-0.00031948,0.023200001
,,,-0.00031947,0.024800001
,,,-0.00031946,0.025600002
,,,-0.00031945,0.024800001
,,,-0.00031944,0.023200001
,,,-0.00031943,0.023200001
,,,-0.00031942,0.023200001
,,,-0.00031941,0.024000001
,,,-0.0003194,0.024800001
,,,-0.00031939,0.024800001
,,,-0.00031938,0.024000001
,,,-0.00031937,0.024800001
,,,-0.00031936,0.024000001
,,,-0.00031935,0.024800001
,,,-0.00031934,0.024000001
,,,-0.00031933,0.023200001
,,,-0.00031932,0.022400001
,,,-0.00031931,0.023200001
,,,-0.0003193,0.023200001
,,,-0.00031929,0.024000001
,,,-0.00031928,0.024000001
,,,-0.00031927,0.024000001
,,,-0.00031926,0.024000001
,,,-0.00031925,0.024800001
,,,-0.00031924,0.024800001
,,,-0.00031923,0.024000001
,,,-0.00031922,0.024800001
,,,-0.00031921,0.025600002
,,,-0.0003192,0.024000001
,,,-0.00031919,0.024800001
,,,-0.00031918,0.024800001
,,,-0.00031917,0.022400001
,,,-0.00031916,0.024800001
,,,-0.00031915,0.024000001
,,,-0.00031914,0.024000001
,,,-0.00031913,0.024800001
,,,-0.00031912,0.023200001
,,,-0.00031911,0.023200001
,,,-0.0003191,0.022400001
,,,-0.00031909,0.024800001
,,,-0.00031908,0.024800001
,,,-0.00031907,0.025600002
,,,-0.00031906,0.023200001
,,,-0.00031905,0.021600001
,,,-0.00031904,0.024000001
,,,-0.00031903,0.024800001
,,,-0.00031902,0.024800001
,,,-0.00031901,0.024000001
,,,-0.000319,0.024000001
,,,-0.00031899,0.024000001
,,,-0.00031898,0.024800001
,,,-0.00031897,0.024000001
,,,-0.00031896,0.024800001
,,,-0.00031895,0.024800001
,,,-0.00031894,0.024000001
,,,-0.00031893,0.026400002
,,,-0.00031892,0.024000001
,,,-0.00031891,0.024800001
,,,-0.0003189,0.024000001
,,,-0.00031889,0.024000001
,,,-0.00031888,0.024000001
,,,-0.00031887,0.024000001
,,,-0.00031886,0.024000001
,,,-0.00031885,0.024000001
,,,-0.00031884,0.024800001
,,,-0.00031883,0.024800001
,,,-0.00031882,0.024000001
,,,-0.00031881,0.024000001
,,,-0.0003188,0.024000001
,,,-0.00031879,0.022400001
,,,-0.00031878,0.024000001
,,,-0.00031877,0.024800001
,,,-0.00031876,0.024000001
,,,-0.00031875,0.024000001
,,,-0.00031874,0.024800001
,,,-0.00031873,0.024800001
,,,-0.00031872,0.024800001
,,,-0.00031871,0.023200001
,,,-0.0003187,0.024000001
,,,-0.00031869,0.024800001
,,,-0.00031868,0.024800001
,,,-0.00031867,0.024000001
,,,-0.00031866,0.024800001
,,,-0.00031865,0.024800001
,,,-0.00031864,0.024000001
,,,-0.00031863,0.024000001
,,,-0.00031862,0.025600002
,,,-0.00031861,0.025600002
,,,-0.0003186,0.024000001
,,,-0.00031859,0.024000001
,,,-0.00031858,0.023200001
,,,-0.00031857,0.024800001
,,,-0.00031856,0.024000001
,,,-0.00031855,0.024000001
,,,-0.00031854,0.023200001
,,,-0.00031853,0.024000001
,,,-0.00031852,0.024000001
,,,-0.00031851,0.023200001
,,,-0.0003185,0.024800001
,,,-0.00031849,0.024000001
,,,-0.00031848,0.024000001
,,,-0.00031847,0.024000001
,,,-0.00031846,0.023200001
,,,-0.00031845,0.024000001
,,,-0.00031844,0.024800001
,,,-0.00031843,0.024800001
,,,-0.00031842,0.024800001
,,,-0.00031841,0.024000001
,,,-0.0003184,0.024800001
,,,-0.00031839,0.024000001
,,,-0.00031838,0.024000001
,,,-0.00031837,0.024000001
,,,-0.00031836,0.023200001
,,,-0.00031835,0.024800001
,,,-0.00031834,0.022400001
,,,-0.00031833,0.024800001
,,,-0.00031832,0.024800001
,,,-0.00031831,0.024800001
,,,-0.0003183,0.026400002
,,,-0.00031829,0.024000001
,,,-0.00031828,0.023200001
,,,-0.00031827,0.024000001
,,,-0.00031826,0.024000001
,,,-0.00031825,0.024800001
,,,-0.00031824,0.024000001
,,,-0.00031823,0.022400001
,,,-0.00031822,0.024000001
,,,-0.00031821,0.023200001
,,,-0.0003182,0.023200001
,,,-0.00031819,0.023200001
,,,-0.00031818,0.024000001
,,,-0.00031817,0.024000001
,,,-0.00031816,0.024000001
,,,-0.00031815,0.024800001
,,,-0.00031814,0.024000001
,,,-0.00031813,0.024000001
,,,-0.00031812,0.024000001
,,,-0.00031811,0.024000001
,,,-0.0003181,0.023200001
,,,-0.00031809,0.024000001
,,,-0.00031808,0.024800001
,,,-0.00031807,0.024000001
,,,-0.00031806,0.024800001
,,,-0.00031805,0.024000001
,,,-0.00031804,0.025600002
,,,-0.00031803,0.024000001
,,,-0.00031802,0.023200001
,,,-0.00031801,0.024000001
,,,-0.000318,0.024800001
,,,-0.00031799,0.024000001
,,,-0.00031798,0.024000001
,,,-0.00031797,0.024000001
,,,-0.00031796,0.025600002
,,,-0.00031795,0.024000001
,,,-0.00031794,0.024800001
,,,-0.00031793,0.024000001
,,,-0.00031792,0.024800001
,,,-0.00031791,0.023200001
,,,-0.0003179,0.024800001
,,,-0.00031789,0.024800001
,,,-0.00031788,0.024000001
,,,-0.00031787,0.024800001
,,,-0.00031786,0.024800001
,,,-0.00031785,0.024800001
,,,-0.00031784,0.024000001
,,,-0.00031783,0.025600002
,,,-0.00031782,0.023200001
,,,-0.00031781,0.024800001
,,,-0.0003178,0.024000001
,,,-0.00031779,0.023200001
,,,-0.00031778,0.024800001
,,,-0.00031777,0.024000001
,,,-0.00031776,0.024000001
,,,-0.00031775,0.022400001
,,,-0.00031774,0.024800001
,,,-0.00031773,0.021600001
,,,-0.00031772,0.024000001
,,,-0.00031771,0.024000001
,,,-0.0003177,0.024000001
,,,-0.00031769,0.024800001
,,,-0.00031768,0.024000001
,,,-0.00031767,0.021600001
,,,-0.00031766,0.023200001
,,,-0.00031765,0.025600002
,,,-0.00031764,0.023200001
,,,-0.00031763,0.026400002
,,,-0.00031762,0.024000001
,,,-0.00031761,0.024000001
,,,-0.0003176,0.025600002
,,,-0.00031759,0.024000001
,,,-0.00031758,0.024000001
,,,-0.00031757,0.024000001
,,,-0.00031756,0.021600001
,,,-0.00031755,0.025600002
,,,-0.00031754,0.024000001
,,,-0.00031753,0.024000001
,,,-0.00031752,0.024000001
,,,-0.00031751,0.024800001
,,,-0.0003175,0.024800001
,,,-0.00031749,0.024000001
,,,-0.00031748,0.025600002
,,,-0.00031747,0.024000001
,,,-0.00031746,0.024000001
,,,-0.00031745,0.024000001
,,,-0.00031744,0.024800001
,,,-0.00031743,0.024800001
,,,-0.00031742,0.024800001
,,,-0.00031741,0.023200001
,,,-0.0003174,0.026400002
,,,-0.00031739,0.024000001
,,,-0.00031738,0.022400001
,,,-0.00031737,0.024800001
,,,-0.00031736,0.024000001
,,,-0.00031735,0.024000001
,,,-0.00031734,0.024000001
,,,-0.00031733,0.024800001
,,,-0.00031732,0.024000001
,,,-0.00031731,0.024000001
,,,-0.0003173,0.024800001
,,,-0.00031729,0.024000001
,,,-0.00031728,0.025600002
,,,-0.00031727,0.024800001
,,,-0.00031726,0.023200001
,,,-0.00031725,0.024000001
,,,-0.00031724,0.024800001
,,,-0.00031723,0.023200001
,,,-0.00031722,0.024800001
,,,-0.00031721,0.024000001
,,,-0.0003172,0.024800001
,,,-0.00031719,0.024000001
,,,-0.00031718,0.024000001
,,,-0.00031717,0.024800001
,,,-0.00031716,0.024000001
,,,-0.00031715,0.023200001
,,,-0.00031714,0.023200001
,,,-0.00031713,0.025600002
,,,-0.00031712,0.024000001
,,,-0.00031711,0.023200001
,,,-0.0003171,0.024000001
,,,-0.00031709,0.024000001
,,,-0.00031708,0.026400002
,,,-0.00031707,0.024000001
,,,-0.00031706,0.024000001
,,,-0.00031705,0.024800001
,,,-0.00031704,0.024800001
,,,-0.00031703,0.024000001
,,,-0.00031702,0.023200001
,,,-0.00031701,0.023200001
,,,-0.000317,0.025600002
,,,-0.00031699,0.024800001
,,,-0.00031698,0.023200001
,,,-0.00031697,0.023200001
,,,-0.00031696,0.022400001
,,,-0.00031695,0.023200001
,,,-0.00031694,0.023200001
,,,-0.00031693,0.024000001
,,,-0.00031692,0.024800001
,,,-0.00031691,0.023200001
,,,-0.0003169,0.025600002
,,,-0.00031689,0.022400001
,,,-0.00031688,0.024000001
,,,-0.00031687,0.024000001
,,,-0.00031686,0.025600002
,,,-0.00031685,0.024000001
,,,-0.00031684,0.024000001
,,,-0.00031683,0.024000001
,,,-0.00031682,0.024000001
,,,-0.00031681,0.025600002
,,,-0.0003168,0.024000001
,,,-0.00031679,0.023200001
,,,-0.00031678,0.022400001
,,,-0.00031677,0.024000001
,,,-0.00031676,0.025600002
,,,-0.00031675,0.024000001
,,,-0.00031674,0.024000001
,,,-0.00031673,0.024000001
,,,-0.00031672,0.023200001
,,,-0.00031671,0.024000001
,,,-0.0003167,0.024000001
,,,-0.00031669,0.024000001
,,,-0.00031668,0.023200001
,,,-0.00031667,0.024800001
,,,-0.00031666,0.024800001
,,,-0.00031665,0.025600002
,,,-0.00031664,0.023200001
,,,-0.00031663,0.024000001
,,,-0.00031662,0.024000001
,,,-0.00031661,0.022400001
,,,-0.0003166,0.024800001
,,,-0.00031659,0.024800001
,,,-0.00031658,0.024000001
,,,-0.00031657,0.023200001
,,,-0.00031656,0.025600002
,,,-0.00031655,0.022400001
,,,-0.00031654,0.025600002
,,,-0.00031653,0.024000001
,,,-0.00031652,0.024000001
,,,-0.00031651,0.024000001
,,,-0.0003165,0.024800001
,,,-0.00031649,0.024800001
,,,-0.00031648,0.025600002
,,,-0.00031647,0.024800001
,,,-0.00031646,0.024000001
,,,-0.00031645,0.024800001
,,,-0.00031644,0.024800001
,,,-0.00031643,0.024000001
,,,-0.00031642,0.024800001
,,,-0.00031641,0.024800001
,,,-0.0003164,0.024000001
,,,-0.00031639,0.024000001
,,,-0.00031638,0.024000001
,,,-0.00031637,0.024000001
,,,-0.00031636,0.024000001
,,,-0.00031635,0.024000001
,,,-0.00031634,0.024000001
,,,-0.00031633,0.024000001
,,,-0.00031632,0.022400001
,,,-0.00031631,0.024000001
,,,-0.0003163,0.024000001
,,,-0.00031629,0.023200001
,,,-0.00031628,0.024000001
,,,-0.00031627,0.025600002
,,,-0.00031626,0.024000001
,,,-0.00031625,0.024800001
,,,-0.00031624,0.025600002
,,,-0.00031623,0.024800001
,,,-0.00031622,0.024000001
,,,-0.00031621,0.024000001
,,,-0.0003162,0.024000001
,,,-0.00031619,0.024000001
,,,-0.00031618,0.024000001
,,,-0.00031617,0.024800001
,,,-0.00031616,0.025600002
,,,-0.00031615,0.024000001
,,,-0.00031614,0.025600002
,,,-0.00031613,0.024000001
,,,-0.00031612,0.024800001
,,,-0.00031611,0.022400001
,,,-0.0003161,0.023200001
,,,-0.00031609,0.024800001
,,,-0.00031608,0.024000001
,,,-0.00031607,0.023200001
,,,-0.00031606,0.025600002
,,,-0.00031605,0.024000001
,,,-0.00031604,0.025600002
,,,-0.00031603,0.024800001
,,,-0.00031602,0.024000001
,,,-0.00031601,0.025600002
,,,-0.000316,0.024000001
,,,-0.00031599,0.024000001
,,,-0.00031598,0.024000001
,,,-0.00031597,0.024000001
,,,-0.00031596,0.022400001
,,,-0.00031595,0.024800001
,,,-0.00031594,0.024000001
,,,-0.00031593,0.025600002
,,,-0.00031592,0.024000001
,,,-0.00031591,0.023200001
,,,-0.0003159,0.024000001
,,,-0.00031589,0.023200001
,,,-0.00031588,0.024000001
,,,-0.00031587,0.024000001
,,,-0.00031586,0.025600002
,,,-0.00031585,0.023200001
,,,-0.00031584,0.024000001
,,,-0.00031583,0.024800001
,,,-0.00031582,0.025600002
,,,-0.00031581,0.023200001
,,,-0.0003158,0.024800001
,,,-0.00031579,0.024000001
,,,-0.00031578,0.024800001
,,,-0.00031577,0.025600002
,,,-0.00031576,0.025600002
,,,-0.00031575,0.024000001
,,,-0.00031574,0.025600002
,,,-0.00031573,0.024000001
,,,-0.00031572,0.024000001
,,,-0.00031571,0.024000001
,,,-0.0003157,0.024000001
,,,-0.00031569,0.024000001
,,,-0.00031568,0.025600002
,,,-0.00031567,0.024800001
,,,-0.00031566,0.024800001
,,,-0.00031565,0.024000001
,,,-0.00031564,0.024000001
,,,-0.00031563,0.024800001
,,,-0.00031562,0.025600002
,,,-0.00031561,0.024000001
,,,-0.0003156,0.024000001
,,,-0.00031559,0.024000001
,,,-0.00031558,0.024800001
,,,-0.00031557,0.024000001
,,,-0.00031556,0.024000001
,,,-0.00031555,0.024000001
,,,-0.00031554,0.025600002
,,,-0.00031553,0.024800001
,,,-0.00031552,0.023200001
,,,-0.00031551,0.024000001
,,,-0.0003155,0.024000001
,,,-0.00031549,0.024800001
,,,-0.00031548,0.024800001
,,,-0.00031547,0.024000001
,,,-0.00031546,0.024800001
,,,-0.00031545,0.024000001
,,,-0.00031544,0.021600001
,,,-0.00031543,0.024000001
,,,-0.00031542,0.025600002
,,,-0.00031541,0.025600002
,,,-0.0003154,0.024000001
,,,-0.00031539,0.025600002
,,,-0.00031538,0.024000001
,,,-0.00031537,0.024000001
,,,-0.00031536,0.024800001
,,,-0.00031535,0.024000001
,,,-0.00031534,0.024000001
,,,-0.00031533,0.023200001
,,,-0.00031532,0.024000001
,,,-0.00031531,0.023200001
,,,-0.0003153,0.024800001
,,,-0.00031529,0.024000001
,,,-0.00031528,0.024000001
,,,-0.00031527,0.024000001
,,,-0.00031526,0.024000001
,,,-0.00031525,0.024800001
,,,-0.00031524,0.024000001
,,,-0.00031523,0.024000001
,,,-0.00031522,0.024800001
,,,-0.00031521,0.024000001
,,,-0.0003152,0.025600002
,,,-0.00031519,0.024000001
,,,-0.00031518,0.024000001
,,,-0.00031517,0.024800001
,,,-0.00031516,0.024800001
,,,-0.00031515,0.024000001
,,,-0.00031514,0.025600002
,,,-0.00031513,0.022400001
,,,-0.00031512,0.024000001
,,,-0.00031511,0.024800001
,,,-0.0003151,0.024800001
,,,-0.00031509,0.024800001
,,,-0.00031508,0.024800001
,,,-0.00031507,0.024800001
,,,-0.00031506,0.024000001
,,,-0.00031505,0.024000001
,,,-0.00031504,0.023200001
,,,-0.00031503,0.023200001
,,,-0.00031502,0.024000001
,,,-0.00031501,0.022400001
,,,-0.000315,0.024000001
,,,-0.00031499,0.024000001
,,,-0.00031498,0.024000001
,,,-0.00031497,0.023200001
,,,-0.00031496,0.024800001
,,,-0.00031495,0.024000001
,,,-0.00031494,0.024800001
,,,-0.00031493,0.024000001
,,,-0.00031492,0.024800001
,,,-0.00031491,0.024800001
,,,-0.0003149,0.024000001
,,,-0.00031489,0.024000001
,,,-0.00031488,0.024000001
,,,-0.00031487,0.024800001
,,,-0.00031486,0.023200001
,,,-0.00031485,0.024800001
,,,-0.00031484,0.024000001
,,,-0.00031483,0.024800001
,,,-0.00031482,0.025600002
,,,-0.00031481,0.023200001
,,,-0.0003148,0.023200001
,,,-0.00031479,0.025600002
,,,-0.00031478,0.024000001
,,,-0.00031477,0.022400001
,,,-0.00031476,0.024000001
,,,-0.00031475,0.024000001
,,,-0.00031474,0.024800001
,,,-0.00031473,0.024000001
,,,-0.00031472,0.024800001
,,,-0.00031471,0.024000001
,,,-0.0003147,0.023200001
,,,-0.00031469,0.024000001
,,,-0.00031468,0.024000001
,,,-0.00031467,0.024000001
,,,-0.00031466,0.024000001
,,,-0.00031465,0.024000001
,,,-0.00031464,0.024000001
,,,-0.00031463,0.025600002
,,,-0.00031462,0.024800001
,,,-0.00031461,0.023200001
,,,-0.0003146,0.024000001
,,,-0.00031459,0.023200001
,,,-0.00031458,0.023200001
,,,-0.00031457,0.024800001
,,,-0.00031456,0.024000001
,,,-0.00031455,0.024000001
,,,-0.00031454,0.024800001
,,,-0.00031453,0.023200001
,,,-0.00031452,0.024000001
,,,-0.00031451,0.023200001
,,,-0.0003145,0.024000001
,,,-0.00031449,0.024000001
,,,-0.00031448,0.023200001
,,,-0.00031447,0.024800001
,,,-0.00031446,0.025600002
,,,-0.00031445,0.024000001
,,,-0.00031444,0.024000001
,,,-0.00031443,0.024800001
,,,-0.00031442,0.024000001
,,,-0.00031441,0.024000001
,,,-0.0003144,0.024000001
,,,-0.00031439,0.024000001
,,,-0.00031438,0.024000001
,,,-0.00031437,0.023200001
,,,-0.00031436,0.025600002
,,,-0.00031435,0.025600002
,,,-0.00031434,0.024800001
,,,-0.00031433,0.024000001
,,,-0.00031432,0.024000001
,,,-0.00031431,0.024000001
,,,-0.0003143,0.024000001
,,,-0.00031429,0.025600002
,,,-0.00031428,0.022400001
,,,-0.00031427,0.024800001
,,,-0.00031426,0.023200001
,,,-0.00031425,0.023200001
,,,-0.00031424,0.025600002
,,,-0.00031423,0.024000001
,,,-0.00031422,0.024000001
,,,-0.00031421,0.024000001
,,,-0.0003142,0.025600002
,,,-0.00031419,0.023200001
,,,-0.00031418,0.024800001
,,,-0.00031417,0.024000001
,,,-0.00031416,0.024000001
,,,-0.00031415,0.024800001
,,,-0.00031414,0.024800001
,,,-0.00031413,0.022400001
,,,-0.00031412,0.025600002
,,,-0.00031411,0.024000001
,,,-0.0003141,0.023200001
,,,-0.00031409,0.023200001
,,,-0.00031408,0.024800001
,,,-0.00031407,0.025600002
,,,-0.00031406,0.023200001
,,,-0.00031405,0.024000001
,,,-0.00031404,0.024000001
,,,-0.00031403,0.024800001
,,,-0.00031402,0.023200001
,,,-0.00031401,0.024000001
,,,-0.000314,0.024800001
,,,-0.00031399,0.024800001
,,,-0.00031398,0.024800001
,,,-0.00031397,0.024000001
,,,-0.00031396,0.024000001
,,,-0.00031395,0.024800001
,,,-0.00031394,0.023200001
,,,-0.00031393,0.023200001
,,,-0.00031392,0.022400001
,,,-0.00031391,0.024000001
,,,-0.0003139,0.024000001
,,,-0.00031389,0.025600002
,,,-0.00031388,0.025600002
,,,-0.00031387,0.024000001
,,,-0.00031386,0.025600002
,,,-0.00031385,0.026400002
,,,-0.00031384,0.024800001
,,,-0.00031383,0.024000001
,,,-0.00031382,0.021600001
,,,-0.00031381,0.023200001
,,,-0.0003138,0.023200001
,,,-0.00031379,0.024800001
,,,-0.00031378,0.024000001
,,,-0.00031377,0.024800001
,,,-0.00031376,0.024000001
,,,-0.00031375,0.024800001
,,,-0.00031374,0.024000001
,,,-0.00031373,0.024800001
,,,-0.00031372,0.022400001
,,,-0.00031371,0.024000001
,,,-0.0003137,0.023200001
,,,-0.00031369,0.024000001
,,,-0.00031368,0.024000001
,,,-0.00031367,0.023200001
,,,-0.00031366,0.024000001
,,,-0.00031365,0.025600002
,,,-0.00031364,0.024000001
,,,-0.00031363,0.024000001
,,,-0.00031362,0.024000001
,,,-0.00031361,0.023200001
,,,-0.0003136,0.025600002
,,,-0.00031359,0.024800001
,,,-0.00031358,0.023200001
,,,-0.00031357,0.024000001
,,,-0.00031356,0.025600002
,,,-0.00031355,0.024000001
,,,-0.00031354,0.024000001
,,,-0.00031353,0.024800001
,,,-0.00031352,0.024000001
,,,-0.00031351,0.025600002
,,,-0.0003135,0.022400001
,,,-0.00031349,0.023200001
,,,-0.00031348,0.024000001
,,,-0.00031347,0.024000001
,,,-0.00031346,0.022400001
,,,-0.00031345,0.024000001
,,,-0.00031344,0.024000001
,,,-0.00031343,0.024000001
,,,-0.00031342,0.024000001
,,,-0.00031341,0.024000001
,,,-0.0003134,0.023200001
,,,-0.00031339,0.023200001
,,,-0.00031338,0.024000001
,,,-0.00031337,0.024800001
,,,-0.00031336,0.024000001
,,,-0.00031335,0.024000001
,,,-0.00031334,0.024800001
,,,-0.00031333,0.024000001
,,,-0.00031332,0.024000001
,,,-0.00031331,0.025600002
,,,-0.0003133,0.024800001
,,,-0.00031329,0.024000001
,,,-0.00031328,0.024000001
,,,-0.00031327,0.022400001
,,,-0.00031326,0.024800001
,,,-0.00031325,0.024800001
,,,-0.00031324,0.025600002
,,,-0.00031323,0.024800001
,,,-0.00031322,0.024000001
,,,-0.00031321,0.024000001
,,,-0.0003132,0.024800001
,,,-0.00031319,0.023200001
,,,-0.00031318,0.024000001
,,,-0.00031317,0.024800001
,,,-0.00031316,0.024800001
,,,-0.00031315,0.024000001
,,,-0.00031314,0.025600002
,,,-0.00031313,0.024000001
,,,-0.00031312,0.024000001
,,,-0.00031311,0.024000001
,,,-0.0003131,0.024000001
,,,-0.00031309,0.024000001
,,,-0.00031308,0.024800001
,,,-0.00031307,0.024000001
,,,-0.00031306,0.024000001
,,,-0.00031305,0.024000001
,,,-0.00031304,0.024000001
,,,-0.00031303,0.024000001
,,,-0.00031302,0.024000001
,,,-0.00031301,0.024000001
,,,-0.000313,0.024800001
,,,-0.00031299,0.025600002
,,,-0.00031298,0.024000001
,,,-0.00031297,0.024000001
,,,-0.00031296,0.023200001
,,,-0.00031295,0.022400001
,,,-0.00031294,0.025600002
,,,-0.00031293,0.025600002
,,,-0.00031292,0.025600002
,,,-0.00031291,0.023200001
,,,-0.0003129,0.024800001
,,,-0.00031289,0.025600002
,,,-0.00031288,0.024000001
,,,-0.00031287,0.023200001
,,,-0.00031286,0.025600002
,,,-0.00031285,0.024000001
,,,-0.00031284,0.024000001
,,,-0.00031283,0.024000001
,,,-0.00031282,0.024800001
,,,-0.00031281,0.023200001
,,,-0.0003128,0.024000001
,,,-0.00031279,0.025600002
,,,-0.00031278,0.024800001
,,,-0.00031277,0.024800001
,,,-0.00031276,0.024000001
,,,-0.00031275,0.024800001
,,,-0.00031274,0.022400001
,,,-0.00031273,0.024800001
,,,-0.00031272,0.024000001
,,,-0.00031271,0.024800001
,,,-0.0003127,0.024800001
,,,-0.00031269,0.024800001
,,,-0.00031268,0.025600002
,,,-0.00031267,0.024000001
,,,-0.00031266,0.027200002
,,,-0.00031265,0.024800001
,,,-0.00031264,0.024000001
,,,-0.00031263,0.024000001
,,,-0.00031262,0.021600001
,,,-0.00031261,0.023200001
,,,-0.0003126,0.024800001
,,,-0.00031259,0.024800001
,,,-0.00031258,0.024800001
,,,-0.00031257,0.024000001
,,,-0.00031256,0.025600002
,,,-0.00031255,0.026400002
,,,-0.00031254,0.026400002
,,,-0.00031253,0.024000001
,,,-0.00031252,0.024000001
,,,-0.00031251,0.023200001
,,,-0.0003125,0.024000001
,,,-0.00031249,0.024800001
,,,-0.00031248,0.024000001
,,,-0.00031247,0.024800001
,,,-0.00031246,0.024000001
,,,-0.00031245,0.024000001
,,,-0.00031244,0.024000001
,,,-0.00031243,0.024000001
,,,-0.00031242,0.024000001
,,,-0.00031241,0.025600002
,,,-0.0003124,0.024000001
,,,-0.00031239,0.024000001
,,,-0.00031238,0.024000001
,,,-0.00031237,0.024000001
,,,-0.00031236,0.025600002
,,,-0.00031235,0.024000001
,,,-0.00031234,0.024000001
,,,-0.00031233,0.024000001
,,,-0.00031232,0.024000001
,,,-0.00031231,0.024000001
,,,-0.0003123,0.024000001
,,,-0.00031229,0.023200001
,,,-0.00031228,0.024800001
,,,-0.00031227,0.024000001
,,,-0.00031226,0.024000001
,,,-0.00031225,0.024000001
,,,-0.00031224,0.024800001
,,,-0.00031223,0.024000001
,,,-0.00031222,0.024000001
,,,-0.00031221,0.024000001
,,,-0.0003122,0.024000001
,,,-0.00031219,0.023200001
,,,-0.00031218,0.025600002
,,,-0.00031217,0.024800001
,,,-0.00031216,0.024800001
,,,-0.00031215,0.024000001
,,,-0.00031214,0.024000001
,,,-0.00031213,0.023200001
,,,-0.00031212,0.024000001
,,,-0.00031211,0.023200001
,,,-0.0003121,0.024000001
,,,-0.00031209,0.024800001
,,,-0.00031208,0.024000001
,,,-0.00031207,0.024000001
,,,-0.00031206,0.023200001
,,,-0.00031205,0.024800001
,,,-0.00031204,0.024000001
,,,-0.00031203,0.024800001
,,,-0.00031202,0.024000001
,,,-0.00031201,0.024000001
,,,-0.000312,0.024000001
,,,-0.00031199,0.024800001
,,,-0.00031198,0.025600002
,,,-0.00031197,0.023200001
,,,-0.00031196,0.024800001
,,,-0.00031195,0.023200001
,,,-0.00031194,0.024800001
,,,-0.00031193,0.024000001
,,,-0.00031192,0.023200001
,,,-0.00031191,0.024800001
,,,-0.0003119,0.023200001
,,,-0.00031189,0.025600002
,,,-0.00031188,0.024800001
,,,-0.00031187,0.024800001
,,,-0.00031186,0.024000001
,,,-0.00031185,0.024000001
,,,-0.00031184,0.023200001
,,,-0.00031183,0.023200001
,,,-0.00031182,0.024000001
,,,-0.00031181,0.024800001
,,,-0.0003118,0.024000001
,,,-0.00031179,0.025600002
,,,-0.00031178,0.022400001
,,,-0.00031177,0.024000001
,,,-0.00031176,0.024000001
,,,-0.00031175,0.024000001
,,,-0.00031174,0.022400001
,,,-0.00031173,0.024000001
,,,-0.00031172,0.024000001
,,,-0.00031171,0.024800001
,,,-0.0003117,0.023200001
,,,-0.00031169,0.022400001
,,,-0.00031168,0.025600002
,,,-0.00031167,0.025600002
,,,-0.00031166,0.024800001
,,,-0.00031165,0.024000001
,,,-0.00031164,0.025600002
,,,-0.00031163,0.024800001
,,,-0.00031162,0.023200001
,,,-0.00031161,0.023200001
,,,-0.0003116,0.024800001
,,,-0.00031159,0.024800001
,,,-0.00031158,0.022400001
,,,-0.00031157,0.024000001
,,,-0.00031156,0.024000001
,,,-0.00031155,0.024000001
,,,-0.00031154,0.024000001
,,,-0.00031153,0.024000001
,,,-0.00031152,0.024000001
,,,-0.00031151,0.024000001
,,,-0.0003115,0.023200001
,,,-0.00031149,0.024000001
,,,-0.00031148,0.024000001
,,,-0.00031147,0.024000001
,,,-0.00031146,0.023200001
,,,-0.00031145,0.023200001
,,,-0.00031144,0.024800001
,,,-0.00031143,0.024800001
,,,-0.00031142,0.024800001
,,,-0.00031141,0.023200001
,,,-0.0003114,0.025600002
,,,-0.00031139,0.023200001
,,,-0.00031138,0.024000001
,,,-0.00031137,0.024800001
,,,-0.00031136,0.025600002
,,,-0.00031135,0.024000001
,,,-0.00031134,0.024800001
,,,-0.00031133,0.024000001
,,,-0.00031132,0.023200001
,,,-0.00031131,0.024000001
,,,-0.0003113,0.023200001
,,,-0.00031129,0.023200001
,,,-0.00031128,0.024000001
,,,-0.00031127,0.024800001
,,,-0.00031126,0.024800001
,,,-0.00031125,0.024000001
,,,-0.00031124,0.024000001
,,,-0.00031123,0.023200001
,,,-0.00031122,0.024800001
,,,-0.00031121,0.024000001
,,,-0.0003112,0.024000001
,,,-0.00031119,0.022400001
,,,-0.00031118,0.024000001
,,,-0.00031117,0.024800001
,,,-0.00031116,0.025600002
,,,-0.00031115,0.024800001
,,,-0.00031114,0.024000001
,,,-0.00031113,0.024000001
,,,-0.00031112,0.024800001
,,,-0.00031111,0.024000001
,,,-0.0003111,0.023200001
,,,-0.00031109,0.024000001
,,,-0.00031108,0.024800001
,,,-0.00031107,0.025600002
,,,-0.00031106,0.024800001
,,,-0.00031105,0.023200001
,,,-0.00031104,0.025600002
,,,-0.00031103,0.024000001
,,,-0.00031102,0.024000001
,,,-0.00031101,0.025600002
,,,-0.000311,0.024800001
,,,-0.00031099,0.023200001
,,,-0.00031098,0.023200001
,,,-0.00031097,0.024800001
,,,-0.00031096,0.024800001
,,,-0.00031095,0.025600002
,,,-0.00031094,0.023200001
,,,-0.00031093,0.024000001
,,,-0.00031092,0.024000001
,,,-0.00031091,0.024000001
,,,-0.0003109,0.024000001
,,,-0.00031089,0.024000001
,,,-0.00031088,0.025600002
,,,-0.00031087,0.022400001
,,,-0.00031086,0.022400001
,,,-0.00031085,0.024800001
,,,-0.00031084,0.024000001
,,,-0.00031083,0.023200001
,,,-0.00031082,0.024800001
,,,-0.00031081,0.024000001
,,,-0.0003108,0.024000001
,,,-0.00031079,0.024800001
,,,-0.00031078,0.025600002
,,,-0.00031077,0.024000001
,,,-0.00031076,0.024800001
,,,-0.00031075,0.023200001
,,,-0.00031074,0.024800001
,,,-0.00031073,0.022400001
,,,-0.00031072,0.024000001
,,,-0.00031071,0.023200001
,,,-0.0003107,0.024800001
,,,-0.00031069,0.024000001
,,,-0.00031068,0.024000001
,,,-0.00031067,0.024000001
,,,-0.00031066,0.024000001
,,,-0.00031065,0.025600002
,,,-0.00031064,0.024000001
,,,-0.00031063,0.024800001
,,,-0.00031062,0.023200001
,,,-0.00031061,0.024800001
,,,-0.0003106,0.025600002
,,,-0.00031059,0.025600002
,,,-0.00031058,0.024800001
,,,-0.00031057,0.024800001
,,,-0.00031056,0.024800001
,,,-0.00031055,0.024000001
,,,-0.00031054,0.024000001
,,,-0.00031053,0.024000001
,,,-0.00031052,0.024000001
,,,-0.00031051,0.024000001
,,,-0.0003105,0.024000001
,,,-0.00031049,0.024000001
,,,-0.00031048,0.023200001
,,,-0.00031047,0.024000001
,,,-0.00031046,0.025600002
,,,-0.00031045,0.024000001
,,,-0.00031044,0.023200001
,,,-0.00031043,0.024000001
,,,-0.00031042,0.023200001
,,,-0.00031041,0.024000001
,,,-0.0003104,0.024800001
,,,-0.00031039,0.024000001
,,,-0.00031038,0.024000001
,,,-0.00031037,0.024000001
,,,-0.00031036,0.022400001
,,,-0.00031035,0.024000001
,,,-0.00031034,0.024000001
,,,-0.00031033,0.024000001
,,,-0.00031032,0.024000001
,,,-0.00031031,0.024800001
,,,-0.0003103,0.023200001
,,,-0.00031029,0.024000001
,,,-0.00031028,0.024000001
,,,-0.00031027,0.024000001
,,,-0.00031026,0.024000001
,,,-0.00031025,0.024000001
,,,-0.00031024,0.022400001
,,,-0.00031023,0.024800001
,,,-0.00031022,0.026400002
,,,-0.00031021,0.024000001
,,,-0.0003102,0.025600002
,,,-0.00031019,0.024800001
,,,-0.00031018,0.025600002
,,,-0.00031017,0.024000001
,,,-0.00031016,0.024800001
,,,-0.00031015,0.022400001
,,,-0.00031014,0.024000001
,,,-0.00031013,0.024000001
,,,-0.00031012,0.023200001
,,,-0.00031011,0.025600002
,,,-0.0003101,0.026400002
,,,-0.00031009,0.024800001
,,,-0.00031008,0.024000001
,,,-0.00031007,0.024800001
,,,-0.00031006,0.022400001
,,,-0.00031005,0.022400001
,,,-0.00031004,0.024800001
,,,-0.00031003,0.024000001
,,,-0.00031002,0.024000001
,,,-0.00031001,0.024000001
,,,-0.00031,0.024000001
,,,-0.00030999,0.023200001
,,,-0.00030998,0.024000001
,,,-0.00030997,0.023200001
,,,-0.00030996,0.024800001
,,,-0.00030995,0.023200001
,,,-0.00030994,0.024000001
,,,-0.00030993,0.025600002
,,,-0.00030992,0.025600002
,,,-0.00030991,0.022400001
,,,-0.0003099,0.023200001
,,,-0.00030989,0.024000001
,,,-0.00030988,0.024000001
,,,-0.00030987,0.023200001
,,,-0.00030986,0.022400001
,,,-0.00030985,0.024000001
,,,-0.00030984,0.023200001
,,,-0.00030983,0.024000001
,,,-0.00030982,0.024800001
,,,-0.00030981,0.025600002
,,,-0.0003098,0.026400002
,,,-0.00030979,0.024000001
,,,-0.00030978,0.023200001
,,,-0.00030977,0.023200001
,,,-0.00030976,0.023200001
,,,-0.00030975,0.024000001
,,,-0.00030974,0.024800001
,,,-0.00030973,0.024000001
,,,-0.00030972,0.024000001
,,,-0.00030971,0.024000001
,,,-0.0003097,0.024000001
,,,-0.00030969,0.024000001
,,,-0.00030968,0.024000001
,,,-0.00030967,0.025600002
,,,-0.00030966,0.024000001
,,,-0.00030965,0.025600002
,,,-0.00030964,0.023200001
,,,-0.00030963,0.024000001
,,,-0.00030962,0.024000001
,,,-0.00030961,0.024000001
,,,-0.0003096,0.025600002
,,,-0.00030959,0.023200001
,,,-0.00030958,0.024000001
,,,-0.00030957,0.021600001
,,,-0.00030956,0.024000001
,,,-0.00030955,0.025600002
,,,-0.00030954,0.024000001
,,,-0.00030953,0.024000001
,,,-0.00030952,0.027200002
,,,-0.00030951,0.024000001
,,,-0.0003095,0.024000001
,,,-0.00030949,0.024000001
,,,-0.00030948,0.024800001
,,,-0.00030947,0.024000001
,,,-0.00030946,0.022400001
,,,-0.00030945,0.023200001
,,,-0.00030944,0.024800001
,,,-0.00030943,0.023200001
,,,-0.00030942,0.024000001
,,,-0.00030941,0.024000001
,,,-0.0003094,0.024000001
,,,-0.00030939,0.024000001
,,,-0.00030938,0.024000001
,,,-0.00030937,0.023200001
,,,-0.00030936,0.021600001
,,,-0.00030935,0.024000001
,,,-0.00030934,0.022400001
,,,-0.00030933,0.025600002
,,,-0.00030932,0.024000001
,,,-0.00030931,0.024800001
,,,-0.0003093,0.024800001
,,,-0.00030929,0.024000001
,,,-0.00030928,0.024000001
,,,-0.00030927,0.024800001
,,,-0.00030926,0.024800001
,,,-0.00030925,0.024800001
,,,-0.00030924,0.023200001
,,,-0.00030923,0.025600002
,,,-0.00030922,0.023200001
,,,-0.00030921,0.024800001
,,,-0.0003092,0.024000001
,,,-0.00030919,0.024800001
,,,-0.00030918,0.024000001
,,,-0.00030917,0.024000001
,,,-0.00030916,0.024000001
,,,-0.00030915,0.024000001
,,,-0.00030914,0.024000001
,,,-0.00030913,0.024800001
,,,-0.00030912,0.024800001
,,,-0.00030911,0.024000001
,,,-0.0003091,0.024000001
,,,-0.00030909,0.024800001
,,,-0.00030908,0.025600002
,,,-0.00030907,0.023200001
,,,-0.00030906,0.024000001
,,,-0.00030905,0.024800001
,,,-0.00030904,0.024800001
,,,-0.00030903,0.024800001
,,,-0.00030902,0.022400001
,,,-0.00030901,0.025600002
,,,-0.000309,0.024000001
,,,-0.00030899,0.024800001
,,,-0.00030898,0.024800001
,,,-0.00030897,0.024000001
,,,-0.00030896,0.024000001
,,,-0.00030895,0.024000001
,,,-0.00030894,0.024000001
,,,-0.00030893,0.024000001
,,,-0.00030892,0.022400001
,,,-0.00030891,0.023200001
,,,-0.0003089,0.024800001
,,,-0.00030889,0.024000001
,,,-0.00030888,0.024800001
,,,-0.00030887,0.024800001
,,,-0.00030886,0.022400001
,,,-0.00030885,0.024000001
,,,-0.00030884,0.024000001
,,,-0.00030883,0.024000001
,,,-0.00030882,0.023200001
,,,-0.00030881,0.024800001
,,,-0.0003088,0.024000001
,,,-0.00030879,0.024000001
,,,-0.00030878,0.024800001
,,,-0.00030877,0.024800001
,,,-0.00030876,0.024800001
,,,-0.00030875,0.024000001
,,,-0.00030874,0.024000001
,,,-0.00030873,0.024000001
,,,-0.00030872,0.024000001
,,,-0.00030871,0.026400002
,,,-0.0003087,0.024800001
,,,-0.00030869,0.024800001
,,,-0.00030868,0.024800001
,,,-0.00030867,0.024800001
,,,-0.00030866,0.024000001
,,,-0.00030865,0.025600002
,,,-0.00030864,0.024000001
,,,-0.00030863,0.024000001
,,,-0.00030862,0.024000001
,,,-0.00030861,0.027200002
,,,-0.0003086,0.024800001
,,,-0.00030859,0.024800001
,,,-0.00030858,0.024000001
,,,-0.00030857,0.021600001
,,,-0.00030856,0.024800001
,,,-0.00030855,0.024800001
,,,-0.00030854,0.025600002
,,,-0.00030853,0.022400001
,,,-0.00030852,0.024000001
,,,-0.00030851,0.025600002
,,,-0.0003085,0.024000001
,,,-0.00030849,0.024000001
,,,-0.00030848,0.024000001
,,,-0.00030847,0.024800001
,,,-0.00030846,0.024800001
,,,-0.00030845,0.024000001
,,,-0.00030844,0.025600002
,,,-0.00030843,0.024000001
,,,-0.00030842,0.024800001
,,,-0.00030841,0.024800001
,,,-0.0003084,0.024000001
,,,-0.00030839,0.024000001
,,,-0.00030838,0.023200001
,,,-0.00030837,0.024800001
,,,-0.00030836,0.024000001
,,,-0.00030835,0.025600002
,,,-0.00030834,0.024800001
,,,-0.00030833,0.024800001
,,,-0.00030832,0.024000001
,,,-0.00030831,0.024000001
,,,-0.0003083,0.024800001
,,,-0.00030829,0.024000001
,,,-0.00030828,0.024000001
,,,-0.00030827,0.025600002
,,,-0.00030826,0.023200001
,,,-0.00030825,0.023200001
,,,-0.00030824,0.024000001
,,,-0.00030823,0.024800001
,,,-0.00030822,0.025600002
,,,-0.00030821,0.024800001
,,,-0.0003082,0.024000001
,,,-0.00030819,0.024000001
,,,-0.00030818,0.024000001
,,,-0.00030817,0.023200001
,,,-0.00030816,0.024800001
,,,-0.00030815,0.024000001
,,,-0.00030814,0.024000001
,,,-0.00030813,0.024800001
,,,-0.00030812,0.023200001
,,,-0.00030811,0.024000001
,,,-0.0003081,0.024800001
,,,-0.00030809,0.024000001
,,,-0.00030808,0.024000001
,,,-0.00030807,0.024000001
,,,-0.00030806,0.024800001
,,,-0.00030805,0.024000001
,,,-0.00030804,0.024000001
,,,-0.00030803,0.025600002
,,,-0.00030802,0.023200001
,,,-0.00030801,0.022400001
,,,-0.000308,0.024800001
,,,-0.00030799,0.024800001
,,,-0.00030798,0.024000001
,,,-0.00030797,0.024800001
,,,-0.00030796,0.024000001
,,,-0.00030795,0.023200001
,,,-0.00030794,0.024800001
,,,-0.00030793,0.023200001
,,,-0.00030792,0.024000001
,,,-0.00030791,0.024000001
,,,-0.0003079,0.024800001
,,,-0.00030789,0.024000001
,,,-0.00030788,0.024800001
,,,-0.00030787,0.024000001
,,,-0.00030786,0.024800001
,,,-0.00030785,0.025600002
,,,-0.00030784,0.024000001
,,,-0.00030783,0.024000001
,,,-0.00030782,0.025600002
,,,-0.00030781,0.024000001
,,,-0.0003078,0.024000001
,,,-0.00030779,0.024000001
,,,-0.00030778,0.024800001
,,,-0.00030777,0.023200001
,,,-0.00030776,0.024000001
,,,-0.00030775,0.023200001
,,,-0.00030774,0.025600002
,,,-0.00030773,0.024800001
,,,-0.00030772,0.024000001
,,,-0.00030771,0.024000001
,,,-0.0003077,0.025600002
,,,-0.00030769,0.024000001
,,,-0.00030768,0.024000001
,,,-0.00030767,0.024000001
,,,-0.00030766,0.024800001
,,,-0.00030765,0.022400001
,,,-0.00030764,0.024000001
,,,-0.00030763,0.024000001
,,,-0.00030762,0.023200001
,,,-0.00030761,0.024800001
,,,-0.0003076,0.023200001
,,,-0.00030759,0.023200001
,,,-0.00030758,0.024000001
,,,-0.00030757,0.024000001
,,,-0.00030756,0.024000001
,,,-0.00030755,0.025600002
,,,-0.00030754,0.024000001
,,,-0.00030753,0.024000001
,,,-0.00030752,0.024800001
,,,-0.00030751,0.024000001
,,,-0.0003075,0.024800001
,,,-0.00030749,0.024000001
,,,-0.00030748,0.024000001
,,,-0.00030747,0.023200001
,,,-0.00030746,0.024000001
,,,-0.00030745,0.023200001
,,,-0.00030744,0.024000001
,,,-0.00030743,0.024800001
,,,-0.00030742,0.024000001
,,,-0.00030741,0.024000001
,,,-0.0003074,0.025600002
,,,-0.00030739,0.024000001
,,,-0.00030738,0.023200001
,,,-0.00030737,0.024000001
,,,-0.00030736,0.024800001
,,,-0.00030735,0.024800001
,,,-0.00030734,0.024800001
,,,-0.00030733,0.024800001
,,,-0.00030732,0.024000001
,,,-0.00030731,0.024800001
,,,-0.0003073,0.022400001
,,,-0.00030729,0.024000001
,,,-0.00030728,0.023200001
,,,-0.00030727,0.024000001
,,,-0.00030726,0.024000001
,,,-0.00030725,0.024000001
,,,-0.00030724,0.024000001
,,,-0.00030723,0.024000001
,,,-0.00030722,0.024000001
,,,-0.00030721,0.023200001
,,,-0.0003072,0.023200001
,,,-0.00030719,0.027200002
,,,-0.00030718,0.025600002
,,,-0.00030717,0.024800001
,,,-0.00030716,0.025600002
,,,-0.00030715,0.023200001
,,,-0.00030714,0.026400002
,,,-0.00030713,0.024000001
,,,-0.00030712,0.024000001
,,,-0.00030711,0.024800001
,,,-0.0003071,0.024800001
,,,-0.00030709,0.024000001
,,,-0.00030708,0.024000001
,,,-0.00030707,0.024000001
,,,-0.00030706,0.022400001
,,,-0.00030705,0.024000001
,,,-0.00030704,0.024000001
,,,-0.00030703,0.024000001
,,,-0.00030702,0.024800001
,,,-0.00030701,0.024800001
,,,-0.000307,0.024000001
,,,-0.00030699,0.023200001
,,,-0.00030698,0.024000001
,,,-0.00030697,0.024000001
,,,-0.00030696,0.024000001
,,,-0.00030695,0.024000001
,,,-0.00030694,0.024000001
,,,-0.00030693,0.024800001
,,,-0.00030692,0.024000001
,,,-0.00030691,0.024000001
,,,-0.0003069,0.025600002
,,,-0.00030689,0.024800001
,,,-0.00030688,0.024000001
,,,-0.00030687,0.022400001
,,,-0.00030686,0.024000001
,,,-0.00030685,0.024800001
,,,-0.00030684,0.025600002
,,,-0.00030683,0.024000001
,,,-0.00030682,0.024000001
,,,-0.00030681,0.024000001
,,,-0.0003068,0.026400002
,,,-0.00030679,0.023200001
,,,-0.00030678,0.024800001
,,,-0.00030677,0.024000001
,,,-0.00030676,0.023200001
,,,-0.00030675,0.024000001
,,,-0.00030674,0.024000001
,,,-0.00030673,0.024000001
,,,-0.00030672,0.024000001
,,,-0.00030671,0.024800001
,,,-0.0003067,0.023200001
,,,-0.00030669,0.024000001
,,,-0.00030668,0.022400001
,,,-0.00030667,0.024000001
,,,-0.00030666,0.022400001
,,,-0.00030665,0.024800001
,,,-0.00030664,0.023200001
,,,-0.00030663,0.024800001
,,,-0.00030662,0.024000001
,,,-0.00030661,0.023200001
,,,-0.0003066,0.024800001
,,,-0.00030659,0.024000001
,,,-0.00030658,0.021600001
,,,-0.00030657,0.023200001
,,,-0.00030656,0.024800001
,,,-0.00030655,0.024000001
,,,-0.00030654,0.024000001
,,,-0.00030653,0.024000001
,,,-0.00030652,0.023200001
,,,-0.00030651,0.024800001
,,,-0.0003065,0.023200001
,,,-0.00030649,0.023200001
,,,-0.00030648,0.024800001
,,,-0.00030647,0.024800001
,,,-0.00030646,0.023200001
,,,-0.00030645,0.024000001
,,,-0.00030644,0.023200001
,,,-0.00030643,0.024000001
,,,-0.00030642,0.023200001
,,,-0.00030641,0.024000001
,,,-0.0003064,0.024000001
,,,-0.00030639,0.025600002
,,,-0.00030638,0.024800001
,,,-0.00030637,0.024000001
,,,-0.00030636,0.024800001
,,,-0.00030635,0.024000001
,,,-0.00030634,0.024000001
,,,-0.00030633,0.024000001
,,,-0.00030632,0.024800001
,,,-0.00030631,0.024000001
,,,-0.0003063,0.024000001
,,,-0.00030629,0.022400001
,,,-0.00030628,0.024800001
,,,-0.00030627,0.024000001
,,,-0.00030626,0.024800001
,,,-0.00030625,0.024000001
,,,-0.00030624,0.024000001
,,,-0.00030623,0.023200001
,,,-0.00030622,0.024800001
,,,-0.00030621,0.026400002
,,,-0.0003062,0.024000001
,,,-0.00030619,0.023200001
,,,-0.00030618,0.024000001
,,,-0.00030617,0.025600002
,,,-0.00030616,0.024000001
,,,-0.00030615,0.024800001
,,,-0.00030614,0.024800001
,,,-0.00030613,0.024000001
,,,-0.00030612,0.024000001
,,,-0.00030611,0.024000001
,,,-0.0003061,0.023200001
,,,-0.00030609,0.024000001
,,,-0.00030608,0.024800001
,,,-0.00030607,0.024000001
,,,-0.00030606,0.024000001
,,,-0.00030605,0.024000001
,,,-0.00030604,0.025600002
,,,-0.00030603,0.024800001
,,,-0.00030602,0.022400001
,,,-0.00030601,0.024000001
,,,-0.000306,0.024800001
,,,-0.00030599,0.025600002
,,,-0.00030598,0.025600002
,,,-0.00030597,0.023200001
,,,-0.00030596,0.024800001
,,,-0.00030595,0.023200001
,,,-0.00030594,0.024800001
,,,-0.00030593,0.023200001
,,,-0.00030592,0.024000001
,,,-0.00030591,0.023200001
,,,-0.0003059,0.024800001
,,,-0.00030589,0.023200001
,,,-0.00030588,0.023200001
,,,-0.00030587,0.024800001
,,,-0.00030586,0.024000001
,,,-0.00030585,0.024000001
,,,-0.00030584,0.024000001
,,,-0.00030583,0.024000001
,,,-0.00030582,0.024800001
,,,-0.00030581,0.025600002
,,,-0.0003058,0.024800001
,,,-0.00030579,0.024800001
,,,-0.00030578,0.024800001
,,,-0.00030577,0.024000001
,,,-0.00030576,0.023200001
,,,-0.00030575,0.024000001
,,,-0.00030574,0.022400001
,,,-0.00030573,0.024000001
,,,-0.00030572,0.024800001
,,,-0.00030571,0.024000001
,,,-0.0003057,0.024800001
,,,-0.00030569,0.024800001
,,,-0.00030568,0.024000001
,,,-0.00030567,0.024000001
,,,-0.00030566,0.024000001
,,,-0.00030565,0.024000001
,,,-0.00030564,0.024000001
,,,-0.00030563,0.024000001
,,,-0.00030562,0.024000001
,,,-0.00030561,0.023200001
,,,-0.0003056,0.026400002
,,,-0.00030559,0.024000001
,,,-0.00030558,0.023200001
,,,-0.00030557,0.024000001
,,,-0.00030556,0.024000001
,,,-0.00030555,0.023200001
,,,-0.00030554,0.024800001
,,,-0.00030553,0.024000001
,,,-0.00030552,0.025600002
,,,-0.00030551,0.023200001
,,,-0.0003055,0.022400001
,,,-0.00030549,0.024800001
,,,-0.00030548,0.023200001
,,,-0.00030547,0.024000001
,,,-0.00030546,0.024000001
,,,-0.00030545,0.024000001
,,,-0.00030544,0.024000001
,,,-0.00030543,0.024800001
,,,-0.00030542,0.024800001
,,,-0.00030541,0.024000001
,,,-0.0003054,0.024000001
,,,-0.00030539,0.023200001
,,,-0.00030538,0.024000001
,,,-0.00030537,0.024000001
,,,-0.00030536,0.024000001
,,,-0.00030535,0.023200001
,,,-0.00030534,0.024800001
,,,-0.00030533,0.025600002
,,,-0.00030532,0.025600002
,,,-0.00030531,0.024800001
,,,-0.0003053,0.024000001
,,,-0.00030529,0.024800001
,,,-0.00030528,0.023200001
,,,-0.00030527,0.023200001
,,,-0.00030526,0.024800001
,,,-0.00030525,0.024000001
,,,-0.00030524,0.024800001
,,,-0.00030523,0.023200001
,,,-0.00030522,0.023200001
,,,-0.00030521,0.023200001
,,,-0.0003052,0.024000001
,,,-0.00030519,0.024000001
,,,-0.00030518,0.025600002
,,,-0.00030517,0.024000001
,,,-0.00030516,0.024000001
,,,-0.00030515,0.024800001
,,,-0.00030514,0.023200001
,,,-0.00030513,0.025600002
,,,-0.00030512,0.025600002
,,,-0.00030511,0.022400001
,,,-0.0003051,0.023200001
,,,-0.00030509,0.024000001
,,,-0.00030508,0.024000001
,,,-0.00030507,0.024800001
,,,-0.00030506,0.023200001
,,,-0.00030505,0.023200001
,,,-0.00030504,0.024000001
,,,-0.00030503,0.023200001
,,,-0.00030502,0.023200001
,,,-0.00030501,0.022400001
,,,-0.000305,0.024800001
,,,-0.00030499,0.024000001
,,,-0.00030498,0.025600002
,,,-0.00030497,0.023200001
,,,-0.00030496,0.025600002
,,,-0.00030495,0.024800001
,,,-0.00030494,0.024000001
,,,-0.00030493,0.021600001
,,,-0.00030492,0.024000001
,,,-0.00030491,0.024000001
,,,-0.0003049,0.023200001
,,,-0.00030489,0.023200001
,,,-0.00030488,0.022400001
,,,-0.00030487,0.024800001
,,,-0.00030486,0.024000001
,,,-0.00030485,0.024000001
,,,-0.00030484,0.024800001
,,,-0.00030483,0.024800001
,,,-0.00030482,0.024800001
,,,-0.00030481,0.024000001
,,,-0.0003048,0.024800001
,,,-0.00030479,0.024000001
,,,-0.00030478,0.023200001
,,,-0.00030477,0.023200001
,,,-0.00030476,0.024800001
,,,-0.00030475,0.022400001
,,,-0.00030474,0.024000001
,,,-0.00030473,0.026400002
,,,-0.00030472,0.024800001
,,,-0.00030471,0.023200001
,,,-0.0003047,0.024800001
,,,-0.00030469,0.024000001
,,,-0.00030468,0.024000001
,,,-0.00030467,0.024000001
,,,-0.00030466,0.022400001
,,,-0.00030465,0.025600002
,,,-0.00030464,0.022400001
,,,-0.00030463,0.024800001
,,,-0.00030462,0.025600002
,,,-0.00030461,0.025600002
,,,-0.0003046,0.025600002
,,,-0.00030459,0.025600002
,,,-0.00030458,0.024000001
,,,-0.00030457,0.024000001
,,,-0.00030456,0.024800001
,,,-0.00030455,0.024000001
,,,-0.00030454,0.024800001
,,,-0.00030453,0.023200001
,,,-0.00030452,0.024000001
,,,-0.00030451,0.024000001
,,,-0.0003045,0.024000001
,,,-0.00030449,0.024800001
,,,-0.00030448,0.024000001
,,,-0.00030447,0.025600002
,,,-0.00030446,0.024000001
,,,-0.00030445,0.024000001
,,,-0.00030444,0.024800001
,,,-0.00030443,0.024800001
,,,-0.00030442,0.024000001
,,,-0.00030441,0.024000001
,,,-0.0003044,0.024000001
,,,-0.00030439,0.025600002
,,,-0.00030438,0.024000001
,,,-0.00030437,0.024800001
,,,-0.00030436,0.024800001
,,,-0.00030435,0.024000001
,,,-0.00030434,0.023200001
,,,-0.00030433,0.024800001
,,,-0.00030432,0.024800001
,,,-0.00030431,0.022400001
,,,-0.0003043,0.024800001
,,,-0.00030429,0.024800001
,,,-0.00030428,0.025600002
,,,-0.00030427,0.023200001
,,,-0.00030426,0.025600002
,,,-0.00030425,0.025600002
,,,-0.00030424,0.024800001
,,,-0.00030423,0.025600002
,,,-0.00030422,0.023200001
,,,-0.00030421,0.024000001
,,,-0.0003042,0.023200001
,,,-0.00030419,0.024800001
,,,-0.00030418,0.024800001
,,,-0.00030417,0.024000001
,,,-0.00030416,0.024800001
,,,-0.00030415,0.024000001
,,,-0.00030414,0.024000001
,,,-0.00030413,0.023200001
,,,-0.00030412,0.025600002
,,,-0.00030411,0.022400001
,,,-0.0003041,0.026400002
,,,-0.00030409,0.024000001
,,,-0.00030408,0.024000001
,,,-0.00030407,0.025600002
,,,-0.00030406,0.024000001
,,,-0.00030405,0.024000001
,,,-0.00030404,0.024000001
,,,-0.00030403,0.023200001
,,,-0.00030402,0.024800001
,,,-0.00030401,0.024000001
,,,-0.000304,0.024800001
,,,-0.00030399,0.024000001
,,,-0.00030398,0.024000001
,,,-0.00030397,0.024000001
,,,-0.00030396,0.024000001
,,,-0.00030395,0.025600002
,,,-0.00030394,0.024800001
,,,-0.00030393,0.024000001
,,,-0.00030392,0.024800001
,,,-0.00030391,0.023200001
,,,-0.0003039,0.024000001
,,,-0.00030389,0.023200001
,,,-0.00030388,0.023200001
,,,-0.00030387,0.024800001
,,,-0.00030386,0.023200001
,,,-0.00030385,0.024000001
,,,-0.00030384,0.024000001
,,,-0.00030383,0.024800001
,,,-0.00030382,0.024000001
,,,-0.00030381,0.025600002
,,,-0.0003038,0.025600002
,,,-0.00030379,0.024000001
,,,-0.00030378,0.022400001
,,,-0.00030377,0.024000001
,,,-0.00030376,0.024000001
,,,-0.00030375,0.023200001
,,,-0.00030374,0.024800001
,,,-0.00030373,0.024800001
,,,-0.00030372,0.024000001
,,,-0.00030371,0.024000001
,,,-0.0003037,0.024000001
,,,-0.00030369,0.024000001
,,,-0.00030368,0.024000001
,,,-0.00030367,0.024800001
,,,-0.00030366,0.024800001
,,,-0.00030365,0.025600002
,,,-0.00030364,0.024000001
,,,-0.00030363,0.024000001
,,,-0.00030362,0.025600002
,,,-0.00030361,0.024800001
,,,-0.0003036,0.024800001
,,,-0.00030359,0.024800001
,,,-0.00030358,0.023200001
,,,-0.00030357,0.025600002
,,,-0.00030356,0.024800001
,,,-0.00030355,0.024000001
,,,-0.00030354,0.022400001
,,,-0.00030353,0.024800001
,,,-0.00030352,0.024000001
,,,-0.00030351,0.024000001
,,,-0.0003035,0.024800001
,,,-0.00030349,0.024800001
,,,-0.00030348,0.023200001
,,,-0.00030347,0.024000001
,,,-0.00030346,0.024000001
,,,-0.00030345,0.024000001
,,,-0.00030344,0.024000001
,,,-0.00030343,0.024000001
,,,-0.00030342,0.024000001
,,,-0.00030341,0.024000001
,,,-0.0003034,0.023200001
,,,-0.00030339,0.025600002
,,,-0.00030338,0.024800001
,,,-0.00030337,0.024800001
,,,-0.00030336,0.024800001
,,,-0.00030335,0.024000001
,,,-0.00030334,0.024800001
,,,-0.00030333,0.024000001
,,,-0.00030332,0.023200001
,,,-0.00030331,0.024000001
,,,-0.0003033,0.024000001
,,,-0.00030329,0.024800001
,,,-0.00030328,0.025600002
,,,-0.00030327,0.024000001
,,,-0.00030326,0.024800001
,,,-0.00030325,0.024000001
,,,-0.00030324,0.024000001
,,,-0.00030323,0.024000001
,,,-0.00030322,0.024000001
,,,-0.00030321,0.026400002
,,,-0.0003032,0.024000001
,,,-0.00030319,0.024000001
,,,-0.00030318,0.024800001
,,,-0.00030317,0.024800001
,,,-0.00030316,0.024000001
,,,-0.00030315,0.024000001
,,,-0.00030314,0.024000001
,,,-0.00030313,0.024000001
,,,-0.00030312,0.024000001
,,,-0.00030311,0.023200001
,,,-0.0003031,0.024800001
,,,-0.00030309,0.024800001
,,,-0.00030308,0.026400002
,,,-0.00030307,0.024000001
,,,-0.00030306,0.022400001
,,,-0.00030305,0.024000001
,,,-0.00030304,0.023200001
,,,-0.00030303,0.024800001
,,,-0.00030302,0.025600002
,,,-0.00030301,0.025600002
,,,-0.000303,0.023200001
,,,-0.00030299,0.022400001
,,,-0.00030298,0.024800001
,,,-0.00030297,0.024800001
,,,-0.00030296,0.024000001
,,,-0.00030295,0.024800001
,,,-0.00030294,0.024000001
,,,-0.00030293,0.024800001
,,,-0.00030292,0.025600002
,,,-0.00030291,0.022400001
,,,-0.0003029,0.024800001
,,,-0.00030289,0.025600002
,,,-0.00030288,0.024800001
,,,-0.00030287,0.024000001
,,,-0.00030286,0.024000001
,,,-0.00030285,0.024000001
,,,-0.00030284,0.024000001
,,,-0.00030283,0.023200001
,,,-0.00030282,0.024800001
,,,-0.00030281,0.024000001
,,,-0.0003028,0.024800001
,,,-0.00030279,0.024000001
,,,-0.00030278,0.024000001
,,,-0.00030277,0.023200001
,,,-0.00030276,0.024000001
,,,-0.00030275,0.024000001
,,,-0.00030274,0.024800001
,,,-0.00030273,0.024800001
,,,-0.00030272,0.024000001
,,,-0.00030271,0.022400001
,,,-0.0003027,0.023200001
,,,-0.00030269,0.024000001
,,,-0.00030268,0.024000001
,,,-0.00030267,0.024000001
,,,-0.00030266,0.024000001
,,,-0.00030265,0.023200001
,,,-0.00030264,0.024000001
,,,-0.00030263,0.026400002
,,,-0.00030262,0.024800001
,,,-0.00030261,0.024000001
,,,-0.0003026,0.023200001
,,,-0.00030259,0.023200001
,,,-0.00030258,0.024000001
,,,-0.00030257,0.024800001
,,,-0.00030256,0.024000001
,,,-0.00030255,0.024800001
,,,-0.00030254,0.024000001
,,,-0.00030253,0.024800001
,,,-0.00030252,0.024800001
,,,-0.00030251,0.023200001
,,,-0.0003025,0.023200001
,,,-0.00030249,0.023200001
,,,-0.00030248,0.024800001
,,,-0.00030247,0.024800001
,,,-0.00030246,0.024800001
,,,-0.00030245,0.024000001
,,,-0.00030244,0.023200001
,,,-0.00030243,0.024000001
,,,-0.00030242,0.024800001
,,,-0.00030241,0.025600002
,,,-0.0003024,0.023200001
,,,-0.00030239,0.024000001
,,,-0.00030238,0.024000001
,,,-0.00030237,0.024800001
,,,-0.00030236,0.025600002
,,,-0.00030235,0.024800001
,,,-0.00030234,0.024000001
,,,-0.00030233,0.023200001
,,,-0.00030232,0.024000001
,,,-0.00030231,0.024000001
,,,-0.0003023,0.026400002
,,,-0.00030229,0.023200001
,,,-0.00030228,0.024800001
,,,-0.00030227,0.024000001
,,,-0.00030226,0.024000001
,,,-0.00030225,0.024000001
,,,-0.00030224,0.023200001
,,,-0.00030223,0.023200001
,,,-0.00030222,0.024800001
,,,-0.00030221,0.024000001
,,,-0.0003022,0.024000001
,,,-0.00030219,0.024000001
,,,-0.00030218,0.023200001
,,,-0.00030217,0.024000001
,,,-0.00030216,0.024000001
,,,-0.00030215,0.023200001
,,,-0.00030214,0.023200001
,,,-0.00030213,0.024000001
,,,-0.00030212,0.024800001
,,,-0.00030211,0.024000001
,,,-0.0003021,0.024800001
,,,-0.00030209,0.024000001
,,,-0.00030208,0.024800001
,,,-0.00030207,0.025600002
,,,-0.00030206,0.024000001
,,,-0.00030205,0.022400001
,,,-0.00030204,0.024800001
,,,-0.00030203,0.024000001
,,,-0.00030202,0.024800001
,,,-0.00030201,0.024000001
,,,-0.000302,0.024800001
,,,-0.00030199,0.023200001
,,,-0.00030198,0.024000001
,,,-0.00030197,0.024800001
,,,-0.00030196,0.024000001
,,,-0.00030195,0.024800001
,,,-0.00030194,0.024800001
,,,-0.00030193,0.024000001
,,,-0.00030192,0.024000001
,,,-0.00030191,0.025600002
,,,-0.0003019,0.024000001
,,,-0.00030189,0.025600002
,,,-0.00030188,0.025600002
,,,-0.00030187,0.024000001
,,,-0.00030186,0.024000001
,,,-0.00030185,0.024000001
,,,-0.00030184,0.024800001
,,,-0.00030183,0.024000001
,,,-0.00030182,0.026400002
,,,-0.00030181,0.024000001
,,,-0.0003018,0.024000001
,,,-0.00030179,0.024000001
,,,-0.00030178,0.024800001
,,,-0.00030177,0.025600002
,,,-0.00030176,0.027200002
,,,-0.00030175,0.024800001
,,,-0.00030174,0.024000001
,,,-0.00030173,0.024800001
,,,-0.00030172,0.024000001
,,,-0.00030171,0.021600001
,,,-0.0003017,0.023200001
,,,-0.00030169,0.024000001
,,,-0.00030168,0.026400002
,,,-0.00030167,0.025600002
,,,-0.00030166,0.024000001
,,,-0.00030165,0.024800001
,,,-0.00030164,0.024800001
,,,-0.00030163,0.023200001
,,,-0.00030162,0.024000001
,,,-0.00030161,0.025600002
,,,-0.0003016,0.024000001
,,,-0.00030159,0.022400001
,,,-0.00030158,0.026400002
,,,-0.00030157,0.023200001
,,,-0.00030156,0.024000001
,,,-0.00030155,0.024000001
,,,-0.00030154,0.024000001
,,,-0.00030153,0.024000001
,,,-0.00030152,0.024800001
,,,-0.00030151,0.023200001
,,,-0.0003015,0.025600002
,,,-0.00030149,0.024000001
,,,-0.00030148,0.024800001
,,,-0.00030147,0.024800001
,,,-0.00030146,0.023200001
,,,-0.00030145,0.024800001
,,,-0.00030144,0.023200001
,,,-0.00030143,0.024000001
,,,-0.00030142,0.024000001
,,,-0.00030141,0.022400001
,,,-0.0003014,0.023200001
,,,-0.00030139,0.025600002
,,,-0.00030138,0.024000001
,,,-0.00030137,0.024800001
,,,-0.00030136,0.024800001
,,,-0.00030135,0.024800001
,,,-0.00030134,0.024000001
,,,-0.00030133,0.024000001
,,,-0.00030132,0.024000001
,,,-0.00030131,0.023200001
,,,-0.0003013,0.023200001
,,,-0.00030129,0.024800001
,,,-0.00030128,0.024000001
,,,-0.00030127,0.024000001
,,,-0.00030126,0.024000001
,,,-0.00030125,0.024000001
,,,-0.00030124,0.025600002
,,,-0.00030123,0.025600002
,,,-0.00030122,0.025600002
,,,-0.00030121,0.024800001
,,,-0.0003012,0.024000001
,,,-0.00030119,0.024000001
,,,-0.00030118,0.023200001
,,,-0.00030117,0.025600002
,,,-0.00030116,0.024000001
,,,-0.00030115,0.024000001
,,,-0.00030114,0.026400002
,,,-0.00030113,0.024800001
,,,-0.00030112,0.024800001
,,,-0.00030111,0.024000001
,,,-0.0003011,0.024000001
,,,-0.00030109,0.024800001
,,,-0.00030108,0.024800001
,,,-0.00030107,0.023200001
,,,-0.00030106,0.024000001
,,,-0.00030105,0.024800001
,,,-0.00030104,0.024000001
,,,-0.00030103,0.024000001
,,,-0.00030102,0.022400001
,,,-0.00030101,0.024000001
,,,-0.000301,0.023200001
,,,-0.00030099,0.024000001
,,,-0.00030098,0.024800001
,,,-0.00030097,0.024000001
,,,-0.00030096,0.023200001
,,,-0.00030095,0.023200001
,,,-0.00030094,0.024800001
,,,-0.00030093,0.024000001
,,,-0.00030092,0.024000001
,,,-0.00030091,0.026400002
,,,-0.0003009,0.024800001
,,,-0.00030089,0.024000001
,,,-0.00030088,0.024000001
,,,-0.00030087,0.025600002
,,,-0.00030086,0.024000001
,,,-0.00030085,0.024000001
,,,-0.00030084,0.024800001
,,,-0.00030083,0.024000001
,,,-0.00030082,0.024000001
,,,-0.00030081,0.024800001
,,,-0.0003008,0.025600002
,,,-0.00030079,0.024000001
,,,-0.00030078,0.025600002
,,,-0.00030077,0.024000001
,,,-0.00030076,0.024000001
,,,-0.00030075,0.024000001
,,,-0.00030074,0.026400002
,,,-0.00030073,0.024000001
,,,-0.00030072,0.024000001
,,,-0.00030071,0.022400001
,,,-0.0003007,0.023200001
,,,-0.00030069,0.024800001
,,,-0.00030068,0.024800001
,,,-0.00030067,0.024000001
,,,-0.00030066,0.022400001
,,,-0.00030065,0.024800001
,,,-0.00030064,0.024800001
,,,-0.00030063,0.024800001
,,,-0.00030062,0.025600002
,,,-0.00030061,0.023200001
,,,-0.0003006,0.024000001
,,,-0.00030059,0.024000001
,,,-0.00030058,0.024000001
,,,-0.00030057,0.024000001
,,,-0.00030056,0.023200001
,,,-0.00030055,0.022400001
,,,-0.00030054,0.024000001
,,,-0.00030053,0.024000001
,,,-0.00030052,0.023200001
,,,-0.00030051,0.023200001
,,,-0.0003005,0.024000001
,,,-0.00030049,0.024000001
,,,-0.00030048,0.024000001
,,,-0.00030047,0.024000001
,,,-0.00030046,0.024000001
,,,-0.00030045,0.024000001
,,,-0.00030044,0.024800001
,,,-0.00030043,0.024000001
,,,-0.00030042,0.024000001
,,,-0.00030041,0.024000001
,,,-0.0003004,0.024000001
,,,-0.00030039,0.025600002
,,,-0.00030038,0.024800001
,,,-0.00030037,0.024800001
,,,-0.00030036,0.025600002
,,,-0.00030035,0.022400001
,,,-0.00030034,0.024000001
,,,-0.00030033,0.025600002
,,,-0.00030032,0.024800001
,,,-0.00030031,0.023200001
,,,-0.0003003,0.024000001
,,,-0.00030029,0.023200001
,,,-0.00030028,0.026400002
,,,-0.00030027,0.024000001
,,,-0.00030026,0.024800001
,,,-0.00030025,0.024000001
,,,-0.00030024,0.024000001
,,,-0.00030023,0.024000001
,,,-0.00030022,0.022400001
,,,-0.00030021,0.024000001
,,,-0.0003002,0.024800001
,,,-0.00030019,0.024800001
,,,-0.00030018,0.024000001
,,,-0.00030017,0.024800001
,,,-0.00030016,0.024800001
,,,-0.00030015,0.024800001
,,,-0.00030014,0.024000001
,,,-0.00030013,0.022400001
,,,-0.00030012,0.024000001
,,,-0.00030011,0.025600002
,,,-0.0003001,0.025600002
,,,-0.00030009,0.024800001
,,,-0.00030008,0.024800001
,,,-0.00030007,0.023200001
,,,-0.00030006,0.024800001
,,,-0.00030005,0.024000001
,,,-0.00030004,0.025600002
,,,-0.00030003,0.024000001
,,,-0.00030002,0.024000001
,,,-0.00030001,0.024800001
,,,-0.0003,0.024000001
,,,-0.00029999,0.024800001
,,,-0.00029998,0.024800001
,,,-0.00029997,0.023200001
,,,-0.00029996,0.023200001
,,,-0.00029995,0.023200001
,,,-0.00029994,0.024000001
,,,-0.00029993,0.024800001
,,,-0.00029992,0.024000001
,,,-0.00029991,0.024000001
,,,-0.0002999,0.024000001
,,,-0.00029989,0.026400002
,,,-0.00029988,0.024000001
,,,-0.00029987,0.023200001
,,,-0.00029986,0.024800001
,,,-0.00029985,0.023200001
,,,-0.00029984,0.024000001
,,,-0.00029983,0.024000001
,,,-0.00029982,0.024800001
,,,-0.00029981,0.023200001
,,,-0.0002998,0.025600002
,,,-0.00029979,0.024800001
,,,-0.00029978,0.025600002
,,,-0.00029977,0.024000001
,,,-0.00029976,0.024000001
,,,-0.00029975,0.024800001
,,,-0.00029974,0.024000001
,,,-0.00029973,0.024000001
,,,-0.00029972,0.024000001
,,,-0.00029971,0.025600002
,,,-0.0002997,0.024000001
,,,-0.00029969,0.024000001
,,,-0.00029968,0.022400001
,,,-0.00029967,0.026400002
,,,-0.00029966,0.025600002
,,,-0.00029965,0.024000001
,,,-0.00029964,0.024800001
,,,-0.00029963,0.023200001
,,,-0.00029962,0.024000001
,,,-0.00029961,0.024800001
,,,-0.0002996,0.024000001
,,,-0.00029959,0.024000001
,,,-0.00029958,0.023200001
,,,-0.00029957,0.024000001
,,,-0.00029956,0.024000001
,,,-0.00029955,0.024800001
,,,-0.00029954,0.024000001
,,,-0.00029953,0.024000001
,,,-0.00029952,0.024800001
,,,-0.00029951,0.024800001
,,,-0.0002995,0.024000001
,,,-0.00029949,0.024000001
,,,-0.00029948,0.022400001
,,,-0.00029947,0.023200001
,,,-0.00029946,0.024800001
,,,-0.00029945,0.024000001
,,,-0.00029944,0.024000001
,,,-0.00029943,0.025600002
,,,-0.00029942,0.023200001
,,,-0.00029941,0.024000001
,,,-0.0002994,0.024800001
,,,-0.00029939,0.024000001
,,,-0.00029938,0.024000001
,,,-0.00029937,0.026400002
,,,-0.00029936,0.024000001
,,,-0.00029935,0.024000001
,,,-0.00029934,0.023200001
,,,-0.00029933,0.024000001
,,,-0.00029932,0.025600002
,,,-0.00029931,0.024000001
,,,-0.0002993,0.024000001
,,,-0.00029929,0.024000001
,,,-0.00029928,0.023200001
,,,-0.00029927,0.024800001
,,,-0.00029926,0.024000001
,,,-0.00029925,0.024000001
,,,-0.00029924,0.024800001
,,,-0.00029923,0.024800001
,,,-0.00029922,0.023200001
,,,-0.00029921,0.024000001
,,,-0.0002992,0.024800001
,,,-0.00029919,0.024800001
,,,-0.00029918,0.024800001
,,,-0.00029917,0.024800001
,,,-0.00029916,0.026400002
,,,-0.00029915,0.022400001
,,,-0.00029914,0.024800001
,,,-0.00029913,0.024800001
,,,-0.00029912,0.025600002
,,,-0.00029911,0.024800001
,,,-0.0002991,0.024800001
,,,-0.00029909,0.024000001
,,,-0.00029908,0.024000001
,,,-0.00029907,0.024000001
,,,-0.00029906,0.024000001
,,,-0.00029905,0.024000001
,,,-0.00029904,0.024000001
,,,-0.00029903,0.025600002
,,,-0.00029902,0.024800001
,,,-0.00029901,0.024000001
,,,-0.000299,0.024000001
,,,-0.00029899,0.024000001
,,,-0.00029898,0.025600002
,,,-0.00029897,0.026400002
,,,-0.00029896,0.026400002
,,,-0.00029895,0.023200001
,,,-0.00029894,0.024800001
,,,-0.00029893,0.024800001
,,,-0.00029892,0.023200001
,,,-0.00029891,0.024800001
,,,-0.0002989,0.024000001
,,,-0.00029889,0.024000001
,,,-0.00029888,0.024000001
,,,-0.00029887,0.024000001
,,,-0.00029886,0.025600002
,,,-0.00029885,0.023200001
,,,-0.00029884,0.024000001
,,,-0.00029883,0.025600002
,,,-0.00029882,0.025600002
,,,-0.00029881,0.024800001
,,,-0.0002988,0.025600002
,,,-0.00029879,0.025600002
,,,-0.00029878,0.024000001
,,,-0.00029877,0.024800001
,,,-0.00029876,0.024800001
,,,-0.00029875,0.022400001
,,,-0.00029874,0.024000001
,,,-0.00029873,0.023200001
,,,-0.00029872,0.024000001
,,,-0.00029871,0.023200001
,,,-0.0002987,0.024800001
,,,-0.00029869,0.023200001
,,,-0.00029868,0.023200001
,,,-0.00029867,0.024800001
,,,-0.00029866,0.024000001
,,,-0.00029865,0.024000001
,,,-0.00029864,0.024000001
,,,-0.00029863,0.024800001
,,,-0.00029862,0.022400001
,,,-0.00029861,0.022400001
,,,-0.0002986,0.023200001
,,,-0.00029859,0.023200001
,,,-0.00029858,0.024000001
,,,-0.00029857,0.024800001
,,,-0.00029856,0.024000001
,,,-0.00029855,0.023200001
,,,-0.00029854,0.024000001
,,,-0.00029853,0.024000001
,,,-0.00029852,0.024000001
,,,-0.00029851,0.024000001
,,,-0.0002985,0.024000001
,,,-0.00029849,0.024000001
,,,-0.00029848,0.024000001
,,,-0.00029847,0.024800001
,,,-0.00029846,0.025600002
,,,-0.00029845,0.023200001
,,,-0.00029844,0.024000001
,,,-0.00029843,0.024000001
,,,-0.00029842,0.024800001
,,,-0.00029841,0.024000001
,,,-0.0002984,0.023200001
,,,-0.00029839,0.024000001
,,,-0.00029838,0.024000001
,,,-0.00029837,0.024000001
,,,-0.00029836,0.024000001
,,,-0.00029835,0.024800001
,,,-0.00029834,0.024000001
,,,-0.00029833,0.023200001
,,,-0.00029832,0.024000001
,,,-0.00029831,0.024800001
,,,-0.0002983,0.024000001
,,,-0.00029829,0.022400001
,,,-0.00029828,0.024000001
,,,-0.00029827,0.024800001
,,,-0.00029826,0.023200001
,,,-0.00029825,0.024800001
,,,-0.00029824,0.024000001
,,,-0.00029823,0.024800001
,,,-0.00029822,0.024000001
,,,-0.00029821,0.025600002
,,,-0.0002982,0.025600002
,,,-0.00029819,0.024000001
,,,-0.00029818,0.024000001
,,,-0.00029817,0.024000001
,,,-0.00029816,0.024800001
,,,-0.00029815,0.024800001
,,,-0.00029814,0.024000001
,,,-0.00029813,0.024000001
,,,-0.00029812,0.024800001
,,,-0.00029811,0.024000001
,,,-0.0002981,0.024800001
,,,-0.00029809,0.024000001
,,,-0.00029808,0.024800001
,,,-0.00029807,0.024800001
,,,-0.00029806,0.024000001
,,,-0.00029805,0.026400002
,,,-0.00029804,0.025600002
,,,-0.00029803,0.024000001
,,,-0.00029802,0.024800001
,,,-0.00029801,0.024800001
,,,-0.000298,0.022400001
,,,-0.00029799,0.024000001
,,,-0.00029798,0.023200001
,,,-0.00029797,0.024800001
,,,-0.00029796,0.025600002
,,,-0.00029795,0.024000001
,,,-0.00029794,0.025600002
,,,-0.00029793,0.024800001
,,,-0.00029792,0.024800001
,,,-0.00029791,0.024800001
,,,-0.0002979,0.023200001
,,,-0.00029789,0.025600002
,,,-0.00029788,0.022400001
,,,-0.00029787,0.022400001
,,,-0.00029786,0.023200001
,,,-0.00029785,0.025600002
,,,-0.00029784,0.024000001
,,,-0.00029783,0.024000001
,,,-0.00029782,0.024800001
,,,-0.00029781,0.024800001
,,,-0.0002978,0.024800001
,,,-0.00029779,0.024000001
,,,-0.00029778,0.022400001
,,,-0.00029777,0.024000001
,,,-0.00029776,0.024800001
,,,-0.00029775,0.024000001
,,,-0.00029774,0.024000001
,,,-0.00029773,0.024000001
,,,-0.00029772,0.024000001
,,,-0.00029771,0.024000001
,,,-0.0002977,0.023200001
,,,-0.00029769,0.024800001
,,,-0.00029768,0.024800001
,,,-0.00029767,0.023200001
,,,-0.00029766,0.024800001
,,,-0.00029765,0.024000001
,,,-0.00029764,0.024800001
,,,-0.00029763,0.023200001
,,,-0.00029762,0.024000001
,,,-0.00029761,0.024000001
,,,-0.0002976,0.023200001
,,,-0.00029759,0.024000001
,,,-0.00029758,0.024000001
,,,-0.00029757,0.023200001
,,,-0.00029756,0.024000001
,,,-0.00029755,0.024000001
,,,-0.00029754,0.024800001
,,,-0.00029753,0.024000001
,,,-0.00029752,0.023200001
,,,-0.00029751,0.023200001
,,,-0.0002975,0.024000001
,,,-0.00029749,0.024000001
,,,-0.00029748,0.022400001
,,,-0.00029747,0.025600002
,,,-0.00029746,0.023200001
,,,-0.00029745,0.023200001
,,,-0.00029744,0.025600002
,,,-0.00029743,0.023200001
,,,-0.00029742,0.025600002
,,,-0.00029741,0.024000001
,,,-0.0002974,0.024000001
,,,-0.00029739,0.023200001
,,,-0.00029738,0.025600002
,,,-0.00029737,0.024000001
,,,-0.00029736,0.025600002
,,,-0.00029735,0.024000001
,,,-0.00029734,0.024000001
,,,-0.00029733,0.023200001
,,,-0.00029732,0.024800001
,,,-0.00029731,0.024800001
,,,-0.0002973,0.024000001
,,,-0.00029729,0.024800001
,,,-0.00029728,0.023200001
,,,-0.00029727,0.024000001
,,,-0.00029726,0.022400001
,,,-0.00029725,0.022400001
,,,-0.00029724,0.024800001
,,,-0.00029723,0.024000001
,,,-0.00029722,0.024800001
,,,-0.00029721,0.024800001
,,,-0.0002972,0.023200001
,,,-0.00029719,0.024000001
,,,-0.00029718,0.024800001
,,,-0.00029717,0.024800001
,,,-0.00029716,0.021600001
,,,-0.00029715,0.024000001
,,,-0.00029714,0.024800001
,,,-0.00029713,0.024800001
,,,-0.00029712,0.024800001
,,,-0.00029711,0.024800001
,,,-0.0002971,0.025600002
,,,-0.00029709,0.024000001
,,,-0.00029708,0.024000001
,,,-0.00029707,0.024800001
,,,-0.00029706,0.024800001
,,,-0.00029705,0.024000001
,,,-0.00029704,0.024000001
,,,-0.00029703,0.023200001
,,,-0.00029702,0.024000001
,,,-0.00029701,0.024000001
,,,-0.000297,0.024000001
,,,-0.00029699,0.024800001
,,,-0.00029698,0.024000001
,,,-0.00029697,0.025600002
,,,-0.00029696,0.024000001
,,,-0.00029695,0.024800001
,,,-0.00029694,0.025600002
,,,-0.00029693,0.023200001
,,,-0.00029692,0.024000001
,,,-0.00029691,0.023200001
,,,-0.0002969,0.024800001
,,,-0.00029689,0.023200001
,,,-0.00029688,0.023200001
,,,-0.00029687,0.024000001
,,,-0.00029686,0.024800001
,,,-0.00029685,0.023200001
,,,-0.00029684,0.026400002
,,,-0.00029683,0.024000001
,,,-0.00029682,0.024800001
,,,-0.00029681,0.024000001
,,,-0.0002968,0.024800001
,,,-0.00029679,0.024000001
,,,-0.00029678,0.024800001
,,,-0.00029677,0.024000001
,,,-0.00029676,0.023200001
,,,-0.00029675,0.027200002
,,,-0.00029674,0.025600002
,,,-0.00029673,0.024800001
,,,-0.00029672,0.025600002
,,,-0.00029671,0.024000001
,,,-0.0002967,0.024800001
,,,-0.00029669,0.023200001
,,,-0.00029668,0.023200001
,,,-0.00029667,0.023200001
,,,-0.00029666,0.024800001
,,,-0.00029665,0.024000001
,,,-0.00029664,0.024000001
,,,-0.00029663,0.025600002
,,,-0.00029662,0.024000001
,,,-0.00029661,0.024000001
,,,-0.0002966,0.023200001
,,,-0.00029659,0.024800001
,,,-0.00029658,0.024000001
,,,-0.00029657,0.026400002
,,,-0.00029656,0.024800001
,,,-0.00029655,0.024000001
,,,-0.00029654,0.024000001
,,,-0.00029653,0.024800001
,,,-0.00029652,0.024000001
,,,-0.00029651,0.024000001
,,,-0.0002965,0.024000001
,,,-0.00029649,0.023200001
,,,-0.00029648,0.024800001
,,,-0.00029647,0.024000001
,,,-0.00029646,0.024800001
,,,-0.00029645,0.024000001
,,,-0.00029644,0.024000001
,,,-0.00029643,0.024000001
,,,-0.00029642,0.024000001
,,,-0.00029641,0.024000001
,,,-0.0002964,0.024000001
,,,-0.00029639,0.025600002
,,,-0.00029638,0.024000001
,,,-0.00029637,0.022400001
,,,-0.00029636,0.024800001
,,,-0.00029635,0.024800001
,,,-0.00029634,0.025600002
,,,-0.00029633,0.023200001
,,,-0.00029632,0.024000001
,,,-0.00029631,0.022400001
,,,-0.0002963,0.025600002
,,,-0.00029629,0.024000001
,,,-0.00029628,0.024000001
,,,-0.00029627,0.024000001
,,,-0.00029626,0.025600002
,,,-0.00029625,0.024000001
,,,-0.00029624,0.024000001
,,,-0.00029623,0.024000001
,,,-0.00029622,0.025600002
,,,-0.00029621,0.024000001
,,,-0.0002962,0.025600002
,,,-0.00029619,0.025600002
,,,-0.00029618,0.024800001
,,,-0.00029617,0.023200001
,,,-0.00029616,0.024000001
,,,-0.00029615,0.024800001
,,,-0.00029614,0.023200001
,,,-0.00029613,0.024800001
,,,-0.00029612,0.024000001
,,,-0.00029611,0.021600001
,,,-0.0002961,0.024000001
,,,-0.00029609,0.024000001
,,,-0.00029608,0.024800001
,,,-0.00029607,0.025600002
,,,-0.00029606,0.025600002
,,,-0.00029605,0.023200001
,,,-0.00029604,0.024800001
,,,-0.00029603,0.024800001
,,,-0.00029602,0.024000001
,,,-0.00029601,0.024800001
,,,-0.000296,0.023200001
,,,-0.00029599,0.025600002
,,,-0.00029598,0.024000001
,,,-0.00029597,0.024000001
,,,-0.00029596,0.024000001
,,,-0.00029595,0.023200001
,,,-0.00029594,0.024000001
,,,-0.00029593,0.023200001
,,,-0.00029592,0.022400001
,,,-0.00029591,0.024000001
,,,-0.0002959,0.024000001
,,,-0.00029589,0.023200001
,,,-0.00029588,0.024000001
,,,-0.00029587,0.022400001
,,,-0.00029586,0.023200001
,,,-0.00029585,0.024000001
,,,-0.00029584,0.024000001
,,,-0.00029583,0.024000001
,,,-0.00029582,0.024800001
,,,-0.00029581,0.024000001
,,,-0.0002958,0.024000001
,,,-0.00029579,0.024000001
,,,-0.00029578,0.024000001
,,,-0.00029577,0.024800001
,,,-0.00029576,0.024800001
,,,-0.00029575,0.024800001
,,,-0.00029574,0.025600002
,,,-0.00029573,0.024800001
,,,-0.00029572,0.025600002
,,,-0.00029571,0.025600002
,,,-0.0002957,0.023200001
,,,-0.00029569,0.024800001
,,,-0.00029568,0.024000001
,,,-0.00029567,0.024800001
,,,-0.00029566,0.024000001
,,,-0.00029565,0.023200001
,,,-0.00029564,0.023200001
,,,-0.00029563,0.024000001
,,,-0.00029562,0.023200001
,,,-0.00029561,0.024000001
,,,-0.0002956,0.024800001
,,,-0.00029559,0.024800001
,,,-0.00029558,0.024800001
,,,-0.00029557,0.023200001
,,,-0.00029556,0.023200001
,,,-0.00029555,0.024800001
,,,-0.00029554,0.024800001
,,,-0.00029553,0.023200001
,,,-0.00029552,0.023200001
,,,-0.00029551,0.024800001
,,,-0.0002955,0.026400002
,,,-0.00029549,0.025600002
,,,-0.00029548,0.024000001
,,,-0.00029547,0.025600002
,,,-0.00029546,0.026400002
,,,-0.00029545,0.026400002
,,,-0.00029544,0.024800001
,,,-0.00029543,0.024800001
,,,-0.00029542,0.024000001
,,,-0.00029541,0.025600002
,,,-0.0002954,0.025600002
,,,-0.00029539,0.024000001
,,,-0.00029538,0.024800001
,,,-0.00029537,0.024000001
,,,-0.00029536,0.024800001
,,,-0.00029535,0.024800001
,,,-0.00029534,0.024800001
,,,-0.00029533,0.024000001
,,,-0.00029532,0.024800001
,,,-0.00029531,0.024000001
,,,-0.0002953,0.024800001
,,,-0.00029529,0.024800001
,,,-0.00029528,0.024800001
,,,-0.00029527,0.024000001
,,,-0.00029526,0.024000001
,,,-0.00029525,0.024000001
,,,-0.00029524,0.024000001
,,,-0.00029523,0.024800001
,,,-0.00029522,0.024800001
,,,-0.00029521,0.024800001
,,,-0.0002952,0.024000001
,,,-0.00029519,0.024000001
,,,-0.00029518,0.024800001
,,,-0.00029517,0.024000001
,,,-0.00029516,0.024800001
,,,-0.00029515,0.024800001
,,,-0.00029514,0.024800001
,,,-0.00029513,0.024800001
,,,-0.00029512,0.025600002
,,,-0.00029511,0.023200001
,,,-0.0002951,0.024000001
,,,-0.00029509,0.023200001
,,,-0.00029508,0.023200001
,,,-0.00029507,0.024000001
,,,-0.00029506,0.024000001
,,,-0.00029505,0.024800001
,,,-0.00029504,0.024000001
,,,-0.00029503,0.022400001
,,,-0.00029502,0.023200001
,,,-0.00029501,0.024000001
,,,-0.000295,0.022400001
,,,-0.00029499,0.024000001
,,,-0.00029498,0.024000001
,,,-0.00029497,0.023200001
,,,-0.00029496,0.024000001
,,,-0.00029495,0.024000001
,,,-0.00029494,0.024800001
,,,-0.00029493,0.024000001
,,,-0.00029492,0.025600002
,,,-0.00029491,0.024000001
,,,-0.0002949,0.024800001
,,,-0.00029489,0.024000001
,,,-0.00029488,0.024000001
,,,-0.00029487,0.023200001
,,,-0.00029486,0.024800001
,,,-0.00029485,0.024000001
,,,-0.00029484,0.026400002
,,,-0.00029483,0.024000001
,,,-0.00029482,0.024000001
,,,-0.00029481,0.024000001
,,,-0.0002948,0.024000001
,,,-0.00029479,0.023200001
,,,-0.00029478,0.024800001
,,,-0.00029477,0.022400001
,,,-0.00029476,0.025600002
,,,-0.00029475,0.024000001
,,,-0.00029474,0.024000001
,,,-0.00029473,0.024000001
,,,-0.00029472,0.025600002
,,,-0.00029471,0.023200001
,,,-0.0002947,0.023200001
,,,-0.00029469,0.024000001
,,,-0.00029468,0.024000001
,,,-0.00029467,0.024800001
,,,-0.00029466,0.024000001
,,,-0.00029465,0.024000001
,,,-0.00029464,0.024000001
,,,-0.00029463,0.024000001
,,,-0.00029462,0.024000001
,,,-0.00029461,0.024000001
,,,-0.0002946,0.024800001
,,,-0.00029459,0.024800001
,,,-0.00029458,0.024000001
,,,-0.00029457,0.025600002
,,,-0.00029456,0.025600002
,,,-0.00029455,0.023200001
,,,-0.00029454,0.025600002
,,,-0.00029453,0.024000001
,,,-0.00029452,0.024000001
,,,-0.00029451,0.023200001
,,,-0.0002945,0.024800001
,,,-0.00029449,0.022400001
,,,-0.00029448,0.024800001
,,,-0.00029447,0.024000001
,,,-0.00029446,0.024000001
,,,-0.00029445,0.023200001
,,,-0.00029444,0.025600002
,,,-0.00029443,0.024000001
,,,-0.00029442,0.024800001
,,,-0.00029441,0.024000001
,,,-0.0002944,0.026400002
,,,-0.00029439,0.024000001
,,,-0.00029438,0.024000001
,,,-0.00029437,0.024000001
,,,-0.00029436,0.022400001
,,,-0.00029435,0.026400002
,,,-0.00029434,0.024800001
,,,-0.00029433,0.025600002
,,,-0.00029432,0.024800001
,,,-0.00029431,0.024000001
,,,-0.0002943,0.024800001
,,,-0.00029429,0.024000001
,,,-0.00029428,0.025600002
,,,-0.00029427,0.024000001
,,,-0.00029426,0.024000001
,,,-0.00029425,0.024000001
,,,-0.00029424,0.025600002
,,,-0.00029423,0.023200001
,,,-0.00029422,0.024800001
,,,-0.00029421,0.024800001
,,,-0.0002942,0.024000001
,,,-0.00029419,0.024000001
,,,-0.00029418,0.024800001
,,,-0.00029417,0.023200001
,,,-0.00029416,0.024000001
,,,-0.00029415,0.024800001
,,,-0.00029414,0.025600002
,,,-0.00029413,0.024800001
,,,-0.00029412,0.024000001
,,,-0.00029411,0.024000001
,,,-0.0002941,0.023200001
,,,-0.00029409,0.024800001
,,,-0.00029408,0.024000001
,,,-0.00029407,0.024000001
,,,-0.00029406,0.024000001
,,,-0.00029405,0.024000001
,,,-0.00029404,0.024000001
,,,-0.00029403,0.024000001
,,,-0.00029402,0.025600002
,,,-0.00029401,0.024800001
,,,-0.000294,0.024000001
,,,-0.00029399,0.024000001
,,,-0.00029398,0.024000001
,,,-0.00029397,0.024800001
,,,-0.00029396,0.025600002
,,,-0.00029395,0.024000001
,,,-0.00029394,0.026400002
,,,-0.00029393,0.024000001
,,,-0.00029392,0.024800001
,,,-0.00029391,0.025600002
,,,-0.0002939,0.025600002
,,,-0.00029389,0.024000001
,,,-0.00029388,0.024800001
,,,-0.00029387,0.024800001
,,,-0.00029386,0.026400002
,,,-0.00029385,0.023200001
,,,-0.00029384,0.025600002
,,,-0.00029383,0.024800001
,,,-0.00029382,0.024800001
,,,-0.00029381,0.023200001
,,,-0.0002938,0.024000001
,,,-0.00029379,0.024800001
,,,-0.00029378,0.025600002
,,,-0.00029377,0.024000001
,,,-0.00029376,0.025600002
,,,-0.00029375,0.024800001
,,,-0.00029374,0.023200001
,,,-0.00029373,0.026400002
,,,-0.00029372,0.023200001
,,,-0.00029371,0.024800001
,,,-0.0002937,0.023200001
,,,-0.00029369,0.024000001
,,,-0.00029368,0.023200001
,,,-0.00029367,0.024000001
,,,-0.00029366,0.024000001
,,,-0.00029365,0.024800001
,,,-0.00029364,0.024800001
,,,-0.00029363,0.024800001
,,,-0.00029362,0.025600002
,,,-0.00029361,0.024800001
,,,-0.0002936,0.024800001
,,,-0.00029359,0.025600002
,,,-0.00029358,0.025600002
,,,-0.00029357,0.024000001
,,,-0.00029356,0.024000001
,,,-0.00029355,0.024000001
,,,-0.00029354,0.024000001
,,,-0.00029353,0.024000001
,,,-0.00029352,0.024000001
,,,-0.00029351,0.024000001
,,,-0.0002935,0.024800001
,,,-0.00029349,0.024800001
,,,-0.00029348,0.024800001
,,,-0.00029347,0.022400001
,,,-0.00029346,0.024000001
,,,-0.00029345,0.026400002
,,,-0.00029344,0.024000001
,,,-0.00029343,0.022400001
,,,-0.00029342,0.024000001
,,,-0.00029341,0.024800001
,,,-0.0002934,0.024000001
,,,-0.00029339,0.024000001
,,,-0.00029338,0.025600002
,,,-0.00029337,0.025600002
,,,-0.00029336,0.024800001
,,,-0.00029335,0.023200001
,,,-0.00029334,0.024000001
,,,-0.00029333,0.024000001
,,,-0.00029332,0.024000001
,,,-0.00029331,0.024000001
,,,-0.0002933,0.024800001
,,,-0.00029329,0.024000001
,,,-0.00029328,0.025600002
,,,-0.00029327,0.022400001
,,,-0.00029326,0.025600002
,,,-0.00029325,0.024800001
,,,-0.00029324,0.024000001
,,,-0.00029323,0.024000001
,,,-0.00029322,0.024800001
,,,-0.00029321,0.023200001
,,,-0.0002932,0.024000001
,,,-0.00029319,0.024000001
,,,-0.00029318,0.024000001
,,,-0.00029317,0.024000001
,,,-0.00029316,0.025600002
,,,-0.00029315,0.024000001
,,,-0.00029314,0.024000001
,,,-0.00029313,0.023200001
,,,-0.00029312,0.024800001
,,,-0.00029311,0.024000001
,,,-0.0002931,0.024800001
,,,-0.00029309,0.024000001
,,,-0.00029308,0.024800001
,,,-0.00029307,0.024000001
,,,-0.00029306,0.023200001
,,,-0.00029305,0.024000001
,,,-0.00029304,0.024000001
,,,-0.00029303,0.024800001
,,,-0.00029302,0.024000001
,,,-0.00029301,0.023200001
,,,-0.000293,0.024000001
,,,-0.00029299,0.023200001
,,,-0.00029298,0.024000001
,,,-0.00029297,0.024800001
,,,-0.00029296,0.024000001
,,,-0.00029295,0.024800001
,,,-0.00029294,0.024800001
,,,-0.00029293,0.024000001
,,,-0.00029292,0.022400001
,,,-0.00029291,0.024800001
,,,-0.0002929,0.024800001
,,,-0.00029289,0.024800001
,,,-0.00029288,0.024000001
,,,-0.00029287,0.024000001
,,,-0.00029286,0.024800001
,,,-0.00029285,0.024000001
,,,-0.00029284,0.024800001
,,,-0.00029283,0.024800001
,,,-0.00029282,0.026400002
,,,-0.00029281,0.025600002
,,,-0.0002928,0.023200001
,,,-0.00029279,0.025600002
,,,-0.00029278,0.024800001
,,,-0.00029277,0.024000001
,,,-0.00029276,0.025600002
,,,-0.00029275,0.024000001
,,,-0.00029274,0.024000001
,,,-0.00029273,0.023200001
,,,-0.00029272,0.023200001
,,,-0.00029271,0.024000001
,,,-0.0002927,0.024800001
,,,-0.00029269,0.024000001
,,,-0.00029268,0.024800001
,,,-0.00029267,0.026400002
,,,-0.00029266,0.024000001
,,,-0.00029265,0.024000001
,,,-0.00029264,0.025600002
,,,-0.00029263,0.023200001
,,,-0.00029262,0.023200001
,,,-0.00029261,0.025600002
,,,-0.0002926,0.024000001
,,,-0.00029259,0.026400002
,,,-0.00029258,0.025600002
,,,-0.00029257,0.023200001
,,,-0.00029256,0.024800001
,,,-0.00029255,0.024000001
,,,-0.00029254,0.023200001
,,,-0.00029253,0.024000001
,,,-0.00029252,0.024000001
,,,-0.00029251,0.024000001
,,,-0.0002925,0.023200001
,,,-0.00029249,0.024800001
,,,-0.00029248,0.023200001
,,,-0.00029247,0.024000001
,,,-0.00029246,0.023200001
,,,-0.00029245,0.024000001
,,,-0.00029244,0.024000001
,,,-0.00029243,0.024000001
,,,-0.00029242,0.024000001
,,,-0.00029241,0.024800001
,,,-0.0002924,0.024800001
,,,-0.00029239,0.024000001
,,,-0.00029238,0.024000001
,,,-0.00029237,0.024800001
,,,-0.00029236,0.024000001
,,,-0.00029235,0.025600002
,,,-0.00029234,0.022400001
,,,-0.00029233,0.024000001
,,,-0.00029232,0.024000001
,,,-0.00029231,0.024800001
,,,-0.0002923,0.023200001
,,,-0.00029229,0.024800001
,,,-0.00029228,0.023200001
,,,-0.00029227,0.024000001
,,,-0.00029226,0.024000001
,,,-0.00029225,0.024800001
,,,-0.00029224,0.024800001
,,,-0.00029223,0.024000001
,,,-0.00029222,0.024800001
,,,-0.00029221,0.021600001
,,,-0.0002922,0.024000001
,,,-0.00029219,0.024000001
,,,-0.00029218,0.023200001
,,,-0.00029217,0.024000001
,,,-0.00029216,0.025600002
,,,-0.00029215,0.024800001
,,,-0.00029214,0.024000001
,,,-0.00029213,0.024800001
,,,-0.00029212,0.024800001
,,,-0.00029211,0.024000001
,,,-0.0002921,0.025600002
,,,-0.00029209,0.023200001
,,,-0.00029208,0.024000001
,,,-0.00029207,0.024800001
,,,-0.00029206,0.024000001
,,,-0.00029205,0.024000001
,,,-0.00029204,0.024000001
,,,-0.00029203,0.024000001
,,,-0.00029202,0.024000001
,,,-0.00029201,0.024800001
,,,-0.000292,0.024000001
,,,-0.00029199,0.022400001
,,,-0.00029198,0.024800001
,,,-0.00029197,0.024800001
,,,-0.00029196,0.024800001
,,,-0.00029195,0.025600002
,,,-0.00029194,0.024000001
,,,-0.00029193,0.023200001
,,,-0.00029192,0.023200001
,,,-0.00029191,0.024000001
,,,-0.0002919,0.025600002
,,,-0.00029189,0.024800001
,,,-0.00029188,0.024000001
,,,-0.00029187,0.024000001
,,,-0.00029186,0.023200001
,,,-0.00029185,0.023200001
,,,-0.00029184,0.023200001
,,,-0.00029183,0.024000001
,,,-0.00029182,0.024800001
,,,-0.00029181,0.024000001
,,,-0.0002918,0.024000001
,,,-0.00029179,0.024800001
,,,-0.00029178,0.024000001
,,,-0.00029177,0.024000001
,,,-0.00029176,0.025600002
,,,-0.00029175,0.024000001
,,,-0.00029174,0.024000001
,,,-0.00029173,0.024000001
,,,-0.00029172,0.024800001
,,,-0.00029171,0.024000001
,,,-0.0002917,0.021600001
,,,-0.00029169,0.024800001
,,,-0.00029168,0.024800001
,,,-0.00029167,0.023200001
,,,-0.00029166,0.025600002
,,,-0.00029165,0.024000001
,,,-0.00029164,0.024800001
,,,-0.00029163,0.024000001
,,,-0.00029162,0.024800001
,,,-0.00029161,0.021600001
,,,-0.0002916,0.024800001
,,,-0.00029159,0.024800001
,,,-0.00029158,0.024000001
,,,-0.00029157,0.024800001
,,,-0.00029156,0.024000001
,,,-0.00029155,0.023200001
,,,-0.00029154,0.024800001
,,,-0.00029153,0.023200001
,,,-0.00029152,0.024000001
,,,-0.00029151,0.024800001
,,,-0.0002915,0.025600002
,,,-0.00029149,0.024000001
,,,-0.00029148,0.025600002
,,,-0.00029147,0.024000001
,,,-0.00029146,0.024800001
,,,-0.00029145,0.022400001
,,,-0.00029144,0.025600002
,,,-0.00029143,0.024000001
,,,-0.00029142,0.023200001
,,,-0.00029141,0.024000001
,,,-0.0002914,0.024000001
,,,-0.00029139,0.024000001
,,,-0.00029138,0.024000001
,,,-0.00029137,0.025600002
,,,-0.00029136,0.024000001
,,,-0.00029135,0.024800001
,,,-0.00029134,0.025600002
,,,-0.00029133,0.024000001
,,,-0.00029132,0.024000001
,,,-0.00029131,0.024800001
,,,-0.0002913,0.024000001
,,,-0.00029129,0.024000001
,,,-0.00029128,0.023200001
,,,-0.00029127,0.024000001
,,,-0.00029126,0.024000001
,,,-0.00029125,0.025600002
,,,-0.00029124,0.024800001
,,,-0.00029123,0.024800001
,,,-0.00029122,0.024000001
,,,-0.00029121,0.024800001
,,,-0.0002912,0.023200001
,,,-0.00029119,0.024000001
,,,-0.00029118,0.024800001
,,,-0.00029117,0.024000001
,,,-0.00029116,0.024800001
,,,-0.00029115,0.024000001
,,,-0.00029114,0.024000001
,,,-0.00029113,0.023200001
,,,-0.00029112,0.024800001
,,,-0.00029111,0.025600002
,,,-0.0002911,0.024800001
,,,-0.00029109,0.023200001
,,,-0.00029108,0.025600002
,,,-0.00029107,0.024000001
,,,-0.00029106,0.024000001
,,,-0.00029105,0.024000001
,,,-0.00029104,0.024800001
,,,-0.00029103,0.022400001
,,,-0.00029102,0.024000001
,,,-0.00029101,0.024000001
,,,-0.000291,0.024800001
,,,-0.00029099,0.024800001
,,,-0.00029098,0.025600002
,,,-0.00029097,0.025600002
,,,-0.00029096,0.024000001
,,,-0.00029095,0.024800001
,,,-0.00029094,0.024000001
,,,-0.00029093,0.024000001
,,,-0.00029092,0.025600002
,,,-0.00029091,0.024000001
,,,-0.0002909,0.024000001
,,,-0.00029089,0.024800001
,,,-0.00029088,0.024000001
,,,-0.00029087,0.024000001
,,,-0.00029086,0.023200001
,,,-0.00029085,0.024000001
,,,-0.00029084,0.025600002
,,,-0.00029083,0.023200001
,,,-0.00029082,0.024000001
,,,-0.00029081,0.024000001
,,,-0.0002908,0.024000001
,,,-0.00029079,0.024000001
,,,-0.00029078,0.024000001
,,,-0.00029077,0.025600002
,,,-0.00029076,0.022400001
,,,-0.00029075,0.023200001
,,,-0.00029074,0.024000001
,,,-0.00029073,0.024000001
,,,-0.00029072,0.024000001
,,,-0.00029071,0.024000001
,,,-0.0002907,0.023200001
,,,-0.00029069,0.024000001
,,,-0.00029068,0.024800001
,,,-0.00029067,0.024000001
,,,-0.00029066,0.023200001
,,,-0.00029065,0.024000001
,,,-0.00029064,0.024000001
,,,-0.00029063,0.024800001
,,,-0.00029062,0.024000001
,,,-0.00029061,0.024800001
,,,-0.0002906,0.025600002
,,,-0.00029059,0.024000001
,,,-0.00029058,0.022400001
,,,-0.00029057,0.024000001
,,,-0.00029056,0.024000001
,,,-0.00029055,0.024000001
,,,-0.00029054,0.024000001
,,,-0.00029053,0.024000001
,,,-0.00029052,0.024000001
,,,-0.00029051,0.027200002
,,,-0.0002905,0.024800001
,,,-0.00029049,0.024800001
,,,-0.00029048,0.025600002
,,,-0.00029047,0.024000001
,,,-0.00029046,0.024000001
,,,-0.00029045,0.025600002
,,,-0.00029044,0.024000001
,,,-0.00029043,0.024000001
,,,-0.00029042,0.023200001
,,,-0.00029041,0.024000001
,,,-0.0002904,0.024000001
,,,-0.00029039,0.024000001
,,,-0.00029038,0.024000001
,,,-0.00029037,0.024000001
,,,-0.00029036,0.026400002
,,,-0.00029035,0.024000001
,,,-0.00029034,0.023200001
,,,-0.00029033,0.024000001
,,,-0.00029032,0.024000001
,,,-0.00029031,0.023200001
,,,-0.0002903,0.024800001
,,,-0.00029029,0.023200001
,,,-0.00029028,0.024000001
,,,-0.00029027,0.023200001
,,,-0.00029026,0.024800001
,,,-0.00029025,0.024000001
,,,-0.00029024,0.024000001
,,,-0.00029023,0.022400001
,,,-0.00029022,0.025600002
,,,-0.00029021,0.026400002
,,,-0.0002902,0.024000001
,,,-0.00029019,0.024800001
,,,-0.00029018,0.024000001
,,,-0.00029017,0.022400001
,,,-0.00029016,0.022400001
,,,-0.00029015,0.024800001
,,,-0.00029014,0.024800001
,,,-0.00029013,0.023200001
,,,-0.00029012,0.024800001
,,,-0.00029011,0.022400001
,,,-0.0002901,0.024800001
,,,-0.00029009,0.025600002
,,,-0.00029008,0.024800001
,,,-0.00029007,0.025600002
,,,-0.00029006,0.023200001
,,,-0.00029005,0.023200001
,,,-0.00029004,0.024000001
,,,-0.00029003,0.024800001
,,,-0.00029002,0.024000001
,,,-0.00029001,0.025600002
,,,-0.00029,0.025600002
,,,-0.00028999,0.024000001
,,,-0.00028998,0.024800001
,,,-0.00028997,0.024000001
,,,-0.00028996,0.024000001
,,,-0.00028995,0.024800001
,,,-0.00028994,0.024000001
,,,-0.00028993,0.025600002
,,,-0.00028992,0.024000001
,,,-0.00028991,0.023200001
,,,-0.0002899,0.024800001
,,,-0.00028989,0.024800001
,,,-0.00028988,0.025600002
,,,-0.00028987,0.024000001
,,,-0.00028986,0.023200001
,,,-0.00028985,0.022400001
,,,-0.00028984,0.024000001
,,,-0.00028983,0.024800001
,,,-0.00028982,0.024800001
,,,-0.00028981,0.024000001
,,,-0.0002898,0.024000001
,,,-0.00028979,0.024000001
,,,-0.00028978,0.024000001
,,,-0.00028977,0.024800001
,,,-0.00028976,0.024000001
,,,-0.00028975,0.023200001
,,,-0.00028974,0.024800001
,,,-0.00028973,0.024800001
,,,-0.00028972,0.024000001
,,,-0.00028971,0.024800001
,,,-0.0002897,0.024000001
,,,-0.00028969,0.022400001
,,,-0.00028968,0.024800001
,,,-0.00028967,0.025600002
,,,-0.00028966,0.024000001
,,,-0.00028965,0.023200001
,,,-0.00028964,0.025600002
,,,-0.00028963,0.024000001
,,,-0.00028962,0.024000001
,,,-0.00028961,0.024000001
,,,-0.0002896,0.024000001
,,,-0.00028959,0.024800001
,,,-0.00028958,0.025600002
,,,-0.00028957,0.022400001
,,,-0.00028956,0.024000001
,,,-0.00028955,0.024800001
,,,-0.00028954,0.024800001
,,,-0.00028953,0.024000001
,,,-0.00028952,0.024000001
,,,-0.00028951,0.024000001
,,,-0.0002895,0.024000001
,,,-0.00028949,0.024000001
,,,-0.00028948,0.024000001
,,,-0.00028947,0.024800001
,,,-0.00028946,0.025600002
,,,-0.00028945,0.023200001
,,,-0.00028944,0.025600002
,,,-0.00028943,0.023200001
,,,-0.00028942,0.022400001
,,,-0.00028941,0.023200001
,,,-0.0002894,0.024800001
,,,-0.00028939,0.024000001
,,,-0.00028938,0.025600002
,,,-0.00028937,0.024000001
,,,-0.00028936,0.024000001
,,,-0.00028935,0.024000001
,,,-0.00028934,0.023200001
,,,-0.00028933,0.024000001
,,,-0.00028932,0.024000001
,,,-0.00028931,0.023200001
,,,-0.0002893,0.024000001
,,,-0.00028929,0.023200001
,,,-0.00028928,0.024800001
,,,-0.00028927,0.024800001
,,,-0.00028926,0.024000001
,,,-0.00028925,0.024800001
,,,-0.00028924,0.024000001
,,,-0.00028923,0.024000001
,,,-0.00028922,0.023200001
,,,-0.00028921,0.024800001
,,,-0.0002892,0.024000001
,,,-0.00028919,0.024800001
,,,-0.00028918,0.024000001
,,,-0.00028917,0.023200001
,,,-0.00028916,0.024000001
,,,-0.00028915,0.024000001
,,,-0.00028914,0.024000001
,,,-0.00028913,0.024000001
,,,-0.00028912,0.023200001
,,,-0.00028911,0.024000001
,,,-0.0002891,0.023200001
,,,-0.00028909,0.020800001
,,,-0.00028908,0.024800001
,,,-0.00028907,0.024800001
,,,-0.00028906,0.023200001
,,,-0.00028905,0.023200001
,,,-0.00028904,0.023200001
,,,-0.00028903,0.023200001
,,,-0.00028902,0.023200001
,,,-0.00028901,0.024000001
,,,-0.000289,0.024000001
,,,-0.00028899,0.024000001
,,,-0.00028898,0.024800001
,,,-0.00028897,0.024800001
,,,-0.00028896,0.024800001
,,,-0.00028895,0.024800001
,,,-0.00028894,0.023200001
,,,-0.00028893,0.023200001
,,,-0.00028892,0.025600002
,,,-0.00028891,0.024000001
,,,-0.0002889,0.023200001
,,,-0.00028889,0.024000001
,,,-0.00028888,0.024000001
,,,-0.00028887,0.026400002
,,,-0.00028886,0.024000001
,,,-0.00028885,0.024800001
,,,-0.00028884,0.024000001
,,,-0.00028883,0.023200001
,,,-0.00028882,0.024000001
,,,-0.00028881,0.024000001
,,,-0.0002888,0.024000001
,,,-0.00028879,0.024000001
,,,-0.00028878,0.023200001
,,,-0.00028877,0.024800001
,,,-0.00028876,0.024000001
,,,-0.00028875,0.024800001
,,,-0.00028874,0.024000001
,,,-0.00028873,0.024000001
,,,-0.00028872,0.021600001
,,,-0.00028871,0.024800001
,,,-0.0002887,0.022400001
,,,-0.00028869,0.025600002
,,,-0.00028868,0.024000001
,,,-0.00028867,0.024000001
,,,-0.00028866,0.024800001
,,,-0.00028865,0.025600002
,,,-0.00028864,0.024000001
,,,-0.00028863,0.024800001
,,,-0.00028862,0.024000001
,,,-0.00028861,0.024800001
,,,-0.0002886,0.024000001
,,,-0.00028859,0.024000001
,,,-0.00028858,0.024000001
,,,-0.00028857,0.024000001
,,,-0.00028856,0.024000001
,,,-0.00028855,0.023200001
,,,-0.00028854,0.024000001
,,,-0.00028853,0.025600002
,,,-0.00028852,0.024000001
,,,-0.00028851,0.025600002
,,,-0.0002885,0.024800001
,,,-0.00028849,0.024800001
,,,-0.00028848,0.024800001
,,,-0.00028847,0.025600002
,,,-0.00028846,0.024000001
,,,-0.00028845,0.024800001
,,,-0.00028844,0.024000001
,,,-0.00028843,0.024000001
,,,-0.00028842,0.024800001
,,,-0.00028841,0.024000001
,,,-0.0002884,0.024800001
,,,-0.00028839,0.024800001
,,,-0.00028838,0.024000001
,,,-0.00028837,0.024800001
,,,-0.00028836,0.021600001
,,,-0.00028835,0.024800001
,,,-0.00028834,0.024000001
,,,-0.00028833,0.024000001
,,,-0.00028832,0.024800001
,,,-0.00028831,0.023200001
,,,-0.0002883,0.023200001
,,,-0.00028829,0.024800001
,,,-0.00028828,0.025600002
,,,-0.00028827,0.025600002
,,,-0.00028826,0.024800001
,,,-0.00028825,0.024000001
,,,-0.00028824,0.024000001
,,,-0.00028823,0.024800001
,,,-0.00028822,0.024000001
,,,-0.00028821,0.023200001
,,,-0.0002882,0.024800001
,,,-0.00028819,0.024800001
,,,-0.00028818,0.024000001
,,,-0.00028817,0.025600002
,,,-0.00028816,0.024000001
,,,-0.00028815,0.024000001
,,,-0.00028814,0.024800001
,,,-0.00028813,0.024000001
,,,-0.00028812,0.024000001
,,,-0.00028811,0.024000001
,,,-0.0002881,0.022400001
,,,-0.00028809,0.024000001
,,,-0.00028808,0.024000001
,,,-0.00028807,0.023200001
,,,-0.00028806,0.025600002
,,,-0.00028805,0.024000001
,,,-0.00028804,0.024000001
,,,-0.00028803,0.024000001
,,,-0.00028802,0.024000001
,,,-0.00028801,0.024800001
,,,-0.000288,0.024000001
,,,-0.00028799,0.024800001
,,,-0.00028798,0.023200001
,,,-0.00028797,0.024000001
,,,-0.00028796,0.024000001
,,,-0.00028795,0.024000001
,,,-0.00028794,0.024000001
,,,-0.00028793,0.023200001
,,,-0.00028792,0.024000001
,,,-0.00028791,0.024000001
,,,-0.0002879,0.024000001
,,,-0.00028789,0.024000001
,,,-0.00028788,0.024000001
,,,-0.00028787,0.023200001
,,,-0.00028786,0.022400001
,,,-0.00028785,0.024000001
,,,-0.00028784,0.024000001
,,,-0.00028783,0.024000001
,,,-0.00028782,0.025600002
,,,-0.00028781,0.024000001
,,,-0.0002878,0.024800001
,,,-0.00028779,0.024000001
,,,-0.00028778,0.024000001
,,,-0.00028777,0.023200001
,,,-0.00028776,0.025600002
,,,-0.00028775,0.024800001
,,,-0.00028774,0.024000001
,,,-0.00028773,0.024000001
,,,-0.00028772,0.024000001
,,,-0.00028771,0.024000001
,,,-0.0002877,0.024000001
,,,-0.00028769,0.024000001
,,,-0.00028768,0.024800001
,,,-0.00028767,0.023200001
,,,-0.00028766,0.024000001
,,,-0.00028765,0.023200001
,,,-0.00028764,0.024000001
,,,-0.00028763,0.024800001
,,,-0.00028762,0.024000001
,,,-0.00028761,0.024000001
,,,-0.0002876,0.024000001
,,,-0.00028759,0.023200001
,,,-0.00028758,0.024800001
,,,-0.00028757,0.025600002
,,,-0.00028756,0.023200001
,,,-0.00028755,0.025600002
,,,-0.00028754,0.024000001
,,,-0.00028753,0.024000001
,,,-0.00028752,0.024000001
,,,-0.00028751,0.024000001
,,,-0.0002875,0.024000001
,,,-0.00028749,0.024000001
,,,-0.00028748,0.024000001
,,,-0.00028747,0.024000001
,,,-0.00028746,0.024000001
,,,-0.00028745,0.025600002
,,,-0.00028744,0.024000001
,,,-0.00028743,0.024000001
,,,-0.00028742,0.024000001
,,,-0.00028741,0.024000001
,,,-0.0002874,0.024800001
,,,-0.00028739,0.024000001
,,,-0.00028738,0.021600001
,,,-0.00028737,0.024000001
,,,-0.00028736,0.024000001
,,,-0.00028735,0.023200001
,,,-0.00028734,0.024800001
,,,-0.00028733,0.025600002
,,,-0.00028732,0.024800001
,,,-0.00028731,0.024000001
,,,-0.0002873,0.025600002
,,,-0.00028729,0.024800001
,,,-0.00028728,0.024000001
,,,-0.00028727,0.024000001
,,,-0.00028726,0.023200001
,,,-0.00028725,0.024000001
,,,-0.00028724,0.024800001
,,,-0.00028723,0.024000001
,,,-0.00028722,0.023200001
,,,-0.00028721,0.024800001
,,,-0.0002872,0.024000001
,,,-0.00028719,0.022400001
,,,-0.00028718,0.024000001
,,,-0.00028717,0.022400001
,,,-0.00028716,0.024000001
,,,-0.00028715,0.025600002
,,,-0.00028714,0.024800001
,,,-0.00028713,0.023200001
,,,-0.00028712,0.024000001
,,,-0.00028711,0.023200001
,,,-0.0002871,0.024000001
,,,-0.00028709,0.024800001
,,,-0.00028708,0.024800001
,,,-0.00028707,0.024800001
,,,-0.00028706,0.024000001
,,,-0.00028705,0.026400002
,,,-0.00028704,0.023200001
,,,-0.00028703,0.024000001
,,,-0.00028702,0.024000001
,,,-0.00028701,0.024800001
,,,-0.000287,0.026400002
,,,-0.00028699,0.024000001
,,,-0.00028698,0.024000001
,,,-0.00028697,0.024000001
,,,-0.00028696,0.023200001
,,,-0.00028695,0.024000001
,,,-0.00028694,0.024800001
,,,-0.00028693,0.024800001
,,,-0.00028692,0.024000001
,,,-0.00028691,0.024000001
,,,-0.0002869,0.025600002
,,,-0.00028689,0.024000001
,,,-0.00028688,0.024800001
,,,-0.00028687,0.024000001
,,,-0.00028686,0.024000001
,,,-0.00028685,0.024800001
,,,-0.00028684,0.024000001
,,,-0.00028683,0.025600002
,,,-0.00028682,0.024800001
,,,-0.00028681,0.025600002
,,,-0.0002868,0.024000001
,,,-0.00028679,0.024800001
,,,-0.00028678,0.025600002
,,,-0.00028677,0.024000001
,,,-0.00028676,0.026400002
,,,-0.00028675,0.022400001
,,,-0.00028674,0.023200001
,,,-0.00028673,0.022400001
,,,-0.00028672,0.024000001
,,,-0.00028671,0.024800001
,,,-0.0002867,0.025600002
,,,-0.00028669,0.024800001
,,,-0.00028668,0.024000001
,,,-0.00028667,0.024000001
,,,-0.00028666,0.025600002
,,,-0.00028665,0.024800001
,,,-0.00028664,0.024800001
,,,-0.00028663,0.024000001
,,,-0.00028662,0.024000001
,,,-0.00028661,0.024000001
,,,-0.0002866,0.027200002
,,,-0.00028659,0.024800001
,,,-0.00028658,0.024000001
,,,-0.00028657,0.024000001
,,,-0.00028656,0.024000001
,,,-0.00028655,0.024800001
,,,-0.00028654,0.025600002
,,,-0.00028653,0.024000001
,,,-0.00028652,0.024000001
,,,-0.00028651,0.023200001
,,,-0.0002865,0.024800001
,,,-0.00028649,0.024000001
,,,-0.00028648,0.025600002
,,,-0.00028647,0.024000001
,,,-0.00028646,0.024000001
,,,-0.00028645,0.023200001
,,,-0.00028644,0.025600002
,,,-0.00028643,0.024000001
,,,-0.00028642,0.024000001
,,,-0.00028641,0.024000001
,,,-0.0002864,0.023200001
,,,-0.00028639,0.024000001
,,,-0.00028638,0.024000001
,,,-0.00028637,0.024000001
,,,-0.00028636,0.026400002
,,,-0.00028635,0.024800001
,,,-0.00028634,0.024000001
,,,-0.00028633,0.024000001
,,,-0.00028632,0.024000001
,,,-0.00028631,0.021600001
,,,-0.0002863,0.024000001
,,,-0.00028629,0.024000001
,,,-0.00028628,0.024000001
,,,-0.00028627,0.024000001
,,,-0.00028626,0.024000001
,,,-0.00028625,0.024000001
,,,-0.00028624,0.022400001
,,,-0.00028623,0.023200001
,,,-0.00028622,0.024800001
,,,-0.00028621,0.024000001
,,,-0.0002862,0.025600002
,,,-0.00028619,0.024000001
,,,-0.00028618,0.024800001
,,,-0.00028617,0.024000001
,,,-0.00028616,0.025600002
,,,-0.00028615,0.024000001
,,,-0.00028614,0.024000001
,,,-0.00028613,0.024000001
,,,-0.00028612,0.024800001
,,,-0.00028611,0.024800001
,,,-0.0002861,0.024000001
,,,-0.00028609,0.024000001
,,,-0.00028608,0.022400001
,,,-0.00028607,0.024000001
,,,-0.00028606,0.024800001
,,,-0.00028605,0.024800001
,,,-0.00028604,0.024000001
,,,-0.00028603,0.022400001
,,,-0.00028602,0.024800001
,,,-0.00028601,0.024000001
,,,-0.000286,0.024000001
,,,-0.00028599,0.024800001
,,,-0.00028598,0.024000001
,,,-0.00028597,0.024800001
,,,-0.00028596,0.025600002
,,,-0.00028595,0.024000001
,,,-0.00028594,0.023200001
,,,-0.00028593,0.024800001
,,,-0.00028592,0.024000001
,,,-0.00028591,0.023200001
,,,-0.0002859,0.024800001
,,,-0.00028589,0.024000001
,,,-0.00028588,0.024000001
,,,-0.00028587,0.024000001
,,,-0.00028586,0.024800001
,,,-0.00028585,0.023200001
,,,-0.00028584,0.024000001
,,,-0.00028583,0.024800001
,,,-0.00028582,0.024000001
,,,-0.00028581,0.024000001
,,,-0.0002858,0.025600002
,,,-0.00028579,0.023200001
,,,-0.00028578,0.024000001
,,,-0.00028577,0.024000001
,,,-0.00028576,0.024800001
,,,-0.00028575,0.024800001
,,,-0.00028574,0.024000001
,,,-0.00028573,0.025600002
,,,-0.00028572,0.024000001
,,,-0.00028571,0.024000001
,,,-0.0002857,0.024000001
,,,-0.00028569,0.024000001
,,,-0.00028568,0.024800001
,,,-0.00028567,0.025600002
,,,-0.00028566,0.026400002
,,,-0.00028565,0.024000001
,,,-0.00028564,0.024000001
,,,-0.00028563,0.024000001
,,,-0.00028562,0.022400001
,,,-0.00028561,0.024000001
,,,-0.0002856,0.025600002
,,,-0.00028559,0.024000001
,,,-0.00028558,0.023200001
,,,-0.00028557,0.022400001
,,,-0.00028556,0.024800001
,,,-0.00028555,0.024000001
,,,-0.00028554,0.023200001
,,,-0.00028553,0.024000001
,,,-0.00028552,0.024000001
,,,-0.00028551,0.024800001
,,,-0.0002855,0.025600002
,,,-0.00028549,0.024000001
,,,-0.00028548,0.023200001
,,,-0.00028547,0.025600002
,,,-0.00028546,0.025600002
,,,-0.00028545,0.024000001
,,,-0.00028544,0.024800001
,,,-0.00028543,0.024000001
,,,-0.00028542,0.024000001
,,,-0.00028541,0.022400001
,,,-0.0002854,0.024800001
,,,-0.00028539,0.024000001
,,,-0.00028538,0.024000001
,,,-0.00028537,0.025600002
,,,-0.00028536,0.024000001
,,,-0.00028535,0.024800001
,,,-0.00028534,0.024000001
,,,-0.00028533,0.023200001
,,,-0.00028532,0.025600002
,,,-0.00028531,0.024800001
,,,-0.0002853,0.025600002
,,,-0.00028529,0.024000001
,,,-0.00028528,0.024800001
,,,-0.00028527,0.024800001
,,,-0.00028526,0.024800001
,,,-0.00028525,0.024800001
,,,-0.00028524,0.024000001
,,,-0.00028523,0.022400001
,,,-0.00028522,0.024000001
,,,-0.00028521,0.025600002
,,,-0.0002852,0.024000001
,,,-0.00028519,0.024000001
,,,-0.00028518,0.024800001
,,,-0.00028517,0.023200001
,,,-0.00028516,0.024800001
,,,-0.00028515,0.024800001
,,,-0.00028514,0.024800001
,,,-0.00028513,0.025600002
,,,-0.00028512,0.024000001
,,,-0.00028511,0.023200001
,,,-0.0002851,0.022400001
,,,-0.00028509,0.025600002
,,,-0.00028508,0.023200001
,,,-0.00028507,0.024000001
,,,-0.00028506,0.021600001
,,,-0.00028505,0.024800001
,,,-0.00028504,0.024800001
,,,-0.00028503,0.024000001
,,,-0.00028502,0.024000001
,,,-0.00028501,0.024000001
,,,-0.000285,0.024800001
,,,-0.00028499,0.023200001
,,,-0.00028498,0.024000001
,,,-0.00028497,0.024000001
,,,-0.00028496,0.024000001
,,,-0.00028495,0.023200001
,,,-0.00028494,0.024000001
,,,-0.00028493,0.024000001
,,,-0.00028492,0.024000001
,,,-0.00028491,0.024000001
,,,-0.0002849,0.024800001
,,,-0.00028489,0.024800001
,,,-0.00028488,0.024000001
,,,-0.00028487,0.023200001
,,,-0.00028486,0.024000001
,,,-0.00028485,0.024000001
,,,-0.00028484,0.024000001
,,,-0.00028483,0.024000001
,,,-0.00028482,0.024800001
,,,-0.00028481,0.024000001
,,,-0.0002848,0.024000001
,,,-0.00028479,0.025600002
,,,-0.00028478,0.024000001
,,,-0.00028477,0.025600002
,,,-0.00028476,0.024800001
,,,-0.00028475,0.024800001
,,,-0.00028474,0.024000001
,,,-0.00028473,0.024000001
,,,-0.00028472,0.024800001
,,,-0.00028471,0.024000001
,,,-0.0002847,0.025600002
,,,-0.00028469,0.024800001
,,,-0.00028468,0.024000001
,,,-0.00028467,0.024800001
,,,-0.00028466,0.024000001
,,,-0.00028465,0.024800001
,,,-0.00028464,0.024000001
,,,-0.00028463,0.023200001
,,,-0.00028462,0.023200001
,,,-0.00028461,0.024000001
,,,-0.0002846,0.024000001
,,,-0.00028459,0.024800001
,,,-0.00028458,0.024800001
,,,-0.00028457,0.024800001
,,,-0.00028456,0.024000001
,,,-0.00028455,0.024800001
,,,-0.00028454,0.024000001
,,,-0.00028453,0.024000001
,,,-0.00028452,0.023200001
,,,-0.00028451,0.027200002
,,,-0.0002845,0.024000001
,,,-0.00028449,0.024000001
,,,-0.00028448,0.024000001
,,,-0.00028447,0.024000001
,,,-0.00028446,0.024800001
,,,-0.00028445,0.024000001
,,,-0.00028444,0.024800001
,,,-0.00028443,0.024800001
,,,-0.00028442,0.024000001
,,,-0.00028441,0.024000001
,,,-0.0002844,0.024800001
,,,-0.00028439,0.024000001
,,,-0.00028438,0.024800001
,,,-0.00028437,0.025600002
,,,-0.00028436,0.024800001
,,,-0.00028435,0.023200001
,,,-0.00028434,0.024000001
,,,-0.00028433,0.024000001
,,,-0.00028432,0.024000001
,,,-0.00028431,0.023200001
,,,-0.0002843,0.024000001
,,,-0.00028429,0.024800001
,,,-0.00028428,0.024000001
,,,-0.00028427,0.024800001
,,,-0.00028426,0.024800001
,,,-0.00028425,0.025600002
,,,-0.00028424,0.023200001
,,,-0.00028423,0.024000001
,,,-0.00028422,0.023200001
,,,-0.00028421,0.024000001
,,,-0.0002842,0.024000001
,,,-0.00028419,0.024000001
,,,-0.00028418,0.024000001
,,,-0.00028417,0.024000001
,,,-0.00028416,0.024000001
,,,-0.00028415,0.025600002
,,,-0.00028414,0.025600002
,,,-0.00028413,0.024800001
,,,-0.00028412,0.024000001
,,,-0.00028411,0.026400002
,,,-0.0002841,0.023200001
,,,-0.00028409,0.024000001
,,,-0.00028408,0.024800001
,,,-0.00028407,0.024000001
,,,-0.00028406,0.024800001
,,,-0.00028405,0.025600002
,,,-0.00028404,0.024000001
,,,-0.00028403,0.024000001
,,,-0.00028402,0.025600002
,,,-0.00028401,0.024800001
,,,-0.000284,0.024800001
,,,-0.00028399,0.022400001
,,,-0.00028398,0.024800001
,,,-0.00028397,0.023200001
,,,-0.00028396,0.023200001
,,,-0.00028395,0.024800001
,,,-0.00028394,0.024800001
,,,-0.00028393,0.023200001
,,,-0.00028392,0.024000001
,,,-0.00028391,0.024000001
,,,-0.0002839,0.025600002
,,,-0.00028389,0.024000001
,,,-0.00028388,0.024000001
,,,-0.00028387,0.025600002
,,,-0.00028386,0.024000001
,,,-0.00028385,0.024000001
,,,-0.00028384,0.024000001
,,,-0.00028383,0.024000001
,,,-0.00028382,0.024000001
,,,-0.00028381,0.024000001
,,,-0.0002838,0.024800001
,,,-0.00028379,0.024800001
,,,-0.00028378,0.024000001
,,,-0.00028377,0.024800001
,,,-0.00028376,0.024800001
,,,-0.00028375,0.023200001
,,,-0.00028374,0.025600002
,,,-0.00028373,0.025600002
,,,-0.00028372,0.025600002
,,,-0.00028371,0.024000001
,,,-0.0002837,0.024000001
,,,-0.00028369,0.024000001
,,,-0.00028368,0.023200001
,,,-0.00028367,0.024000001
,,,-0.00028366,0.024800001
,,,-0.00028365,0.024800001
,,,-0.00028364,0.023200001
,,,-0.00028363,0.023200001
,,,-0.00028362,0.024800001
,,,-0.00028361,0.024000001
,,,-0.0002836,0.024800001
,,,-0.00028359,0.022400001
,,,-0.00028358,0.023200001
,,,-0.00028357,0.023200001
,,,-0.00028356,0.024800001
,,,-0.00028355,0.024000001
,,,-0.00028354,0.024800001
,,,-0.00028353,0.024800001
,,,-0.00028352,0.024000001
,,,-0.00028351,0.024000001
,,,-0.0002835,0.022400001
,,,-0.00028349,0.024000001
,,,-0.00028348,0.023200001
,,,-0.00028347,0.024000001
,,,-0.00028346,0.022400001
,,,-0.00028345,0.026400002
,,,-0.00028344,0.024800001
,,,-0.00028343,0.024800001
,,,-0.00028342,0.023200001
,,,-0.00028341,0.023200001
,,,-0.0002834,0.024000001
,,,-0.00028339,0.024000001
,,,-0.00028338,0.023200001
,,,-0.00028337,0.024800001
,,,-0.00028336,0.023200001
,,,-0.00028335,0.024000001
,,,-0.00028334,0.024800001
,,,-0.00028333,0.024000001
,,,-0.00028332,0.024800001
,,,-0.00028331,0.024000001
,,,-0.0002833,0.022400001
,,,-0.00028329,0.024000001
,,,-0.00028328,0.026400002
,,,-0.00028327,0.024800001
,,,-0.00028326,0.024000001
,,,-0.00028325,0.024800001
,,,-0.00028324,0.024800001
,,,-0.00028323,0.024800001
,,,-0.00028322,0.023200001
,,,-0.00028321,0.024000001
,,,-0.0002832,0.025600002
,,,-0.00028319,0.024000001
,,,-0.00028318,0.025600002
,,,-0.00028317,0.024800001
,,,-0.00028316,0.024000001
,,,-0.00028315,0.023200001
,,,-0.00028314,0.024000001
,,,-0.00028313,0.024000001
,,,-0.00028312,0.024000001
,,,-0.00028311,0.024000001
,,,-0.0002831,0.024800001
,,,-0.00028309,0.025600002
,,,-0.00028308,0.024000001
,,,-0.00028307,0.024000001
,,,-0.00028306,0.023200001
,,,-0.00028305,0.024000001
,,,-0.00028304,0.024000001
,,,-0.00028303,0.024800001
,,,-0.00028302,0.024000001
,,,-0.00028301,0.024800001
,,,-0.000283,0.022400001
,,,-0.00028299,0.024000001
,,,-0.00028298,0.025600002
,,,-0.00028297,0.024800001
,,,-0.00028296,0.024800001
,,,-0.00028295,0.024000001
,,,-0.00028294,0.023200001
,,,-0.00028293,0.024000001
,,,-0.00028292,0.024800001
,,,-0.00028291,0.024000001
,,,-0.0002829,0.022400001
,,,-0.00028289,0.024000001
,,,-0.00028288,0.022400001
,,,-0.00028287,0.025600002
,,,-0.00028286,0.024800001
,,,-0.00028285,0.024000001
,,,-0.00028284,0.024000001
,,,-0.00028283,0.023200001
,,,-0.00028282,0.024000001
,,,-0.00028281,0.024800001
,,,-0.0002828,0.025600002
,,,-0.00028279,0.024000001
,,,-0.00028278,0.024000001
,,,-0.00028277,0.024000001
,,,-0.00028276,0.024800001
,,,-0.00028275,0.024000001
,,,-0.00028274,0.025600002
,,,-0.00028273,0.023200001
,,,-0.00028272,0.024800001
,,,-0.00028271,0.027200002
,,,-0.0002827,0.024000001
,,,-0.00028269,0.024000001
,,,-0.00028268,0.025600002
,,,-0.00028267,0.024800001
,,,-0.00028266,0.024800001
,,,-0.00028265,0.024000001
,,,-0.00028264,0.022400001
,,,-0.00028263,0.025600002
,,,-0.00028262,0.024000001
,,,-0.00028261,0.022400001
,,,-0.0002826,0.024000001
,,,-0.00028259,0.023200001
,,,-0.00028258,0.022400001
,,,-0.00028257,0.024800001
,,,-0.00028256,0.024800001
,,,-0.00028255,0.023200001
,,,-0.00028254,0.024800001
,,,-0.00028253,0.024000001
,,,-0.00028252,0.024000001
,,,-0.00028251,0.025600002
,,,-0.0002825,0.023200001
,,,-0.00028249,0.024000001
,,,-0.00028248,0.024000001
,,,-0.00028247,0.024800001
,,,-0.00028246,0.024800001
,,,-0.00028245,0.023200001
,,,-0.00028244,0.024800001
,,,-0.00028243,0.024800001
,,,-0.00028242,0.024000001
,,,-0.00028241,0.024800001
,,,-0.0002824,0.024000001
,,,-0.00028239,0.024800001
,,,-0.00028238,0.024000001
,,,-0.00028237,0.024000001
,,,-0.00028236,0.026400002
,,,-0.00028235,0.025600002
,,,-0.00028234,0.024000001
,,,-0.00028233,0.024800001
,,,-0.00028232,0.025600002
,,,-0.00028231,0.023200001
,,,-0.0002823,0.024000001
,,,-0.00028229,0.025600002
,,,-0.00028228,0.024000001
,,,-0.00028227,0.022400001
,,,-0.00028226,0.024000001
,,,-0.00028225,0.024800001
,,,-0.00028224,0.024000001
,,,-0.00028223,0.024800001
,,,-0.00028222,0.025600002
,,,-0.00028221,0.024000001
,,,-0.0002822,0.025600002
,,,-0.00028219,0.024000001
,,,-0.00028218,0.024800001
,,,-0.00028217,0.024000001
,,,-0.00028216,0.024800001
,,,-0.00028215,0.024800001
,,,-0.00028214,0.023200001
,,,-0.00028213,0.024800001
,,,-0.00028212,0.026400002
,,,-0.00028211,0.023200001
,,,-0.0002821,0.023200001
,,,-0.00028209,0.022400001
,,,-0.00028208,0.025600002
,,,-0.00028207,0.024000001
,,,-0.00028206,0.025600002
,,,-0.00028205,0.024000001
,,,-0.00028204,0.024000001
,,,-0.00028203,0.023200001
,,,-0.00028202,0.024000001
,,,-0.00028201,0.024000001
,,,-0.000282,0.024000001
,,,-0.00028199,0.025600002
,,,-0.00028198,0.024000001
,,,-0.00028197,0.024800001
,,,-0.00028196,0.024800001
,,,-0.00028195,0.024000001
,,,-0.00028194,0.024000001
,,,-0.00028193,0.024000001
,,,-0.00028192,0.024800001
,,,-0.00028191,0.023200001
,,,-0.0002819,0.024000001
,,,-0.00028189,0.024000001
,,,-0.00028188,0.024800001
,,,-0.00028187,0.024000001
,,,-0.00028186,0.024000001
,,,-0.00028185,0.025600002
,,,-0.00028184,0.024800001
,,,-0.00028183,0.024000001
,,,-0.00028182,0.025600002
,,,-0.00028181,0.024000001
,,,-0.0002818,0.024800001
,,,-0.00028179,0.024000001
,,,-0.00028178,0.024000001
,,,-0.00028177,0.024000001
,,,-0.00028176,0.023200001
,,,-0.00028175,0.024000001
,,,-0.00028174,0.024000001
,,,-0.00028173,0.023200001
,,,-0.00028172,0.024000001
,,,-0.00028171,0.026400002
,,,-0.0002817,0.024000001
,,,-0.00028169,0.024000001
,,,-0.00028168,0.024000001
,,,-0.00028167,0.022400001
,,,-0.00028166,0.024000001
,,,-0.00028165,0.024000001
,,,-0.00028164,0.023200001
,,,-0.00028163,0.024800001
,,,-0.00028162,0.021600001
,,,-0.00028161,0.025600002
,,,-0.0002816,0.024000001
,,,-0.00028159,0.024000001
,,,-0.00028158,0.023200001
,,,-0.00028157,0.024000001
,,,-0.00028156,0.024000001
,,,-0.00028155,0.024000001
,,,-0.00028154,0.024000001
,,,-0.00028153,0.024000001
,,,-0.00028152,0.024800001
,,,-0.00028151,0.025600002
,,,-0.0002815,0.024000001
,,,-0.00028149,0.024000001
,,,-0.00028148,0.023200001
,,,-0.00028147,0.024800001
,,,-0.00028146,0.024000001
,,,-0.00028145,0.024000001
,,,-0.00028144,0.023200001
,,,-0.00028143,0.024800001
,,,-0.00028142,0.024800001
,,,-0.00028141,0.023200001
,,,-0.0002814,0.024000001
,,,-0.00028139,0.024000001
,,,-0.00028138,0.024000001
,,,-0.00028137,0.026400002
,,,-0.00028136,0.025600002
,,,-0.00028135,0.024000001
,,,-0.00028134,0.023200001
,,,-0.00028133,0.024000001
,,,-0.00028132,0.024800001
,,,-0.00028131,0.024000001
,,,-0.0002813,0.025600002
,,,-0.00028129,0.023200001
,,,-0.00028128,0.024000001
,,,-0.00028127,0.024000001
,,,-0.00028126,0.024000001
,,,-0.00028125,0.024000001
,,,-0.00028124,0.024000001
,,,-0.00028123,0.023200001
,,,-0.00028122,0.024000001
,,,-0.00028121,0.023200001
,,,-0.0002812,0.024000001
,,,-0.00028119,0.023200001
,,,-0.00028118,0.025600002
,,,-0.00028117,0.024800001
,,,-0.00028116,0.023200001
,,,-0.00028115,0.024000001
,,,-0.00028114,0.025600002
,,,-0.00028113,0.024800001
,,,-0.00028112,0.023200001
,,,-0.00028111,0.024000001
,,,-0.0002811,0.024000001
,,,-0.00028109,0.026400002
,,,-0.00028108,0.024800001
,,,-0.00028107,0.025600002
,,,-0.00028106,0.025600002
,,,-0.00028105,0.024000001
,,,-0.00028104,0.024800001
,,,-0.00028103,0.024800001
,,,-0.00028102,0.024000001
,,,-0.00028101,0.024000001
,,,-0.000281,0.024800001
,,,-0.00028099,0.024000001
,,,-0.00028098,0.024000001
,,,-0.00028097,0.024000001
,,,-0.00028096,0.025600002
,,,-0.00028095,0.024800001
,,,-0.00028094,0.025600002
,,,-0.00028093,0.024800001
,,,-0.00028092,0.023200001
,,,-0.00028091,0.024000001
,,,-0.0002809,0.023200001
,,,-0.00028089,0.026400002
,,,-0.00028088,0.024000001
,,,-0.00028087,0.024800001
,,,-0.00028086,0.024000001
,,,-0.00028085,0.024000001
,,,-0.00028084,0.023200001
,,,-0.00028083,0.024800001
,,,-0.00028082,0.024800001
,,,-0.00028081,0.025600002
,,,-0.0002808,0.025600002
,,,-0.00028079,0.024800001
,,,-0.00028078,0.024800001
,,,-0.00028077,0.023200001
,,,-0.00028076,0.024000001
,,,-0.00028075,0.024800001
,,,-0.00028074,0.026400002
,,,-0.00028073,0.024000001
,,,-0.00028072,0.024800001
,,,-0.00028071,0.024000001
,,,-0.0002807,0.024800001
,,,-0.00028069,0.024000001
,,,-0.00028068,0.024800001
,,,-0.00028067,0.024000001
,,,-0.00028066,0.023200001
,,,-0.00028065,0.024000001
,,,-0.00028064,0.023200001
,,,-0.00028063,0.023200001
,,,-0.00028062,0.024800001
,,,-0.00028061,0.024000001
,,,-0.0002806,0.024800001
,,,-0.00028059,0.024000001
,,,-0.00028058,0.024000001
,,,-0.00028057,0.022400001
,,,-0.00028056,0.023200001
,,,-0.00028055,0.023200001
,,,-0.00028054,0.024000001
,,,-0.00028053,0.024000001
,,,-0.00028052,0.024000001
,,,-0.00028051,0.025600002
,,,-0.0002805,0.023200001
,,,-0.00028049,0.025600002
,,,-0.00028048,0.024000001
,,,-0.00028047,0.025600002
,,,-0.00028046,0.024000001
,,,-0.00028045,0.024000001
,,,-0.00028044,0.023200001
,,,-0.00028043,0.024000001
,,,-0.00028042,0.024000001
,,,-0.00028041,0.024800001
,,,-0.0002804,0.024000001
,,,-0.00028039,0.025600002
,,,-0.00028038,0.022400001
,,,-0.00028037,0.022400001
,,,-0.00028036,0.024000001
,,,-0.00028035,0.024000001
,,,-0.00028034,0.024800001
,,,-0.00028033,0.024800001
,,,-0.00028032,0.021600001
,,,-0.00028031,0.025600002
,,,-0.0002803,0.023200001
,,,-0.00028029,0.023200001
,,,-0.00028028,0.025600002
,,,-0.00028027,0.025600002
,,,-0.00028026,0.023200001
,,,-0.00028025,0.026400002
,,,-0.00028024,0.024800001
,,,-0.00028023,0.023200001
,,,-0.00028022,0.023200001
,,,-0.00028021,0.024800001
,,,-0.0002802,0.024000001
,,,-0.00028019,0.024000001
,,,-0.00028018,0.024800001
,,,-0.00028017,0.025600002
,,,-0.00028016,0.024000001
,,,-0.00028015,0.024800001
,,,-0.00028014,0.024800001
,,,-0.00028013,0.024000001
,,,-0.00028012,0.024000001
,,,-0.00028011,0.022400001
,,,-0.0002801,0.024800001
,,,-0.00028009,0.022400001
,,,-0.00028008,0.024800001
,,,-0.00028007,0.024000001
,,,-0.00028006,0.024800001
,,,-0.00028005,0.023200001
,,,-0.00028004,0.026400002
,,,-0.00028003,0.023200001
,,,-0.00028002,0.024000001
,,,-0.00028001,0.026400002
,,,-0.00028,0.025600002
,,,-0.00027999,0.023200001
,,,-0.00027998,0.024800001
,,,-0.00027997,0.024000001
,,,-0.00027996,0.025600002
,,,-0.00027995,0.024800001
,,,-0.00027994,0.024000001
,,,-0.00027993,0.023200001
,,,-0.00027992,0.024000001
,,,-0.00027991,0.024000001
,,,-0.0002799,0.023200001
,,,-0.00027989,0.024000001
,,,-0.00027988,0.024800001
,,,-0.00027987,0.024000001
,,,-0.00027986,0.024000001
,,,-0.00027985,0.024000001
,,,-0.00027984,0.024000001
,,,-0.00027983,0.023200001
,,,-0.00027982,0.025600002
,,,-0.00027981,0.024000001
,,,-0.0002798,0.025600002
,,,-0.00027979,0.025600002
,,,-0.00027978,0.024800001
,,,-0.00027977,0.024000001
,,,-0.00027976,0.024000001
,,,-0.00027975,0.024000001
,,,-0.00027974,0.023200001
,,,-0.00027973,0.024800001
,,,-0.00027972,0.025600002
,,,-0.00027971,0.024000001
,,,-0.0002797,0.025600002
,,,-0.00027969,0.023200001
,,,-0.00027968,0.024000001
,,,-0.00027967,0.024800001
,,,-0.00027966,0.024800001
,,,-0.00027965,0.024000001
,,,-0.00027964,0.025600002
,,,-0.00027963,0.024800001
,,,-0.00027962,0.025600002
,,,-0.00027961,0.024000001
,,,-0.0002796,0.024000001
,,,-0.00027959,0.023200001
,,,-0.00027958,0.024000001
,,,-0.00027957,0.024800001
,,,-0.00027956,0.023200001
,,,-0.00027955,0.024800001
,,,-0.00027954,0.025600002
,,,-0.00027953,0.024000001
,,,-0.00027952,0.024000001
,,,-0.00027951,0.024000001
,,,-0.0002795,0.024000001
,,,-0.00027949,0.024000001
,,,-0.00027948,0.024800001
,,,-0.00027947,0.024000001
,,,-0.00027946,0.024000001
,,,-0.00027945,0.024000001
,,,-0.00027944,0.024800001
,,,-0.00027943,0.024000001
,,,-0.00027942,0.024000001
,,,-0.00027941,0.024800001
,,,-0.0002794,0.022400001
,,,-0.00027939,0.024000001
,,,-0.00027938,0.025600002
,,,-0.00027937,0.027200002
,,,-0.00027936,0.023200001
,,,-0.00027935,0.025600002
,,,-0.00027934,0.022400001
,,,-0.00027933,0.023200001
,,,-0.00027932,0.024000001
,,,-0.00027931,0.024000001
,,,-0.0002793,0.025600002
,,,-0.00027929,0.023200001
,,,-0.00027928,0.024800001
,,,-0.00027927,0.024000001
,,,-0.00027926,0.024000001
,,,-0.00027925,0.022400001
,,,-0.00027924,0.022400001
,,,-0.00027923,0.024000001
,,,-0.00027922,0.024000001
,,,-0.00027921,0.024800001
,,,-0.0002792,0.023200001
,,,-0.00027919,0.023200001
,,,-0.00027918,0.024000001
,,,-0.00027917,0.025600002
,,,-0.00027916,0.025600002
,,,-0.00027915,0.024000001
,,,-0.00027914,0.024800001
,,,-0.00027913,0.024000001
,,,-0.00027912,0.025600002
,,,-0.00027911,0.024000001
,,,-0.0002791,0.024000001
,,,-0.00027909,0.023200001
,,,-0.00027908,0.024800001
,,,-0.00027907,0.024000001
,,,-0.00027906,0.024800001
,,,-0.00027905,0.023200001
,,,-0.00027904,0.024000001
,,,-0.00027903,0.024000001
,,,-0.00027902,0.024000001
,,,-0.00027901,0.024000001
,,,-0.000279,0.024000001
,,,-0.00027899,0.023200001
,,,-0.00027898,0.023200001
,,,-0.00027897,0.021600001
,,,-0.00027896,0.024800001
,,,-0.00027895,0.024000001
,,,-0.00027894,0.024800001
,,,-0.00027893,0.026400002
,,,-0.00027892,0.023200001
,,,-0.00027891,0.026400002
,,,-0.0002789,0.024000001
,,,-0.00027889,0.024800001
,,,-0.00027888,0.023200001
,,,-0.00027887,0.024800001
,,,-0.00027886,0.023200001
,,,-0.00027885,0.026400002
,,,-0.00027884,0.027200002
,,,-0.00027883,0.023200001
,,,-0.00027882,0.024000001
,,,-0.00027881,0.024800001
,,,-0.0002788,0.024000001
,,,-0.00027879,0.024800001
,,,-0.00027878,0.022400001
,,,-0.00027877,0.023200001
,,,-0.00027876,0.025600002
,,,-0.00027875,0.024000001
,,,-0.00027874,0.024000001
,,,-0.00027873,0.024000001
,,,-0.00027872,0.024000001
,,,-0.00027871,0.024800001
,,,-0.0002787,0.024000001
,,,-0.00027869,0.024000001
,,,-0.00027868,0.024000001
,,,-0.00027867,0.024800001
,,,-0.00027866,0.024800001
,,,-0.00027865,0.024000001
,,,-0.00027864,0.024800001
,,,-0.00027863,0.025600002
,,,-0.00027862,0.025600002
,,,-0.00027861,0.024800001
,,,-0.0002786,0.024000001
,,,-0.00027859,0.024000001
,,,-0.00027858,0.025600002
,,,-0.00027857,0.022400001
,,,-0.00027856,0.024000001
,,,-0.00027855,0.023200001
,,,-0.00027854,0.024800001
,,,-0.00027853,0.024000001
,,,-0.00027852,0.023200001
,,,-0.00027851,0.024000001
,,,-0.0002785,0.024000001
,,,-0.00027849,0.025600002
,,,-0.00027848,0.025600002
,,,-0.00027847,0.023200001
,,,-0.00027846,0.024800001
,,,-0.00027845,0.025600002
,,,-0.00027844,0.023200001
,,,-0.00027843,0.021600001
,,,-0.00027842,0.024000001
,,,-0.00027841,0.024800001
,,,-0.0002784,0.023200001
,,,-0.00027839,0.026400002
,,,-0.00027838,0.025600002
,,,-0.00027837,0.023200001
,,,-0.00027836,0.024800001
,,,-0.00027835,0.024800001
,,,-0.00027834,0.024800001
,,,-0.00027833,0.024000001
,,,-0.00027832,0.024800001
,,,-0.00027831,0.025600002
,,,-0.0002783,0.024000001
,,,-0.00027829,0.024000001
,,,-0.00027828,0.024000001
,,,-0.00027827,0.023200001
,,,-0.00027826,0.024000001
,,,-0.00027825,0.022400001
,,,-0.00027824,0.025600002
,,,-0.00027823,0.024800001
,,,-0.00027822,0.024800001
,,,-0.00027821,0.023200001
,,,-0.0002782,0.024800001
,,,-0.00027819,0.024000001
,,,-0.00027818,0.024000001
,,,-0.00027817,0.024800001
,,,-0.00027816,0.024000001
,,,-0.00027815,0.024800001
,,,-0.00027814,0.025600002
,,,-0.00027813,0.024000001
,,,-0.00027812,0.024000001
,,,-0.00027811,0.023200001
,,,-0.0002781,0.025600002
,,,-0.00027809,0.024000001
,,,-0.00027808,0.024000001
,,,-0.00027807,0.024000001
,,,-0.00027806,0.025600002
,,,-0.00027805,0.024000001
,,,-0.00027804,0.024800001
,,,-0.00027803,0.024000001
,,,-0.00027802,0.023200001
,,,-0.00027801,0.024000001
,,,-0.000278,0.024000001
,,,-0.00027799,0.024800001
,,,-0.00027798,0.025600002
,,,-0.00027797,0.023200001
,,,-0.00027796,0.024800001
,,,-0.00027795,0.024800001
,,,-0.00027794,0.024000001
,,,-0.00027793,0.024000001
,,,-0.00027792,0.024000001
,,,-0.00027791,0.025600002
,,,-0.0002779,0.024800001
,,,-0.00027789,0.024000001
,,,-0.00027788,0.024000001
,,,-0.00027787,0.024000001
,,,-0.00027786,0.024800001
,,,-0.00027785,0.025600002
,,,-0.00027784,0.023200001
,,,-0.00027783,0.025600002
,,,-0.00027782,0.024800001
,,,-0.00027781,0.024000001
,,,-0.0002778,0.024000001
,,,-0.00027779,0.024800001
,,,-0.00027778,0.024800001
,,,-0.00027777,0.024000001
,,,-0.00027776,0.024000001
,,,-0.00027775,0.023200001
,,,-0.00027774,0.024000001
,,,-0.00027773,0.024000001
,,,-0.00027772,0.024000001
,,,-0.00027771,0.027200002
,,,-0.0002777,0.025600002
,,,-0.00027769,0.024000001
,,,-0.00027768,0.024800001
,,,-0.00027767,0.024000001
,,,-0.00027766,0.025600002
,,,-0.00027765,0.024800001
,,,-0.00027764,0.024000001
,,,-0.00027763,0.025600002
,,,-0.00027762,0.027200002
,,,-0.00027761,0.024800001
,,,-0.0002776,0.024800001
,,,-0.00027759,0.022400001
,,,-0.00027758,0.024800001
,,,-0.00027757,0.024000001
,,,-0.00027756,0.024000001
,,,-0.00027755,0.024800001
,,,-0.00027754,0.024000001
,,,-0.00027753,0.024000001
,,,-0.00027752,0.023200001
,,,-0.00027751,0.024000001
,,,-0.0002775,0.024000001
,,,-0.00027749,0.024000001
,,,-0.00027748,0.024800001
,,,-0.00027747,0.025600002
,,,-0.00027746,0.024000001
,,,-0.00027745,0.024000001
,,,-0.00027744,0.024000001
,,,-0.00027743,0.023200001
,,,-0.00027742,0.023200001
,,,-0.00027741,0.024800001
,,,-0.0002774,0.023200001
,,,-0.00027739,0.024000001
,,,-0.00027738,0.024800001
,,,-0.00027737,0.026400002
,,,-0.00027736,0.024000001
,,,-0.00027735,0.024000001
,,,-0.00027734,0.026400002
,,,-0.00027733,0.022400001
,,,-0.00027732,0.024800001
,,,-0.00027731,0.023200001
,,,-0.0002773,0.024000001
,,,-0.00027729,0.024000001
,,,-0.00027728,0.022400001
,,,-0.00027727,0.023200001
,,,-0.00027726,0.024000001
,,,-0.00027725,0.024000001
,,,-0.00027724,0.025600002
,,,-0.00027723,0.024000001
,,,-0.00027722,0.025600002
,,,-0.00027721,0.024800001
,,,-0.0002772,0.024800001
,,,-0.00027719,0.024000001
,,,-0.00027718,0.024000001
,,,-0.00027717,0.024000001
,,,-0.00027716,0.024800001
,,,-0.00027715,0.022400001
,,,-0.00027714,0.024800001
,,,-0.00027713,0.024800001
,,,-0.00027712,0.024000001
,,,-0.00027711,0.024000001
,,,-0.0002771,0.024800001
,,,-0.00027709,0.024800001
,,,-0.00027708,0.025600002
,,,-0.00027707,0.023200001
,,,-0.00027706,0.022400001
,,,-0.00027705,0.024800001
,,,-0.00027704,0.024800001
,,,-0.00027703,0.024800001
,,,-0.00027702,0.024000001
,,,-0.00027701,0.024000001
,,,-0.000277,0.024000001
,,,-0.00027699,0.024000001
,,,-0.00027698,0.024000001
,,,-0.00027697,0.023200001
,,,-0.00027696,0.024000001
,,,-0.00027695,0.025600002
,,,-0.00027694,0.025600002
,,,-0.00027693,0.024000001
,,,-0.00027692,0.024800001
,,,-0.00027691,0.022400001
,,,-0.0002769,0.024000001
,,,-0.00027689,0.023200001
,,,-0.00027688,0.024000001
,,,-0.00027687,0.024000001
,,,-0.00027686,0.023200001
,,,-0.00027685,0.025600002
,,,-0.00027684,0.024000001
,,,-0.00027683,0.023200001
,,,-0.00027682,0.024000001
,,,-0.00027681,0.025600002
,,,-0.0002768,0.022400001
,,,-0.00027679,0.024000001
,,,-0.00027678,0.024000001
,,,-0.00027677,0.024000001
,,,-0.00027676,0.024000001
,,,-0.00027675,0.024800001
,,,-0.00027674,0.023200001
,,,-0.00027673,0.024000001
,,,-0.00027672,0.024000001
,,,-0.00027671,0.023200001
,,,-0.0002767,0.024000001
,,,-0.00027669,0.024000001
,,,-0.00027668,0.024800001
,,,-0.00027667,0.023200001
,,,-0.00027666,0.024000001
,,,-0.00027665,0.026400002
,,,-0.00027664,0.024000001
,,,-0.00027663,0.025600002
,,,-0.00027662,0.023200001
,,,-0.00027661,0.024800001
,,,-0.0002766,0.024000001
,,,-0.00027659,0.024000001
,,,-0.00027658,0.024000001
,,,-0.00027657,0.024800001
,,,-0.00027656,0.024000001
,,,-0.00027655,0.024000001
,,,-0.00027654,0.025600002
,,,-0.00027653,0.024800001
,,,-0.00027652,0.024000001
,,,-0.00027651,0.021600001
,,,-0.0002765,0.023200001
,,,-0.00027649,0.025600002
,,,-0.00027648,0.024000001
,,,-0.00027647,0.023200001
,,,-0.00027646,0.024000001
,,,-0.00027645,0.024000001
,,,-0.00027644,0.025600002
,,,-0.00027643,0.024000001
,,,-0.00027642,0.024000001
,,,-0.00027641,0.023200001
,,,-0.0002764,0.024800001
,,,-0.00027639,0.024000001
,,,-0.00027638,0.025600002
,,,-0.00027637,0.024000001
,,,-0.00027636,0.024800001
,,,-0.00027635,0.024000001
,,,-0.00027634,0.024000001
,,,-0.00027633,0.024000001
,,,-0.00027632,0.024800001
,,,-0.00027631,0.025600002
,,,-0.0002763,0.024000001
,,,-0.00027629,0.023200001
,,,-0.00027628,0.023200001
,,,-0.00027627,0.023200001
,,,-0.00027626,0.024000001
,,,-0.00027625,0.024000001
,,,-0.00027624,0.024800001
,,,-0.00027623,0.024000001
,,,-0.00027622,0.021600001
,,,-0.00027621,0.023200001
,,,-0.0002762,0.024800001
,,,-0.00027619,0.024800001
,,,-0.00027618,0.024000001
,,,-0.00027617,0.024800001
,,,-0.00027616,0.023200001
,,,-0.00027615,0.024800001
,,,-0.00027614,0.024800001
,,,-0.00027613,0.023200001
,,,-0.00027612,0.021600001
,,,-0.00027611,0.024800001
,,,-0.0002761,0.024000001
,,,-0.00027609,0.024800001
,,,-0.00027608,0.024800001
,,,-0.00027607,0.024000001
,,,-0.00027606,0.023200001
,,,-0.00027605,0.024000001
,,,-0.00027604,0.024000001
,,,-0.00027603,0.023200001
,,,-0.00027602,0.024000001
,,,-0.00027601,0.024000001
,,,-0.000276,0.024000001
,,,-0.00027599,0.024000001
,,,-0.00027598,0.024000001
,,,-0.00027597,0.025600002
,,,-0.00027596,0.023200001
,,,-0.00027595,0.024000001
,,,-0.00027594,0.024000001
,,,-0.00027593,0.023200001
,,,-0.00027592,0.023200001
,,,-0.00027591,0.024000001
,,,-0.0002759,0.024000001
,,,-0.00027589,0.024000001
,,,-0.00027588,0.024000001
,,,-0.00027587,0.024800001
,,,-0.00027586,0.024000001
,,,-0.00027585,0.024800001
,,,-0.00027584,0.024000001
,,,-0.00027583,0.024000001
,,,-0.00027582,0.026400002
,,,-0.00027581,0.024800001
,,,-0.0002758,0.024800001
,,,-0.00027579,0.024800001
,,,-0.00027578,0.024800001
,,,-0.00027577,0.022400001
,,,-0.00027576,0.024800001
,,,-0.00027575,0.024000001
,,,-0.00027574,0.024000001
,,,-0.00027573,0.023200001
,,,-0.00027572,0.024800001
,,,-0.00027571,0.024800001
,,,-0.0002757,0.024800001
,,,-0.00027569,0.025600002
,,,-0.00027568,0.024800001
,,,-0.00027567,0.024800001
,,,-0.00027566,0.024000001
,,,-0.00027565,0.024800001
,,,-0.00027564,0.024800001
,,,-0.00027563,0.024000001
,,,-0.00027562,0.024000001
,,,-0.00027561,0.024000001
,,,-0.0002756,0.024000001
,,,-0.00027559,0.024800001
,,,-0.00027558,0.025600002
,,,-0.00027557,0.024800001
,,,-0.00027556,0.024000001
,,,-0.00027555,0.024000001
,,,-0.00027554,0.024000001
,,,-0.00027553,0.024000001
,,,-0.00027552,0.024000001
,,,-0.00027551,0.024000001
,,,-0.0002755,0.023200001
,,,-0.00027549,0.023200001
,,,-0.00027548,0.024800001
,,,-0.00027547,0.024000001
,,,-0.00027546,0.024000001
,,,-0.00027545,0.024000001
,,,-0.00027544,0.024000001
,,,-0.00027543,0.024800001
,,,-0.00027542,0.024000001
,,,-0.00027541,0.025600002
,,,-0.0002754,0.024000001
,,,-0.00027539,0.026400002
,,,-0.00027538,0.024000001
,,,-0.00027537,0.023200001
,,,-0.00027536,0.023200001
,,,-0.00027535,0.024000001
,,,-0.00027534,0.024000001
,,,-0.00027533,0.023200001
,,,-0.00027532,0.024000001
,,,-0.00027531,0.022400001
,,,-0.0002753,0.024800001
,,,-0.00027529,0.024800001
,,,-0.00027528,0.024000001
,,,-0.00027527,0.022400001
,,,-0.00027526,0.024000001
,,,-0.00027525,0.024000001
,,,-0.00027524,0.024800001
,,,-0.00027523,0.024000001
,,,-0.00027522,0.024000001
,,,-0.00027521,0.025600002
,,,-0.0002752,0.024000001
,,,-0.00027519,0.024800001
,,,-0.00027518,0.024000001
,,,-0.00027517,0.023200001
,,,-0.00027516,0.024000001
,,,-0.00027515,0.024000001
,,,-0.00027514,0.024000001
,,,-0.00027513,0.024800001
,,,-0.00027512,0.025600002
,,,-0.00027511,0.025600002
,,,-0.0002751,0.024800001
,,,-0.00027509,0.024800001
,,,-0.00027508,0.024000001
,,,-0.00027507,0.024000001
,,,-0.00027506,0.024000001
,,,-0.00027505,0.024000001
,,,-0.00027504,0.024000001
,,,-0.00027503,0.024000001
,,,-0.00027502,0.024800001
,,,-0.00027501,0.024000001
,,,-0.000275,0.025600002
,,,-0.00027499,0.024000001
,,,-0.00027498,0.024000001
,,,-0.00027497,0.023200001
,,,-0.00027496,0.023200001
,,,-0.00027495,0.024000001
,,,-0.00027494,0.024000001
,,,-0.00027493,0.024000001
,,,-0.00027492,0.024000001
,,,-0.00027491,0.024000001
,,,-0.0002749,0.023200001
,,,-0.00027489,0.024800001
,,,-0.00027488,0.024000001
,,,-0.00027487,0.024000001
,,,-0.00027486,0.024000001
,,,-0.00027485,0.024000001
,,,-0.00027484,0.024000001
,,,-0.00027483,0.024000001
,,,-0.00027482,0.026400002
,,,-0.00027481,0.024800001
,,,-0.0002748,0.024000001
,,,-0.00027479,0.026400002
,,,-0.00027478,0.024000001
,,,-0.00027477,0.023200001
,,,-0.00027476,0.026400002
,,,-0.00027475,0.024800001
,,,-0.00027474,0.024000001
,,,-0.00027473,0.024000001
,,,-0.00027472,0.024000001
,,,-0.00027471,0.023200001
,,,-0.0002747,0.024800001
,,,-0.00027469,0.024000001
,,,-0.00027468,0.024800001
,,,-0.00027467,0.024000001
,,,-0.00027466,0.023200001
,,,-0.00027465,0.024000001
,,,-0.00027464,0.024000001
,,,-0.00027463,0.024000001
,,,-0.00027462,0.024800001
,,,-0.00027461,0.024000001
,,,-0.0002746,0.024800001
,,,-0.00027459,0.024800001
,,,-0.00027458,0.024800001
,,,-0.00027457,0.025600002
,,,-0.00027456,0.024000001
,,,-0.00027455,0.024000001
,,,-0.00027454,0.024000001
,,,-0.00027453,0.025600002
,,,-0.00027452,0.024800001
,,,-0.00027451,0.025600002
,,,-0.0002745,0.025600002
,,,-0.00027449,0.024000001
,,,-0.00027448,0.024000001
,,,-0.00027447,0.024000001
,,,-0.00027446,0.024800001
,,,-0.00027445,0.023200001
,,,-0.00027444,0.024000001
,,,-0.00027443,0.025600002
,,,-0.00027442,0.024000001
,,,-0.00027441,0.024800001
,,,-0.0002744,0.024000001
,,,-0.00027439,0.024000001
,,,-0.00027438,0.023200001
,,,-0.00027437,0.024000001
,,,-0.00027436,0.024000001
,,,-0.00027435,0.022400001
,,,-0.00027434,0.024000001
,,,-0.00027433,0.024000001
,,,-0.00027432,0.024000001
,,,-0.00027431,0.024800001
,,,-0.0002743,0.024000001
,,,-0.00027429,0.024000001
,,,-0.00027428,0.024800001
,,,-0.00027427,0.024800001
,,,-0.00027426,0.025600002
,,,-0.00027425,0.024800001
,,,-0.00027424,0.022400001
,,,-0.00027423,0.024000001
,,,-0.00027422,0.024800001
,,,-0.00027421,0.023200001
,,,-0.0002742,0.023200001
,,,-0.00027419,0.021600001
,,,-0.00027418,0.024000001
,,,-0.00027417,0.024000001
,,,-0.00027416,0.024800001
,,,-0.00027415,0.024800001
,,,-0.00027414,0.024000001
,,,-0.00027413,0.024000001
,,,-0.00027412,0.024000001
,,,-0.00027411,0.024000001
,,,-0.0002741,0.024800001
,,,-0.00027409,0.023200001
,,,-0.00027408,0.025600002
,,,-0.00027407,0.025600002
,,,-0.00027406,0.024000001
,,,-0.00027405,0.024000001
,,,-0.00027404,0.024000001
,,,-0.00027403,0.022400001
,,,-0.00027402,0.025600002
,,,-0.00027401,0.022400001
,,,-0.000274,0.024800001
,,,-0.00027399,0.024000001
,,,-0.00027398,0.024800001
,,,-0.00027397,0.022400001
,,,-0.00027396,0.023200001
,,,-0.00027395,0.024000001
,,,-0.00027394,0.024000001
,,,-0.00027393,0.023200001
,,,-0.00027392,0.024000001
,,,-0.00027391,0.024000001
,,,-0.0002739,0.024000001
,,,-0.00027389,0.024000001
,,,-0.00027388,0.024000001
,,,-0.00027387,0.024000001
,,,-0.00027386,0.026400002
,,,-0.00027385,0.023200001
,,,-0.00027384,0.024000001
,,,-0.00027383,0.024800001
,,,-0.00027382,0.023200001
,,,-0.00027381,0.024000001
,,,-0.0002738,0.024800001
,,,-0.00027379,0.024800001
,,,-0.00027378,0.024800001
,,,-0.00027377,0.024000001
,,,-0.00027376,0.024800001
,,,-0.00027375,0.024000001
,,,-0.00027374,0.025600002
,,,-0.00027373,0.022400001
,,,-0.00027372,0.026400002
,,,-0.00027371,0.024800001
,,,-0.0002737,0.024000001
,,,-0.00027369,0.024000001
,,,-0.00027368,0.024000001
,,,-0.00027367,0.024000001
,,,-0.00027366,0.024000001
,,,-0.00027365,0.023200001
,,,-0.00027364,0.024000001
,,,-0.00027363,0.023200001
,,,-0.00027362,0.024000001
,,,-0.00027361,0.024000001
,,,-0.0002736,0.025600002
,,,-0.00027359,0.024000001
,,,-0.00027358,0.024000001
,,,-0.00027357,0.024000001
,,,-0.00027356,0.023200001
,,,-0.00027355,0.024000001
,,,-0.00027354,0.023200001
,,,-0.00027353,0.024000001
,,,-0.00027352,0.027200002
,,,-0.00027351,0.024000001
,,,-0.0002735,0.024000001
,,,-0.00027349,0.024000001
,,,-0.00027348,0.024800001
,,,-0.00027347,0.024000001
,,,-0.00027346,0.024000001
,,,-0.00027345,0.024000001
,,,-0.00027344,0.024800001
,,,-0.00027343,0.024000001
,,,-0.00027342,0.024800001
,,,-0.00027341,0.024000001
,,,-0.0002734,0.024800001
,,,-0.00027339,0.024000001
,,,-0.00027338,0.024000001
,,,-0.00027337,0.024000001
,,,-0.00027336,0.024000001
,,,-0.00027335,0.025600002
,,,-0.00027334,0.024000001
,,,-0.00027333,0.024000001
,,,-0.00027332,0.024800001
,,,-0.00027331,0.023200001
,,,-0.0002733,0.024000001
,,,-0.00027329,0.024800001
,,,-0.00027328,0.026400002
,,,-0.00027327,0.024800001
,,,-0.00027326,0.024000001
,,,-0.00027325,0.024800001
,,,-0.00027324,0.023200001
,,,-0.00027323,0.024000001
,,,-0.00027322,0.024000001
,,,-0.00027321,0.024000001
,,,-0.0002732,0.024000001
,,,-0.00027319,0.024000001
,,,-0.00027318,0.023200001
,,,-0.00027317,0.024000001
,,,-0.00027316,0.023200001
,,,-0.00027315,0.024800001
,,,-0.00027314,0.024000001
,,,-0.00027313,0.024000001
,,,-0.00027312,0.024000001
,,,-0.00027311,0.024000001
,,,-0.0002731,0.024000001
,,,-0.00027309,0.024800001
,,,-0.00027308,0.023200001
,,,-0.00027307,0.024000001
,,,-0.00027306,0.024000001
,,,-0.00027305,0.024000001
,,,-0.00027304,0.022400001
,,,-0.00027303,0.025600002
,,,-0.00027302,0.024000001
,,,-0.00027301,0.024000001
,,,-0.000273,0.023200001
,,,-0.00027299,0.024000001
,,,-0.00027298,0.024000001
,,,-0.00027297,0.024000001
,,,-0.00027296,0.024800001
,,,-0.00027295,0.023200001
,,,-0.00027294,0.024000001
,,,-0.00027293,0.024800001
,,,-0.00027292,0.024800001
,,,-0.00027291,0.023200001
,,,-0.0002729,0.024000001
,,,-0.00027289,0.026400002
,,,-0.00027288,0.023200001
,,,-0.00027287,0.023200001
,,,-0.00027286,0.022400001
,,,-0.00027285,0.024800001
,,,-0.00027284,0.024000001
,,,-0.00027283,0.024000001
,,,-0.00027282,0.024000001
,,,-0.00027281,0.024000001
,,,-0.0002728,0.024000001
,,,-0.00027279,0.024000001
,,,-0.00027278,0.025600002
,,,-0.00027277,0.023200001
,,,-0.00027276,0.025600002
,,,-0.00027275,0.025600002
,,,-0.00027274,0.023200001
,,,-0.00027273,0.024000001
,,,-0.00027272,0.024000001
,,,-0.00027271,0.024000001
,,,-0.0002727,0.024000001
,,,-0.00027269,0.023200001
,,,-0.00027268,0.024000001
,,,-0.00027267,0.024800001
,,,-0.00027266,0.023200001
,,,-0.00027265,0.024800001
,,,-0.00027264,0.024800001
,,,-0.00027263,0.024800001
,,,-0.00027262,0.024000001
,,,-0.00027261,0.023200001
,,,-0.0002726,0.023200001
,,,-0.00027259,0.023200001
,,,-0.00027258,0.024000001
,,,-0.00027257,0.025600002
,,,-0.00027256,0.024000001
,,,-0.00027255,0.024000001
,,,-0.00027254,0.024000001
,,,-0.00027253,0.024000001
,,,-0.00027252,0.024800001
,,,-0.00027251,0.023200001
,,,-0.0002725,0.024000001
,,,-0.00027249,0.025600002
,,,-0.00027248,0.025600002
,,,-0.00027247,0.024000001
,,,-0.00027246,0.023200001
,,,-0.00027245,0.024000001
,,,-0.00027244,0.025600002
,,,-0.00027243,0.023200001
,,,-0.00027242,0.024000001
,,,-0.00027241,0.024000001
,,,-0.0002724,0.024000001
,,,-0.00027239,0.024000001
,,,-0.00027238,0.024800001
,,,-0.00027237,0.021600001
,,,-0.00027236,0.024800001
,,,-0.00027235,0.023200001
,,,-0.00027234,0.024800001
,,,-0.00027233,0.024000001
,,,-0.00027232,0.024000001
,,,-0.00027231,0.024800001
,,,-0.0002723,0.023200001
,,,-0.00027229,0.024800001
,,,-0.00027228,0.024800001
,,,-0.00027227,0.024000001
,,,-0.00027226,0.025600002
,,,-0.00027225,0.024800001
,,,-0.00027224,0.024000001
,,,-0.00027223,0.023200001
,,,-0.00027222,0.025600002
,,,-0.00027221,0.024800001
,,,-0.0002722,0.024800001
,,,-0.00027219,0.026400002
,,,-0.00027218,0.023200001
,,,-0.00027217,0.024800001
,,,-0.00027216,0.024800001
,,,-0.00027215,0.024000001
,,,-0.00027214,0.024800001
,,,-0.00027213,0.024000001
,,,-0.00027212,0.024000001
,,,-0.00027211,0.024800001
,,,-0.0002721,0.025600002
,,,-0.00027209,0.024000001
,,,-0.00027208,0.023200001
,,,-0.00027207,0.024000001
,,,-0.00027206,0.024000001
,,,-0.00027205,0.024000001
,,,-0.00027204,0.024800001
,,,-0.00027203,0.024000001
,,,-0.00027202,0.025600002
,,,-0.00027201,0.023200001
,,,-0.000272,0.022400001
,,,-0.00027199,0.023200001
,,,-0.00027198,0.023200001
,,,-0.00027197,0.024000001
,,,-0.00027196,0.024000001
,,,-0.00027195,0.023200001
,,,-0.00027194,0.023200001
,,,-0.00027193,0.024000001
,,,-0.00027192,0.024000001
,,,-0.00027191,0.024000001
,,,-0.0002719,0.024000001
,,,-0.00027189,0.025600002
,,,-0.00027188,0.024000001
,,,-0.00027187,0.024000001
,,,-0.00027186,0.023200001
,,,-0.00027185,0.024000001
,,,-0.00027184,0.024000001
,,,-0.00027183,0.024000001
,,,-0.00027182,0.023200001
,,,-0.00027181,0.023200001
,,,-0.0002718,0.024000001
,,,-0.00027179,0.024000001
,,,-0.00027178,0.024800001
,,,-0.00027177,0.024000001
,,,-0.00027176,0.024800001
,,,-0.00027175,0.024000001
,,,-0.00027174,0.024000001
,,,-0.00027173,0.024800001
,,,-0.00027172,0.024000001
,,,-0.00027171,0.024000001
,,,-0.0002717,0.024000001
,,,-0.00027169,0.022400001
,,,-0.00027168,0.024800001
,,,-0.00027167,0.024000001
,,,-0.00027166,0.024000001
,,,-0.00027165,0.024800001
,,,-0.00027164,0.024000001
,,,-0.00027163,0.023200001
,,,-0.00027162,0.023200001
,,,-0.00027161,0.024800001
,,,-0.0002716,0.024000001
,,,-0.00027159,0.024000001
,,,-0.00027158,0.024000001
,,,-0.00027157,0.024000001
,,,-0.00027156,0.024800001
,,,-0.00027155,0.025600002
,,,-0.00027154,0.025600002
,,,-0.00027153,0.023200001
,,,-0.00027152,0.024000001
,,,-0.00027151,0.025600002
,,,-0.0002715,0.024000001
,,,-0.00027149,0.024800001
,,,-0.00027148,0.024000001
,,,-0.00027147,0.025600002
,,,-0.00027146,0.024000001
,,,-0.00027145,0.024000001
,,,-0.00027144,0.024800001
,,,-0.00027143,0.024000001
,,,-0.00027142,0.024800001
,,,-0.00027141,0.024000001
,,,-0.0002714,0.024800001
,,,-0.00027139,0.024000001
,,,-0.00027138,0.024000001
,,,-0.00027137,0.024000001
,,,-0.00027136,0.024800001
,,,-0.00027135,0.023200001
,,,-0.00027134,0.023200001
,,,-0.00027133,0.023200001
,,,-0.00027132,0.024800001
,,,-0.00027131,0.024800001
,,,-0.0002713,0.023200001
,,,-0.00027129,0.022400001
,,,-0.00027128,0.024800001
,,,-0.00027127,0.023200001
,,,-0.00027126,0.024800001
,,,-0.00027125,0.023200001
,,,-0.00027124,0.024000001
,,,-0.00027123,0.025600002
,,,-0.00027122,0.024000001
,,,-0.00027121,0.025600002
,,,-0.0002712,0.024000001
,,,-0.00027119,0.024800001
,,,-0.00027118,0.023200001
,,,-0.00027117,0.021600001
,,,-0.00027116,0.024800001
,,,-0.00027115,0.024800001
,,,-0.00027114,0.023200001
,,,-0.00027113,0.024800001
,,,-0.00027112,0.024000001
,,,-0.00027111,0.024800001
,,,-0.0002711,0.024000001
,,,-0.00027109,0.023200001
,,,-0.00027108,0.025600002
,,,-0.00027107,0.022400001
,,,-0.00027106,0.024800001
,,,-0.00027105,0.023200001
,,,-0.00027104,0.024800001
,,,-0.00027103,0.022400001
,,,-0.00027102,0.024000001
,,,-0.00027101,0.025600002
,,,-0.000271,0.024000001
,,,-0.00027099,0.024000001
,,,-0.00027098,0.024000001
,,,-0.00027097,0.026400002
,,,-0.00027096,0.024000001
,,,-0.00027095,0.024800001
,,,-0.00027094,0.024000001
,,,-0.00027093,0.023200001
,,,-0.00027092,0.024000001
,,,-0.00027091,0.024000001
,,,-0.0002709,0.024800001
,,,-0.00027089,0.024000001
,,,-0.00027088,0.024000001
,,,-0.00027087,0.023200001
,,,-0.00027086,0.024800001
,,,-0.00027085,0.024800001
,,,-0.00027084,0.024000001
,,,-0.00027083,0.025600002
,,,-0.00027082,0.024000001
,,,-0.00027081,0.024000001
,,,-0.0002708,0.024000001
,,,-0.00027079,0.023200001
,,,-0.00027078,0.024000001
,,,-0.00027077,0.025600002
,,,-0.00027076,0.024800001
,,,-0.00027075,0.024000001
,,,-0.00027074,0.025600002
,,,-0.00027073,0.024000001
,,,-0.00027072,0.024000001
,,,-0.00027071,0.025600002
,,,-0.0002707,0.023200001
,,,-0.00027069,0.024000001
,,,-0.00027068,0.024000001
,,,-0.00027067,0.024800001
,,,-0.00027066,0.024000001
,,,-0.00027065,0.025600002
,,,-0.00027064,0.022400001
,,,-0.00027063,0.024000001
,,,-0.00027062,0.024800001
,,,-0.00027061,0.024800001
,,,-0.0002706,0.023200001
,,,-0.00027059,0.022400001
,,,-0.00027058,0.023200001
,,,-0.00027057,0.024800001
,,,-0.00027056,0.024800001
,,,-0.00027055,0.024800001
,,,-0.00027054,0.024800001
,,,-0.00027053,0.023200001
,,,-0.00027052,0.023200001
,,,-0.00027051,0.024000001
,,,-0.0002705,0.024800001
,,,-0.00027049,0.024000001
,,,-0.00027048,0.024000001
,,,-0.00027047,0.025600002
,,,-0.00027046,0.024000001
,,,-0.00027045,0.024800001
,,,-0.00027044,0.024000001
,,,-0.00027043,0.022400001
,,,-0.00027042,0.024000001
,,,-0.00027041,0.025600002
,,,-0.0002704,0.024000001
,,,-0.00027039,0.023200001
,,,-0.00027038,0.024000001
,,,-0.00027037,0.024000001
,,,-0.00027036,0.024000001
,,,-0.00027035,0.024000001
,,,-0.00027034,0.022400001
,,,-0.00027033,0.024000001
,,,-0.00027032,0.024000001
,,,-0.00027031,0.024000001
,,,-0.0002703,0.025600002
,,,-0.00027029,0.024800001
,,,-0.00027028,0.022400001
,,,-0.00027027,0.025600002
,,,-0.00027026,0.025600002
,,,-0.00027025,0.024800001
,,,-0.00027024,0.025600002
,,,-0.00027023,0.024000001
,,,-0.00027022,0.024800001
,,,-0.00027021,0.024800001
,,,-0.0002702,0.023200001
,,,-0.00027019,0.024000001
,,,-0.00027018,0.024000001
,,,-0.00027017,0.024000001
,,,-0.00027016,0.024000001
,,,-0.00027015,0.025600002
,,,-0.00027014,0.027200002
,,,-0.00027013,0.024000001
,,,-0.00027012,0.024000001
,,,-0.00027011,0.024000001
,,,-0.0002701,0.024000001
,,,-0.00027009,0.024000001
,,,-0.00027008,0.024800001
,,,-0.00027007,0.024000001
,,,-0.00027006,0.025600002
,,,-0.00027005,0.026400002
,,,-0.00027004,0.024000001
,,,-0.00027003,0.024000001
,,,-0.00027002,0.024000001
,,,-0.00027001,0.024800001
,,,-0.00027,0.024000001
,,,-0.00026999,0.024000001
,,,-0.00026998,0.024800001
,,,-0.00026997,0.024000001
,,,-0.00026996,0.024000001
,,,-0.00026995,0.024000001
,,,-0.00026994,0.023200001
,,,-0.00026993,0.024800001
,,,-0.00026992,0.024800001
,,,-0.00026991,0.022400001
,,,-0.0002699,0.024000001
,,,-0.00026989,0.024000001
,,,-0.00026988,0.023200001
,,,-0.00026987,0.024800001
,,,-0.00026986,0.023200001
,,,-0.00026985,0.023200001
,,,-0.00026984,0.024000001
,,,-0.00026983,0.026400002
,,,-0.00026982,0.022400001
,,,-0.00026981,0.023200001
,,,-0.0002698,0.024000001
,,,-0.00026979,0.024800001
,,,-0.00026978,0.024000001
,,,-0.00026977,0.023200001
,,,-0.00026976,0.025600002
,,,-0.00026975,0.025600002
,,,-0.00026974,0.024000001
,,,-0.00026973,0.024800001
,,,-0.00026972,0.023200001
,,,-0.00026971,0.024000001
,,,-0.0002697,0.025600002
,,,-0.00026969,0.023200001
,,,-0.00026968,0.024000001
,,,-0.00026967,0.021600001
,,,-0.00026966,0.024000001
,,,-0.00026965,0.023200001
,,,-0.00026964,0.023200001
,,,-0.00026963,0.024800001
,,,-0.00026962,0.024800001
,,,-0.00026961,0.024000001
,,,-0.0002696,0.022400001
,,,-0.00026959,0.025600002
,,,-0.00026958,0.024000001
,,,-0.00026957,0.025600002
,,,-0.00026956,0.024000001
,,,-0.00026955,0.024800001
,,,-0.00026954,0.024000001
,,,-0.00026953,0.024000001
,,,-0.00026952,0.024800001
,,,-0.00026951,0.023200001
,,,-0.0002695,0.024000001
,,,-0.00026949,0.023200001
,,,-0.00026948,0.024000001
,,,-0.00026947,0.024800001
,,,-0.00026946,0.024000001
,,,-0.00026945,0.024000001
,,,-0.00026944,0.024800001
,,,-0.00026943,0.023200001
,,,-0.00026942,0.024000001
,,,-0.00026941,0.022400001
,,,-0.0002694,0.024000001
,,,-0.00026939,0.023200001
,,,-0.00026938,0.025600002
,,,-0.00026937,0.023200001
,,,-0.00026936,0.023200001
,,,-0.00026935,0.024800001
,,,-0.00026934,0.024800001
,,,-0.00026933,0.025600002
,,,-0.00026932,0.024000001
,,,-0.00026931,0.022400001
,,,-0.0002693,0.023200001
,,,-0.00026929,0.024000001
,,,-0.00026928,0.023200001
,,,-0.00026927,0.023200001
,,,-0.00026926,0.023200001
,,,-0.00026925,0.024000001
,,,-0.00026924,0.025600002
,,,-0.00026923,0.023200001
,,,-0.00026922,0.023200001
,,,-0.00026921,0.024800001
,,,-0.0002692,0.024000001
,,,-0.00026919,0.024800001
,,,-0.00026918,0.024000001
,,,-0.00026917,0.024000001
,,,-0.00026916,0.024000001
,,,-0.00026915,0.024000001
,,,-0.00026914,0.024000001
,,,-0.00026913,0.023200001
,,,-0.00026912,0.022400001
,,,-0.00026911,0.023200001
,,,-0.0002691,0.024000001
,,,-0.00026909,0.024000001
,,,-0.00026908,0.021600001
,,,-0.00026907,0.024800001
,,,-0.00026906,0.023200001
,,,-0.00026905,0.024000001
,,,-0.00026904,0.024000001
,,,-0.00026903,0.025600002
,,,-0.00026902,0.023200001
,,,-0.00026901,0.024000001
,,,-0.000269,0.024000001
,,,-0.00026899,0.024000001
,,,-0.00026898,0.024000001
,,,-0.00026897,0.024800001
,,,-0.00026896,0.024000001
,,,-0.00026895,0.023200001
,,,-0.00026894,0.023200001
,,,-0.00026893,0.024000001
,,,-0.00026892,0.023200001
,,,-0.00026891,0.023200001
,,,-0.0002689,0.024000001
,,,-0.00026889,0.023200001
,,,-0.00026888,0.024800001
,,,-0.00026887,0.024000001
,,,-0.00026886,0.024000001
,,,-0.00026885,0.024800001
,,,-0.00026884,0.024000001
,,,-0.00026883,0.024000001
,,,-0.00026882,0.024800001
,,,-0.00026881,0.021600001
,,,-0.0002688,0.024800001
,,,-0.00026879,0.024000001
,,,-0.00026878,0.024000001
,,,-0.00026877,0.024000001
,,,-0.00026876,0.025600002
,,,-0.00026875,0.024000001
,,,-0.00026874,0.025600002
,,,-0.00026873,0.024000001
,,,-0.00026872,0.024000001
,,,-0.00026871,0.024800001
,,,-0.0002687,0.024000001
,,,-0.00026869,0.024000001
,,,-0.00026868,0.024000001
,,,-0.00026867,0.024000001
,,,-0.00026866,0.024000001
,,,-0.00026865,0.024000001
,,,-0.00026864,0.024000001
,,,-0.00026863,0.022400001
,,,-0.00026862,0.024000001
,,,-0.00026861,0.024000001
,,,-0.0002686,0.024000001
,,,-0.00026859,0.024800001
,,,-0.00026858,0.024000001
,,,-0.00026857,0.024000001
,,,-0.00026856,0.024000001
,,,-0.00026855,0.022400001
,,,-0.00026854,0.023200001
,,,-0.00026853,0.024000001
,,,-0.00026852,0.024800001
,,,-0.00026851,0.024800001
,,,-0.0002685,0.024000001
,,,-0.00026849,0.024800001
,,,-0.00026848,0.023200001
,,,-0.00026847,0.024000001
,,,-0.00026846,0.024000001
,,,-0.00026845,0.024000001
,,,-0.00026844,0.024000001
,,,-0.00026843,0.024800001
,,,-0.00026842,0.023200001
,,,-0.00026841,0.024000001
,,,-0.0002684,0.024000001
,,,-0.00026839,0.024000001
,,,-0.00026838,0.023200001
,,,-0.00026837,0.024800001
,,,-0.00026836,0.024000001
,,,-0.00026835,0.024000001
,,,-0.00026834,0.023200001
,,,-0.00026833,0.024000001
,,,-0.00026832,0.023200001
,,,-0.00026831,0.024000001
,,,-0.0002683,0.024800001
,,,-0.00026829,0.023200001
,,,-0.00026828,0.024800001
,,,-0.00026827,0.024000001
,,,-0.00026826,0.024800001
,,,-0.00026825,0.025600002
,,,-0.00026824,0.023200001
,,,-0.00026823,0.024000001
,,,-0.00026822,0.025600002
,,,-0.00026821,0.022400001
,,,-0.0002682,0.024000001
,,,-0.00026819,0.024800001
,,,-0.00026818,0.025600002
,,,-0.00026817,0.025600002
,,,-0.00026816,0.024800001
,,,-0.00026815,0.021600001
,,,-0.00026814,0.024800001
,,,-0.00026813,0.023200001
,,,-0.00026812,0.024000001
,,,-0.00026811,0.023200001
,,,-0.0002681,0.024800001
,,,-0.00026809,0.024000001
,,,-0.00026808,0.024000001
,,,-0.00026807,0.024800001
,,,-0.00026806,0.022400001
,,,-0.00026805,0.024800001
,,,-0.00026804,0.024800001
,,,-0.00026803,0.023200001
,,,-0.00026802,0.024000001
,,,-0.00026801,0.023200001
,,,-0.000268,0.023200001
,,,-0.00026799,0.024800001
,,,-0.00026798,0.024800001
,,,-0.00026797,0.024800001
,,,-0.00026796,0.024800001
,,,-0.00026795,0.024000001
,,,-0.00026794,0.023200001
,,,-0.00026793,0.024800001
,,,-0.00026792,0.024000001
,,,-0.00026791,0.024800001
,,,-0.0002679,0.023200001
,,,-0.00026789,0.024000001
,,,-0.00026788,0.024000001
,,,-0.00026787,0.025600002
,,,-0.00026786,0.024000001
,,,-0.00026785,0.024000001
,,,-0.00026784,0.023200001
,,,-0.00026783,0.023200001
,,,-0.00026782,0.024000001
,,,-0.00026781,0.024000001
,,,-0.0002678,0.024800001
,,,-0.00026779,0.024000001
,,,-0.00026778,0.025600002
,,,-0.00026777,0.024000001
,,,-0.00026776,0.025600002
,,,-0.00026775,0.023200001
,,,-0.00026774,0.022400001
,,,-0.00026773,0.024800001
,,,-0.00026772,0.024800001
,,,-0.00026771,0.024800001
,,,-0.0002677,0.025600002
,,,-0.00026769,0.023200001
,,,-0.00026768,0.023200001
,,,-0.00026767,0.024000001
,,,-0.00026766,0.024000001
,,,-0.00026765,0.024000001
,,,-0.00026764,0.024800001
,,,-0.00026763,0.023200001
,,,-0.00026762,0.025600002
,,,-0.00026761,0.024800001
,,,-0.0002676,0.024800001
,,,-0.00026759,0.024000001
,,,-0.00026758,0.024000001
,,,-0.00026757,0.024800001
,,,-0.00026756,0.024000001
,,,-0.00026755,0.023200001
,,,-0.00026754,0.024000001
,,,-0.00026753,0.023200001
,,,-0.00026752,0.022400001
,,,-0.00026751,0.024000001
,,,-0.0002675,0.025600002
,,,-0.00026749,0.024000001
,,,-0.00026748,0.023200001
,,,-0.00026747,0.024000001
,,,-0.00026746,0.024000001
,,,-0.00026745,0.024000001
,,,-0.00026744,0.027200002
,,,-0.00026743,0.024000001
,,,-0.00026742,0.023200001
,,,-0.00026741,0.024000001
,,,-0.0002674,0.024000001
,,,-0.00026739,0.024000001
,,,-0.00026738,0.024800001
,,,-0.00026737,0.024000001
,,,-0.00026736,0.024000001
,,,-0.00026735,0.024000001
,,,-0.00026734,0.022400001
,,,-0.00026733,0.025600002
,,,-0.00026732,0.025600002
,,,-0.00026731,0.024800001
,,,-0.0002673,0.024000001
,,,-0.00026729,0.024000001
,,,-0.00026728,0.024000001
,,,-0.00026727,0.024800001
,,,-0.00026726,0.024000001
,,,-0.00026725,0.023200001
,,,-0.00026724,0.024000001
,,,-0.00026723,0.024800001
,,,-0.00026722,0.024800001
,,,-0.00026721,0.023200001
,,,-0.0002672,0.023200001
,,,-0.00026719,0.024000001
,,,-0.00026718,0.024800001
,,,-0.00026717,0.024800001
,,,-0.00026716,0.024800001
,,,-0.00026715,0.023200001
,,,-0.00026714,0.024800001
,,,-0.00026713,0.023200001
,,,-0.00026712,0.026400002
,,,-0.00026711,0.025600002
,,,-0.0002671,0.024000001
,,,-0.00026709,0.024000001
,,,-0.00026708,0.024000001
,,,-0.00026707,0.024000001
,,,-0.00026706,0.024800001
,,,-0.00026705,0.024000001
,,,-0.00026704,0.024000001
,,,-0.00026703,0.024000001
,,,-0.00026702,0.024000001
,,,-0.00026701,0.024000001
,,,-0.000267,0.026400002
,,,-0.00026699,0.024800001
,,,-0.00026698,0.024000001
,,,-0.00026697,0.024000001
,,,-0.00026696,0.024800001
,,,-0.00026695,0.024000001
,,,-0.00026694,0.023200001
,,,-0.00026693,0.024800001
,,,-0.00026692,0.024800001
,,,-0.00026691,0.024800001
,,,-0.0002669,0.024000001
,,,-0.00026689,0.024000001
,,,-0.00026688,0.024000001
,,,-0.00026687,0.024800001
,,,-0.00026686,0.024000001
,,,-0.00026685,0.022400001
,,,-0.00026684,0.024000001
,,,-0.00026683,0.025600002
,,,-0.00026682,0.024000001
,,,-0.00026681,0.022400001
,,,-0.0002668,0.024800001
,,,-0.00026679,0.022400001
,,,-0.00026678,0.025600002
,,,-0.00026677,0.024800001
,,,-0.00026676,0.024000001
,,,-0.00026675,0.025600002
,,,-0.00026674,0.022400001
,,,-0.00026673,0.024000001
,,,-0.00026672,0.023200001
,,,-0.00026671,0.024000001
,,,-0.0002667,0.025600002
,,,-0.00026669,0.024000001
,,,-0.00026668,0.024000001
,,,-0.00026667,0.024000001
,,,-0.00026666,0.024800001
,,,-0.00026665,0.024800001
,,,-0.00026664,0.023200001
,,,-0.00026663,0.024800001
,,,-0.00026662,0.024800001
,,,-0.00026661,0.024000001
,,,-0.0002666,0.024000001
,,,-0.00026659,0.023200001
,,,-0.00026658,0.024000001
,,,-0.00026657,0.024000001
,,,-0.00026656,0.023200001
,,,-0.00026655,0.024000001
,,,-0.00026654,0.024800001
,,,-0.00026653,0.025600002
,,,-0.00026652,0.024000001
,,,-0.00026651,0.024000001
,,,-0.0002665,0.024000001
,,,-0.00026649,0.024000001
,,,-0.00026648,0.024000001
,,,-0.00026647,0.024000001
,,,-0.00026646,0.024000001
,,,-0.00026645,0.024800001
,,,-0.00026644,0.023200001
,,,-0.00026643,0.024000001
,,,-0.00026642,0.025600002
,,,-0.00026641,0.024000001
,,,-0.0002664,0.024000001
,,,-0.00026639,0.021600001
,,,-0.00026638,0.024000001
,,,-0.00026637,0.023200001
,,,-0.00026636,0.024000001
,,,-0.00026635,0.023200001
,,,-0.00026634,0.024800001
,,,-0.00026633,0.024000001
,,,-0.00026632,0.023200001
,,,-0.00026631,0.024000001
,,,-0.0002663,0.023200001
,,,-0.00026629,0.024000001
,,,-0.00026628,0.024000001
,,,-0.00026627,0.024000001
,,,-0.00026626,0.024000001
,,,-0.00026625,0.024000001
,,,-0.00026624,0.025600002
,,,-0.00026623,0.024800001
,,,-0.00026622,0.024000001
,,,-0.00026621,0.024800001
,,,-0.0002662,0.024800001
,,,-0.00026619,0.024800001
,,,-0.00026618,0.024000001
,,,-0.00026617,0.023200001
,,,-0.00026616,0.024000001
,,,-0.00026615,0.024000001
,,,-0.00026614,0.024000001
,,,-0.00026613,0.024000001
,,,-0.00026612,0.024000001
,,,-0.00026611,0.023200001
,,,-0.0002661,0.024000001
,,,-0.00026609,0.024000001
,,,-0.00026608,0.024000001
,,,-0.00026607,0.024000001
,,,-0.00026606,0.021600001
,,,-0.00026605,0.022400001
,,,-0.00026604,0.024000001
,,,-0.00026603,0.024000001
,,,-0.00026602,0.024000001
,,,-0.00026601,0.024000001
,,,-0.000266,0.024800001
,,,-0.00026599,0.023200001
,,,-0.00026598,0.024000001
,,,-0.00026597,0.024800001
,,,-0.00026596,0.023200001
,,,-0.00026595,0.024800001
,,,-0.00026594,0.024000001
,,,-0.00026593,0.024000001
,,,-0.00026592,0.025600002
,,,-0.00026591,0.024000001
,,,-0.0002659,0.024000001
,,,-0.00026589,0.024000001
,,,-0.00026588,0.025600002
,,,-0.00026587,0.023200001
,,,-0.00026586,0.024000001
,,,-0.00026585,0.024800001
,,,-0.00026584,0.024000001
,,,-0.00026583,0.024000001
,,,-0.00026582,0.024000001
,,,-0.00026581,0.022400001
,,,-0.0002658,0.024000001
,,,-0.00026579,0.024000001
,,,-0.00026578,0.023200001
,,,-0.00026577,0.024000001
,,,-0.00026576,0.024000001
,,,-0.00026575,0.024000001
,,,-0.00026574,0.024000001
,,,-0.00026573,0.024800001
,,,-0.00026572,0.024000001
,,,-0.00026571,0.023200001
,,,-0.0002657,0.024000001
,,,-0.00026569,0.024000001
,,,-0.00026568,0.024000001
,,,-0.00026567,0.024800001
,,,-0.00026566,0.025600002
,,,-0.00026565,0.024000001
,,,-0.00026564,0.024000001
,,,-0.00026563,0.024000001
,,,-0.00026562,0.024000001
,,,-0.00026561,0.024800001
,,,-0.0002656,0.023200001
,,,-0.00026559,0.024800001
,,,-0.00026558,0.024800001
,,,-0.00026557,0.024800001
,,,-0.00026556,0.023200001
,,,-0.00026555,0.024000001
,,,-0.00026554,0.024800001
,,,-0.00026553,0.024800001
,,,-0.00026552,0.024000001
,,,-0.00026551,0.024000001
,,,-0.0002655,0.023200001
,,,-0.00026549,0.023200001
,,,-0.00026548,0.024000001
,,,-0.00026547,0.024000001
,,,-0.00026546,0.023200001
,,,-0.00026545,0.025600002
,,,-0.00026544,0.024800001
,,,-0.00026543,0.024000001
,,,-0.00026542,0.023200001
,,,-0.00026541,0.025600002
,,,-0.0002654,0.024000001
,,,-0.00026539,0.025600002
,,,-0.00026538,0.024800001
,,,-0.00026537,0.024800001
,,,-0.00026536,0.025600002
,,,-0.00026535,0.024000001
,,,-0.00026534,0.024800001
,,,-0.00026533,0.023200001
,,,-0.00026532,0.024800001
,,,-0.00026531,0.024800001
,,,-0.0002653,0.024000001
,,,-0.00026529,0.024000001
,,,-0.00026528,0.023200001
,,,-0.00026527,0.023200001
,,,-0.00026526,0.023200001
,,,-0.00026525,0.024000001
,,,-0.00026524,0.023200001
,,,-0.00026523,0.024000001
,,,-0.00026522,0.024000001
,,,-0.00026521,0.024000001
,,,-0.0002652,0.024000001
,,,-0.00026519,0.023200001
,,,-0.00026518,0.023200001
,,,-0.00026517,0.024000001
,,,-0.00026516,0.023200001
,,,-0.00026515,0.024000001
,,,-0.00026514,0.024000001
,,,-0.00026513,0.024800001
,,,-0.00026512,0.024000001
,,,-0.00026511,0.024000001
,,,-0.0002651,0.024000001
,,,-0.00026509,0.024000001
,,,-0.00026508,0.024000001
,,,-0.00026507,0.024000001
,,,-0.00026506,0.024000001
,,,-0.00026505,0.023200001
,,,-0.00026504,0.023200001
,,,-0.00026503,0.024000001
,,,-0.00026502,0.024000001
,,,-0.00026501,0.024000001
,,,-0.000265,0.025600002
,,,-0.00026499,0.024000001
,,,-0.00026498,0.026400002
,,,-0.00026497,0.024800001
,,,-0.00026496,0.024000001
,,,-0.00026495,0.024000001
,,,-0.00026494,0.024800001
,,,-0.00026493,0.024000001
,,,-0.00026492,0.025600002
,,,-0.00026491,0.024800001
,,,-0.0002649,0.023200001
,,,-0.00026489,0.024000001
,,,-0.00026488,0.024000001
,,,-0.00026487,0.022400001
,,,-0.00026486,0.024000001
,,,-0.00026485,0.023200001
,,,-0.00026484,0.024000001
,,,-0.00026483,0.024000001
,,,-0.00026482,0.024800001
,,,-0.00026481,0.024000001
,,,-0.0002648,0.024800001
,,,-0.00026479,0.024800001
,,,-0.00026478,0.024800001
,,,-0.00026477,0.024800001
,,,-0.00026476,0.023200001
,,,-0.00026475,0.024000001
,,,-0.00026474,0.024000001
,,,-0.00026473,0.024800001
,,,-0.00026472,0.024000001
,,,-0.00026471,0.024800001
,,,-0.0002647,0.024000001
,,,-0.00026469,0.024000001
,,,-0.00026468,0.024000001
,,,-0.00026467,0.023200001
,,,-0.00026466,0.023200001
,,,-0.00026465,0.025600002
,,,-0.00026464,0.024000001
,,,-0.00026463,0.024800001
,,,-0.00026462,0.024800001
,,,-0.00026461,0.024000001
,,,-0.0002646,0.023200001
,,,-0.00026459,0.024000001
,,,-0.00026458,0.024000001
,,,-0.00026457,0.023200001
,,,-0.00026456,0.024800001
,,,-0.00026455,0.024000001
,,,-0.00026454,0.024800001
,,,-0.00026453,0.024000001
,,,-0.00026452,0.024800001
,,,-0.00026451,0.024000001
,,,-0.0002645,0.024000001
,,,-0.00026449,0.024000001
,,,-0.00026448,0.024000001
,,,-0.00026447,0.023200001
,,,-0.00026446,0.024800001
,,,-0.00026445,0.024000001
,,,-0.00026444,0.024800001
,,,-0.00026443,0.024800001
,,,-0.00026442,0.026400002
,,,-0.00026441,0.024000001
,,,-0.0002644,0.024000001
,,,-0.00026439,0.025600002
,,,-0.00026438,0.024800001
,,,-0.00026437,0.023200001
,,,-0.00026436,0.023200001
,,,-0.00026435,0.024000001
,,,-0.00026434,0.024800001
,,,-0.00026433,0.024800001
,,,-0.00026432,0.024800001
,,,-0.00026431,0.022400001
,,,-0.0002643,0.022400001
,,,-0.00026429,0.025600002
,,,-0.00026428,0.022400001
,,,-0.00026427,0.024000001
,,,-0.00026426,0.023200001
,,,-0.00026425,0.022400001
,,,-0.00026424,0.024000001
,,,-0.00026423,0.024800001
,,,-0.00026422,0.023200001
,,,-0.00026421,0.023200001
,,,-0.0002642,0.024000001
,,,-0.00026419,0.024800001
,,,-0.00026418,0.024000001
,,,-0.00026417,0.024800001
,,,-0.00026416,0.026400002
,,,-0.00026415,0.024800001
,,,-0.00026414,0.024000001
,,,-0.00026413,0.024000001
,,,-0.00026412,0.024000001
,,,-0.00026411,0.023200001
,,,-0.0002641,0.023200001
,,,-0.00026409,0.023200001
,,,-0.00026408,0.025600002
,,,-0.00026407,0.023200001
,,,-0.00026406,0.024800001
,,,-0.00026405,0.023200001
,,,-0.00026404,0.024000001
,,,-0.00026403,0.024000001
,,,-0.00026402,0.024000001
,,,-0.00026401,0.023200001
,,,-0.000264,0.024000001
,,,-0.00026399,0.024000001
,,,-0.00026398,0.024000001
,,,-0.00026397,0.024000001
,,,-0.00026396,0.025600002
,,,-0.00026395,0.025600002
,,,-0.00026394,0.024000001
,,,-0.00026393,0.024800001
,,,-0.00026392,0.024000001
,,,-0.00026391,0.024000001
,,,-0.0002639,0.024000001
,,,-0.00026389,0.024800001
,,,-0.00026388,0.023200001
,,,-0.00026387,0.024800001
,,,-0.00026386,0.025600002
,,,-0.00026385,0.022400001
,,,-0.00026384,0.024000001
,,,-0.00026383,0.024000001
,,,-0.00026382,0.024800001
,,,-0.00026381,0.024800001
,,,-0.0002638,0.023200001
,,,-0.00026379,0.024800001
,,,-0.00026378,0.023200001
,,,-0.00026377,0.024000001
,,,-0.00026376,0.024000001
,,,-0.00026375,0.021600001
,,,-0.00026374,0.024000001
,,,-0.00026373,0.024000001
,,,-0.00026372,0.025600002
,,,-0.00026371,0.024800001
,,,-0.0002637,0.024000001
,,,-0.00026369,0.025600002
,,,-0.00026368,0.024800001
,,,-0.00026367,0.024000001
,,,-0.00026366,0.023200001
,,,-0.00026365,0.024000001
,,,-0.00026364,0.024000001
,,,-0.00026363,0.024000001
,,,-0.00026362,0.023200001
,,,-0.00026361,0.024000001
,,,-0.0002636,0.024000001
,,,-0.00026359,0.024800001
,,,-0.00026358,0.024800001
,,,-0.00026357,0.024000001
,,,-0.00026356,0.028000002
,,,-0.00026355,0.025600002
,,,-0.00026354,0.024000001
,,,-0.00026353,0.024000001
,,,-0.00026352,0.024000001
,,,-0.00026351,0.025600002
,,,-0.0002635,0.024800001
,,,-0.00026349,0.023200001
,,,-0.00026348,0.023200001
,,,-0.00026347,0.024000001
,,,-0.00026346,0.024800001
,,,-0.00026345,0.024000001
,,,-0.00026344,0.023200001
,,,-0.00026343,0.024000001
,,,-0.00026342,0.024800001
,,,-0.00026341,0.024800001
,,,-0.0002634,0.023200001
,,,-0.00026339,0.024000001
,,,-0.00026338,0.024000001
,,,-0.00026337,0.025600002
,,,-0.00026336,0.024000001
,,,-0.00026335,0.024000001
,,,-0.00026334,0.024800001
,,,-0.00026333,0.024000001
,,,-0.00026332,0.024000001
,,,-0.00026331,0.024000001
,,,-0.0002633,0.024800001
,,,-0.00026329,0.024000001
,,,-0.00026328,0.024000001
,,,-0.00026327,0.024800001
,,,-0.00026326,0.024800001
,,,-0.00026325,0.024000001
,,,-0.00026324,0.024800001
,,,-0.00026323,0.023200001
,,,-0.00026322,0.023200001
,,,-0.00026321,0.023200001
,,,-0.0002632,0.024000001
,,,-0.00026319,0.024000001
,,,-0.00026318,0.023200001
,,,-0.00026317,0.024000001
,,,-0.00026316,0.024800001
,,,-0.00026315,0.024800001
,,,-0.00026314,0.024000001
,,,-0.00026313,0.024800001
,,,-0.00026312,0.025600002
,,,-0.00026311,0.024000001
,,,-0.0002631,0.026400002
,,,-0.00026309,0.025600002
,,,-0.00026308,0.024800001
,,,-0.00026307,0.023200001
,,,-0.00026306,0.024000001
,,,-0.00026305,0.024800001
,,,-0.00026304,0.024000001
,,,-0.00026303,0.024000001
,,,-0.00026302,0.024000001
,,,-0.00026301,0.023200001
,,,-0.000263,0.024000001
,,,-0.00026299,0.024000001
,,,-0.00026298,0.024000001
,,,-0.00026297,0.024000001
,,,-0.00026296,0.024800001
,,,-0.00026295,0.024000001
,,,-0.00026294,0.024800001
,,,-0.00026293,0.024000001
,,,-0.00026292,0.024800001
,,,-0.00026291,0.024000001
,,,-0.0002629,0.023200001
,,,-0.00026289,0.024000001
,,,-0.00026288,0.024000001
,,,-0.00026287,0.024000001
,,,-0.00026286,0.025600002
,,,-0.00026285,0.023200001
,,,-0.00026284,0.024800001
,,,-0.00026283,0.024000001
,,,-0.00026282,0.024000001
,,,-0.00026281,0.024000001
,,,-0.0002628,0.024800001
,,,-0.00026279,0.024000001
,,,-0.00026278,0.024000001
,,,-0.00026277,0.024000001
,,,-0.00026276,0.024000001
,,,-0.00026275,0.024800001
,,,-0.00026274,0.024000001
,,,-0.00026273,0.024000001
,,,-0.00026272,0.024000001
,,,-0.00026271,0.024000001
,,,-0.0002627,0.024800001
,,,-0.00026269,0.024000001
,,,-0.00026268,0.024000001
,,,-0.00026267,0.024000001
,,,-0.00026266,0.024800001
,,,-0.00026265,0.023200001
,,,-0.00026264,0.025600002
,,,-0.00026263,0.024000001
,,,-0.00026262,0.024000001
,,,-0.00026261,0.025600002
,,,-0.0002626,0.024000001
,,,-0.00026259,0.026400002
,,,-0.00026258,0.026400002
,,,-0.00026257,0.024000001
,,,-0.00026256,0.024000001
,,,-0.00026255,0.024800001
,,,-0.00026254,0.024000001
,,,-0.00026253,0.024000001
,,,-0.00026252,0.025600002
,,,-0.00026251,0.024000001
,,,-0.0002625,0.024800001
,,,-0.00026249,0.024000001
,,,-0.00026248,0.024000001
,,,-0.00026247,0.025600002
,,,-0.00026246,0.024000001
,,,-0.00026245,0.024000001
,,,-0.00026244,0.024000001
,,,-0.00026243,0.023200001
,,,-0.00026242,0.024000001
,,,-0.00026241,0.024000001
,,,-0.0002624,0.024800001
,,,-0.00026239,0.024000001
,,,-0.00026238,0.024000001
,,,-0.00026237,0.024000001
,,,-0.00026236,0.025600002
,,,-0.00026235,0.024800001
,,,-0.00026234,0.025600002
,,,-0.00026233,0.024800001
,,,-0.00026232,0.024800001
,,,-0.00026231,0.024000001
,,,-0.0002623,0.024800001
,,,-0.00026229,0.023200001
,,,-0.00026228,0.025600002
,,,-0.00026227,0.024000001
,,,-0.00026226,0.024000001
,,,-0.00026225,0.024000001
,,,-0.00026224,0.024800001
,,,-0.00026223,0.024000001
,,,-0.00026222,0.022400001
,,,-0.00026221,0.023200001
,,,-0.0002622,0.023200001
,,,-0.00026219,0.024000001
,,,-0.00026218,0.023200001
,,,-0.00026217,0.024800001
,,,-0.00026216,0.025600002
,,,-0.00026215,0.024000001
,,,-0.00026214,0.024800001
,,,-0.00026213,0.024000001
,,,-0.00026212,0.025600002
,,,-0.00026211,0.024800001
,,,-0.0002621,0.025600002
,,,-0.00026209,0.024000001
,,,-0.00026208,0.024000001
,,,-0.00026207,0.024000001
,,,-0.00026206,0.024000001
,,,-0.00026205,0.024000001
,,,-0.00026204,0.024000001
,,,-0.00026203,0.025600002
,,,-0.00026202,0.024000001
,,,-0.00026201,0.024000001
,,,-0.000262,0.024000001
,,,-0.00026199,0.024000001
,,,-0.00026198,0.025600002
,,,-0.00026197,0.025600002
,,,-0.00026196,0.023200001
,,,-0.00026195,0.025600002
,,,-0.00026194,0.024800001
,,,-0.00026193,0.024000001
,,,-0.00026192,0.024000001
,,,-0.00026191,0.024000001
,,,-0.0002619,0.024800001
,,,-0.00026189,0.024000001
,,,-0.00026188,0.026400002
,,,-0.00026187,0.024800001
,,,-0.00026186,0.026400002
,,,-0.00026185,0.023200001
,,,-0.00026184,0.026400002
,,,-0.00026183,0.025600002
,,,-0.00026182,0.023200001
,,,-0.00026181,0.024000001
,,,-0.0002618,0.023200001
,,,-0.00026179,0.024800001
,,,-0.00026178,0.024000001
,,,-0.00026177,0.024000001
,,,-0.00026176,0.024000001
,,,-0.00026175,0.024000001
,,,-0.00026174,0.024800001
,,,-0.00026173,0.021600001
,,,-0.00026172,0.024000001
,,,-0.00026171,0.023200001
,,,-0.0002617,0.024000001
,,,-0.00026169,0.024000001
,,,-0.00026168,0.024800001
,,,-0.00026167,0.024000001
,,,-0.00026166,0.024800001
,,,-0.00026165,0.024000001
,,,-0.00026164,0.024000001
,,,-0.00026163,0.024800001
,,,-0.00026162,0.022400001
,,,-0.00026161,0.025600002
,,,-0.0002616,0.024000001
,,,-0.00026159,0.024000001
,,,-0.00026158,0.024000001
,,,-0.00026157,0.024000001
,,,-0.00026156,0.025600002
,,,-0.00026155,0.024800001
,,,-0.00026154,0.024000001
,,,-0.00026153,0.024800001
,,,-0.00026152,0.023200001
,,,-0.00026151,0.023200001
,,,-0.0002615,0.024800001
,,,-0.00026149,0.024000001
,,,-0.00026148,0.024000001
,,,-0.00026147,0.024800001
,,,-0.00026146,0.024000001
,,,-0.00026145,0.024000001
,,,-0.00026144,0.024000001
,,,-0.00026143,0.024000001
,,,-0.00026142,0.023200001
,,,-0.00026141,0.023200001
,,,-0.0002614,0.024000001
,,,-0.00026139,0.024000001
,,,-0.00026138,0.024800001
,,,-0.00026137,0.025600002
,,,-0.00026136,0.024000001
,,,-0.00026135,0.024000001
,,,-0.00026134,0.024000001
,,,-0.00026133,0.023200001
,,,-0.00026132,0.023200001
,,,-0.00026131,0.025600002
,,,-0.0002613,0.024800001
,,,-0.00026129,0.023200001
,,,-0.00026128,0.024800001
,,,-0.00026127,0.024000001
,,,-0.00026126,0.024000001
,,,-0.00026125,0.024800001
,,,-0.00026124,0.023200001
,,,-0.00026123,0.024000001
,,,-0.00026122,0.024000001
,,,-0.00026121,0.024000001
,,,-0.0002612,0.023200001
,,,-0.00026119,0.024000001
,,,-0.00026118,0.024000001
,,,-0.00026117,0.023200001
,,,-0.00026116,0.023200001
,,,-0.00026115,0.024000001
,,,-0.00026114,0.024000001
,,,-0.00026113,0.024800001
,,,-0.00026112,0.024800001
,,,-0.00026111,0.024800001
,,,-0.0002611,0.024800001
,,,-0.00026109,0.024000001
,,,-0.00026108,0.024000001
,,,-0.00026107,0.026400002
,,,-0.00026106,0.024000001
,,,-0.00026105,0.025600002
,,,-0.00026104,0.023200001
,,,-0.00026103,0.022400001
,,,-0.00026102,0.024800001
,,,-0.00026101,0.023200001
,,,-0.000261,0.024800001
,,,-0.00026099,0.024000001
,,,-0.00026098,0.024000001
,,,-0.00026097,0.024000001
,,,-0.00026096,0.025600002
,,,-0.00026095,0.024000001
,,,-0.00026094,0.024000001
,,,-0.00026093,0.022400001
,,,-0.00026092,0.023200001
,,,-0.00026091,0.024800001
,,,-0.0002609,0.024000001
,,,-0.00026089,0.024000001
,,,-0.00026088,0.024800001
,,,-0.00026087,0.024000001
,,,-0.00026086,0.023200001
,,,-0.00026085,0.023200001
,,,-0.00026084,0.025600002
,,,-0.00026083,0.024000001
,,,-0.00026082,0.021600001
,,,-0.00026081,0.025600002
,,,-0.0002608,0.024000001
,,,-0.00026079,0.023200001
,,,-0.00026078,0.023200001
,,,-0.00026077,0.025600002
,,,-0.00026076,0.024800001
,,,-0.00026075,0.024000001
,,,-0.00026074,0.024000001
,,,-0.00026073,0.024800001
,,,-0.00026072,0.024000001
,,,-0.00026071,0.022400001
,,,-0.0002607,0.025600002
,,,-0.00026069,0.024000001
,,,-0.00026068,0.024000001
,,,-0.00026067,0.024000001
,,,-0.00026066,0.023200001
,,,-0.00026065,0.025600002
,,,-0.00026064,0.024000001
,,,-0.00026063,0.023200001
,,,-0.00026062,0.024800001
,,,-0.00026061,0.024000001
,,,-0.0002606,0.024000001
,,,-0.00026059,0.024800001
,,,-0.00026058,0.023200001
,,,-0.00026057,0.023200001
,,,-0.00026056,0.025600002
,,,-0.00026055,0.023200001
,,,-0.00026054,0.024800001
,,,-0.00026053,0.024000001
,,,-0.00026052,0.024000001
,,,-0.00026051,0.024000001
,,,-0.0002605,0.024000001
,,,-0.00026049,0.023200001
,,,-0.00026048,0.024000001
,,,-0.00026047,0.024000001
,,,-0.00026046,0.025600002
,,,-0.00026045,0.024000001
,,,-0.00026044,0.023200001
,,,-0.00026043,0.025600002
,,,-0.00026042,0.024000001
,,,-0.00026041,0.024800001
,,,-0.0002604,0.024800001
,,,-0.00026039,0.024000001
,,,-0.00026038,0.025600002
,,,-0.00026037,0.024000001
,,,-0.00026036,0.024000001
,,,-0.00026035,0.023200001
,,,-0.00026034,0.027200002
,,,-0.00026033,0.023200001
,,,-0.00026032,0.024000001
,,,-0.00026031,0.025600002
,,,-0.0002603,0.024000001
,,,-0.00026029,0.025600002
,,,-0.00026028,0.024000001
,,,-0.00026027,0.024000001
,,,-0.00026026,0.024800001
,,,-0.00026025,0.025600002
,,,-0.00026024,0.024000001
,,,-0.00026023,0.023200001
,,,-0.00026022,0.024000001
,,,-0.00026021,0.024000001
,,,-0.0002602,0.024800001
,,,-0.00026019,0.024800001
,,,-0.00026018,0.024800001
,,,-0.00026017,0.024000001
,,,-0.00026016,0.024800001
,,,-0.00026015,0.024000001
,,,-0.00026014,0.024000001
,,,-0.00026013,0.024000001
,,,-0.00026012,0.024800001
,,,-0.00026011,0.023200001
,,,-0.0002601,0.024000001
,,,-0.00026009,0.024000001
,,,-0.00026008,0.024800001
,,,-0.00026007,0.024800001
,,,-0.00026006,0.026400002
,,,-0.00026005,0.024000001
,,,-0.00026004,0.024000001
,,,-0.00026003,0.023200001
,,,-0.00026002,0.024000001
,,,-0.00026001,0.024000001
,,,-0.00026,0.022400001
,,,-0.00025999,0.024000001
,,,-0.00025998,0.024000001
,,,-0.00025997,0.024000001
,,,-0.00025996,0.024000001
,,,-0.00025995,0.024000001
,,,-0.00025994,0.024000001
,,,-0.00025993,0.023200001
,,,-0.00025992,0.024000001
,,,-0.00025991,0.024000001
,,,-0.0002599,0.023200001
,,,-0.00025989,0.024000001
,,,-0.00025988,0.024000001
,,,-0.00025987,0.025600002
,,,-0.00025986,0.024000001
,,,-0.00025985,0.024000001
,,,-0.00025984,0.024000001
,,,-0.00025983,0.024800001
,,,-0.00025982,0.026400002
,,,-0.00025981,0.025600002
,,,-0.0002598,0.025600002
,,,-0.00025979,0.024000001
,,,-0.00025978,0.024000001
,,,-0.00025977,0.025600002
,,,-0.00025976,0.024000001
,,,-0.00025975,0.024800001
,,,-0.00025974,0.024000001
,,,-0.00025973,0.024800001
,,,-0.00025972,0.023200001
,,,-0.00025971,0.024800001
,,,-0.0002597,0.022400001
,,,-0.00025969,0.024800001
,,,-0.00025968,0.024000001
,,,-0.00025967,0.024000001
,,,-0.00025966,0.024000001
,,,-0.00025965,0.024000001
,,,-0.00025964,0.023200001
,,,-0.00025963,0.023200001
,,,-0.00025962,0.024000001
,,,-0.00025961,0.024000001
,,,-0.0002596,0.024000001
,,,-0.00025959,0.024000001
,,,-0.00025958,0.025600002
,,,-0.00025957,0.024800001
,,,-0.00025956,0.025600002
,,,-0.00025955,0.025600002
,,,-0.00025954,0.024800001
,,,-0.00025953,0.024000001
,,,-0.00025952,0.024800001
,,,-0.00025951,0.024000001
,,,-0.0002595,0.023200001
,,,-0.00025949,0.024800001
,,,-0.00025948,0.024800001
,,,-0.00025947,0.024000001
,,,-0.00025946,0.024000001
,,,-0.00025945,0.024000001
,,,-0.00025944,0.025600002
,,,-0.00025943,0.024000001
,,,-0.00025942,0.024800001
,,,-0.00025941,0.024000001
,,,-0.0002594,0.024000001
,,,-0.00025939,0.024800001
,,,-0.00025938,0.024800001
,,,-0.00025937,0.024800001
,,,-0.00025936,0.024000001
,,,-0.00025935,0.024000001
,,,-0.00025934,0.024000001
,,,-0.00025933,0.024000001
,,,-0.00025932,0.024000001
,,,-0.00025931,0.023200001
,,,-0.0002593,0.024800001
,,,-0.00025929,0.026400002
,,,-0.00025928,0.024000001
,,,-0.00025927,0.024000001
,,,-0.00025926,0.024000001
,,,-0.00025925,0.024800001
,,,-0.00025924,0.025600002
,,,-0.00025923,0.024000001
,,,-0.00025922,0.024800001
,,,-0.00025921,0.023200001
,,,-0.0002592,0.024000001
,,,-0.00025919,0.024000001
,,,-0.00025918,0.024000001
,,,-0.00025917,0.025600002
,,,-0.00025916,0.024000001
,,,-0.00025915,0.024800001
,,,-0.00025914,0.024000001
,,,-0.00025913,0.025600002
,,,-0.00025912,0.024000001
,,,-0.00025911,0.024800001
,,,-0.0002591,0.025600002
,,,-0.00025909,0.024000001
,,,-0.00025908,0.024800001
,,,-0.00025907,0.024800001
,,,-0.00025906,0.025600002
,,,-0.00025905,0.025600002
,,,-0.00025904,0.024000001
,,,-0.00025903,0.024800001
,,,-0.00025902,0.024000001
,,,-0.00025901,0.024000001
,,,-0.000259,0.021600001
,,,-0.00025899,0.024000001
,,,-0.00025898,0.023200001
,,,-0.00025897,0.024800001
,,,-0.00025896,0.024000001
,,,-0.00025895,0.024000001
,,,-0.00025894,0.024000001
,,,-0.00025893,0.022400001
,,,-0.00025892,0.024000001
,,,-0.00025891,0.024000001
,,,-0.0002589,0.024000001
,,,-0.00025889,0.024800001
,,,-0.00025888,0.022400001
,,,-0.00025887,0.024800001
,,,-0.00025886,0.024800001
,,,-0.00025885,0.024800001
,,,-0.00025884,0.025600002
,,,-0.00025883,0.025600002
,,,-0.00025882,0.022400001
,,,-0.00025881,0.024000001
,,,-0.0002588,0.025600002
,,,-0.00025879,0.024000001
,,,-0.00025878,0.024800001
,,,-0.00025877,0.024800001
,,,-0.00025876,0.024000001
,,,-0.00025875,0.024000001
,,,-0.00025874,0.025600002
,,,-0.00025873,0.024000001
,,,-0.00025872,0.024800001
,,,-0.00025871,0.024000001
,,,-0.0002587,0.023200001
,,,-0.00025869,0.024000001
,,,-0.00025868,0.024800001
,,,-0.00025867,0.024000001
,,,-0.00025866,0.024800001
,,,-0.00025865,0.024000001
,,,-0.00025864,0.024800001
,,,-0.00025863,0.024800001
,,,-0.00025862,0.026400002
,,,-0.00025861,0.024800001
,,,-0.0002586,0.022400001
,,,-0.00025859,0.025600002
,,,-0.00025858,0.026400002
,,,-0.00025857,0.024800001
,,,-0.00025856,0.024000001
,,,-0.00025855,0.024000001
,,,-0.00025854,0.024800001
,,,-0.00025853,0.022400001
,,,-0.00025852,0.024800001
,,,-0.00025851,0.024000001
,,,-0.0002585,0.024800001
,,,-0.00025849,0.021600001
,,,-0.00025848,0.024000001
,,,-0.00025847,0.024000001
,,,-0.00025846,0.025600002
,,,-0.00025845,0.024800001
,,,-0.00025844,0.024800001
,,,-0.00025843,0.024000001
,,,-0.00025842,0.025600002
,,,-0.00025841,0.024000001
,,,-0.0002584,0.025600002
,,,-0.00025839,0.024000001
,,,-0.00025838,0.024800001
,,,-0.00025837,0.024000001
,,,-0.00025836,0.025600002
,,,-0.00025835,0.024000001
,,,-0.00025834,0.024000001
,,,-0.00025833,0.024000001
,,,-0.00025832,0.025600002
,,,-0.00025831,0.024800001
,,,-0.0002583,0.024000001
,,,-0.00025829,0.024000001
,,,-0.00025828,0.024000001
,,,-0.00025827,0.024000001
,,,-0.00025826,0.024000001
,,,-0.00025825,0.025600002
,,,-0.00025824,0.024000001
,,,-0.00025823,0.023200001
,,,-0.00025822,0.024000001
,,,-0.00025821,0.027200002
,,,-0.0002582,0.024000001
,,,-0.00025819,0.024000001
,,,-0.00025818,0.024000001
,,,-0.00025817,0.024000001
,,,-0.00025816,0.024000001
,,,-0.00025815,0.025600002
,,,-0.00025814,0.025600002
,,,-0.00025813,0.023200001
,,,-0.00025812,0.024000001
,,,-0.00025811,0.024800001
,,,-0.0002581,0.024000001
,,,-0.00025809,0.024000001
,,,-0.00025808,0.024000001
,,,-0.00025807,0.024000001
,,,-0.00025806,0.024000001
,,,-0.00025805,0.022400001
,,,-0.00025804,0.024000001
,,,-0.00025803,0.024000001
,,,-0.00025802,0.024800001
,,,-0.00025801,0.024800001
,,,-0.000258,0.024000001
,,,-0.00025799,0.024800001
,,,-0.00025798,0.022400001
,,,-0.00025797,0.025600002
,,,-0.00025796,0.023200001
,,,-0.00025795,0.023200001
,,,-0.00025794,0.023200001
,,,-0.00025793,0.024800001
,,,-0.00025792,0.025600002
,,,-0.00025791,0.024000001
,,,-0.0002579,0.024800001
,,,-0.00025789,0.024000001
,,,-0.00025788,0.024800001
,,,-0.00025787,0.024000001
,,,-0.00025786,0.025600002
,,,-0.00025785,0.025600002
,,,-0.00025784,0.024000001
,,,-0.00025783,0.024000001
,,,-0.00025782,0.024000001
,,,-0.00025781,0.024000001
,,,-0.0002578,0.024000001
,,,-0.00025779,0.024000001
,,,-0.00025778,0.023200001
,,,-0.00025777,0.024000001
,,,-0.00025776,0.024000001
,,,-0.00025775,0.024000001
,,,-0.00025774,0.024800001
,,,-0.00025773,0.024000001
,,,-0.00025772,0.024000001
,,,-0.00025771,0.023200001
,,,-0.0002577,0.024800001
,,,-0.00025769,0.023200001
,,,-0.00025768,0.024800001
,,,-0.00025767,0.024000001
,,,-0.00025766,0.024800001
,,,-0.00025765,0.024000001
,,,-0.00025764,0.024800001
,,,-0.00025763,0.024800001
,,,-0.00025762,0.023200001
,,,-0.00025761,0.024000001
,,,-0.0002576,0.024800001
,,,-0.00025759,0.024000001
,,,-0.00025758,0.023200001
,,,-0.00025757,0.023200001
,,,-0.00025756,0.024800001
,,,-0.00025755,0.024000001
,,,-0.00025754,0.023200001
,,,-0.00025753,0.023200001
,,,-0.00025752,0.023200001
,,,-0.00025751,0.023200001
,,,-0.0002575,0.024000001
,,,-0.00025749,0.023200001
,,,-0.00025748,0.024000001
,,,-0.00025747,0.024000001
,,,-0.00025746,0.024000001
,,,-0.00025745,0.024000001
,,,-0.00025744,0.024000001
,,,-0.00025743,0.025600002
,,,-0.00025742,0.024800001
,,,-0.00025741,0.024800001
,,,-0.0002574,0.022400001
,,,-0.00025739,0.024000001
,,,-0.00025738,0.024000001
,,,-0.00025737,0.024800001
,,,-0.00025736,0.025600002
,,,-0.00025735,0.024000001
,,,-0.00025734,0.024000001
,,,-0.00025733,0.025600002
,,,-0.00025732,0.023200001
,,,-0.00025731,0.024800001
,,,-0.0002573,0.024000001
,,,-0.00025729,0.024000001
,,,-0.00025728,0.024000001
,,,-0.00025727,0.024000001
,,,-0.00025726,0.024000001
,,,-0.00025725,0.024800001
,,,-0.00025724,0.024000001
,,,-0.00025723,0.024000001
,,,-0.00025722,0.024000001
,,,-0.00025721,0.024800001
,,,-0.0002572,0.024800001
,,,-0.00025719,0.024800001
,,,-0.00025718,0.023200001
,,,-0.00025717,0.023200001
,,,-0.00025716,0.024000001
,,,-0.00025715,0.023200001
,,,-0.00025714,0.024800001
,,,-0.00025713,0.024000001
,,,-0.00025712,0.024800001
,,,-0.00025711,0.023200001
,,,-0.0002571,0.024000001
,,,-0.00025709,0.024000001
,,,-0.00025708,0.023200001
,,,-0.00025707,0.024800001
,,,-0.00025706,0.024800001
,,,-0.00025705,0.025600002
,,,-0.00025704,0.025600002
,,,-0.00025703,0.024000001
,,,-0.00025702,0.025600002
,,,-0.00025701,0.024800001
,,,-0.000257,0.024000001
,,,-0.00025699,0.024000001
,,,-0.00025698,0.024000001
,,,-0.00025697,0.023200001
,,,-0.00025696,0.025600002
,,,-0.00025695,0.024800001
,,,-0.00025694,0.024000001
,,,-0.00025693,0.024000001
,,,-0.00025692,0.024800001
,,,-0.00025691,0.024000001
,,,-0.0002569,0.024000001
,,,-0.00025689,0.026400002
,,,-0.00025688,0.023200001
,,,-0.00025687,0.024800001
,,,-0.00025686,0.023200001
,,,-0.00025685,0.024000001
,,,-0.00025684,0.024800001
,,,-0.00025683,0.024800001
,,,-0.00025682,0.024000001
,,,-0.00025681,0.024000001
,,,-0.0002568,0.022400001
,,,-0.00025679,0.024000001
,,,-0.00025678,0.024000001
,,,-0.00025677,0.025600002
,,,-0.00025676,0.023200001
,,,-0.00025675,0.024000001
,,,-0.00025674,0.024000001
,,,-0.00025673,0.024000001
,,,-0.00025672,0.024000001
,,,-0.00025671,0.024000001
,,,-0.0002567,0.024000001
,,,-0.00025669,0.024000001
,,,-0.00025668,0.025600002
,,,-0.00025667,0.023200001
,,,-0.00025666,0.024000001
,,,-0.00025665,0.026400002
,,,-0.00025664,0.024000001
,,,-0.00025663,0.023200001
,,,-0.00025662,0.023200001
,,,-0.00025661,0.023200001
,,,-0.0002566,0.024800001
,,,-0.00025659,0.024000001
,,,-0.00025658,0.024000001
,,,-0.00025657,0.024000001
,,,-0.00025656,0.025600002
,,,-0.00025655,0.024000001
,,,-0.00025654,0.024800001
,,,-0.00025653,0.024000001
,,,-0.00025652,0.024000001
,,,-0.00025651,0.024000001
,,,-0.0002565,0.024000001
,,,-0.00025649,0.024000001
,,,-0.00025648,0.024000001
,,,-0.00025647,0.024000001
,,,-0.00025646,0.024000001
,,,-0.00025645,0.024000001
,,,-0.00025644,0.024800001
,,,-0.00025643,0.023200001
,,,-0.00025642,0.024000001
,,,-0.00025641,0.024000001
,,,-0.0002564,0.024800001
,,,-0.00025639,0.024800001
,,,-0.00025638,0.023200001
,,,-0.00025637,0.024000001
,,,-0.00025636,0.023200001
,,,-0.00025635,0.024000001
,,,-0.00025634,0.024000001
,,,-0.00025633,0.024000001
,,,-0.00025632,0.024000001
,,,-0.00025631,0.024000001
,,,-0.0002563,0.024800001
,,,-0.00025629,0.024000001
,,,-0.00025628,0.025600002
,,,-0.00025627,0.022400001
,,,-0.00025626,0.023200001
,,,-0.00025625,0.024000001
,,,-0.00025624,0.025600002
,,,-0.00025623,0.024000001
,,,-0.00025622,0.023200001
,,,-0.00025621,0.023200001
,,,-0.0002562,0.024000001
,,,-0.00025619,0.025600002
,,,-0.00025618,0.024000001
,,,-0.00025617,0.024000001
,,,-0.00025616,0.024000001
,,,-0.00025615,0.023200001
,,,-0.00025614,0.024800001
,,,-0.00025613,0.023200001
,,,-0.00025612,0.024000001
,,,-0.00025611,0.024000001
,,,-0.0002561,0.024000001
,,,-0.00025609,0.024000001
,,,-0.00025608,0.024800001
,,,-0.00025607,0.024800001
,,,-0.00025606,0.023200001
,,,-0.00025605,0.024800001
,,,-0.00025604,0.025600002
,,,-0.00025603,0.024000001
,,,-0.00025602,0.023200001
,,,-0.00025601,0.025600002
,,,-0.000256,0.024000001
,,,-0.00025599,0.024000001
,,,-0.00025598,0.023200001
,,,-0.00025597,0.022400001
,,,-0.00025596,0.024000001
,,,-0.00025595,0.024800001
,,,-0.00025594,0.023200001
,,,-0.00025593,0.024800001
,,,-0.00025592,0.024800001
,,,-0.00025591,0.024000001
,,,-0.0002559,0.024000001
,,,-0.00025589,0.025600002
,,,-0.00025588,0.025600002
,,,-0.00025587,0.024800001
,,,-0.00025586,0.023200001
,,,-0.00025585,0.024000001
,,,-0.00025584,0.024000001
,,,-0.00025583,0.023200001
,,,-0.00025582,0.024800001
,,,-0.00025581,0.024800001
,,,-0.0002558,0.024000001
,,,-0.00025579,0.024000001
,,,-0.00025578,0.024000001
,,,-0.00025577,0.024000001
,,,-0.00025576,0.025600002
,,,-0.00025575,0.024000001
,,,-0.00025574,0.024000001
,,,-0.00025573,0.024800001
,,,-0.00025572,0.025600002
,,,-0.00025571,0.025600002
,,,-0.0002557,0.024000001
,,,-0.00025569,0.024000001
,,,-0.00025568,0.024800001
,,,-0.00025567,0.024000001
,,,-0.00025566,0.023200001
,,,-0.00025565,0.024000001
,,,-0.00025564,0.024000001
,,,-0.00025563,0.024000001
,,,-0.00025562,0.024800001
,,,-0.00025561,0.024000001
,,,-0.0002556,0.024800001
,,,-0.00025559,0.025600002
,,,-0.00025558,0.023200001
,,,-0.00025557,0.024000001
,,,-0.00025556,0.024000001
,,,-0.00025555,0.024800001
,,,-0.00025554,0.025600002
,,,-0.00025553,0.023200001
,,,-0.00025552,0.024000001
,,,-0.00025551,0.023200001
,,,-0.0002555,0.022400001
,,,-0.00025549,0.024000001
,,,-0.00025548,0.024800001
,,,-0.00025547,0.024000001
,,,-0.00025546,0.022400001
,,,-0.00025545,0.024800001
,,,-0.00025544,0.024000001
,,,-0.00025543,0.024000001
,,,-0.00025542,0.024000001
,,,-0.00025541,0.023200001
,,,-0.0002554,0.024800001
,,,-0.00025539,0.027200002
,,,-0.00025538,0.024800001
,,,-0.00025537,0.024800001
,,,-0.00025536,0.023200001
,,,-0.00025535,0.023200001
,,,-0.00025534,0.024000001
,,,-0.00025533,0.024000001
,,,-0.00025532,0.025600002
,,,-0.00025531,0.024000001
,,,-0.0002553,0.023200001
,,,-0.00025529,0.024000001
,,,-0.00025528,0.024000001
,,,-0.00025527,0.024000001
,,,-0.00025526,0.024000001
,,,-0.00025525,0.024800001
,,,-0.00025524,0.024800001
,,,-0.00025523,0.024800001
,,,-0.00025522,0.024800001
,,,-0.00025521,0.024000001
,,,-0.0002552,0.024000001
,,,-0.00025519,0.024000001
,,,-0.00025518,0.023200001
,,,-0.00025517,0.024000001
,,,-0.00025516,0.025600002
,,,-0.00025515,0.024000001
,,,-0.00025514,0.024000001
,,,-0.00025513,0.026400002
,,,-0.00025512,0.024000001
,,,-0.00025511,0.024800001
,,,-0.0002551,0.022400001
,,,-0.00025509,0.024000001
,,,-0.00025508,0.024000001
,,,-0.00025507,0.024000001
,,,-0.00025506,0.024000001
,,,-0.00025505,0.024000001
,,,-0.00025504,0.024000001
,,,-0.00025503,0.026400002
,,,-0.00025502,0.025600002
,,,-0.00025501,0.024800001
,,,-0.000255,0.024800001
,,,-0.00025499,0.024000001
,,,-0.00025498,0.022400001
,,,-0.00025497,0.024000001
,,,-0.00025496,0.025600002
,,,-0.00025495,0.024000001
,,,-0.00025494,0.024800001
,,,-0.00025493,0.024000001
,,,-0.00025492,0.022400001
,,,-0.00025491,0.025600002
,,,-0.0002549,0.024000001
,,,-0.00025489,0.023200001
,,,-0.00025488,0.024000001
,,,-0.00025487,0.024000001
,,,-0.00025486,0.025600002
,,,-0.00025485,0.022400001
,,,-0.00025484,0.024000001
,,,-0.00025483,0.024000001
,,,-0.00025482,0.024000001
,,,-0.00025481,0.023200001
,,,-0.0002548,0.022400001
,,,-0.00025479,0.023200001
,,,-0.00025478,0.025600002
,,,-0.00025477,0.023200001
,,,-0.00025476,0.024000001
,,,-0.00025475,0.024000001
,,,-0.00025474,0.023200001
,,,-0.00025473,0.024000001
,,,-0.00025472,0.023200001
,,,-0.00025471,0.023200001
,,,-0.0002547,0.024000001
,,,-0.00025469,0.024800001
,,,-0.00025468,0.023200001
,,,-0.00025467,0.022400001
,,,-0.00025466,0.024000001
,,,-0.00025465,0.025600002
,,,-0.00025464,0.024800001
,,,-0.00025463,0.025600002
,,,-0.00025462,0.023200001
,,,-0.00025461,0.024000001
,,,-0.0002546,0.024000001
,,,-0.00025459,0.024000001
,,,-0.00025458,0.024000001
,,,-0.00025457,0.023200001
,,,-0.00025456,0.024000001
,,,-0.00025455,0.024000001
,,,-0.00025454,0.023200001
,,,-0.00025453,0.023200001
,,,-0.00025452,0.023200001
,,,-0.00025451,0.024000001
,,,-0.0002545,0.024000001
,,,-0.00025449,0.022400001
,,,-0.00025448,0.024800001
,,,-0.00025447,0.025600002
,,,-0.00025446,0.023200001
,,,-0.00025445,0.024000001
,,,-0.00025444,0.024000001
,,,-0.00025443,0.024800001
,,,-0.00025442,0.023200001
,,,-0.00025441,0.024000001
,,,-0.0002544,0.024000001
,,,-0.00025439,0.024800001
,,,-0.00025438,0.024000001
,,,-0.00025437,0.025600002
,,,-0.00025436,0.024000001
,,,-0.00025435,0.024800001
,,,-0.00025434,0.024000001
,,,-0.00025433,0.024000001
,,,-0.00025432,0.024800001
,,,-0.00025431,0.024800001
,,,-0.0002543,0.024000001
,,,-0.00025429,0.024000001
,,,-0.00025428,0.025600002
,,,-0.00025427,0.024800001
,,,-0.00025426,0.024800001
,,,-0.00025425,0.024000001
,,,-0.00025424,0.025600002
,,,-0.00025423,0.024000001
,,,-0.00025422,0.024000001
,,,-0.00025421,0.021600001
,,,-0.0002542,0.023200001
,,,-0.00025419,0.023200001
,,,-0.00025418,0.024000001
,,,-0.00025417,0.024800001
,,,-0.00025416,0.024000001
,,,-0.00025415,0.025600002
,,,-0.00025414,0.024000001
,,,-0.00025413,0.024800001
,,,-0.00025412,0.024000001
,,,-0.00025411,0.026400002
,,,-0.0002541,0.026400002
,,,-0.00025409,0.025600002
,,,-0.00025408,0.022400001
,,,-0.00025407,0.023200001
,,,-0.00025406,0.024000001
,,,-0.00025405,0.024000001
,,,-0.00025404,0.024000001
,,,-0.00025403,0.025600002
,,,-0.00025402,0.024000001
,,,-0.00025401,0.024800001
,,,-0.000254,0.025600002
,,,-0.00025399,0.024000001
,,,-0.00025398,0.024000001
,,,-0.00025397,0.020800001
,,,-0.00025396,0.023200001
,,,-0.00025395,0.024800001
,,,-0.00025394,0.024000001
,,,-0.00025393,0.025600002
,,,-0.00025392,0.023200001
,,,-0.00025391,0.023200001
,,,-0.0002539,0.024000001
,,,-0.00025389,0.024800001
,,,-0.00025388,0.026400002
,,,-0.00025387,0.024800001
,,,-0.00025386,0.025600002
,,,-0.00025385,0.024000001
,,,-0.00025384,0.024000001
,,,-0.00025383,0.024800001
,,,-0.00025382,0.024000001
,,,-0.00025381,0.024000001
,,,-0.0002538,0.024000001
,,,-0.00025379,0.024800001
,,,-0.00025378,0.024800001
,,,-0.00025377,0.024000001
,,,-0.00025376,0.024800001
,,,-0.00025375,0.024000001
,,,-0.00025374,0.024800001
,,,-0.00025373,0.023200001
,,,-0.00025372,0.024800001
,,,-0.00025371,0.024000001
,,,-0.0002537,0.024000001
,,,-0.00025369,0.024000001
,,,-0.00025368,0.023200001
,,,-0.00025367,0.024800001
,,,-0.00025366,0.023200001
,,,-0.00025365,0.024000001
,,,-0.00025364,0.024800001
,,,-0.00025363,0.023200001
,,,-0.00025362,0.024000001
,,,-0.00025361,0.024000001
,,,-0.0002536,0.024000001
,,,-0.00025359,0.024800001
,,,-0.00025358,0.024000001
,,,-0.00025357,0.024000001
,,,-0.00025356,0.024000001
,,,-0.00025355,0.024800001
,,,-0.00025354,0.024800001
,,,-0.00025353,0.024800001
,,,-0.00025352,0.024000001
,,,-0.00025351,0.024000001
,,,-0.0002535,0.024000001
,,,-0.00025349,0.024000001
,,,-0.00025348,0.024000001
,,,-0.00025347,0.024000001
,,,-0.00025346,0.024000001
,,,-0.00025345,0.024000001
,,,-0.00025344,0.024000001
,,,-0.00025343,0.022400001
,,,-0.00025342,0.024800001
,,,-0.00025341,0.024000001
,,,-0.0002534,0.024000001
,,,-0.00025339,0.024000001
,,,-0.00025338,0.024000001
,,,-0.00025337,0.024000001
,,,-0.00025336,0.021600001
,,,-0.00025335,0.024000001
,,,-0.00025334,0.024800001
,,,-0.00025333,0.024000001
,,,-0.00025332,0.024000001
,,,-0.00025331,0.024000001
,,,-0.0002533,0.024800001
,,,-0.00025329,0.024000001
,,,-0.00025328,0.024000001
,,,-0.00025327,0.023200001
,,,-0.00025326,0.024800001
,,,-0.00025325,0.024800001
,,,-0.00025324,0.024000001
,,,-0.00025323,0.023200001
,,,-0.00025322,0.024800001
,,,-0.00025321,0.023200001
,,,-0.0002532,0.023200001
,,,-0.00025319,0.024800001
,,,-0.00025318,0.025600002
,,,-0.00025317,0.024000001
,,,-0.00025316,0.025600002
,,,-0.00025315,0.024000001
,,,-0.00025314,0.023200001
,,,-0.00025313,0.023200001
,,,-0.00025312,0.024000001
,,,-0.00025311,0.023200001
,,,-0.0002531,0.023200001
,,,-0.00025309,0.024800001
,,,-0.00025308,0.024000001
,,,-0.00025307,0.023200001
,,,-0.00025306,0.024800001
,,,-0.00025305,0.025600002
,,,-0.00025304,0.024800001
,,,-0.00025303,0.024800001
,,,-0.00025302,0.024000001
,,,-0.00025301,0.024000001
,,,-0.000253,0.023200001
,,,-0.00025299,0.024000001
,,,-0.00025298,0.024000001
,,,-0.00025297,0.023200001
,,,-0.00025296,0.024000001
,,,-0.00025295,0.025600002
,,,-0.00025294,0.024000001
,,,-0.00025293,0.025600002
,,,-0.00025292,0.024000001
,,,-0.00025291,0.023200001
,,,-0.0002529,0.024000001
,,,-0.00025289,0.026400002
,,,-0.00025288,0.024800001
,,,-0.00025287,0.025600002
,,,-0.00025286,0.024800001
,,,-0.00025285,0.024000001
,,,-0.00025284,0.024800001
,,,-0.00025283,0.024800001
,,,-0.00025282,0.024000001
,,,-0.00025281,0.024800001
,,,-0.0002528,0.023200001
,,,-0.00025279,0.025600002
,,,-0.00025278,0.025600002
,,,-0.00025277,0.024800001
,,,-0.00025276,0.023200001
,,,-0.00025275,0.023200001
,,,-0.00025274,0.024000001
,,,-0.00025273,0.024000001
,,,-0.00025272,0.025600002
,,,-0.00025271,0.023200001
,,,-0.0002527,0.024000001
,,,-0.00025269,0.024800001
,,,-0.00025268,0.024000001
,,,-0.00025267,0.024000001
,,,-0.00025266,0.024000001
,,,-0.00025265,0.024800001
,,,-0.00025264,0.024000001
,,,-0.00025263,0.025600002
,,,-0.00025262,0.024800001
,,,-0.00025261,0.024000001
,,,-0.0002526,0.024800001
,,,-0.00025259,0.024800001
,,,-0.00025258,0.024800001
,,,-0.00025257,0.024000001
,,,-0.00025256,0.023200001
,,,-0.00025255,0.024000001
,,,-0.00025254,0.024000001
,,,-0.00025253,0.023200001
,,,-0.00025252,0.024800001
,,,-0.00025251,0.024000001
,,,-0.0002525,0.024000001
,,,-0.00025249,0.024800001
,,,-0.00025248,0.024800001
,,,-0.00025247,0.023200001
,,,-0.00025246,0.024800001
,,,-0.00025245,0.025600002
,,,-0.00025244,0.024000001
,,,-0.00025243,0.024000001
,,,-0.00025242,0.024800001
,,,-0.00025241,0.024800001
,,,-0.0002524,0.024000001
,,,-0.00025239,0.024800001
,,,-0.00025238,0.025600002
,,,-0.00025237,0.024000001
,,,-0.00025236,0.023200001
,,,-0.00025235,0.024000001
,,,-0.00025234,0.024000001
,,,-0.00025233,0.023200001
,,,-0.00025232,0.023200001
,,,-0.00025231,0.023200001
,,,-0.0002523,0.027200002
,,,-0.00025229,0.024000001
,,,-0.00025228,0.024000001
,,,-0.00025227,0.024000001
,,,-0.00025226,0.024000001
,,,-0.00025225,0.023200001
,,,-0.00025224,0.024000001
,,,-0.00025223,0.024000001
,,,-0.00025222,0.024000001
,,,-0.00025221,0.024000001
,,,-0.0002522,0.024000001
,,,-0.00025219,0.024000001
,,,-0.00025218,0.024000001
,,,-0.00025217,0.024800001
,,,-0.00025216,0.024800001
,,,-0.00025215,0.024000001
,,,-0.00025214,0.024000001
,,,-0.00025213,0.023200001
,,,-0.00025212,0.025600002
,,,-0.00025211,0.024000001
,,,-0.0002521,0.024000001
,,,-0.00025209,0.024000001
,,,-0.00025208,0.024000001
,,,-0.00025207,0.024000001
,,,-0.00025206,0.024000001
,,,-0.00025205,0.024000001
,,,-0.00025204,0.024000001
,,,-0.00025203,0.024800001
,,,-0.00025202,0.024000001
,,,-0.00025201,0.023200001
,,,-0.000252,0.025600002
,,,-0.00025199,0.024000001
,,,-0.00025198,0.023200001
,,,-0.00025197,0.025600002
,,,-0.00025196,0.024000001
,,,-0.00025195,0.025600002
,,,-0.00025194,0.024000001
,,,-0.00025193,0.024000001
,,,-0.00025192,0.023200001
,,,-0.00025191,0.022400001
,,,-0.0002519,0.024000001
,,,-0.00025189,0.024000001
,,,-0.00025188,0.024000001
,,,-0.00025187,0.024800001
,,,-0.00025186,0.024000001
,,,-0.00025185,0.024800001
,,,-0.00025184,0.025600002
,,,-0.00025183,0.021600001
,,,-0.00025182,0.024800001
,,,-0.00025181,0.026400002
,,,-0.0002518,0.024800001
,,,-0.00025179,0.023200001
,,,-0.00025178,0.024000001
,,,-0.00025177,0.024000001
,,,-0.00025176,0.024000001
,,,-0.00025175,0.024800001
,,,-0.00025174,0.024000001
,,,-0.00025173,0.023200001
,,,-0.00025172,0.024000001
,,,-0.00025171,0.023200001
,,,-0.0002517,0.024800001
,,,-0.00025169,0.024800001
,,,-0.00025168,0.024800001
,,,-0.00025167,0.024000001
,,,-0.00025166,0.023200001
,,,-0.00025165,0.022400001
,,,-0.00025164,0.024000001
,,,-0.00025163,0.024000001
,,,-0.00025162,0.024000001
,,,-0.00025161,0.024000001
,,,-0.0002516,0.024000001
,,,-0.00025159,0.024000001
,,,-0.00025158,0.022400001
,,,-0.00025157,0.023200001
,,,-0.00025156,0.024000001
,,,-0.00025155,0.024000001
,,,-0.00025154,0.024000001
,,,-0.00025153,0.024000001
,,,-0.00025152,0.025600002
,,,-0.00025151,0.024000001
,,,-0.0002515,0.024000001
,,,-0.00025149,0.023200001
,,,-0.00025148,0.023200001
,,,-0.00025147,0.024800001
,,,-0.00025146,0.026400002
,,,-0.00025145,0.023200001
,,,-0.00025144,0.022400001
,,,-0.00025143,0.024000001
,,,-0.00025142,0.024000001
,,,-0.00025141,0.024800001
,,,-0.0002514,0.026400002
,,,-0.00025139,0.024000001
,,,-0.00025138,0.024000001
,,,-0.00025137,0.024000001
,,,-0.00025136,0.024000001
,,,-0.00025135,0.024800001
,,,-0.00025134,0.024000001
,,,-0.00025133,0.024800001
,,,-0.00025132,0.024000001
,,,-0.00025131,0.024800001
,,,-0.0002513,0.024000001
,,,-0.00025129,0.023200001
,,,-0.00025128,0.024000001
,,,-0.00025127,0.024000001
,,,-0.00025126,0.024000001
,,,-0.00025125,0.024000001
,,,-0.00025124,0.024000001
,,,-0.00025123,0.024000001
,,,-0.00025122,0.023200001
,,,-0.00025121,0.025600002
,,,-0.0002512,0.024000001
,,,-0.00025119,0.024000001
,,,-0.00025118,0.024000001
,,,-0.00025117,0.024000001
,,,-0.00025116,0.025600002
,,,-0.00025115,0.024000001
,,,-0.00025114,0.025600002
,,,-0.00025113,0.024800001
,,,-0.00025112,0.024800001
,,,-0.00025111,0.022400001
,,,-0.0002511,0.025600002
,,,-0.00025109,0.024800001
,,,-0.00025108,0.023200001
,,,-0.00025107,0.023200001
,,,-0.00025106,0.023200001
,,,-0.00025105,0.024800001
,,,-0.00025104,0.025600002
,,,-0.00025103,0.024800001
,,,-0.00025102,0.024000001
,,,-0.00025101,0.024000001
,,,-0.000251,0.024000001
,,,-0.00025099,0.024800001
,,,-0.00025098,0.024000001
,,,-0.00025097,0.023200001
,,,-0.00025096,0.024800001
,,,-0.00025095,0.024000001
,,,-0.00025094,0.025600002
,,,-0.00025093,0.024800001
,,,-0.00025092,0.024000001
,,,-0.00025091,0.024000001
,,,-0.0002509,0.023200001
,,,-0.00025089,0.024800001
,,,-0.00025088,0.023200001
,,,-0.00025087,0.024800001
,,,-0.00025086,0.024800001
,,,-0.00025085,0.024000001
,,,-0.00025084,0.023200001
,,,-0.00025083,0.024000001
,,,-0.00025082,0.023200001
,,,-0.00025081,0.023200001
,,,-0.0002508,0.024000001
,,,-0.00025079,0.024800001
,,,-0.00025078,0.024800001
,,,-0.00025077,0.024000001
,,,-0.00025076,0.023200001
,,,-0.00025075,0.024800001
,,,-0.00025074,0.024000001
,,,-0.00025073,0.023200001
,,,-0.00025072,0.024000001
,,,-0.00025071,0.024000001
,,,-0.0002507,0.025600002
,,,-0.00025069,0.024000001
,,,-0.00025068,0.024000001
,,,-0.00025067,0.023200001
,,,-0.00025066,0.025600002
,,,-0.00025065,0.024800001
,,,-0.00025064,0.024000001
,,,-0.00025063,0.026400002
,,,-0.00025062,0.024000001
,,,-0.00025061,0.024000001
,,,-0.0002506,0.022400001
,,,-0.00025059,0.023200001
,,,-0.00025058,0.026400002
,,,-0.00025057,0.025600002
,,,-0.00025056,0.024800001
,,,-0.00025055,0.026400002
,,,-0.00025054,0.024000001
,,,-0.00025053,0.024000001
,,,-0.00025052,0.023200001
,,,-0.00025051,0.024000001
,,,-0.0002505,0.024000001
,,,-0.00025049,0.024000001
,,,-0.00025048,0.024000001
,,,-0.00025047,0.024800001
,,,-0.00025046,0.024800001
,,,-0.00025045,0.024000001
,,,-0.00025044,0.022400001
,,,-0.00025043,0.024000001
,,,-0.00025042,0.024000001
,,,-0.00025041,0.025600002
,,,-0.0002504,0.024000001
,,,-0.00025039,0.024800001
,,,-0.00025038,0.024800001
,,,-0.00025037,0.024000001
,,,-0.00025036,0.024000001
,,,-0.00025035,0.024000001
,,,-0.00025034,0.024000001
,,,-0.00025033,0.024800001
,,,-0.00025032,0.023200001
,,,-0.00025031,0.024000001
,,,-0.0002503,0.024000001
,,,-0.00025029,0.024000001
,,,-0.00025028,0.024800001
,,,-0.00025027,0.024800001
,,,-0.00025026,0.024800001
,,,-0.00025025,0.023200001
,,,-0.00025024,0.024000001
,,,-0.00025023,0.024000001
,,,-0.00025022,0.025600002
,,,-0.00025021,0.024000001
,,,-0.0002502,0.024800001
,,,-0.00025019,0.025600002
,,,-0.00025018,0.025600002
,,,-0.00025017,0.024000001
,,,-0.00025016,0.024000001
,,,-0.00025015,0.024000001
,,,-0.00025014,0.024000001
,,,-0.00025013,0.024000001
,,,-0.00025012,0.024000001
,,,-0.00025011,0.024000001
,,,-0.0002501,0.024000001
,,,-0.00025009,0.023200001
,,,-0.00025008,0.024800001
,,,-0.00025007,0.024000001
,,,-0.00025006,0.025600002
,,,-0.00025005,0.023200001
,,,-0.00025004,0.023200001
,,,-0.00025003,0.024000001
,,,-0.00025002,0.024800001
,,,-0.00025001,0.024000001
,,,-0.00025,0.024000001
,,,-0.00024999,0.024000001
,,,-0.00024998,0.024000001
,,,-0.00024997,0.024000001
,,,-0.00024996,0.024800001
,,,-0.00024995,0.023200001
,,,-0.00024994,0.023200001
,,,-0.00024993,0.024800001
,,,-0.00024992,0.024000001
,,,-0.00024991,0.026400002
,,,-0.0002499,0.024000001
,,,-0.00024989,0.023200001
,,,-0.00024988,0.023200001
,,,-0.00024987,0.025600002
,,,-0.00024986,0.024800001
,,,-0.00024985,0.024000001
,,,-0.00024984,0.024000001
,,,-0.00024983,0.024000001
,,,-0.00024982,0.024000001
,,,-0.00024981,0.024000001
,,,-0.0002498,0.023200001
,,,-0.00024979,0.023200001
,,,-0.00024978,0.025600002
,,,-0.00024977,0.024000001
,,,-0.00024976,0.024000001
,,,-0.00024975,0.024000001
,,,-0.00024974,0.023200001
,,,-0.00024973,0.024000001
,,,-0.00024972,0.025600002
,,,-0.00024971,0.023200001
,,,-0.0002497,0.024800001
,,,-0.00024969,0.024000001
,,,-0.00024968,0.025600002
,,,-0.00024967,0.022400001
,,,-0.00024966,0.024800001
,,,-0.00024965,0.024800001
,,,-0.00024964,0.025600002
,,,-0.00024963,0.024000001
,,,-0.00024962,0.024000001
,,,-0.00024961,0.024000001
,,,-0.0002496,0.024000001
,,,-0.00024959,0.024800001
,,,-0.00024958,0.024800001
,,,-0.00024957,0.024800001
,,,-0.00024956,0.024000001
,,,-0.00024955,0.022400001
,,,-0.00024954,0.024000001
,,,-0.00024953,0.024800001
,,,-0.00024952,0.024000001
,,,-0.00024951,0.024800001
,,,-0.0002495,0.024000001
,,,-0.00024949,0.025600002
,,,-0.00024948,0.024000001
,,,-0.00024947,0.025600002
,,,-0.00024946,0.023200001
,,,-0.00024945,0.024000001
,,,-0.00024944,0.024000001
,,,-0.00024943,0.024000001
,,,-0.00024942,0.025600002
,,,-0.00024941,0.024800001
,,,-0.0002494,0.024000001
,,,-0.00024939,0.022400001
,,,-0.00024938,0.024800001
,,,-0.00024937,0.024800001
,,,-0.00024936,0.025600002
,,,-0.00024935,0.023200001
,,,-0.00024934,0.024000001
,,,-0.00024933,0.024000001
,,,-0.00024932,0.024800001
,,,-0.00024931,0.024800001
,,,-0.0002493,0.024000001
,,,-0.00024929,0.024000001
,,,-0.00024928,0.024800001
,,,-0.00024927,0.025600002
,,,-0.00024926,0.024000001
,,,-0.00024925,0.024800001
,,,-0.00024924,0.024000001
,,,-0.00024923,0.022400001
,,,-0.00024922,0.024000001
,,,-0.00024921,0.023200001
,,,-0.0002492,0.024800001
,,,-0.00024919,0.024000001
,,,-0.00024918,0.024000001
,,,-0.00024917,0.024000001
,,,-0.00024916,0.024800001
,,,-0.00024915,0.024000001
,,,-0.00024914,0.024000001
,,,-0.00024913,0.021600001
,,,-0.00024912,0.024800001
,,,-0.00024911,0.024800001
,,,-0.0002491,0.025600002
,,,-0.00024909,0.024800001
,,,-0.00024908,0.025600002
,,,-0.00024907,0.024000001
,,,-0.00024906,0.024800001
,,,-0.00024905,0.023200001
,,,-0.00024904,0.023200001
,,,-0.00024903,0.024000001
,,,-0.00024902,0.024800001
,,,-0.00024901,0.024800001
,,,-0.000249,0.024000001
,,,-0.00024899,0.024000001
,,,-0.00024898,0.025600002
,,,-0.00024897,0.024000001
,,,-0.00024896,0.024000001
,,,-0.00024895,0.024000001
,,,-0.00024894,0.025600002
,,,-0.00024893,0.024000001
,,,-0.00024892,0.024800001
,,,-0.00024891,0.024000001
,,,-0.0002489,0.023200001
,,,-0.00024889,0.024800001
,,,-0.00024888,0.024800001
,,,-0.00024887,0.024800001
,,,-0.00024886,0.023200001
,,,-0.00024885,0.024000001
,,,-0.00024884,0.026400002
,,,-0.00024883,0.024000001
,,,-0.00024882,0.025600002
,,,-0.00024881,0.023200001
,,,-0.0002488,0.024800001
,,,-0.00024879,0.024800001
,,,-0.00024878,0.024000001
,,,-0.00024877,0.024000001
,,,-0.00024876,0.024000001
,,,-0.00024875,0.023200001
,,,-0.00024874,0.024000001
,,,-0.00024873,0.024000001
,,,-0.00024872,0.024800001
,,,-0.00024871,0.024000001
,,,-0.0002487,0.023200001
,,,-0.00024869,0.024000001
,,,-0.00024868,0.025600002
,,,-0.00024867,0.024000001
,,,-0.00024866,0.024000001
,,,-0.00024865,0.024000001
,,,-0.00024864,0.024800001
,,,-0.00024863,0.024000001
,,,-0.00024862,0.024800001
,,,-0.00024861,0.024000001
,,,-0.0002486,0.024800001
,,,-0.00024859,0.025600002
,,,-0.00024858,0.023200001
,,,-0.00024857,0.024000001
,,,-0.00024856,0.024000001
,,,-0.00024855,0.024000001
,,,-0.00024854,0.025600002
,,,-0.00024853,0.026400002
,,,-0.00024852,0.024000001
,,,-0.00024851,0.024800001
,,,-0.0002485,0.024000001
,,,-0.00024849,0.024000001
,,,-0.00024848,0.024800001
,,,-0.00024847,0.024000001
,,,-0.00024846,0.024000001
,,,-0.00024845,0.025600002
,,,-0.00024844,0.024800001
,,,-0.00024843,0.024800001
,,,-0.00024842,0.025600002
,,,-0.00024841,0.024000001
,,,-0.0002484,0.024000001
,,,-0.00024839,0.024000001
,,,-0.00024838,0.024000001
,,,-0.00024837,0.024000001
,,,-0.00024836,0.023200001
,,,-0.00024835,0.024000001
,,,-0.00024834,0.022400001
,,,-0.00024833,0.024000001
,,,-0.00024832,0.022400001
,,,-0.00024831,0.024800001
,,,-0.0002483,0.024000001
,,,-0.00024829,0.024000001
,,,-0.00024828,0.024800001
,,,-0.00024827,0.024800001
,,,-0.00024826,0.024000001
,,,-0.00024825,0.024000001
,,,-0.00024824,0.024000001
,,,-0.00024823,0.024800001
,,,-0.00024822,0.024000001
,,,-0.00024821,0.024800001
,,,-0.0002482,0.024800001
,,,-0.00024819,0.024800001
,,,-0.00024818,0.024000001
,,,-0.00024817,0.024000001
,,,-0.00024816,0.025600002
,,,-0.00024815,0.024000001
,,,-0.00024814,0.024800001
,,,-0.00024813,0.024800001
,,,-0.00024812,0.024000001
,,,-0.00024811,0.024000001
,,,-0.0002481,0.023200001
,,,-0.00024809,0.023200001
,,,-0.00024808,0.025600002
,,,-0.00024807,0.024800001
,,,-0.00024806,0.023200001
,,,-0.00024805,0.026400002
,,,-0.00024804,0.025600002
,,,-0.00024803,0.025600002
,,,-0.00024802,0.024000001
,,,-0.00024801,0.024800001
,,,-0.000248,0.024800001
,,,-0.00024799,0.023200001
,,,-0.00024798,0.024000001
,,,-0.00024797,0.025600002
,,,-0.00024796,0.024000001
,,,-0.00024795,0.024000001
,,,-0.00024794,0.024000001
,,,-0.00024793,0.023200001
,,,-0.00024792,0.025600002
,,,-0.00024791,0.026400002
,,,-0.0002479,0.024000001
,,,-0.00024789,0.024000001
,,,-0.00024788,0.025600002
,,,-0.00024787,0.023200001
,,,-0.00024786,0.023200001
,,,-0.00024785,0.023200001
,,,-0.00024784,0.024000001
,,,-0.00024783,0.024000001
,,,-0.00024782,0.024000001
,,,-0.00024781,0.024000001
,,,-0.0002478,0.025600002
,,,-0.00024779,0.025600002
,,,-0.00024778,0.025600002
,,,-0.00024777,0.024000001
,,,-0.00024776,0.024000001
,,,-0.00024775,0.024000001
,,,-0.00024774,0.024000001
,,,-0.00024773,0.022400001
,,,-0.00024772,0.024800001
,,,-0.00024771,0.024800001
,,,-0.0002477,0.024000001
,,,-0.00024769,0.022400001
,,,-0.00024768,0.025600002
,,,-0.00024767,0.024000001
,,,-0.00024766,0.025600002
,,,-0.00024765,0.024000001
,,,-0.00024764,0.024800001
,,,-0.00024763,0.024000001
,,,-0.00024762,0.024800001
,,,-0.00024761,0.024800001
,,,-0.0002476,0.024000001
,,,-0.00024759,0.024000001
,,,-0.00024758,0.025600002
,,,-0.00024757,0.022400001
,,,-0.00024756,0.024800001
,,,-0.00024755,0.024800001
,,,-0.00024754,0.024000001
,,,-0.00024753,0.024800001
,,,-0.00024752,0.025600002
,,,-0.00024751,0.023200001
,,,-0.0002475,0.024000001
,,,-0.00024749,0.024000001
,,,-0.00024748,0.024000001
,,,-0.00024747,0.024000001
,,,-0.00024746,0.024000001
,,,-0.00024745,0.023200001
,,,-0.00024744,0.025600002
,,,-0.00024743,0.025600002
,,,-0.00024742,0.023200001
,,,-0.00024741,0.024800001
,,,-0.0002474,0.024000001
,,,-0.00024739,0.023200001
,,,-0.00024738,0.024000001
,,,-0.00024737,0.024800001
,,,-0.00024736,0.023200001
,,,-0.00024735,0.024000001
,,,-0.00024734,0.025600002
,,,-0.00024733,0.023200001
,,,-0.00024732,0.024800001
,,,-0.00024731,0.024000001
,,,-0.0002473,0.024000001
,,,-0.00024729,0.024000001
,,,-0.00024728,0.024800001
,,,-0.00024727,0.024000001
,,,-0.00024726,0.024800001
,,,-0.00024725,0.024800001
,,,-0.00024724,0.025600002
,,,-0.00024723,0.023200001
,,,-0.00024722,0.024800001
,,,-0.00024721,0.023200001
,,,-0.0002472,0.023200001
,,,-0.00024719,0.024000001
,,,-0.00024718,0.024800001
,,,-0.00024717,0.024800001
,,,-0.00024716,0.024000001
,,,-0.00024715,0.024000001
,,,-0.00024714,0.024000001
,,,-0.00024713,0.025600002
,,,-0.00024712,0.025600002
,,,-0.00024711,0.024000001
,,,-0.0002471,0.022400001
,,,-0.00024709,0.021600001
,,,-0.00024708,0.023200001
,,,-0.00024707,0.024800001
,,,-0.00024706,0.023200001
,,,-0.00024705,0.024000001
,,,-0.00024704,0.024800001
,,,-0.00024703,0.024000001
,,,-0.00024702,0.023200001
,,,-0.00024701,0.024800001
,,,-0.000247,0.023200001
,,,-0.00024699,0.024000001
,,,-0.00024698,0.025600002
,,,-0.00024697,0.024000001
,,,-0.00024696,0.024000001
,,,-0.00024695,0.024800001
,,,-0.00024694,0.024800001
,,,-0.00024693,0.024000001
,,,-0.00024692,0.024000001
,,,-0.00024691,0.023200001
,,,-0.0002469,0.024000001
,,,-0.00024689,0.024000001
,,,-0.00024688,0.024000001
,,,-0.00024687,0.024000001
,,,-0.00024686,0.023200001
,,,-0.00024685,0.024800001
,,,-0.00024684,0.024000001
,,,-0.00024683,0.024000001
,,,-0.00024682,0.024000001
,,,-0.00024681,0.024800001
,,,-0.0002468,0.022400001
,,,-0.00024679,0.024800001
,,,-0.00024678,0.024000001
,,,-0.00024677,0.024800001
,,,-0.00024676,0.024800001
,,,-0.00024675,0.024800001
,,,-0.00024674,0.025600002
,,,-0.00024673,0.024000001
,,,-0.00024672,0.024000001
,,,-0.00024671,0.024000001
,,,-0.0002467,0.025600002
,,,-0.00024669,0.023200001
,,,-0.00024668,0.023200001
,,,-0.00024667,0.022400001
,,,-0.00024666,0.024800001
,,,-0.00024665,0.025600002
,,,-0.00024664,0.023200001
,,,-0.00024663,0.024000001
,,,-0.00024662,0.024000001
,,,-0.00024661,0.024000001
,,,-0.0002466,0.024000001
,,,-0.00024659,0.024000001
,,,-0.00024658,0.024800001
,,,-0.00024657,0.023200001
,,,-0.00024656,0.026400002
,,,-0.00024655,0.025600002
,,,-0.00024654,0.023200001
,,,-0.00024653,0.024000001
,,,-0.00024652,0.024000001
,,,-0.00024651,0.024800001
,,,-0.0002465,0.021600001
,,,-0.00024649,0.025600002
,,,-0.00024648,0.024800001
,,,-0.00024647,0.024000001
,,,-0.00024646,0.024000001
,,,-0.00024645,0.024800001
,,,-0.00024644,0.026400002
,,,-0.00024643,0.025600002
,,,-0.00024642,0.024000001
,,,-0.00024641,0.025600002
,,,-0.0002464,0.024800001
,,,-0.00024639,0.024000001
,,,-0.00024638,0.025600002
,,,-0.00024637,0.023200001
,,,-0.00024636,0.024800001
,,,-0.00024635,0.024000001
,,,-0.00024634,0.023200001
,,,-0.00024633,0.025600002
,,,-0.00024632,0.024800001
,,,-0.00024631,0.024000001
,,,-0.0002463,0.024000001
,,,-0.00024629,0.024000001
,,,-0.00024628,0.024800001
,,,-0.00024627,0.022400001
,,,-0.00024626,0.024800001
,,,-0.00024625,0.024800001
,,,-0.00024624,0.024000001
,,,-0.00024623,0.024000001
,,,-0.00024622,0.024000001
,,,-0.00024621,0.024000001
,,,-0.0002462,0.023200001
,,,-0.00024619,0.024000001
,,,-0.00024618,0.024800001
,,,-0.00024617,0.024800001
,,,-0.00024616,0.026400002
,,,-0.00024615,0.024000001
,,,-0.00024614,0.024800001
,,,-0.00024613,0.022400001
,,,-0.00024612,0.024000001
,,,-0.00024611,0.025600002
,,,-0.0002461,0.024000001
,,,-0.00024609,0.025600002
,,,-0.00024608,0.024000001
,,,-0.00024607,0.023200001
,,,-0.00024606,0.024800001
,,,-0.00024605,0.024000001
,,,-0.00024604,0.026400002
,,,-0.00024603,0.024000001
,,,-0.00024602,0.024800001
,,,-0.00024601,0.023200001
,,,-0.000246,0.023200001
,,,-0.00024599,0.024000001
,,,-0.00024598,0.023200001
,,,-0.00024597,0.024000001
,,,-0.00024596,0.024800001
,,,-0.00024595,0.024000001
,,,-0.00024594,0.024800001
,,,-0.00024593,0.024800001
,,,-0.00024592,0.023200001
,,,-0.00024591,0.024800001
,,,-0.0002459,0.024000001
,,,-0.00024589,0.024000001
,,,-0.00024588,0.024000001
,,,-0.00024587,0.024000001
,,,-0.00024586,0.025600002
,,,-0.00024585,0.024000001
,,,-0.00024584,0.023200001
,,,-0.00024583,0.024000001
,,,-0.00024582,0.024000001
,,,-0.00024581,0.024000001
,,,-0.0002458,0.022400001
,,,-0.00024579,0.024000001
,,,-0.00024578,0.024000001
,,,-0.00024577,0.025600002
,,,-0.00024576,0.023200001
,,,-0.00024575,0.024000001
,,,-0.00024574,0.024800001
,,,-0.00024573,0.023200001
,,,-0.00024572,0.024000001
,,,-0.00024571,0.024800001
,,,-0.0002457,0.023200001
,,,-0.00024569,0.023200001
,,,-0.00024568,0.024000001
,,,-0.00024567,0.024800001
,,,-0.00024566,0.024000001
,,,-0.00024565,0.023200001
,,,-0.00024564,0.025600002
,,,-0.00024563,0.024000001
,,,-0.00024562,0.023200001
,,,-0.00024561,0.024000001
,,,-0.0002456,0.024000001
,,,-0.00024559,0.024800001
,,,-0.00024558,0.024000001
,,,-0.00024557,0.024000001
,,,-0.00024556,0.024800001
,,,-0.00024555,0.024800001
,,,-0.00024554,0.024000001
,,,-0.00024553,0.023200001
,,,-0.00024552,0.024800001
,,,-0.00024551,0.024800001
,,,-0.0002455,0.024800001
,,,-0.00024549,0.024800001
,,,-0.00024548,0.024000001
,,,-0.00024547,0.024000001
,,,-0.00024546,0.024800001
,,,-0.00024545,0.024000001
,,,-0.00024544,0.024000001
,,,-0.00024543,0.023200001
,,,-0.00024542,0.024800001
,,,-0.00024541,0.024000001
,,,-0.0002454,0.023200001
,,,-0.00024539,0.024000001
,,,-0.00024538,0.025600002
,,,-0.00024537,0.024000001
,,,-0.00024536,0.024000001
,,,-0.00024535,0.024800001
,,,-0.00024534,0.025600002
,,,-0.00024533,0.024000001
,,,-0.00024532,0.024000001
,,,-0.00024531,0.023200001
,,,-0.0002453,0.024000001
,,,-0.00024529,0.024000001
,,,-0.00024528,0.024800001
,,,-0.00024527,0.024000001
,,,-0.00024526,0.024800001
,,,-0.00024525,0.025600002
,,,-0.00024524,0.024800001
,,,-0.00024523,0.024000001
,,,-0.00024522,0.024000001
,,,-0.00024521,0.024000001
,,,-0.0002452,0.023200001
,,,-0.00024519,0.024800001
,,,-0.00024518,0.024800001
,,,-0.00024517,0.022400001
,,,-0.00024516,0.024800001
,,,-0.00024515,0.024000001
,,,-0.00024514,0.023200001
,,,-0.00024513,0.024000001
,,,-0.00024512,0.024000001
,,,-0.00024511,0.024800001
,,,-0.0002451,0.024800001
,,,-0.00024509,0.024000001
,,,-0.00024508,0.024800001
,,,-0.00024507,0.023200001
,,,-0.00024506,0.024000001
,,,-0.00024505,0.024000001
,,,-0.00024504,0.024000001
,,,-0.00024503,0.023200001
,,,-0.00024502,0.024000001
,,,-0.00024501,0.025600002
,,,-0.000245,0.025600002
,,,-0.00024499,0.024000001
,,,-0.00024498,0.022400001
,,,-0.00024497,0.024800001
,,,-0.00024496,0.022400001
,,,-0.00024495,0.024000001
,,,-0.00024494,0.024000001
,,,-0.00024493,0.024800001
,,,-0.00024492,0.024800001
,,,-0.00024491,0.024800001
,,,-0.0002449,0.025600002
,,,-0.00024489,0.024000001
,,,-0.00024488,0.024000001
,,,-0.00024487,0.024800001
,,,-0.00024486,0.024000001
,,,-0.00024485,0.024800001
,,,-0.00024484,0.024000001
,,,-0.00024483,0.024800001
,,,-0.00024482,0.025600002
,,,-0.00024481,0.023200001
,,,-0.0002448,0.025600002
,,,-0.00024479,0.023200001
,,,-0.00024478,0.023200001
,,,-0.00024477,0.023200001
,,,-0.00024476,0.024800001
,,,-0.00024475,0.024000001
,,,-0.00024474,0.024000001
,,,-0.00024473,0.023200001
,,,-0.00024472,0.023200001
,,,-0.00024471,0.025600002
,,,-0.0002447,0.025600002
,,,-0.00024469,0.024000001
,,,-0.00024468,0.025600002
,,,-0.00024467,0.024800001
,,,-0.00024466,0.023200001
,,,-0.00024465,0.024800001
,,,-0.00024464,0.024000001
,,,-0.00024463,0.025600002
,,,-0.00024462,0.024000001
,,,-0.00024461,0.024000001
,,,-0.0002446,0.023200001
,,,-0.00024459,0.023200001
,,,-0.00024458,0.023200001
,,,-0.00024457,0.023200001
,,,-0.00024456,0.024000001
,,,-0.00024455,0.023200001
,,,-0.00024454,0.024000001
,,,-0.00024453,0.025600002
,,,-0.00024452,0.024000001
,,,-0.00024451,0.024000001
,,,-0.0002445,0.024000001
,,,-0.00024449,0.024000001
,,,-0.00024448,0.024800001
,,,-0.00024447,0.024000001
,,,-0.00024446,0.024000001
,,,-0.00024445,0.024000001
,,,-0.00024444,0.023200001
,,,-0.00024443,0.024000001
,,,-0.00024442,0.024000001
,,,-0.00024441,0.024000001
,,,-0.0002444,0.024800001
,,,-0.00024439,0.024800001
,,,-0.00024438,0.024000001
,,,-0.00024437,0.024000001
,,,-0.00024436,0.024800001
,,,-0.00024435,0.024000001
,,,-0.00024434,0.024800001
,,,-0.00024433,0.024000001
,,,-0.00024432,0.024000001
,,,-0.00024431,0.025600002
,,,-0.0002443,0.024800001
,,,-0.00024429,0.024800001
,,,-0.00024428,0.024800001
,,,-0.00024427,0.024000001
,,,-0.00024426,0.024000001
,,,-0.00024425,0.024000001
,,,-0.00024424,0.024800001
,,,-0.00024423,0.025600002
,,,-0.00024422,0.025600002
,,,-0.00024421,0.024000001
,,,-0.0002442,0.024800001
,,,-0.00024419,0.024000001
,,,-0.00024418,0.025600002
,,,-0.00024417,0.024000001
,,,-0.00024416,0.023200001
,,,-0.00024415,0.024000001
,,,-0.00024414,0.024000001
,,,-0.00024413,0.025600002
,,,-0.00024412,0.024000001
,,,-0.00024411,0.024000001
,,,-0.0002441,0.023200001
,,,-0.00024409,0.024000001
,,,-0.00024408,0.024000001
,,,-0.00024407,0.023200001
,,,-0.00024406,0.025600002
,,,-0.00024405,0.024800001
,,,-0.00024404,0.024800001
,,,-0.00024403,0.024800001
,,,-0.00024402,0.024800001
,,,-0.00024401,0.026400002
,,,-0.000244,0.023200001
,,,-0.00024399,0.024000001
,,,-0.00024398,0.024800001
,,,-0.00024397,0.024800001
,,,-0.00024396,0.024000001
,,,-0.00024395,0.024800001
,,,-0.00024394,0.024000001
,,,-0.00024393,0.024800001
,,,-0.00024392,0.025600002
,,,-0.00024391,0.024000001
,,,-0.0002439,0.024000001
,,,-0.00024389,0.024000001
,,,-0.00024388,0.024800001
,,,-0.00024387,0.026400002
,,,-0.00024386,0.024000001
,,,-0.00024385,0.024800001
,,,-0.00024384,0.024800001
,,,-0.00024383,0.024000001
,,,-0.00024382,0.024000001
,,,-0.00024381,0.024000001
,,,-0.0002438,0.025600002
,,,-0.00024379,0.024800001
,,,-0.00024378,0.023200001
,,,-0.00024377,0.024000001
,,,-0.00024376,0.024000001
,,,-0.00024375,0.024800001
,,,-0.00024374,0.024000001
,,,-0.00024373,0.024000001
,,,-0.00024372,0.024000001
,,,-0.00024371,0.024000001
,,,-0.0002437,0.024000001
,,,-0.00024369,0.024000001
,,,-0.00024368,0.024000001
,,,-0.00024367,0.023200001
,,,-0.00024366,0.024000001
,,,-0.00024365,0.024000001
,,,-0.00024364,0.023200001
,,,-0.00024363,0.025600002
,,,-0.00024362,0.024000001
,,,-0.00024361,0.024000001
,,,-0.0002436,0.024800001
,,,-0.00024359,0.024800001
,,,-0.00024358,0.023200001
,,,-0.00024357,0.024000001
,,,-0.00024356,0.025600002
,,,-0.00024355,0.023200001
,,,-0.00024354,0.024000001
,,,-0.00024353,0.024800001
,,,-0.00024352,0.022400001
,,,-0.00024351,0.024000001
,,,-0.0002435,0.024000001
,,,-0.00024349,0.021600001
,,,-0.00024348,0.024000001
,,,-0.00024347,0.024800001
,,,-0.00024346,0.024800001
,,,-0.00024345,0.024000001
,,,-0.00024344,0.026400002
,,,-0.00024343,0.024000001
,,,-0.00024342,0.024000001
,,,-0.00024341,0.025600002
,,,-0.0002434,0.024000001
,,,-0.00024339,0.024000001
,,,-0.00024338,0.024800001
,,,-0.00024337,0.024000001
,,,-0.00024336,0.024800001
,,,-0.00024335,0.024000001
,,,-0.00024334,0.024800001
,,,-0.00024333,0.024000001
,,,-0.00024332,0.024000001
,,,-0.00024331,0.023200001
,,,-0.0002433,0.024000001
,,,-0.00024329,0.024000001
,,,-0.00024328,0.021600001
,,,-0.00024327,0.024000001
,,,-0.00024326,0.023200001
,,,-0.00024325,0.022400001
,,,-0.00024324,0.021600001
,,,-0.00024323,0.024800001
,,,-0.00024322,0.024000001
,,,-0.00024321,0.024000001
,,,-0.0002432,0.024000001
,,,-0.00024319,0.021600001
,,,-0.00024318,0.024000001
,,,-0.00024317,0.025600002
,,,-0.00024316,0.024000001
,,,-0.00024315,0.021600001
,,,-0.00024314,0.024800001
,,,-0.00024313,0.023200001
,,,-0.00024312,0.024800001
,,,-0.00024311,0.024000001
,,,-0.0002431,0.024000001
,,,-0.00024309,0.024000001
,,,-0.00024308,0.024000001
,,,-0.00024307,0.024000001
,,,-0.00024306,0.024000001
,,,-0.00024305,0.024000001
,,,-0.00024304,0.024800001
,,,-0.00024303,0.024000001
,,,-0.00024302,0.024000001
,,,-0.00024301,0.024800001
,,,-0.000243,0.024000001
,,,-0.00024299,0.024800001
,,,-0.00024298,0.024800001
,,,-0.00024297,0.023200001
,,,-0.00024296,0.024000001
,,,-0.00024295,0.023200001
,,,-0.00024294,0.024800001
,,,-0.00024293,0.024000001
,,,-0.00024292,0.024000001
,,,-0.00024291,0.023200001
,,,-0.0002429,0.024000001
,,,-0.00024289,0.024000001
,,,-0.00024288,0.024000001
,,,-0.00024287,0.024000001
,,,-0.00024286,0.023200001
,,,-0.00024285,0.024000001
,,,-0.00024284,0.023200001
,,,-0.00024283,0.024000001
,,,-0.00024282,0.023200001
,,,-0.00024281,0.024000001
,,,-0.0002428,0.024000001
,,,-0.00024279,0.024000001
,,,-0.00024278,0.024000001
,,,-0.00024277,0.023200001
,,,-0.00024276,0.023200001
,,,-0.00024275,0.024000001
,,,-0.00024274,0.024000001
,,,-0.00024273,0.024000001
,,,-0.00024272,0.023200001
,,,-0.00024271,0.025600002
,,,-0.0002427,0.024800001
,,,-0.00024269,0.023200001
,,,-0.00024268,0.025600002
,,,-0.00024267,0.024800001
,,,-0.00024266,0.023200001
,,,-0.00024265,0.025600002
,,,-0.00024264,0.024800001
,,,-0.00024263,0.026400002
,,,-0.00024262,0.024800001
,,,-0.00024261,0.024800001
,,,-0.0002426,0.024000001
,,,-0.00024259,0.024800001
,,,-0.00024258,0.024000001
,,,-0.00024257,0.022400001
,,,-0.00024256,0.022400001
,,,-0.00024255,0.024000001
,,,-0.00024254,0.024800001
,,,-0.00024253,0.025600002
,,,-0.00024252,0.024800001
,,,-0.00024251,0.024000001
,,,-0.0002425,0.022400001
,,,-0.00024249,0.023200001
,,,-0.00024248,0.026400002
,,,-0.00024247,0.024000001
,,,-0.00024246,0.024000001
,,,-0.00024245,0.024000001
,,,-0.00024244,0.024000001
,,,-0.00024243,0.023200001
,,,-0.00024242,0.024800001
,,,-0.00024241,0.025600002
,,,-0.0002424,0.024000001
,,,-0.00024239,0.024000001
,,,-0.00024238,0.023200001
,,,-0.00024237,0.024000001
,,,-0.00024236,0.024800001
,,,-0.00024235,0.024800001
,,,-0.00024234,0.024000001
,,,-0.00024233,0.023200001
,,,-0.00024232,0.024000001
,,,-0.00024231,0.025600002
,,,-0.0002423,0.026400002
,,,-0.00024229,0.024000001
,,,-0.00024228,0.024000001
,,,-0.00024227,0.022400001
,,,-0.00024226,0.024800001
,,,-0.00024225,0.025600002
,,,-0.00024224,0.023200001
,,,-0.00024223,0.024800001
,,,-0.00024222,0.024000001
,,,-0.00024221,0.022400001
,,,-0.0002422,0.024000001
,,,-0.00024219,0.024000001
,,,-0.00024218,0.024000001
,,,-0.00024217,0.023200001
,,,-0.00024216,0.024000001
,,,-0.00024215,0.024000001
,,,-0.00024214,0.024000001
,,,-0.00024213,0.024000001
,,,-0.00024212,0.024800001
,,,-0.00024211,0.025600002
,,,-0.0002421,0.024000001
,,,-0.00024209,0.024000001
,,,-0.00024208,0.024000001
,,,-0.00024207,0.024800001
,,,-0.00024206,0.025600002
,,,-0.00024205,0.023200001
,,,-0.00024204,0.024000001
,,,-0.00024203,0.024000001
,,,-0.00024202,0.023200001
,,,-0.00024201,0.022400001
,,,-0.000242,0.024800001
,,,-0.00024199,0.024000001
,,,-0.00024198,0.024800001
,,,-0.00024197,0.025600002
,,,-0.00024196,0.024000001
,,,-0.00024195,0.024000001
,,,-0.00024194,0.022400001
,,,-0.00024193,0.026400002
,,,-0.00024192,0.024800001
,,,-0.00024191,0.024800001
,,,-0.0002419,0.024800001
,,,-0.00024189,0.022400001
,,,-0.00024188,0.024000001
,,,-0.00024187,0.024800001
,,,-0.00024186,0.024800001
,,,-0.00024185,0.024000001
,,,-0.00024184,0.024000001
,,,-0.00024183,0.024000001
,,,-0.00024182,0.024800001
,,,-0.00024181,0.024000001
,,,-0.0002418,0.024800001
,,,-0.00024179,0.026400002
,,,-0.00024178,0.025600002
,,,-0.00024177,0.024800001
,,,-0.00024176,0.024000001
,,,-0.00024175,0.024000001
,,,-0.00024174,0.024000001
,,,-0.00024173,0.023200001
,,,-0.00024172,0.024000001
,,,-0.00024171,0.024000001
,,,-0.0002417,0.025600002
,,,-0.00024169,0.023200001
,,,-0.00024168,0.024800001
,,,-0.00024167,0.024000001
,,,-0.00024166,0.024000001
,,,-0.00024165,0.024000001
,,,-0.00024164,0.024000001
,,,-0.00024163,0.025600002
,,,-0.00024162,0.024800001
,,,-0.00024161,0.025600002
,,,-0.0002416,0.024800001
,,,-0.00024159,0.022400001
,,,-0.00024158,0.024000001
,,,-0.00024157,0.023200001
,,,-0.00024156,0.024800001
,,,-0.00024155,0.024000001
,,,-0.00024154,0.024000001
,,,-0.00024153,0.024800001
,,,-0.00024152,0.022400001
,,,-0.00024151,0.024000001
,,,-0.0002415,0.023200001
,,,-0.00024149,0.025600002
,,,-0.00024148,0.024000001
,,,-0.00024147,0.022400001
,,,-0.00024146,0.024000001
,,,-0.00024145,0.024800001
,,,-0.00024144,0.025600002
,,,-0.00024143,0.025600002
,,,-0.00024142,0.024000001
,,,-0.00024141,0.024000001
,,,-0.0002414,0.024000001
,,,-0.00024139,0.024000001
,,,-0.00024138,0.025600002
,,,-0.00024137,0.024000001
,,,-0.00024136,0.024000001
,,,-0.00024135,0.024000001
,,,-0.00024134,0.024000001
,,,-0.00024133,0.023200001
,,,-0.00024132,0.024000001
,,,-0.00024131,0.024000001
,,,-0.0002413,0.023200001
,,,-0.00024129,0.024000001
,,,-0.00024128,0.024800001
,,,-0.00024127,0.024000001
,,,-0.00024126,0.024000001
,,,-0.00024125,0.024000001
,,,-0.00024124,0.024000001
,,,-0.00024123,0.024000001
,,,-0.00024122,0.024000001
,,,-0.00024121,0.024000001
,,,-0.0002412,0.024000001
,,,-0.00024119,0.023200001
,,,-0.00024118,0.024000001
,,,-0.00024117,0.024000001
,,,-0.00024116,0.024000001
,,,-0.00024115,0.025600002
,,,-0.00024114,0.024000001
,,,-0.00024113,0.024000001
,,,-0.00024112,0.025600002
,,,-0.00024111,0.024000001
,,,-0.0002411,0.024000001
,,,-0.00024109,0.024000001
,,,-0.00024108,0.024800001
,,,-0.00024107,0.025600002
,,,-0.00024106,0.024000001
,,,-0.00024105,0.024000001
,,,-0.00024104,0.024800001
,,,-0.00024103,0.024000001
,,,-0.00024102,0.024000001
,,,-0.00024101,0.023200001
,,,-0.000241,0.024000001
,,,-0.00024099,0.024800001
,,,-0.00024098,0.024800001
,,,-0.00024097,0.024800001
,,,-0.00024096,0.024800001
,,,-0.00024095,0.025600002
,,,-0.00024094,0.024000001
,,,-0.00024093,0.024000001
,,,-0.00024092,0.024000001
,,,-0.00024091,0.024000001
,,,-0.0002409,0.024800001
,,,-0.00024089,0.024000001
,,,-0.00024088,0.025600002
,,,-0.00024087,0.023200001
,,,-0.00024086,0.024800001
,,,-0.00024085,0.024000001
,,,-0.00024084,0.024000001
,,,-0.00024083,0.024800001
,,,-0.00024082,0.024000001
,,,-0.00024081,0.024000001
,,,-0.0002408,0.024000001
,,,-0.00024079,0.024000001
,,,-0.00024078,0.022400001
,,,-0.00024077,0.024000001
,,,-0.00024076,0.024000001
,,,-0.00024075,0.024800001
,,,-0.00024074,0.023200001
,,,-0.00024073,0.024000001
,,,-0.00024072,0.024000001
,,,-0.00024071,0.024000001
,,,-0.0002407,0.024000001
,,,-0.00024069,0.024800001
,,,-0.00024068,0.023200001
,,,-0.00024067,0.024000001
,,,-0.00024066,0.025600002
,,,-0.00024065,0.024000001
,,,-0.00024064,0.024000001
,,,-0.00024063,0.024000001
,,,-0.00024062,0.024000001
,,,-0.00024061,0.025600002
,,,-0.0002406,0.024000001
,,,-0.00024059,0.024000001
,,,-0.00024058,0.023200001
,,,-0.00024057,0.024000001
,,,-0.00024056,0.024000001
,,,-0.00024055,0.024000001
,,,-0.00024054,0.022400001
,,,-0.00024053,0.024000001
,,,-0.00024052,0.024000001
,,,-0.00024051,0.024000001
,,,-0.0002405,0.024800001
,,,-0.00024049,0.024800001
,,,-0.00024048,0.023200001
,,,-0.00024047,0.024000001
,,,-0.00024046,0.024000001
,,,-0.00024045,0.024000001
,,,-0.00024044,0.023200001
,,,-0.00024043,0.025600002
,,,-0.00024042,0.024000001
,,,-0.00024041,0.025600002
,,,-0.0002404,0.024000001
,,,-0.00024039,0.024000001
,,,-0.00024038,0.024000001
,,,-0.00024037,0.023200001
,,,-0.00024036,0.024000001
,,,-0.00024035,0.024000001
,,,-0.00024034,0.025600002
,,,-0.00024033,0.024000001
,,,-0.00024032,0.024800001
,,,-0.00024031,0.025600002
,,,-0.0002403,0.024000001
,,,-0.00024029,0.024000001
,,,-0.00024028,0.024000001
,,,-0.00024027,0.024800001
,,,-0.00024026,0.025600002
,,,-0.00024025,0.025600002
,,,-0.00024024,0.024800001
,,,-0.00024023,0.022400001
,,,-0.00024022,0.024800001
,,,-0.00024021,0.023200001
,,,-0.0002402,0.024000001
,,,-0.00024019,0.024000001
,,,-0.00024018,0.022400001
,,,-0.00024017,0.023200001
,,,-0.00024016,0.024000001
,,,-0.00024015,0.025600002
,,,-0.00024014,0.024800001
,,,-0.00024013,0.023200001
,,,-0.00024012,0.023200001
,,,-0.00024011,0.024000001
,,,-0.0002401,0.023200001
,,,-0.00024009,0.023200001
,,,-0.00024008,0.024000001
,,,-0.00024007,0.024000001
,,,-0.00024006,0.024800001
,,,-0.00024005,0.024000001
,,,-0.00024004,0.022400001
,,,-0.00024003,0.024000001
,,,-0.00024002,0.023200001
,,,-0.00024001,0.024800001
,,,-0.00024,0.023200001
,,,-0.00023999,0.024800001
,,,-0.00023998,0.025600002
,,,-0.00023997,0.024000001
,,,-0.00023996,0.025600002
,,,-0.00023995,0.024000001
,,,-0.00023994,0.024000001
,,,-0.00023993,0.023200001
,,,-0.00023992,0.023200001
,,,-0.00023991,0.023200001
,,,-0.0002399,0.024800001
,,,-0.00023989,0.023200001
,,,-0.00023988,0.024000001
,,,-0.00023987,0.024000001
,,,-0.00023986,0.024000001
,,,-0.00023985,0.024000001
,,,-0.00023984,0.024800001
,,,-0.00023983,0.023200001
,,,-0.00023982,0.024000001
,,,-0.00023981,0.024800001
,,,-0.0002398,0.025600002
,,,-0.00023979,0.024800001
,,,-0.00023978,0.024800001
,,,-0.00023977,0.024000001
,,,-0.00023976,0.024000001
,,,-0.00023975,0.023200001
,,,-0.00023974,0.024000001
,,,-0.00023973,0.024800001
,,,-0.00023972,0.024000001
,,,-0.00023971,0.022400001
,,,-0.0002397,0.024800001
,,,-0.00023969,0.024000001
,,,-0.00023968,0.023200001
,,,-0.00023967,0.024000001
,,,-0.00023966,0.024000001
,,,-0.00023965,0.024800001
,,,-0.00023964,0.024000001
,,,-0.00023963,0.023200001
,,,-0.00023962,0.024800001
,,,-0.00023961,0.024000001
,,,-0.0002396,0.023200001
,,,-0.00023959,0.024000001
,,,-0.00023958,0.024800001
,,,-0.00023957,0.024000001
,,,-0.00023956,0.024000001
,,,-0.00023955,0.024000001
,,,-0.00023954,0.024000001
,,,-0.00023953,0.023200001
,,,-0.00023952,0.023200001
,,,-0.00023951,0.024000001
,,,-0.0002395,0.024000001
,,,-0.00023949,0.024000001
,,,-0.00023948,0.024800001
,,,-0.00023947,0.025600002
,,,-0.00023946,0.024800001
,,,-0.00023945,0.025600002
,,,-0.00023944,0.023200001
,,,-0.00023943,0.024000001
,,,-0.00023942,0.024000001
,,,-0.00023941,0.023200001
,,,-0.0002394,0.024800001
,,,-0.00023939,0.024000001
,,,-0.00023938,0.024000001
,,,-0.00023937,0.024000001
,,,-0.00023936,0.025600002
,,,-0.00023935,0.024000001
,,,-0.00023934,0.023200001
,,,-0.00023933,0.024000001
,,,-0.00023932,0.024800001
,,,-0.00023931,0.023200001
,,,-0.0002393,0.024000001
,,,-0.00023929,0.024000001
,,,-0.00023928,0.024000001
,,,-0.00023927,0.024000001
,,,-0.00023926,0.024000001
,,,-0.00023925,0.023200001
,,,-0.00023924,0.024000001
,,,-0.00023923,0.024000001
,,,-0.00023922,0.024800001
,,,-0.00023921,0.024000001
,,,-0.0002392,0.024000001
,,,-0.00023919,0.024000001
,,,-0.00023918,0.025600002
,,,-0.00023917,0.023200001
,,,-0.00023916,0.024000001
,,,-0.00023915,0.024800001
,,,-0.00023914,0.024000001
,,,-0.00023913,0.024000001
,,,-0.00023912,0.024000001
,,,-0.00023911,0.024000001
,,,-0.0002391,0.023200001
,,,-0.00023909,0.025600002
,,,-0.00023908,0.024800001
,,,-0.00023907,0.023200001
,,,-0.00023906,0.024800001
,,,-0.00023905,0.024800001
,,,-0.00023904,0.024000001
,,,-0.00023903,0.023200001
,,,-0.00023902,0.024000001
,,,-0.00023901,0.025600002
,,,-0.000239,0.024000001
,,,-0.00023899,0.024000001
,,,-0.00023898,0.024800001
,,,-0.00023897,0.024800001
,,,-0.00023896,0.024000001
,,,-0.00023895,0.025600002
,,,-0.00023894,0.023200001
,,,-0.00023893,0.023200001
,,,-0.00023892,0.024000001
,,,-0.00023891,0.023200001
,,,-0.0002389,0.023200001
,,,-0.00023889,0.023200001
,,,-0.00023888,0.024000001
,,,-0.00023887,0.024000001
,,,-0.00023886,0.024800001
,,,-0.00023885,0.025600002
,,,-0.00023884,0.024000001
,,,-0.00023883,0.024800001
,,,-0.00023882,0.024000001
,,,-0.00023881,0.024000001
,,,-0.0002388,0.023200001
,,,-0.00023879,0.024800001
,,,-0.00023878,0.023200001
,,,-0.00023877,0.024000001
,,,-0.00023876,0.024800001
,,,-0.00023875,0.024800001
,,,-0.00023874,0.024000001
,,,-0.00023873,0.023200001
,,,-0.00023872,0.024000001
,,,-0.00023871,0.025600002
,,,-0.0002387,0.024000001
,,,-0.00023869,0.024000001
,,,-0.00023868,0.023200001
,,,-0.00023867,0.024000001
,,,-0.00023866,0.024000001
,,,-0.00023865,0.024000001
,,,-0.00023864,0.025600002
,,,-0.00023863,0.024000001
,,,-0.00023862,0.024000001
,,,-0.00023861,0.024000001
,,,-0.0002386,0.024800001
,,,-0.00023859,0.024000001
,,,-0.00023858,0.024000001
,,,-0.00023857,0.024000001
,,,-0.00023856,0.024800001
,,,-0.00023855,0.024000001
,,,-0.00023854,0.024000001
,,,-0.00023853,0.023200001
,,,-0.00023852,0.024800001
,,,-0.00023851,0.024000001
,,,-0.0002385,0.023200001
,,,-0.00023849,0.024800001
,,,-0.00023848,0.023200001
,,,-0.00023847,0.024000001
,,,-0.00023846,0.024000001
,,,-0.00023845,0.025600002
,,,-0.00023844,0.024000001
,,,-0.00023843,0.024000001
,,,-0.00023842,0.023200001
,,,-0.00023841,0.025600002
,,,-0.0002384,0.024800001
,,,-0.00023839,0.023200001
,,,-0.00023838,0.023200001
,,,-0.00023837,0.024000001
,,,-0.00023836,0.024800001
,,,-0.00023835,0.023200001
,,,-0.00023834,0.025600002
,,,-0.00023833,0.023200001
,,,-0.00023832,0.024800001
,,,-0.00023831,0.023200001
,,,-0.0002383,0.024000001
,,,-0.00023829,0.024000001
,,,-0.00023828,0.025600002
,,,-0.00023827,0.024000001
,,,-0.00023826,0.024800001
,,,-0.00023825,0.023200001
,,,-0.00023824,0.024000001
,,,-0.00023823,0.024000001
,,,-0.00023822,0.021600001
,,,-0.00023821,0.024800001
,,,-0.0002382,0.024800001
,,,-0.00023819,0.024000001
,,,-0.00023818,0.025600002
,,,-0.00023817,0.023200001
,,,-0.00023816,0.024000001
,,,-0.00023815,0.024000001
,,,-0.00023814,0.023200001
,,,-0.00023813,0.025600002
,,,-0.00023812,0.024000001
,,,-0.00023811,0.024800001
,,,-0.0002381,0.023200001
,,,-0.00023809,0.024000001
,,,-0.00023808,0.022400001
,,,-0.00023807,0.024000001
,,,-0.00023806,0.024800001
,,,-0.00023805,0.024800001
,,,-0.00023804,0.024800001
,,,-0.00023803,0.024000001
,,,-0.00023802,0.025600002
,,,-0.00023801,0.024000001
,,,-0.000238,0.024000001
,,,-0.00023799,0.025600002
,,,-0.00023798,0.024000001
,,,-0.00023797,0.024000001
,,,-0.00023796,0.023200001
,,,-0.00023795,0.024800001
,,,-0.00023794,0.025600002
,,,-0.00023793,0.024000001
,,,-0.00023792,0.024000001
,,,-0.00023791,0.022400001
,,,-0.0002379,0.026400002
,,,-0.00023789,0.024800001
,,,-0.00023788,0.021600001
,,,-0.00023787,0.024800001
,,,-0.00023786,0.024800001
,,,-0.00023785,0.024000001
,,,-0.00023784,0.024800001
,,,-0.00023783,0.024800001
,,,-0.00023782,0.023200001
,,,-0.00023781,0.024800001
,,,-0.0002378,0.024000001
,,,-0.00023779,0.024000001
,,,-0.00023778,0.023200001
,,,-0.00023777,0.024000001
,,,-0.00023776,0.024000001
,,,-0.00023775,0.025600002
,,,-0.00023774,0.024000001
,,,-0.00023773,0.023200001
,,,-0.00023772,0.024000001
,,,-0.00023771,0.026400002
,,,-0.0002377,0.024000001
,,,-0.00023769,0.023200001
,,,-0.00023768,0.024800001
,,,-0.00023767,0.024000001
,,,-0.00023766,0.024000001
,,,-0.00023765,0.024000001
,,,-0.00023764,0.024000001
,,,-0.00023763,0.023200001
,,,-0.00023762,0.024000001
,,,-0.00023761,0.024000001
,,,-0.0002376,0.025600002
,,,-0.00023759,0.024800001
,,,-0.00023758,0.024800001
,,,-0.00023757,0.024000001
,,,-0.00023756,0.024800001
,,,-0.00023755,0.024000001
,,,-0.00023754,0.024000001
,,,-0.00023753,0.024000001
,,,-0.00023752,0.023200001
,,,-0.00023751,0.025600002
,,,-0.0002375,0.024000001
,,,-0.00023749,0.024000001
,,,-0.00023748,0.024000001
,,,-0.00023747,0.024800001
,,,-0.00023746,0.024000001
,,,-0.00023745,0.024800001
,,,-0.00023744,0.024000001
,,,-0.00023743,0.024800001
,,,-0.00023742,0.024800001
,,,-0.00023741,0.023200001
,,,-0.0002374,0.024800001
,,,-0.00023739,0.024000001
,,,-0.00023738,0.024800001
,,,-0.00023737,0.024000001
,,,-0.00023736,0.025600002
,,,-0.00023735,0.023200001
,,,-0.00023734,0.025600002
,,,-0.00023733,0.023200001
,,,-0.00023732,0.024000001
,,,-0.00023731,0.023200001
,,,-0.0002373,0.024800001
,,,-0.00023729,0.024800001
,,,-0.00023728,0.026400002
,,,-0.00023727,0.024800001
,,,-0.00023726,0.025600002
,,,-0.00023725,0.022400001
,,,-0.00023724,0.024800001
,,,-0.00023723,0.021600001
,,,-0.00023722,0.024000001
,,,-0.00023721,0.024800001
,,,-0.0002372,0.024800001
,,,-0.00023719,0.024800001
,,,-0.00023718,0.024000001
,,,-0.00023717,0.023200001
,,,-0.00023716,0.024000001
,,,-0.00023715,0.024000001
,,,-0.00023714,0.024800001
,,,-0.00023713,0.024000001
,,,-0.00023712,0.025600002
,,,-0.00023711,0.025600002
,,,-0.0002371,0.022400001
,,,-0.00023709,0.024800001
,,,-0.00023708,0.024000001
,,,-0.00023707,0.024000001
,,,-0.00023706,0.024000001
,,,-0.00023705,0.024000001
,,,-0.00023704,0.024800001
,,,-0.00023703,0.024800001
,,,-0.00023702,0.024000001
,,,-0.00023701,0.024000001
,,,-0.000237,0.023200001
,,,-0.00023699,0.025600002
,,,-0.00023698,0.024000001
,,,-0.00023697,0.024800001
,,,-0.00023696,0.024000001
,,,-0.00023695,0.025600002
,,,-0.00023694,0.023200001
,,,-0.00023693,0.024000001
,,,-0.00023692,0.023200001
,,,-0.00023691,0.024000001
,,,-0.0002369,0.024000001
,,,-0.00023689,0.024000001
,,,-0.00023688,0.023200001
,,,-0.00023687,0.024000001
,,,-0.00023686,0.024800001
,,,-0.00023685,0.024000001
,,,-0.00023684,0.024000001
,,,-0.00023683,0.024000001
,,,-0.00023682,0.024000001
,,,-0.00023681,0.024000001
,,,-0.0002368,0.024000001
,,,-0.00023679,0.022400001
,,,-0.00023678,0.024000001
,,,-0.00023677,0.024800001
,,,-0.00023676,0.023200001
,,,-0.00023675,0.024800001
,,,-0.00023674,0.023200001
,,,-0.00023673,0.024000001
,,,-0.00023672,0.024000001
,,,-0.00023671,0.024800001
,,,-0.0002367,0.023200001
,,,-0.00023669,0.024000001
,,,-0.00023668,0.024000001
,,,-0.00023667,0.024800001
,,,-0.00023666,0.024800001
,,,-0.00023665,0.022400001
,,,-0.00023664,0.024800001
,,,-0.00023663,0.024000001
,,,-0.00023662,0.024000001
,,,-0.00023661,0.023200001
,,,-0.0002366,0.024000001
,,,-0.00023659,0.024000001
,,,-0.00023658,0.024000001
,,,-0.00023657,0.022400001
,,,-0.00023656,0.024800001
,,,-0.00023655,0.022400001
,,,-0.00023654,0.024000001
,,,-0.00023653,0.023200001
,,,-0.00023652,0.023200001
,,,-0.00023651,0.024800001
,,,-0.0002365,0.024000001
,,,-0.00023649,0.024000001
,,,-0.00023648,0.024000001
,,,-0.00023647,0.024000001
,,,-0.00023646,0.025600002
,,,-0.00023645,0.024000001
,,,-0.00023644,0.023200001
,,,-0.00023643,0.024000001
,,,-0.00023642,0.023200001
,,,-0.00023641,0.024800001
,,,-0.0002364,0.023200001
,,,-0.00023639,0.024800001
,,,-0.00023638,0.024800001
,,,-0.00023637,0.024000001
,,,-0.00023636,0.022400001
,,,-0.00023635,0.024800001
,,,-0.00023634,0.025600002
,,,-0.00023633,0.024000001
,,,-0.00023632,0.024000001
,,,-0.00023631,0.022400001
,,,-0.0002363,0.024000001
,,,-0.00023629,0.024000001
,,,-0.00023628,0.024800001
,,,-0.00023627,0.024800001
,,,-0.00023626,0.024000001
,,,-0.00023625,0.024000001
,,,-0.00023624,0.024000001
,,,-0.00023623,0.025600002
,,,-0.00023622,0.024000001
,,,-0.00023621,0.024000001
,,,-0.0002362,0.023200001
,,,-0.00023619,0.024000001
,,,-0.00023618,0.024000001
,,,-0.00023617,0.023200001
,,,-0.00023616,0.024000001
,,,-0.00023615,0.024000001
,,,-0.00023614,0.023200001
,,,-0.00023613,0.024000001
,,,-0.00023612,0.024000001
,,,-0.00023611,0.023200001
,,,-0.0002361,0.024000001
,,,-0.00023609,0.024000001
,,,-0.00023608,0.025600002
,,,-0.00023607,0.025600002
,,,-0.00023606,0.023200001
,,,-0.00023605,0.024800001
,,,-0.00023604,0.026400002
,,,-0.00023603,0.024800001
,,,-0.00023602,0.023200001
,,,-0.00023601,0.024800001
,,,-0.000236,0.024800001
,,,-0.00023599,0.024000001
,,,-0.00023598,0.024000001
,,,-0.00023597,0.023200001
,,,-0.00023596,0.024800001
,,,-0.00023595,0.024800001
,,,-0.00023594,0.025600002
,,,-0.00023593,0.024800001
,,,-0.00023592,0.025600002
,,,-0.00023591,0.024800001
,,,-0.0002359,0.024000001
,,,-0.00023589,0.024000001
,,,-0.00023588,0.025600002
,,,-0.00023587,0.024000001
,,,-0.00023586,0.022400001
,,,-0.00023585,0.022400001
,,,-0.00023584,0.023200001
,,,-0.00023583,0.024800001
,,,-0.00023582,0.024000001
,,,-0.00023581,0.024800001
,,,-0.0002358,0.024800001
,,,-0.00023579,0.024000001
,,,-0.00023578,0.024000001
,,,-0.00023577,0.024000001
,,,-0.00023576,0.023200001
,,,-0.00023575,0.023200001
,,,-0.00023574,0.023200001
,,,-0.00023573,0.024000001
,,,-0.00023572,0.022400001
,,,-0.00023571,0.023200001
,,,-0.0002357,0.024000001
,,,-0.00023569,0.025600002
,,,-0.00023568,0.024000001
,,,-0.00023567,0.024000001
,,,-0.00023566,0.024000001
,,,-0.00023565,0.024800001
,,,-0.00023564,0.023200001
,,,-0.00023563,0.024000001
,,,-0.00023562,0.023200001
,,,-0.00023561,0.024800001
,,,-0.0002356,0.024800001
,,,-0.00023559,0.024000001
,,,-0.00023558,0.024800001
,,,-0.00023557,0.022400001
,,,-0.00023556,0.023200001
,,,-0.00023555,0.024000001
,,,-0.00023554,0.024000001
,,,-0.00023553,0.024000001
,,,-0.00023552,0.025600002
,,,-0.00023551,0.023200001
,,,-0.0002355,0.024000001
,,,-0.00023549,0.024000001
,,,-0.00023548,0.023200001
,,,-0.00023547,0.024000001
,,,-0.00023546,0.024800001
,,,-0.00023545,0.024000001
,,,-0.00023544,0.024000001
,,,-0.00023543,0.024800001
,,,-0.00023542,0.024000001
,,,-0.00023541,0.024800001
,,,-0.0002354,0.024000001
,,,-0.00023539,0.024800001
,,,-0.00023538,0.024000001
,,,-0.00023537,0.024000001
,,,-0.00023536,0.024800001
,,,-0.00023535,0.024000001
,,,-0.00023534,0.024000001
,,,-0.00023533,0.024000001
,,,-0.00023532,0.024800001
,,,-0.00023531,0.024000001
,,,-0.0002353,0.023200001
,,,-0.00023529,0.023200001
,,,-0.00023528,0.024800001
,,,-0.00023527,0.024000001
,,,-0.00023526,0.024800001
,,,-0.00023525,0.024000001
,,,-0.00023524,0.024800001
,,,-0.00023523,0.023200001
,,,-0.00023522,0.023200001
,,,-0.00023521,0.025600002
,,,-0.0002352,0.024000001
,,,-0.00023519,0.024000001
,,,-0.00023518,0.024000001
,,,-0.00023517,0.022400001
,,,-0.00023516,0.024000001
,,,-0.00023515,0.024800001
,,,-0.00023514,0.024800001
,,,-0.00023513,0.024800001
,,,-0.00023512,0.024000001
,,,-0.00023511,0.024000001
,,,-0.0002351,0.024000001
,,,-0.00023509,0.024000001
,,,-0.00023508,0.024000001
,,,-0.00023507,0.025600002
,,,-0.00023506,0.024000001
,,,-0.00023505,0.024800001
,,,-0.00023504,0.024800001
,,,-0.00023503,0.024000001
,,,-0.00023502,0.024000001
,,,-0.00023501,0.024000001
,,,-0.000235,0.024000001
,,,-0.00023499,0.024000001
,,,-0.00023498,0.023200001
,,,-0.00023497,0.024800001
,,,-0.00023496,0.023200001
,,,-0.00023495,0.024800001
,,,-0.00023494,0.023200001
,,,-0.00023493,0.024800001
,,,-0.00023492,0.024800001
,,,-0.00023491,0.023200001
,,,-0.0002349,0.025600002
,,,-0.00023489,0.023200001
,,,-0.00023488,0.024000001
,,,-0.00023487,0.024000001
,,,-0.00023486,0.024000001
,,,-0.00023485,0.024000001
,,,-0.00023484,0.024000001
,,,-0.00023483,0.024800001
,,,-0.00023482,0.024800001
,,,-0.00023481,0.024000001
,,,-0.0002348,0.024800001
,,,-0.00023479,0.024000001
,,,-0.00023478,0.022400001
,,,-0.00023477,0.024000001
,,,-0.00023476,0.023200001
,,,-0.00023475,0.024000001
,,,-0.00023474,0.024000001
,,,-0.00023473,0.024800001
,,,-0.00023472,0.024000001
,,,-0.00023471,0.023200001
,,,-0.0002347,0.025600002
,,,-0.00023469,0.023200001
,,,-0.00023468,0.024000001
,,,-0.00023467,0.023200001
,,,-0.00023466,0.025600002
,,,-0.00023465,0.024800001
,,,-0.00023464,0.024800001
,,,-0.00023463,0.024000001
,,,-0.00023462,0.025600002
,,,-0.00023461,0.024000001
,,,-0.0002346,0.023200001
,,,-0.00023459,0.024800001
,,,-0.00023458,0.024800001
,,,-0.00023457,0.024800001
,,,-0.00023456,0.025600002
,,,-0.00023455,0.024800001
,,,-0.00023454,0.024000001
,,,-0.00023453,0.024000001
,,,-0.00023452,0.024000001
,,,-0.00023451,0.025600002
,,,-0.0002345,0.024800001
,,,-0.00023449,0.023200001
,,,-0.00023448,0.024000001
,,,-0.00023447,0.025600002
,,,-0.00023446,0.024800001
,,,-0.00023445,0.024000001
,,,-0.00023444,0.024000001
,,,-0.00023443,0.024000001
,,,-0.00023442,0.023200001
,,,-0.00023441,0.024800001
,,,-0.0002344,0.024800001
,,,-0.00023439,0.025600002
,,,-0.00023438,0.024000001
,,,-0.00023437,0.023200001
,,,-0.00023436,0.023200001
,,,-0.00023435,0.025600002
,,,-0.00023434,0.024800001
,,,-0.00023433,0.024800001
,,,-0.00023432,0.023200001
,,,-0.00023431,0.024000001
,,,-0.0002343,0.024800001
,,,-0.00023429,0.024800001
,,,-0.00023428,0.024000001
,,,-0.00023427,0.024000001
,,,-0.00023426,0.024800001
,,,-0.00023425,0.024000001
,,,-0.00023424,0.024000001
,,,-0.00023423,0.024000001
,,,-0.00023422,0.024000001
,,,-0.00023421,0.024000001
,,,-0.0002342,0.023200001
,,,-0.00023419,0.023200001
,,,-0.00023418,0.024800001
,,,-0.00023417,0.024800001
,,,-0.00023416,0.024000001
,,,-0.00023415,0.023200001
,,,-0.00023414,0.024800001
,,,-0.00023413,0.024800001
,,,-0.00023412,0.023200001
,,,-0.00023411,0.024000001
,,,-0.0002341,0.024000001
,,,-0.00023409,0.024000001
,,,-0.00023408,0.024000001
,,,-0.00023407,0.024000001
,,,-0.00023406,0.024000001
,,,-0.00023405,0.026400002
,,,-0.00023404,0.024800001
,,,-0.00023403,0.023200001
,,,-0.00023402,0.024000001
,,,-0.00023401,0.024000001
,,,-0.000234,0.025600002
,,,-0.00023399,0.024000001
,,,-0.00023398,0.025600002
,,,-0.00023397,0.024800001
,,,-0.00023396,0.023200001
,,,-0.00023395,0.023200001
,,,-0.00023394,0.024000001
,,,-0.00023393,0.024000001
,,,-0.00023392,0.023200001
,,,-0.00023391,0.022400001
,,,-0.0002339,0.024000001
,,,-0.00023389,0.026400002
,,,-0.00023388,0.024000001
,,,-0.00023387,0.024000001
,,,-0.00023386,0.024000001
,,,-0.00023385,0.025600002
,,,-0.00023384,0.024000001
,,,-0.00023383,0.024000001
,,,-0.00023382,0.022400001
,,,-0.00023381,0.023200001
,,,-0.0002338,0.024800001
,,,-0.00023379,0.024000001
,,,-0.00023378,0.024800001
,,,-0.00023377,0.024000001
,,,-0.00023376,0.024000001
,,,-0.00023375,0.024000001
,,,-0.00023374,0.024000001
,,,-0.00023373,0.025600002
,,,-0.00023372,0.024800001
,,,-0.00023371,0.024800001
,,,-0.0002337,0.024000001
,,,-0.00023369,0.024800001
,,,-0.00023368,0.026400002
,,,-0.00023367,0.024000001
,,,-0.00023366,0.023200001
,,,-0.00023365,0.024000001
,,,-0.00023364,0.024000001
,,,-0.00023363,0.024000001
,,,-0.00023362,0.024800001
,,,-0.00023361,0.024800001
,,,-0.0002336,0.024800001
,,,-0.00023359,0.024000001
,,,-0.00023358,0.023200001
,,,-0.00023357,0.024800001
,,,-0.00023356,0.024000001
,,,-0.00023355,0.024800001
,,,-0.00023354,0.024800001
,,,-0.00023353,0.023200001
,,,-0.00023352,0.024000001
,,,-0.00023351,0.024000001
,,,-0.0002335,0.024800001
,,,-0.00023349,0.024800001
,,,-0.00023348,0.025600002
,,,-0.00023347,0.025600002
,,,-0.00023346,0.024800001
,,,-0.00023345,0.024000001
,,,-0.00023344,0.024000001
,,,-0.00023343,0.024800001
,,,-0.00023342,0.023200001
,,,-0.00023341,0.024800001
,,,-0.0002334,0.025600002
,,,-0.00023339,0.024800001
,,,-0.00023338,0.024000001
,,,-0.00023337,0.024000001
,,,-0.00023336,0.024800001
,,,-0.00023335,0.024800001
,,,-0.00023334,0.024800001
,,,-0.00023333,0.024000001
,,,-0.00023332,0.023200001
,,,-0.00023331,0.024000001
,,,-0.0002333,0.024800001
,,,-0.00023329,0.023200001
,,,-0.00023328,0.024000001
,,,-0.00023327,0.025600002
,,,-0.00023326,0.023200001
,,,-0.00023325,0.023200001
,,,-0.00023324,0.024000001
,,,-0.00023323,0.023200001
,,,-0.00023322,0.024000001
,,,-0.00023321,0.026400002
,,,-0.0002332,0.021600001
,,,-0.00023319,0.025600002
,,,-0.00023318,0.024000001
,,,-0.00023317,0.023200001
,,,-0.00023316,0.024800001
,,,-0.00023315,0.024000001
,,,-0.00023314,0.023200001
,,,-0.00023313,0.024800001
,,,-0.00023312,0.024000001
,,,-0.00023311,0.024800001
,,,-0.0002331,0.024800001
,,,-0.00023309,0.024000001
,,,-0.00023308,0.024000001
,,,-0.00023307,0.024000001
,,,-0.00023306,0.024800001
,,,-0.00023305,0.024000001
,,,-0.00023304,0.024000001
,,,-0.00023303,0.025600002
,,,-0.00023302,0.024000001
,,,-0.00023301,0.023200001
,,,-0.000233,0.024800001
,,,-0.00023299,0.024000001
,,,-0.00023298,0.025600002
,,,-0.00023297,0.024800001
,,,-0.00023296,0.024800001
,,,-0.00023295,0.023200001
,,,-0.00023294,0.023200001
,,,-0.00023293,0.023200001
,,,-0.00023292,0.026400002
,,,-0.00023291,0.024000001
,,,-0.0002329,0.024000001
,,,-0.00023289,0.024800001
,,,-0.00023288,0.022400001
,,,-0.00023287,0.024000001
,,,-0.00023286,0.024000001
,,,-0.00023285,0.024000001
,,,-0.00023284,0.024800001
,,,-0.00023283,0.024800001
,,,-0.00023282,0.024000001
,,,-0.00023281,0.024800001
,,,-0.0002328,0.024000001
,,,-0.00023279,0.024000001
,,,-0.00023278,0.024000001
,,,-0.00023277,0.024000001
,,,-0.00023276,0.025600002
,,,-0.00023275,0.024800001
,,,-0.00023274,0.024000001
,,,-0.00023273,0.025600002
,,,-0.00023272,0.023200001
,,,-0.00023271,0.022400001
,,,-0.0002327,0.024800001
,,,-0.00023269,0.023200001
,,,-0.00023268,0.024000001
,,,-0.00023267,0.024000001
,,,-0.00023266,0.025600002
,,,-0.00023265,0.024000001
,,,-0.00023264,0.023200001
,,,-0.00023263,0.024000001
,,,-0.00023262,0.024000001
,,,-0.00023261,0.024800001
,,,-0.0002326,0.024000001
,,,-0.00023259,0.024800001
,,,-0.00023258,0.025600002
,,,-0.00023257,0.023200001
,,,-0.00023256,0.024800001
,,,-0.00023255,0.024000001
,,,-0.00023254,0.024000001
,,,-0.00023253,0.024000001
,,,-0.00023252,0.023200001
,,,-0.00023251,0.024000001
,,,-0.0002325,0.025600002
,,,-0.00023249,0.024800001
,,,-0.00023248,0.024000001
,,,-0.00023247,0.024000001
,,,-0.00023246,0.024000001
,,,-0.00023245,0.024800001
,,,-0.00023244,0.023200001
,,,-0.00023243,0.024000001
,,,-0.00023242,0.024800001
,,,-0.00023241,0.024000001
,,,-0.0002324,0.024000001
,,,-0.00023239,0.025600002
,,,-0.00023238,0.025600002
,,,-0.00023237,0.024000001
,,,-0.00023236,0.024000001
,,,-0.00023235,0.024000001
,,,-0.00023234,0.024000001
,,,-0.00023233,0.024000001
,,,-0.00023232,0.024000001
,,,-0.00023231,0.024000001
,,,-0.0002323,0.024000001
,,,-0.00023229,0.024000001
,,,-0.00023228,0.024000001
,,,-0.00023227,0.023200001
,,,-0.00023226,0.024800001
,,,-0.00023225,0.024000001
,,,-0.00023224,0.024000001
,,,-0.00023223,0.024000001
,,,-0.00023222,0.024000001
,,,-0.00023221,0.022400001
,,,-0.0002322,0.024800001
,,,-0.00023219,0.024000001
,,,-0.00023218,0.024000001
,,,-0.00023217,0.024000001
,,,-0.00023216,0.023200001
,,,-0.00023215,0.024000001
,,,-0.00023214,0.024000001
,,,-0.00023213,0.024000001
,,,-0.00023212,0.024000001
,,,-0.00023211,0.024000001
,,,-0.0002321,0.024800001
,,,-0.00023209,0.023200001
,,,-0.00023208,0.026400002
,,,-0.00023207,0.024800001
,,,-0.00023206,0.023200001
,,,-0.00023205,0.024000001
,,,-0.00023204,0.026400002
,,,-0.00023203,0.024800001
,,,-0.00023202,0.023200001
,,,-0.00023201,0.024000001
,,,-0.000232,0.024000001
,,,-0.00023199,0.024000001
,,,-0.00023198,0.025600002
,,,-0.00023197,0.023200001
,,,-0.00023196,0.024000001
,,,-0.00023195,0.024000001
,,,-0.00023194,0.023200001
,,,-0.00023193,0.023200001
,,,-0.00023192,0.024000001
,,,-0.00023191,0.024000001
,,,-0.0002319,0.024000001
,,,-0.00023189,0.024000001
,,,-0.00023188,0.024000001
,,,-0.00023187,0.023200001
,,,-0.00023186,0.024000001
,,,-0.00023185,0.024000001
,,,-0.00023184,0.024800001
,,,-0.00023183,0.023200001
,,,-0.00023182,0.024000001
,,,-0.00023181,0.024000001
,,,-0.0002318,0.025600002
,,,-0.00023179,0.024000001
,,,-0.00023178,0.023200001
,,,-0.00023177,0.023200001
,,,-0.00023176,0.024800001
,,,-0.00023175,0.023200001
,,,-0.00023174,0.023200001
,,,-0.00023173,0.023200001
,,,-0.00023172,0.024000001
,,,-0.00023171,0.024000001
,,,-0.0002317,0.024000001
,,,-0.00023169,0.024000001
,,,-0.00023168,0.022400001
,,,-0.00023167,0.024800001
,,,-0.00023166,0.023200001
,,,-0.00023165,0.024000001
,,,-0.00023164,0.024800001
,,,-0.00023163,0.024000001
,,,-0.00023162,0.023200001
,,,-0.00023161,0.024000001
,,,-0.0002316,0.024800001
,,,-0.00023159,0.023200001
,,,-0.00023158,0.024000001
,,,-0.00023157,0.024000001
,,,-0.00023156,0.026400002
,,,-0.00023155,0.023200001
,,,-0.00023154,0.025600002
,,,-0.00023153,0.024800001
,,,-0.00023152,0.023200001
,,,-0.00023151,0.023200001
,,,-0.0002315,0.024000001
,,,-0.00023149,0.024000001
,,,-0.00023148,0.024000001
,,,-0.00023147,0.023200001
,,,-0.00023146,0.024800001
,,,-0.00023145,0.025600002
,,,-0.00023144,0.022400001
,,,-0.00023143,0.025600002
,,,-0.00023142,0.025600002
,,,-0.00023141,0.024800001
,,,-0.0002314,0.024800001
,,,-0.00023139,0.024000001
,,,-0.00023138,0.024000001
,,,-0.00023137,0.024800001
,,,-0.00023136,0.024000001
,,,-0.00023135,0.024000001
,,,-0.00023134,0.024000001
,,,-0.00023133,0.024800001
,,,-0.00023132,0.024800001
,,,-0.00023131,0.024000001
,,,-0.0002313,0.026400002
,,,-0.00023129,0.023200001
,,,-0.00023128,0.024800001
,,,-0.00023127,0.024800001
,,,-0.00023126,0.024000001
,,,-0.00023125,0.024000001
,,,-0.00023124,0.024000001
,,,-0.00023123,0.024000001
,,,-0.00023122,0.024800001
,,,-0.00023121,0.024000001
,,,-0.0002312,0.024000001
,,,-0.00023119,0.024000001
,,,-0.00023118,0.024800001
,,,-0.00023117,0.024000001
,,,-0.00023116,0.026400002
,,,-0.00023115,0.024000001
,,,-0.00023114,0.024000001
,,,-0.00023113,0.025600002
,,,-0.00023112,0.024000001
,,,-0.00023111,0.024000001
,,,-0.0002311,0.024800001
,,,-0.00023109,0.024800001
,,,-0.00023108,0.024800001
,,,-0.00023107,0.023200001
,,,-0.00023106,0.024000001
,,,-0.00023105,0.024000001
,,,-0.00023104,0.024000001
,,,-0.00023103,0.024000001
,,,-0.00023102,0.025600002
,,,-0.00023101,0.024000001
,,,-0.000231,0.024000001
,,,-0.00023099,0.024000001
,,,-0.00023098,0.024000001
,,,-0.00023097,0.024000001
,,,-0.00023096,0.024800001
,,,-0.00023095,0.024000001
,,,-0.00023094,0.024000001
,,,-0.00023093,0.024800001
,,,-0.00023092,0.024800001
,,,-0.00023091,0.023200001
,,,-0.0002309,0.024000001
,,,-0.00023089,0.023200001
,,,-0.00023088,0.024000001
,,,-0.00023087,0.024000001
,,,-0.00023086,0.024000001
,,,-0.00023085,0.024000001
,,,-0.00023084,0.024800001
,,,-0.00023083,0.024800001
,,,-0.00023082,0.024000001
,,,-0.00023081,0.024000001
,,,-0.0002308,0.024000001
,,,-0.00023079,0.024000001
,,,-0.00023078,0.024800001
,,,-0.00023077,0.024000001
,,,-0.00023076,0.024000001
,,,-0.00023075,0.023200001
,,,-0.00023074,0.024000001
,,,-0.00023073,0.025600002
,,,-0.00023072,0.024800001
,,,-0.00023071,0.024800001
,,,-0.0002307,0.024000001
,,,-0.00023069,0.024800001
,,,-0.00023068,0.025600002
,,,-0.00023067,0.024800001
,,,-0.00023066,0.025600002
,,,-0.00023065,0.024000001
,,,-0.00023064,0.024000001
,,,-0.00023063,0.024000001
,,,-0.00023062,0.023200001
,,,-0.00023061,0.023200001
,,,-0.0002306,0.024000001
,,,-0.00023059,0.024000001
,,,-0.00023058,0.024000001
,,,-0.00023057,0.024000001
,,,-0.00023056,0.024800001
,,,-0.00023055,0.023200001
,,,-0.00023054,0.024000001
,,,-0.00023053,0.024000001
,,,-0.00023052,0.024000001
,,,-0.00023051,0.024000001
,,,-0.0002305,0.024000001
,,,-0.00023049,0.023200001
,,,-0.00023048,0.023200001
,,,-0.00023047,0.023200001
,,,-0.00023046,0.025600002
,,,-0.00023045,0.024000001
,,,-0.00023044,0.024000001
,,,-0.00023043,0.022400001
,,,-0.00023042,0.024000001
,,,-0.00023041,0.024000001
,,,-0.0002304,0.024000001
,,,-0.00023039,0.024000001
,,,-0.00023038,0.023200001
,,,-0.00023037,0.024800001
,,,-0.00023036,0.024000001
,,,-0.00023035,0.024000001
,,,-0.00023034,0.024000001
,,,-0.00023033,0.024000001
,,,-0.00023032,0.022400001
,,,-0.00023031,0.024000001
,,,-0.0002303,0.025600002
,,,-0.00023029,0.024000001
,,,-0.00023028,0.024000001
,,,-0.00023027,0.024000001
,,,-0.00023026,0.024000001
,,,-0.00023025,0.024800001
,,,-0.00023024,0.024000001
,,,-0.00023023,0.024000001
,,,-0.00023022,0.021600001
,,,-0.00023021,0.025600002
,,,-0.0002302,0.025600002
,,,-0.00023019,0.024000001
,,,-0.00023018,0.024800001
,,,-0.00023017,0.023200001
,,,-0.00023016,0.024800001
,,,-0.00023015,0.024800001
,,,-0.00023014,0.024000001
,,,-0.00023013,0.024000001
,,,-0.00023012,0.023200001
,,,-0.00023011,0.022400001
,,,-0.0002301,0.024000001
,,,-0.00023009,0.024000001
,,,-0.00023008,0.024000001
,,,-0.00023007,0.025600002
,,,-0.00023006,0.024800001
,,,-0.00023005,0.024000001
,,,-0.00023004,0.025600002
,,,-0.00023003,0.024800001
,,,-0.00023002,0.024000001
,,,-0.00023001,0.025600002
,,,-0.00023,0.024000001
,,,-0.00022999,0.024800001
,,,-0.00022998,0.024800001
,,,-0.00022997,0.024000001
,,,-0.00022996,0.024000001
,,,-0.00022995,0.024000001
,,,-0.00022994,0.023200001
,,,-0.00022993,0.024000001
,,,-0.00022992,0.025600002
,,,-0.00022991,0.024000001
,,,-0.0002299,0.024000001
,,,-0.00022989,0.023200001
,,,-0.00022988,0.024000001
,,,-0.00022987,0.024000001
,,,-0.00022986,0.024000001
,,,-0.00022985,0.025600002
,,,-0.00022984,0.024000001
,,,-0.00022983,0.023200001
,,,-0.00022982,0.024000001
,,,-0.00022981,0.024800001
,,,-0.0002298,0.024800001
,,,-0.00022979,0.024000001
,,,-0.00022978,0.026400002
,,,-0.00022977,0.024000001
,,,-0.00022976,0.024000001
,,,-0.00022975,0.024000001
,,,-0.00022974,0.023200001
,,,-0.00022973,0.024000001
,,,-0.00022972,0.024000001
,,,-0.00022971,0.025600002
,,,-0.0002297,0.024800001
,,,-0.00022969,0.024000001
,,,-0.00022968,0.024800001
,,,-0.00022967,0.022400001
,,,-0.00022966,0.025600002
,,,-0.00022965,0.024800001
,,,-0.00022964,0.024000001
,,,-0.00022963,0.023200001
,,,-0.00022962,0.024000001
,,,-0.00022961,0.024000001
,,,-0.0002296,0.024800001
,,,-0.00022959,0.024000001
,,,-0.00022958,0.024800001
,,,-0.00022957,0.024000001
,,,-0.00022956,0.024000001
,,,-0.00022955,0.024000001
,,,-0.00022954,0.023200001
,,,-0.00022953,0.024000001
,,,-0.00022952,0.023200001
,,,-0.00022951,0.024800001
,,,-0.0002295,0.024800001
,,,-0.00022949,0.025600002
,,,-0.00022948,0.024000001
,,,-0.00022947,0.024000001
,,,-0.00022946,0.024800001
,,,-0.00022945,0.022400001
,,,-0.00022944,0.024000001
,,,-0.00022943,0.024800001
,,,-0.00022942,0.024800001
,,,-0.00022941,0.024000001
,,,-0.0002294,0.024000001
,,,-0.00022939,0.024000001
,,,-0.00022938,0.024000001
,,,-0.00022937,0.024000001
,,,-0.00022936,0.025600002
,,,-0.00022935,0.024000001
,,,-0.00022934,0.024000001
,,,-0.00022933,0.024000001
,,,-0.00022932,0.024800001
,,,-0.00022931,0.025600002
,,,-0.0002293,0.024800001
,,,-0.00022929,0.024000001
,,,-0.00022928,0.024800001
,,,-0.00022927,0.024000001
,,,-0.00022926,0.023200001
,,,-0.00022925,0.024000001
,,,-0.00022924,0.024000001
,,,-0.00022923,0.025600002
,,,-0.00022922,0.024800001
,,,-0.00022921,0.023200001
,,,-0.0002292,0.023200001
,,,-0.00022919,0.024800001
,,,-0.00022918,0.024000001
,,,-0.00022917,0.024800001
,,,-0.00022916,0.026400002
,,,-0.00022915,0.023200001
,,,-0.00022914,0.024000001
,,,-0.00022913,0.024000001
,,,-0.00022912,0.024800001
,,,-0.00022911,0.024000001
,,,-0.0002291,0.024000001
,,,-0.00022909,0.024000001
,,,-0.00022908,0.025600002
,,,-0.00022907,0.025600002
,,,-0.00022906,0.024000001
,,,-0.00022905,0.024000001
,,,-0.00022904,0.024800001
,,,-0.00022903,0.023200001
,,,-0.00022902,0.024000001
,,,-0.00022901,0.023200001
,,,-0.000229,0.024800001
,,,-0.00022899,0.024000001
,,,-0.00022898,0.027200002
,,,-0.00022897,0.025600002
,,,-0.00022896,0.024000001
,,,-0.00022895,0.023200001
,,,-0.00022894,0.024000001
,,,-0.00022893,0.024000001
,,,-0.00022892,0.023200001
,,,-0.00022891,0.025600002
,,,-0.0002289,0.024000001
,,,-0.00022889,0.024000001
,,,-0.00022888,0.024000001
,,,-0.00022887,0.024800001
,,,-0.00022886,0.025600002
,,,-0.00022885,0.023200001
,,,-0.00022884,0.024000001
,,,-0.00022883,0.024800001
,,,-0.00022882,0.024000001
,,,-0.00022881,0.024800001
,,,-0.0002288,0.024000001
,,,-0.00022879,0.024800001
,,,-0.00022878,0.024800001
,,,-0.00022877,0.024800001
,,,-0.00022876,0.024000001
,,,-0.00022875,0.023200001
,,,-0.00022874,0.024000001
,,,-0.00022873,0.025600002
,,,-0.00022872,0.024000001
,,,-0.00022871,0.024800001
,,,-0.0002287,0.024000001
,,,-0.00022869,0.023200001
,,,-0.00022868,0.023200001
,,,-0.00022867,0.024000001
,,,-0.00022866,0.024000001
,,,-0.00022865,0.022400001
,,,-0.00022864,0.024000001
,,,-0.00022863,0.024000001
,,,-0.00022862,0.023200001
,,,-0.00022861,0.024000001
,,,-0.0002286,0.024800001
,,,-0.00022859,0.022400001
,,,-0.00022858,0.023200001
,,,-0.00022857,0.024000001
,,,-0.00022856,0.025600002
,,,-0.00022855,0.025600002
,,,-0.00022854,0.024000001
,,,-0.00022853,0.023200001
,,,-0.00022852,0.024000001
,,,-0.00022851,0.024800001
,,,-0.0002285,0.023200001
,,,-0.00022849,0.023200001
,,,-0.00022848,0.024800001
,,,-0.00022847,0.024800001
,,,-0.00022846,0.024000001
,,,-0.00022845,0.024000001
,,,-0.00022844,0.024800001
,,,-0.00022843,0.024000001
,,,-0.00022842,0.023200001
,,,-0.00022841,0.024800001
,,,-0.0002284,0.024000001
,,,-0.00022839,0.024800001
,,,-0.00022838,0.023200001
,,,-0.00022837,0.023200001
,,,-0.00022836,0.021600001
,,,-0.00022835,0.023200001
,,,-0.00022834,0.024800001
,,,-0.00022833,0.023200001
,,,-0.00022832,0.024000001
,,,-0.00022831,0.024800001
,,,-0.0002283,0.023200001
,,,-0.00022829,0.024800001
,,,-0.00022828,0.026400002
,,,-0.00022827,0.024000001
,,,-0.00022826,0.024000001
,,,-0.00022825,0.023200001
,,,-0.00022824,0.023200001
,,,-0.00022823,0.023200001
,,,-0.00022822,0.024000001
,,,-0.00022821,0.023200001
,,,-0.0002282,0.024800001
,,,-0.00022819,0.023200001
,,,-0.00022818,0.025600002
,,,-0.00022817,0.024800001
,,,-0.00022816,0.023200001
,,,-0.00022815,0.024000001
,,,-0.00022814,0.024800001
,,,-0.00022813,0.024000001
,,,-0.00022812,0.024000001
,,,-0.00022811,0.024800001
,,,-0.0002281,0.024000001
,,,-0.00022809,0.022400001
,,,-0.00022808,0.025600002
,,,-0.00022807,0.024000001
,,,-0.00022806,0.025600002
,,,-0.00022805,0.024000001
,,,-0.00022804,0.024800001
,,,-0.00022803,0.024000001
,,,-0.00022802,0.024800001
,,,-0.00022801,0.025600002
,,,-0.000228,0.024800001
,,,-0.00022799,0.024000001
,,,-0.00022798,0.024800001
,,,-0.00022797,0.023200001
,,,-0.00022796,0.024000001
,,,-0.00022795,0.023200001
,,,-0.00022794,0.024000001
,,,-0.00022793,0.024800001
,,,-0.00022792,0.024000001
,,,-0.00022791,0.025600002
,,,-0.0002279,0.024000001
,,,-0.00022789,0.022400001
,,,-0.00022788,0.024000001
,,,-0.00022787,0.023200001
,,,-0.00022786,0.024000001
,,,-0.00022785,0.024800001
,,,-0.00022784,0.024000001
,,,-0.00022783,0.024000001
,,,-0.00022782,0.023200001
,,,-0.00022781,0.025600002
,,,-0.0002278,0.024000001
,,,-0.00022779,0.024800001
,,,-0.00022778,0.025600002
,,,-0.00022777,0.023200001
,,,-0.00022776,0.024800001
,,,-0.00022775,0.024000001
,,,-0.00022774,0.024000001
,,,-0.00022773,0.024800001
,,,-0.00022772,0.023200001
,,,-0.00022771,0.024800001
,,,-0.0002277,0.024000001
,,,-0.00022769,0.024000001
,,,-0.00022768,0.024000001
,,,-0.00022767,0.025600002
,,,-0.00022766,0.025600002
,,,-0.00022765,0.024000001
,,,-0.00022764,0.024800001
,,,-0.00022763,0.025600002
,,,-0.00022762,0.024800001
,,,-0.00022761,0.024000001
,,,-0.0002276,0.024000001
,,,-0.00022759,0.024000001
,,,-0.00022758,0.023200001
,,,-0.00022757,0.024000001
,,,-0.00022756,0.024000001
,,,-0.00022755,0.024000001
,,,-0.00022754,0.024000001
,,,-0.00022753,0.024800001
,,,-0.00022752,0.024800001
,,,-0.00022751,0.024000001
,,,-0.0002275,0.024000001
,,,-0.00022749,0.024800001
,,,-0.00022748,0.025600002
,,,-0.00022747,0.024000001
,,,-0.00022746,0.024000001
,,,-0.00022745,0.024000001
,,,-0.00022744,0.024000001
,,,-0.00022743,0.024800001
,,,-0.00022742,0.024000001
,,,-0.00022741,0.024800001
,,,-0.0002274,0.024800001
,,,-0.00022739,0.023200001
,,,-0.00022738,0.023200001
,,,-0.00022737,0.023200001
,,,-0.00022736,0.025600002
,,,-0.00022735,0.024000001
,,,-0.00022734,0.025600002
,,,-0.00022733,0.024000001
,,,-0.00022732,0.024000001
,,,-0.00022731,0.024000001
,,,-0.0002273,0.024000001
,,,-0.00022729,0.024000001
,,,-0.00022728,0.023200001
,,,-0.00022727,0.024000001
,,,-0.00022726,0.024000001
,,,-0.00022725,0.024000001
,,,-0.00022724,0.024000001
,,,-0.00022723,0.025600002
,,,-0.00022722,0.024800001
,,,-0.00022721,0.024000001
,,,-0.0002272,0.023200001
,,,-0.00022719,0.023200001
,,,-0.00022718,0.024800001
,,,-0.00022717,0.024000001
,,,-0.00022716,0.022400001
,,,-0.00022715,0.024000001
,,,-0.00022714,0.023200001
,,,-0.00022713,0.024800001
,,,-0.00022712,0.024000001
,,,-0.00022711,0.024800001
,,,-0.0002271,0.025600002
,,,-0.00022709,0.024800001
,,,-0.00022708,0.023200001
,,,-0.00022707,0.024000001
,,,-0.00022706,0.025600002
,,,-0.00022705,0.026400002
,,,-0.00022704,0.022400001
,,,-0.00022703,0.024000001
,,,-0.00022702,0.024000001
,,,-0.00022701,0.025600002
,,,-0.000227,0.024800001
,,,-0.00022699,0.024000001
,,,-0.00022698,0.024000001
,,,-0.00022697,0.023200001
,,,-0.00022696,0.024800001
,,,-0.00022695,0.024000001
,,,-0.00022694,0.024000001
,,,-0.00022693,0.024800001
,,,-0.00022692,0.024000001
,,,-0.00022691,0.024000001
,,,-0.0002269,0.024800001
,,,-0.00022689,0.023200001
,,,-0.00022688,0.024800001
,,,-0.00022687,0.024800001
,,,-0.00022686,0.024800001
,,,-0.00022685,0.024000001
,,,-0.00022684,0.024000001
,,,-0.00022683,0.024000001
,,,-0.00022682,0.024000001
,,,-0.00022681,0.024000001
,,,-0.0002268,0.024800001
,,,-0.00022679,0.024000001
,,,-0.00022678,0.024800001
,,,-0.00022677,0.024000001
,,,-0.00022676,0.024000001
,,,-0.00022675,0.024800001
,,,-0.00022674,0.024800001
,,,-0.00022673,0.024000001
,,,-0.00022672,0.024000001
,,,-0.00022671,0.025600002
,,,-0.0002267,0.024800001
,,,-0.00022669,0.026400002
,,,-0.00022668,0.024800001
,,,-0.00022667,0.024000001
,,,-0.00022666,0.024000001
,,,-0.00022665,0.024000001
,,,-0.00022664,0.023200001
,,,-0.00022663,0.024000001
,,,-0.00022662,0.024000001
,,,-0.00022661,0.024000001
,,,-0.0002266,0.024000001
,,,-0.00022659,0.024000001
,,,-0.00022658,0.024000001
,,,-0.00022657,0.024800001
,,,-0.00022656,0.024800001
,,,-0.00022655,0.025600002
,,,-0.00022654,0.024000001
,,,-0.00022653,0.023200001
,,,-0.00022652,0.025600002
,,,-0.00022651,0.024800001
,,,-0.0002265,0.024000001
,,,-0.00022649,0.024000001
,,,-0.00022648,0.023200001
,,,-0.00022647,0.024000001
,,,-0.00022646,0.026400002
,,,-0.00022645,0.024800001
,,,-0.00022644,0.024000001
,,,-0.00022643,0.024000001
,,,-0.00022642,0.024000001
,,,-0.00022641,0.024000001
,,,-0.0002264,0.023200001
,,,-0.00022639,0.024000001
,,,-0.00022638,0.024800001
,,,-0.00022637,0.024000001
,,,-0.00022636,0.024000001
,,,-0.00022635,0.024000001
,,,-0.00022634,0.024800001
,,,-0.00022633,0.023200001
,,,-0.00022632,0.024000001
,,,-0.00022631,0.024800001
,,,-0.0002263,0.022400001
,,,-0.00022629,0.022400001
,,,-0.00022628,0.024800001
,,,-0.00022627,0.024000001
,,,-0.00022626,0.024000001
,,,-0.00022625,0.024000001
,,,-0.00022624,0.024000001
,,,-0.00022623,0.022400001
,,,-0.00022622,0.024000001
,,,-0.00022621,0.022400001
,,,-0.0002262,0.024000001
,,,-0.00022619,0.024000001
,,,-0.00022618,0.025600002
,,,-0.00022617,0.022400001
,,,-0.00022616,0.024800001
,,,-0.00022615,0.024000001
,,,-0.00022614,0.024800001
,,,-0.00022613,0.024000001
,,,-0.00022612,0.024800001
,,,-0.00022611,0.024800001
,,,-0.0002261,0.023200001
,,,-0.00022609,0.024000001
,,,-0.00022608,0.024000001
,,,-0.00022607,0.024000001
,,,-0.00022606,0.024000001
,,,-0.00022605,0.024000001
,,,-0.00022604,0.024000001
,,,-0.00022603,0.024000001
,,,-0.00022602,0.024000001
,,,-0.00022601,0.025600002
,,,-0.000226,0.023200001
,,,-0.00022599,0.025600002
,,,-0.00022598,0.023200001
,,,-0.00022597,0.024000001
,,,-0.00022596,0.024000001
,,,-0.00022595,0.024800001
,,,-0.00022594,0.025600002
,,,-0.00022593,0.024000001
,,,-0.00022592,0.023200001
,,,-0.00022591,0.024000001
,,,-0.0002259,0.026400002
,,,-0.00022589,0.023200001
,,,-0.00022588,0.024000001
,,,-0.00022587,0.022400001
,,,-0.00022586,0.024000001
,,,-0.00022585,0.024000001
,,,-0.00022584,0.025600002
,,,-0.00022583,0.024000001
,,,-0.00022582,0.024800001
,,,-0.00022581,0.024800001
,,,-0.0002258,0.024000001
,,,-0.00022579,0.025600002
,,,-0.00022578,0.023200001
,,,-0.00022577,0.025600002
,,,-0.00022576,0.023200001
,,,-0.00022575,0.025600002
,,,-0.00022574,0.024000001
,,,-0.00022573,0.021600001
,,,-0.00022572,0.024000001
,,,-0.00022571,0.024000001
,,,-0.0002257,0.024000001
,,,-0.00022569,0.024000001
,,,-0.00022568,0.024800001
,,,-0.00022567,0.024000001
,,,-0.00022566,0.024000001
,,,-0.00022565,0.023200001
,,,-0.00022564,0.025600002
,,,-0.00022563,0.024000001
,,,-0.00022562,0.024000001
,,,-0.00022561,0.023200001
,,,-0.0002256,0.025600002
,,,-0.00022559,0.023200001
,,,-0.00022558,0.024800001
,,,-0.00022557,0.024000001
,,,-0.00022556,0.024000001
,,,-0.00022555,0.024000001
,,,-0.00022554,0.024000001
,,,-0.00022553,0.025600002
,,,-0.00022552,0.024800001
,,,-0.00022551,0.024000001
,,,-0.0002255,0.024000001
,,,-0.00022549,0.024800001
,,,-0.00022548,0.023200001
,,,-0.00022547,0.024000001
,,,-0.00022546,0.024800001
,,,-0.00022545,0.024800001
,,,-0.00022544,0.024000001
,,,-0.00022543,0.024800001
,,,-0.00022542,0.024000001
,,,-0.00022541,0.024000001
,,,-0.0002254,0.024000001
,,,-0.00022539,0.024800001
,,,-0.00022538,0.025600002
,,,-0.00022537,0.024000001
,,,-0.00022536,0.025600002
,,,-0.00022535,0.024000001
,,,-0.00022534,0.025600002
,,,-0.00022533,0.025600002
,,,-0.00022532,0.024000001
,,,-0.00022531,0.024000001
,,,-0.0002253,0.023200001
,,,-0.00022529,0.024000001
,,,-0.00022528,0.024000001
,,,-0.00022527,0.025600002
,,,-0.00022526,0.027200002
,,,-0.00022525,0.024000001
,,,-0.00022524,0.026400002
,,,-0.00022523,0.024000001
,,,-0.00022522,0.024000001
,,,-0.00022521,0.025600002
,,,-0.0002252,0.024000001
,,,-0.00022519,0.022400001
,,,-0.00022518,0.023200001
,,,-0.00022517,0.025600002
,,,-0.00022516,0.024800001
,,,-0.00022515,0.024000001
,,,-0.00022514,0.024800001
,,,-0.00022513,0.024000001
,,,-0.00022512,0.024000001
,,,-0.00022511,0.024000001
,,,-0.0002251,0.024800001
,,,-0.00022509,0.023200001
,,,-0.00022508,0.023200001
,,,-0.00022507,0.024000001
,,,-0.00022506,0.024800001
,,,-0.00022505,0.024000001
,,,-0.00022504,0.024000001
,,,-0.00022503,0.022400001
,,,-0.00022502,0.024000001
,,,-0.00022501,0.024000001
,,,-0.000225,0.024800001
,,,-0.00022499,0.022400001
,,,-0.00022498,0.024000001
,,,-0.00022497,0.024800001
,,,-0.00022496,0.024000001
,,,-0.00022495,0.024000001
,,,-0.00022494,0.024800001
,,,-0.00022493,0.024000001
,,,-0.00022492,0.024800001
,,,-0.00022491,0.024000001
,,,-0.0002249,0.024000001
,,,-0.00022489,0.024000001
,,,-0.00022488,0.024000001
,,,-0.00022487,0.024800001
,,,-0.00022486,0.024000001
,,,-0.00022485,0.024800001
,,,-0.00022484,0.024800001
,,,-0.00022483,0.024000001
,,,-0.00022482,0.025600002
,,,-0.00022481,0.024800001
,,,-0.0002248,0.024000001
,,,-0.00022479,0.024000001
,,,-0.00022478,0.024800001
,,,-0.00022477,0.024800001
,,,-0.00022476,0.024800001
,,,-0.00022475,0.024000001
,,,-0.00022474,0.024800001
,,,-0.00022473,0.024000001
,,,-0.00022472,0.024800001
,,,-0.00022471,0.024000001
,,,-0.0002247,0.023200001
,,,-0.00022469,0.024800001
,,,-0.00022468,0.025600002
,,,-0.00022467,0.024000001
,,,-0.00022466,0.024000001
,,,-0.00022465,0.023200001
,,,-0.00022464,0.024000001
,,,-0.00022463,0.024800001
,,,-0.00022462,0.021600001
,,,-0.00022461,0.024000001
,,,-0.0002246,0.025600002
,,,-0.00022459,0.024000001
,,,-0.00022458,0.023200001
,,,-0.00022457,0.024000001
,,,-0.00022456,0.024000001
,,,-0.00022455,0.024000001
,,,-0.00022454,0.024000001
,,,-0.00022453,0.024800001
,,,-0.00022452,0.024000001
,,,-0.00022451,0.024800001
,,,-0.0002245,0.024800001
,,,-0.00022449,0.024000001
,,,-0.00022448,0.024800001
,,,-0.00022447,0.024000001
,,,-0.00022446,0.024000001
,,,-0.00022445,0.024000001
,,,-0.00022444,0.024000001
,,,-0.00022443,0.024000001
,,,-0.00022442,0.025600002
,,,-0.00022441,0.024000001
,,,-0.0002244,0.024000001
,,,-0.00022439,0.025600002
,,,-0.00022438,0.023200001
,,,-0.00022437,0.024800001
,,,-0.00022436,0.024000001
,,,-0.00022435,0.024000001
,,,-0.00022434,0.025600002
,,,-0.00022433,0.025600002
,,,-0.00022432,0.024000001
,,,-0.00022431,0.024000001
,,,-0.0002243,0.024000001
,,,-0.00022429,0.024000001
,,,-0.00022428,0.024800001
,,,-0.00022427,0.024000001
,,,-0.00022426,0.024000001
,,,-0.00022425,0.024000001
,,,-0.00022424,0.024800001
,,,-0.00022423,0.024800001
,,,-0.00022422,0.023200001
,,,-0.00022421,0.024800001
,,,-0.0002242,0.024800001
,,,-0.00022419,0.022400001
,,,-0.00022418,0.024000001
,,,-0.00022417,0.025600002
,,,-0.00022416,0.024800001
,,,-0.00022415,0.024000001
,,,-0.00022414,0.024000001
,,,-0.00022413,0.024000001
,,,-0.00022412,0.024000001
,,,-0.00022411,0.024800001
,,,-0.0002241,0.025600002
,,,-0.00022409,0.023200001
,,,-0.00022408,0.025600002
,,,-0.00022407,0.026400002
,,,-0.00022406,0.024000001
,,,-0.00022405,0.024800001
,,,-0.00022404,0.025600002
,,,-0.00022403,0.023200001
,,,-0.00022402,0.024800001
,,,-0.00022401,0.024000001
,,,-0.000224,0.024000001
,,,-0.00022399,0.024000001
,,,-0.00022398,0.024000001
,,,-0.00022397,0.024800001
,,,-0.00022396,0.024000001
,,,-0.00022395,0.024000001
,,,-0.00022394,0.023200001
,,,-0.00022393,0.024800001
,,,-0.00022392,0.024000001
,,,-0.00022391,0.024000001
,,,-0.0002239,0.024800001
,,,-0.00022389,0.023200001
,,,-0.00022388,0.024000001
,,,-0.00022387,0.024000001
,,,-0.00022386,0.025600002
,,,-0.00022385,0.024800001
,,,-0.00022384,0.023200001
,,,-0.00022383,0.024000001
,,,-0.00022382,0.023200001
,,,-0.00022381,0.024800001
,,,-0.0002238,0.024000001
,,,-0.00022379,0.025600002
,,,-0.00022378,0.024000001
,,,-0.00022377,0.024000001
,,,-0.00022376,0.024000001
,,,-0.00022375,0.025600002
,,,-0.00022374,0.024000001
,,,-0.00022373,0.023200001
,,,-0.00022372,0.024000001
,,,-0.00022371,0.024000001
,,,-0.0002237,0.024800001
,,,-0.00022369,0.023200001
,,,-0.00022368,0.024800001
,,,-0.00022367,0.023200001
,,,-0.00022366,0.024800001
,,,-0.00022365,0.024000001
,,,-0.00022364,0.023200001
,,,-0.00022363,0.025600002
,,,-0.00022362,0.024000001
,,,-0.00022361,0.024000001
,,,-0.0002236,0.024000001
,,,-0.00022359,0.024000001
,,,-0.00022358,0.025600002
,,,-0.00022357,0.024000001
,,,-0.00022356,0.023200001
,,,-0.00022355,0.025600002
,,,-0.00022354,0.023200001
,,,-0.00022353,0.024000001
,,,-0.00022352,0.024800001
,,,-0.00022351,0.024000001
,,,-0.0002235,0.024000001
,,,-0.00022349,0.024000001
,,,-0.00022348,0.023200001
,,,-0.00022347,0.025600002
,,,-0.00022346,0.024000001
,,,-0.00022345,0.025600002
,,,-0.00022344,0.024800001
,,,-0.00022343,0.023200001
,,,-0.00022342,0.025600002
,,,-0.00022341,0.024800001
,,,-0.0002234,0.024000001
,,,-0.00022339,0.023200001
,,,-0.00022338,0.024800001
,,,-0.00022337,0.022400001
,,,-0.00022336,0.024800001
,,,-0.00022335,0.024000001
,,,-0.00022334,0.024000001
,,,-0.00022333,0.024800001
,,,-0.00022332,0.023200001
,,,-0.00022331,0.026400002
,,,-0.0002233,0.024800001
,,,-0.00022329,0.022400001
,,,-0.00022328,0.024000001
,,,-0.00022327,0.025600002
,,,-0.00022326,0.023200001
,,,-0.00022325,0.024000001
,,,-0.00022324,0.025600002
,,,-0.00022323,0.025600002
,,,-0.00022322,0.024000001
,,,-0.00022321,0.024000001
,,,-0.0002232,0.024800001
,,,-0.00022319,0.023200001
,,,-0.00022318,0.023200001
,,,-0.00022317,0.023200001
,,,-0.00022316,0.024800001
,,,-0.00022315,0.023200001
,,,-0.00022314,0.024000001
,,,-0.00022313,0.025600002
,,,-0.00022312,0.024000001
,,,-0.00022311,0.024000001
,,,-0.0002231,0.023200001
,,,-0.00022309,0.024000001
,,,-0.00022308,0.022400001
,,,-0.00022307,0.023200001
,,,-0.00022306,0.024000001
,,,-0.00022305,0.024000001
,,,-0.00022304,0.024000001
,,,-0.00022303,0.024800001
,,,-0.00022302,0.024000001
,,,-0.00022301,0.024000001
,,,-0.000223,0.024000001
,,,-0.00022299,0.024800001
,,,-0.00022298,0.024000001
,,,-0.00022297,0.024000001
,,,-0.00022296,0.024000001
,,,-0.00022295,0.024800001
,,,-0.00022294,0.024800001
,,,-0.00022293,0.024000001
,,,-0.00022292,0.024000001
,,,-0.00022291,0.024800001
,,,-0.0002229,0.023200001
,,,-0.00022289,0.024000001
,,,-0.00022288,0.025600002
,,,-0.00022287,0.024800001
,,,-0.00022286,0.024000001
,,,-0.00022285,0.021600001
,,,-0.00022284,0.024800001
,,,-0.00022283,0.024800001
,,,-0.00022282,0.025600002
,,,-0.00022281,0.024800001
,,,-0.0002228,0.024800001
,,,-0.00022279,0.023200001
,,,-0.00022278,0.024800001
,,,-0.00022277,0.024800001
,,,-0.00022276,0.024800001
,,,-0.00022275,0.023200001
,,,-0.00022274,0.026400002
,,,-0.00022273,0.024000001
,,,-0.00022272,0.024000001
,,,-0.00022271,0.024800001
,,,-0.0002227,0.024000001
,,,-0.00022269,0.024800001
,,,-0.00022268,0.024800001
,,,-0.00022267,0.024800001
,,,-0.00022266,0.024000001
,,,-0.00022265,0.025600002
,,,-0.00022264,0.024000001
,,,-0.00022263,0.024000001
,,,-0.00022262,0.026400002
,,,-0.00022261,0.024000001
,,,-0.0002226,0.024000001
,,,-0.00022259,0.024800001
,,,-0.00022258,0.024000001
,,,-0.00022257,0.026400002
,,,-0.00022256,0.024000001
,,,-0.00022255,0.025600002
,,,-0.00022254,0.024800001
,,,-0.00022253,0.024800001
,,,-0.00022252,0.024000001
,,,-0.00022251,0.024800001
,,,-0.0002225,0.023200001
,,,-0.00022249,0.024800001
,,,-0.00022248,0.024000001
,,,-0.00022247,0.025600002
,,,-0.00022246,0.024000001
,,,-0.00022245,0.023200001
,,,-0.00022244,0.024800001
,,,-0.00022243,0.024800001
,,,-0.00022242,0.024000001
,,,-0.00022241,0.024800001
,,,-0.0002224,0.024000001
,,,-0.00022239,0.022400001
,,,-0.00022238,0.025600002
,,,-0.00022237,0.024800001
,,,-0.00022236,0.024000001
,,,-0.00022235,0.024000001
,,,-0.00022234,0.024800001
,,,-0.00022233,0.024800001
,,,-0.00022232,0.024000001
,,,-0.00022231,0.025600002
,,,-0.0002223,0.026400002
,,,-0.00022229,0.024800001
,,,-0.00022228,0.023200001
,,,-0.00022227,0.023200001
,,,-0.00022226,0.024000001
,,,-0.00022225,0.024000001
,,,-0.00022224,0.025600002
,,,-0.00022223,0.025600002
,,,-0.00022222,0.024800001
,,,-0.00022221,0.023200001
,,,-0.0002222,0.024000001
,,,-0.00022219,0.023200001
,,,-0.00022218,0.024000001
,,,-0.00022217,0.023200001
,,,-0.00022216,0.023200001
,,,-0.00022215,0.024000001
,,,-0.00022214,0.024000001
,,,-0.00022213,0.023200001
,,,-0.00022212,0.025600002
,,,-0.00022211,0.024000001
,,,-0.0002221,0.024000001
,,,-0.00022209,0.024000001
,,,-0.00022208,0.025600002
,,,-0.00022207,0.023200001
,,,-0.00022206,0.024800001
,,,-0.00022205,0.023200001
,,,-0.00022204,0.024800001
,,,-0.00022203,0.024000001
,,,-0.00022202,0.024800001
,,,-0.00022201,0.023200001
,,,-0.000222,0.025600002
,,,-0.00022199,0.024000001
,,,-0.00022198,0.025600002
,,,-0.00022197,0.024000001
,,,-0.00022196,0.024000001
,,,-0.00022195,0.024000001
,,,-0.00022194,0.024000001
,,,-0.00022193,0.024000001
,,,-0.00022192,0.025600002
,,,-0.00022191,0.023200001
,,,-0.0002219,0.024800001
,,,-0.00022189,0.023200001
,,,-0.00022188,0.024000001
,,,-0.00022187,0.024000001
,,,-0.00022186,0.025600002
,,,-0.00022185,0.025600002
,,,-0.00022184,0.024000001
,,,-0.00022183,0.024000001
,,,-0.00022182,0.023200001
,,,-0.00022181,0.023200001
,,,-0.0002218,0.024800001
,,,-0.00022179,0.025600002
,,,-0.00022178,0.023200001
,,,-0.00022177,0.025600002
,,,-0.00022176,0.024800001
,,,-0.00022175,0.024800001
,,,-0.00022174,0.024000001
,,,-0.00022173,0.024800001
,,,-0.00022172,0.025600002
,,,-0.00022171,0.024800001
,,,-0.0002217,0.024000001
,,,-0.00022169,0.024000001
,,,-0.00022168,0.023200001
,,,-0.00022167,0.024000001
,,,-0.00022166,0.024800001
,,,-0.00022165,0.022400001
,,,-0.00022164,0.024000001
,,,-0.00022163,0.024000001
,,,-0.00022162,0.025600002
,,,-0.00022161,0.024800001
,,,-0.0002216,0.024800001
,,,-0.00022159,0.024000001
,,,-0.00022158,0.025600002
,,,-0.00022157,0.024800001
,,,-0.00022156,0.024000001
,,,-0.00022155,0.024000001
,,,-0.00022154,0.026400002
,,,-0.00022153,0.024800001
,,,-0.00022152,0.024800001
,,,-0.00022151,0.024800001
,,,-0.0002215,0.024000001
,,,-0.00022149,0.024000001
,,,-0.00022148,0.026400002
,,,-0.00022147,0.025600002
,,,-0.00022146,0.025600002
,,,-0.00022145,0.024000001
,,,-0.00022144,0.023200001
,,,-0.00022143,0.024800001
,,,-0.00022142,0.024000001
,,,-0.00022141,0.024800001
,,,-0.0002214,0.024000001
,,,-0.00022139,0.024800001
,,,-0.00022138,0.025600002
,,,-0.00022137,0.024000001
,,,-0.00022136,0.024000001
,,,-0.00022135,0.025600002
,,,-0.00022134,0.024000001
,,,-0.00022133,0.025600002
,,,-0.00022132,0.025600002
,,,-0.00022131,0.023200001
,,,-0.0002213,0.025600002
,,,-0.00022129,0.024800001
,,,-0.00022128,0.025600002
,,,-0.00022127,0.024800001
,,,-0.00022126,0.020800001
,,,-0.00022125,0.024800001
,,,-0.00022124,0.024800001
,,,-0.00022123,0.024800001
,,,-0.00022122,0.022400001
,,,-0.00022121,0.025600002
,,,-0.0002212,0.024000001
,,,-0.00022119,0.023200001
,,,-0.00022118,0.024000001
,,,-0.00022117,0.024000001
,,,-0.00022116,0.023200001
,,,-0.00022115,0.024000001
,,,-0.00022114,0.023200001
,,,-0.00022113,0.024000001
,,,-0.00022112,0.024000001
,,,-0.00022111,0.025600002
,,,-0.0002211,0.024000001
,,,-0.00022109,0.024000001
,,,-0.00022108,0.024000001
,,,-0.00022107,0.024000001
,,,-0.00022106,0.024000001
,,,-0.00022105,0.023200001
,,,-0.00022104,0.024000001
,,,-0.00022103,0.023200001
,,,-0.00022102,0.025600002
,,,-0.00022101,0.024000001
,,,-0.000221,0.024000001
,,,-0.00022099,0.024000001
,,,-0.00022098,0.024000001
,,,-0.00022097,0.024000001
,,,-0.00022096,0.024800001
,,,-0.00022095,0.021600001
,,,-0.00022094,0.024000001
,,,-0.00022093,0.024000001
,,,-0.00022092,0.024800001
,,,-0.00022091,0.024000001
,,,-0.0002209,0.025600002
,,,-0.00022089,0.025600002
,,,-0.00022088,0.026400002
,,,-0.00022087,0.024000001
,,,-0.00022086,0.024000001
,,,-0.00022085,0.024000001
,,,-0.00022084,0.024800001
,,,-0.00022083,0.024000001
,,,-0.00022082,0.023200001
,,,-0.00022081,0.024000001
,,,-0.0002208,0.026400002
,,,-0.00022079,0.024000001
,,,-0.00022078,0.024000001
,,,-0.00022077,0.023200001
,,,-0.00022076,0.023200001
,,,-0.00022075,0.023200001
,,,-0.00022074,0.024800001
,,,-0.00022073,0.025600002
,,,-0.00022072,0.022400001
,,,-0.00022071,0.024000001
,,,-0.0002207,0.024000001
,,,-0.00022069,0.024800001
,,,-0.00022068,0.023200001
,,,-0.00022067,0.024000001
,,,-0.00022066,0.023200001
,,,-0.00022065,0.024800001
,,,-0.00022064,0.024800001
,,,-0.00022063,0.024000001
,,,-0.00022062,0.024000001
,,,-0.00022061,0.023200001
,,,-0.0002206,0.023200001
,,,-0.00022059,0.024800001
,,,-0.00022058,0.024000001
,,,-0.00022057,0.023200001
,,,-0.00022056,0.023200001
,,,-0.00022055,0.024800001
,,,-0.00022054,0.021600001
,,,-0.00022053,0.024000001
,,,-0.00022052,0.024000001
,,,-0.00022051,0.024000001
,,,-0.0002205,0.023200001
,,,-0.00022049,0.024000001
,,,-0.00022048,0.024000001
,,,-0.00022047,0.024000001
,,,-0.00022046,0.024000001
,,,-0.00022045,0.024000001
,,,-0.00022044,0.024000001
,,,-0.00022043,0.023200001
,,,-0.00022042,0.025600002
,,,-0.00022041,0.024000001
,,,-0.0002204,0.025600002
,,,-0.00022039,0.023200001
,,,-0.00022038,0.024000001
,,,-0.00022037,0.024000001
,,,-0.00022036,0.024000001
,,,-0.00022035,0.024000001
,,,-0.00022034,0.024000001
,,,-0.00022033,0.024000001
,,,-0.00022032,0.024000001
,,,-0.00022031,0.022400001
,,,-0.0002203,0.026400002
,,,-0.00022029,0.023200001
,,,-0.00022028,0.024000001
,,,-0.00022027,0.024000001
,,,-0.00022026,0.024000001
,,,-0.00022025,0.024000001
,,,-0.00022024,0.024000001
,,,-0.00022023,0.024000001
,,,-0.00022022,0.025600002
,,,-0.00022021,0.024000001
,,,-0.0002202,0.023200001
,,,-0.00022019,0.023200001
,,,-0.00022018,0.024000001
,,,-0.00022017,0.023200001
,,,-0.00022016,0.023200001
,,,-0.00022015,0.024000001
,,,-0.00022014,0.024800001
,,,-0.00022013,0.023200001
,,,-0.00022012,0.024800001
,,,-0.00022011,0.024000001
,,,-0.0002201,0.024000001
,,,-0.00022009,0.024000001
,,,-0.00022008,0.025600002
,,,-0.00022007,0.025600002
,,,-0.00022006,0.024800001
,,,-0.00022005,0.024800001
,,,-0.00022004,0.023200001
,,,-0.00022003,0.024000001
,,,-0.00022002,0.024000001
,,,-0.00022001,0.023200001
,,,-0.00022,0.024000001
,,,-0.00021999,0.024000001
,,,-0.00021998,0.024800001
,,,-0.00021997,0.023200001
,,,-0.00021996,0.024000001
,,,-0.00021995,0.024000001
,,,-0.00021994,0.024000001
,,,-0.00021993,0.024800001
,,,-0.00021992,0.024000001
,,,-0.00021991,0.023200001
,,,-0.0002199,0.024800001
,,,-0.00021989,0.023200001
,,,-0.00021988,0.024800001
,,,-0.00021987,0.024800001
,,,-0.00021986,0.024000001
,,,-0.00021985,0.023200001
,,,-0.00021984,0.024000001
,,,-0.00021983,0.024000001
,,,-0.00021982,0.024000001
,,,-0.00021981,0.024000001
,,,-0.0002198,0.026400002
,,,-0.00021979,0.023200001
,,,-0.00021978,0.024000001
,,,-0.00021977,0.025600002
,,,-0.00021976,0.024000001
,,,-0.00021975,0.024000001
,,,-0.00021974,0.022400001
,,,-0.00021973,0.024000001
,,,-0.00021972,0.024000001
,,,-0.00021971,0.023200001
,,,-0.0002197,0.024800001
,,,-0.00021969,0.023200001
,,,-0.00021968,0.024000001
,,,-0.00021967,0.024000001
,,,-0.00021966,0.022400001
,,,-0.00021965,0.024800001
,,,-0.00021964,0.025600002
,,,-0.00021963,0.024000001
,,,-0.00021962,0.024000001
,,,-0.00021961,0.024000001
,,,-0.0002196,0.024000001
,,,-0.00021959,0.024800001
,,,-0.00021958,0.024000001
,,,-0.00021957,0.024000001
,,,-0.00021956,0.022400001
,,,-0.00021955,0.024000001
,,,-0.00021954,0.024000001
,,,-0.00021953,0.023200001
,,,-0.00021952,0.024000001
,,,-0.00021951,0.024000001
,,,-0.0002195,0.023200001
,,,-0.00021949,0.024000001
,,,-0.00021948,0.024800001
,,,-0.00021947,0.023200001
,,,-0.00021946,0.024000001
,,,-0.00021945,0.024800001
,,,-0.00021944,0.023200001
,,,-0.00021943,0.024000001
,,,-0.00021942,0.024800001
,,,-0.00021941,0.024800001
,,,-0.0002194,0.020800001
,,,-0.00021939,0.024800001
,,,-0.00021938,0.024000001
,,,-0.00021937,0.024800001
,,,-0.00021936,0.025600002
,,,-0.00021935,0.024000001
,,,-0.00021934,0.024000001
,,,-0.00021933,0.024000001
,,,-0.00021932,0.022400001
,,,-0.00021931,0.024000001
,,,-0.0002193,0.024800001
,,,-0.00021929,0.024000001
,,,-0.00021928,0.023200001
,,,-0.00021927,0.024000001
,,,-0.00021926,0.025600002
,,,-0.00021925,0.025600002
,,,-0.00021924,0.025600002
,,,-0.00021923,0.023200001
,,,-0.00021922,0.024000001
,,,-0.00021921,0.022400001
,,,-0.0002192,0.024000001
,,,-0.00021919,0.024000001
,,,-0.00021918,0.024800001
,,,-0.00021917,0.024000001
,,,-0.00021916,0.024000001
,,,-0.00021915,0.024800001
,,,-0.00021914,0.024000001
,,,-0.00021913,0.024000001
,,,-0.00021912,0.024800001
,,,-0.00021911,0.024800001
,,,-0.0002191,0.024000001
,,,-0.00021909,0.024800001
,,,-0.00021908,0.024800001
,,,-0.00021907,0.024000001
,,,-0.00021906,0.024000001
,,,-0.00021905,0.023200001
,,,-0.00021904,0.024000001
,,,-0.00021903,0.024000001
,,,-0.00021902,0.023200001
,,,-0.00021901,0.024000001
,,,-0.000219,0.024800001
,,,-0.00021899,0.023200001
,,,-0.00021898,0.023200001
,,,-0.00021897,0.025600002
,,,-0.00021896,0.024000001
,,,-0.00021895,0.025600002
,,,-0.00021894,0.024000001
,,,-0.00021893,0.024000001
,,,-0.00021892,0.024000001
,,,-0.00021891,0.024000001
,,,-0.0002189,0.024800001
,,,-0.00021889,0.024800001
,,,-0.00021888,0.023200001
,,,-0.00021887,0.024000001
,,,-0.00021886,0.024800001
,,,-0.00021885,0.024000001
,,,-0.00021884,0.024000001
,,,-0.00021883,0.024800001
,,,-0.00021882,0.024000001
,,,-0.00021881,0.024800001
,,,-0.0002188,0.024800001
,,,-0.00021879,0.024000001
,,,-0.00021878,0.024000001
,,,-0.00021877,0.022400001
,,,-0.00021876,0.024000001
,,,-0.00021875,0.024800001
,,,-0.00021874,0.026400002
,,,-0.00021873,0.024000001
,,,-0.00021872,0.023200001
,,,-0.00021871,0.023200001
,,,-0.0002187,0.024000001
,,,-0.00021869,0.024800001
,,,-0.00021868,0.024000001
,,,-0.00021867,0.024800001
,,,-0.00021866,0.024000001
,,,-0.00021865,0.024000001
,,,-0.00021864,0.022400001
,,,-0.00021863,0.024000001
,,,-0.00021862,0.023200001
,,,-0.00021861,0.024800001
,,,-0.0002186,0.025600002
,,,-0.00021859,0.026400002
,,,-0.00021858,0.024000001
,,,-0.00021857,0.024000001
,,,-0.00021856,0.024000001
,,,-0.00021855,0.024800001
,,,-0.00021854,0.024000001
,,,-0.00021853,0.025600002
,,,-0.00021852,0.025600002
,,,-0.00021851,0.024000001
,,,-0.0002185,0.025600002
,,,-0.00021849,0.024000001
,,,-0.00021848,0.025600002
,,,-0.00021847,0.024000001
,,,-0.00021846,0.025600002
,,,-0.00021845,0.023200001
,,,-0.00021844,0.024000001
,,,-0.00021843,0.024000001
,,,-0.00021842,0.023200001
,,,-0.00021841,0.024000001
,,,-0.0002184,0.024800001
,,,-0.00021839,0.024000001
,,,-0.00021838,0.024800001
,,,-0.00021837,0.024000001
,,,-0.00021836,0.024000001
,,,-0.00021835,0.025600002
,,,-0.00021834,0.025600002
,,,-0.00021833,0.023200001
,,,-0.00021832,0.024800001
,,,-0.00021831,0.024000001
,,,-0.0002183,0.025600002
,,,-0.00021829,0.024000001
,,,-0.00021828,0.024000001
,,,-0.00021827,0.024000001
,,,-0.00021826,0.024800001
,,,-0.00021825,0.024000001
,,,-0.00021824,0.024000001
,,,-0.00021823,0.023200001
,,,-0.00021822,0.024000001
,,,-0.00021821,0.023200001
,,,-0.0002182,0.024000001
,,,-0.00021819,0.023200001
,,,-0.00021818,0.024800001
,,,-0.00021817,0.024800001
,,,-0.00021816,0.025600002
,,,-0.00021815,0.025600002
,,,-0.00021814,0.024000001
,,,-0.00021813,0.023200001
,,,-0.00021812,0.024000001
,,,-0.00021811,0.023200001
,,,-0.0002181,0.024800001
,,,-0.00021809,0.024000001
,,,-0.00021808,0.024000001
,,,-0.00021807,0.024000001
,,,-0.00021806,0.023200001
,,,-0.00021805,0.022400001
,,,-0.00021804,0.024000001
,,,-0.00021803,0.024000001
,,,-0.00021802,0.023200001
,,,-0.00021801,0.023200001
,,,-0.000218,0.024800001
,,,-0.00021799,0.024800001
,,,-0.00021798,0.024000001
,,,-0.00021797,0.024000001
,,,-0.00021796,0.024000001
,,,-0.00021795,0.025600002
,,,-0.00021794,0.023200001
,,,-0.00021793,0.024800001
,,,-0.00021792,0.023200001
,,,-0.00021791,0.024000001
,,,-0.0002179,0.024000001
,,,-0.00021789,0.024800001
,,,-0.00021788,0.023200001
,,,-0.00021787,0.022400001
,,,-0.00021786,0.024800001
,,,-0.00021785,0.024800001
,,,-0.00021784,0.024000001
,,,-0.00021783,0.024000001
,,,-0.00021782,0.024000001
,,,-0.00021781,0.024800001
,,,-0.0002178,0.024000001
,,,-0.00021779,0.023200001
,,,-0.00021778,0.024000001
,,,-0.00021777,0.025600002
,,,-0.00021776,0.024800001
,,,-0.00021775,0.024000001
,,,-0.00021774,0.024000001
,,,-0.00021773,0.021600001
,,,-0.00021772,0.024800001
,,,-0.00021771,0.024000001
,,,-0.0002177,0.024000001
,,,-0.00021769,0.023200001
,,,-0.00021768,0.024000001
,,,-0.00021767,0.024800001
,,,-0.00021766,0.022400001
,,,-0.00021765,0.024800001
,,,-0.00021764,0.024000001
,,,-0.00021763,0.024000001
,,,-0.00021762,0.024000001
,,,-0.00021761,0.024000001
,,,-0.0002176,0.024000001
,,,-0.00021759,0.024000001
,,,-0.00021758,0.024000001
,,,-0.00021757,0.025600002
,,,-0.00021756,0.024000001
,,,-0.00021755,0.023200001
,,,-0.00021754,0.024000001
,,,-0.00021753,0.026400002
,,,-0.00021752,0.024000001
,,,-0.00021751,0.023200001
,,,-0.0002175,0.025600002
,,,-0.00021749,0.024800001
,,,-0.00021748,0.023200001
,,,-0.00021747,0.023200001
,,,-0.00021746,0.025600002
,,,-0.00021745,0.024800001
,,,-0.00021744,0.025600002
,,,-0.00021743,0.024800001
,,,-0.00021742,0.024000001
,,,-0.00021741,0.025600002
,,,-0.0002174,0.024800001
,,,-0.00021739,0.024800001
,,,-0.00021738,0.022400001
,,,-0.00021737,0.024000001
,,,-0.00021736,0.024000001
,,,-0.00021735,0.022400001
,,,-0.00021734,0.024000001
,,,-0.00021733,0.024000001
,,,-0.00021732,0.024800001
,,,-0.00021731,0.024000001
,,,-0.0002173,0.024000001
,,,-0.00021729,0.024800001
,,,-0.00021728,0.024000001
,,,-0.00021727,0.024000001
,,,-0.00021726,0.023200001
,,,-0.00021725,0.021600001
,,,-0.00021724,0.023200001
,,,-0.00021723,0.024000001
,,,-0.00021722,0.024800001
,,,-0.00021721,0.026400002
,,,-0.0002172,0.024000001
,,,-0.00021719,0.024000001
,,,-0.00021718,0.023200001
,,,-0.00021717,0.023200001
,,,-0.00021716,0.023200001
,,,-0.00021715,0.024000001
,,,-0.00021714,0.024000001
,,,-0.00021713,0.024000001
,,,-0.00021712,0.023200001
,,,-0.00021711,0.024000001
,,,-0.0002171,0.024000001
,,,-0.00021709,0.024000001
,,,-0.00021708,0.024800001
,,,-0.00021707,0.024000001
,,,-0.00021706,0.024000001
,,,-0.00021705,0.023200001
,,,-0.00021704,0.024800001
,,,-0.00021703,0.026400002
,,,-0.00021702,0.024000001
,,,-0.00021701,0.023200001
,,,-0.000217,0.024000001
,,,-0.00021699,0.024000001
,,,-0.00021698,0.025600002
,,,-0.00021697,0.024000001
,,,-0.00021696,0.024000001
,,,-0.00021695,0.024000001
,,,-0.00021694,0.024000001
,,,-0.00021693,0.024000001
,,,-0.00021692,0.023200001
,,,-0.00021691,0.023200001
,,,-0.0002169,0.023200001
,,,-0.00021689,0.024000001
,,,-0.00021688,0.023200001
,,,-0.00021687,0.023200001
,,,-0.00021686,0.024000001
,,,-0.00021685,0.024800001
,,,-0.00021684,0.024800001
,,,-0.00021683,0.023200001
,,,-0.00021682,0.024800001
,,,-0.00021681,0.023200001
,,,-0.0002168,0.024800001
,,,-0.00021679,0.027200002
,,,-0.00021678,0.025600002
,,,-0.00021677,0.024000001
,,,-0.00021676,0.024000001
,,,-0.00021675,0.024000001
,,,-0.00021674,0.025600002
,,,-0.00021673,0.024000001
,,,-0.00021672,0.024000001
,,,-0.00021671,0.024000001
,,,-0.0002167,0.024000001
,,,-0.00021669,0.023200001
,,,-0.00021668,0.024000001
,,,-0.00021667,0.024000001
,,,-0.00021666,0.025600002
,,,-0.00021665,0.024000001
,,,-0.00021664,0.024800001
,,,-0.00021663,0.024800001
,,,-0.00021662,0.024000001
,,,-0.00021661,0.023200001
,,,-0.0002166,0.024800001
,,,-0.00021659,0.024800001
,,,-0.00021658,0.025600002
,,,-0.00021657,0.025600002
,,,-0.00021656,0.022400001
,,,-0.00021655,0.026400002
,,,-0.00021654,0.023200001
,,,-0.00021653,0.024000001
,,,-0.00021652,0.024000001
,,,-0.00021651,0.024000001
,,,-0.0002165,0.025600002
,,,-0.00021649,0.025600002
,,,-0.00021648,0.024000001
,,,-0.00021647,0.024000001
,,,-0.00021646,0.024000001
,,,-0.00021645,0.024800001
,,,-0.00021644,0.024000001
,,,-0.00021643,0.024000001
,,,-0.00021642,0.024000001
,,,-0.00021641,0.024800001
,,,-0.0002164,0.024000001
,,,-0.00021639,0.024000001
,,,-0.00021638,0.024800001
,,,-0.00021637,0.024000001
,,,-0.00021636,0.024000001
,,,-0.00021635,0.022400001
,,,-0.00021634,0.024000001
,,,-0.00021633,0.024000001
,,,-0.00021632,0.024000001
,,,-0.00021631,0.024800001
,,,-0.0002163,0.023200001
,,,-0.00021629,0.024000001
,,,-0.00021628,0.025600002
,,,-0.00021627,0.024800001
,,,-0.00021626,0.024800001
,,,-0.00021625,0.024800001
,,,-0.00021624,0.024000001
,,,-0.00021623,0.024000001
,,,-0.00021622,0.023200001
,,,-0.00021621,0.024000001
,,,-0.0002162,0.024000001
,,,-0.00021619,0.024000001
,,,-0.00021618,0.024000001
,,,-0.00021617,0.024000001
,,,-0.00021616,0.024800001
,,,-0.00021615,0.025600002
,,,-0.00021614,0.024800001
,,,-0.00021613,0.025600002
,,,-0.00021612,0.024000001
,,,-0.00021611,0.024800001
,,,-0.0002161,0.024000001
,,,-0.00021609,0.024800001
,,,-0.00021608,0.023200001
,,,-0.00021607,0.024000001
,,,-0.00021606,0.024800001
,,,-0.00021605,0.025600002
,,,-0.00021604,0.022400001
,,,-0.00021603,0.024000001
,,,-0.00021602,0.023200001
,,,-0.00021601,0.024000001
,,,-0.000216,0.024000001
,,,-0.00021599,0.024800001
,,,-0.00021598,0.023200001
,,,-0.00021597,0.022400001
,,,-0.00021596,0.024000001
,,,-0.00021595,0.023200001
,,,-0.00021594,0.024000001
,,,-0.00021593,0.024000001
,,,-0.00021592,0.023200001
,,,-0.00021591,0.025600002
,,,-0.0002159,0.024000001
,,,-0.00021589,0.023200001
,,,-0.00021588,0.024000001
,,,-0.00021587,0.024800001
,,,-0.00021586,0.024800001
,,,-0.00021585,0.022400001
,,,-0.00021584,0.024000001
,,,-0.00021583,0.024800001
,,,-0.00021582,0.024800001
,,,-0.00021581,0.024000001
,,,-0.0002158,0.024800001
,,,-0.00021579,0.024800001
,,,-0.00021578,0.025600002
,,,-0.00021577,0.024000001
,,,-0.00021576,0.024000001
,,,-0.00021575,0.024000001
,,,-0.00021574,0.024800001
,,,-0.00021573,0.026400002
,,,-0.00021572,0.025600002
,,,-0.00021571,0.024000001
,,,-0.0002157,0.024800001
,,,-0.00021569,0.024000001
,,,-0.00021568,0.024800001
,,,-0.00021567,0.023200001
,,,-0.00021566,0.025600002
,,,-0.00021565,0.024000001
,,,-0.00021564,0.024000001
,,,-0.00021563,0.024800001
,,,-0.00021562,0.024000001
,,,-0.00021561,0.024000001
,,,-0.0002156,0.026400002
,,,-0.00021559,0.024000001
,,,-0.00021558,0.025600002
,,,-0.00021557,0.023200001
,,,-0.00021556,0.023200001
,,,-0.00021555,0.025600002
,,,-0.00021554,0.024800001
,,,-0.00021553,0.024800001
,,,-0.00021552,0.024000001
,,,-0.00021551,0.023200001
,,,-0.0002155,0.024800001
,,,-0.00021549,0.024000001
,,,-0.00021548,0.025600002
,,,-0.00021547,0.025600002
,,,-0.00021546,0.024000001
,,,-0.00021545,0.023200001
,,,-0.00021544,0.025600002
,,,-0.00021543,0.024000001
,,,-0.00021542,0.024000001
,,,-0.00021541,0.024000001
,,,-0.0002154,0.024000001
,,,-0.00021539,0.024800001
,,,-0.00021538,0.024000001
,,,-0.00021537,0.024800001
,,,-0.00021536,0.024800001
,,,-0.00021535,0.024800001
,,,-0.00021534,0.024000001
,,,-0.00021533,0.024000001
,,,-0.00021532,0.024000001
,,,-0.00021531,0.026400002
,,,-0.0002153,0.023200001
,,,-0.00021529,0.024800001
,,,-0.00021528,0.024000001
,,,-0.00021527,0.024000001
,,,-0.00021526,0.024800001
,,,-0.00021525,0.024000001
,,,-0.00021524,0.023200001
,,,-0.00021523,0.024800001
,,,-0.00021522,0.025600002
,,,-0.00021521,0.024000001
,,,-0.0002152,0.024000001
,,,-0.00021519,0.024000001
,,,-0.00021518,0.022400001
,,,-0.00021517,0.023200001
,,,-0.00021516,0.024000001
,,,-0.00021515,0.024000001
,,,-0.00021514,0.024000001
,,,-0.00021513,0.024000001
,,,-0.00021512,0.024800001
,,,-0.00021511,0.024800001
,,,-0.0002151,0.024000001
,,,-0.00021509,0.025600002
,,,-0.00021508,0.024000001
,,,-0.00021507,0.024000001
,,,-0.00021506,0.025600002
,,,-0.00021505,0.023200001
,,,-0.00021504,0.024800001
,,,-0.00021503,0.025600002
,,,-0.00021502,0.024800001
,,,-0.00021501,0.023200001
,,,-0.000215,0.024000001
,,,-0.00021499,0.024000001
,,,-0.00021498,0.024000001
,,,-0.00021497,0.024000001
,,,-0.00021496,0.024000001
,,,-0.00021495,0.026400002
,,,-0.00021494,0.024800001
,,,-0.00021493,0.022400001
,,,-0.00021492,0.024800001
,,,-0.00021491,0.024800001
,,,-0.0002149,0.024000001
,,,-0.00021489,0.024000001
,,,-0.00021488,0.024000001
,,,-0.00021487,0.024000001
,,,-0.00021486,0.024800001
,,,-0.00021485,0.024800001
,,,-0.00021484,0.023200001
,,,-0.00021483,0.024000001
,,,-0.00021482,0.024000001
,,,-0.00021481,0.024800001
,,,-0.0002148,0.024000001
,,,-0.00021479,0.024000001
,,,-0.00021478,0.024000001
,,,-0.00021477,0.025600002
,,,-0.00021476,0.025600002
,,,-0.00021475,0.024000001
,,,-0.00021474,0.024800001
,,,-0.00021473,0.024800001
,,,-0.00021472,0.024000001
,,,-0.00021471,0.024000001
,,,-0.0002147,0.025600002
,,,-0.00021469,0.024800001
,,,-0.00021468,0.024000001
,,,-0.00021467,0.025600002
,,,-0.00021466,0.024800001
,,,-0.00021465,0.024000001
,,,-0.00021464,0.024000001
,,,-0.00021463,0.025600002
,,,-0.00021462,0.024800001
,,,-0.00021461,0.025600002
,,,-0.0002146,0.024000001
,,,-0.00021459,0.023200001
,,,-0.00021458,0.024000001
,,,-0.00021457,0.024000001
,,,-0.00021456,0.023200001
,,,-0.00021455,0.024000001
,,,-0.00021454,0.024000001
,,,-0.00021453,0.024000001
,,,-0.00021452,0.024800001
,,,-0.00021451,0.024000001
,,,-0.0002145,0.024000001
,,,-0.00021449,0.025600002
,,,-0.00021448,0.024800001
,,,-0.00021447,0.025600002
,,,-0.00021446,0.024000001
,,,-0.00021445,0.024800001
,,,-0.00021444,0.024800001
,,,-0.00021443,0.024800001
,,,-0.00021442,0.024000001
,,,-0.00021441,0.022400001
,,,-0.0002144,0.024000001
,,,-0.00021439,0.024800001
,,,-0.00021438,0.024800001
,,,-0.00021437,0.023200001
,,,-0.00021436,0.024000001
,,,-0.00021435,0.023200001
,,,-0.00021434,0.024800001
,,,-0.00021433,0.024000001
,,,-0.00021432,0.024000001
,,,-0.00021431,0.024800001
,,,-0.0002143,0.024000001
,,,-0.00021429,0.024000001
,,,-0.00021428,0.024000001
,,,-0.00021427,0.023200001
,,,-0.00021426,0.024800001
,,,-0.00021425,0.024800001
,,,-0.00021424,0.023200001
,,,-0.00021423,0.023200001
,,,-0.00021422,0.024800001
,,,-0.00021421,0.024000001
,,,-0.0002142,0.023200001
,,,-0.00021419,0.024800001
,,,-0.00021418,0.024000001
,,,-0.00021417,0.024000001
,,,-0.00021416,0.024800001
,,,-0.00021415,0.024000001
,,,-0.00021414,0.024000001
,,,-0.00021413,0.024000001
,,,-0.00021412,0.025600002
,,,-0.00021411,0.026400002
,,,-0.0002141,0.024800001
,,,-0.00021409,0.024000001
,,,-0.00021408,0.024800001
,,,-0.00021407,0.024800001
,,,-0.00021406,0.024000001
,,,-0.00021405,0.024800001
,,,-0.00021404,0.025600002
,,,-0.00021403,0.025600002
,,,-0.00021402,0.024000001
,,,-0.00021401,0.024800001
,,,-0.000214,0.024800001
,,,-0.00021399,0.024000001
,,,-0.00021398,0.024000001
,,,-0.00021397,0.024000001
,,,-0.00021396,0.024000001
,,,-0.00021395,0.025600002
,,,-0.00021394,0.025600002
,,,-0.00021393,0.024000001
,,,-0.00021392,0.024000001
,,,-0.00021391,0.024800001
,,,-0.0002139,0.024000001
,,,-0.00021389,0.024000001
,,,-0.00021388,0.024000001
,,,-0.00021387,0.024000001
,,,-0.00021386,0.025600002
,,,-0.00021385,0.024800001
,,,-0.00021384,0.024000001
,,,-0.00021383,0.024000001
,,,-0.00021382,0.024000001
,,,-0.00021381,0.024000001
,,,-0.0002138,0.024000001
,,,-0.00021379,0.024000001
,,,-0.00021378,0.025600002
,,,-0.00021377,0.024800001
,,,-0.00021376,0.024000001
,,,-0.00021375,0.024000001
,,,-0.00021374,0.024000001
,,,-0.00021373,0.023200001
,,,-0.00021372,0.024000001
,,,-0.00021371,0.024000001
,,,-0.0002137,0.024000001
,,,-0.00021369,0.024800001
,,,-0.00021368,0.025600002
,,,-0.00021367,0.024000001
,,,-0.00021366,0.023200001
,,,-0.00021365,0.024000001
,,,-0.00021364,0.024000001
,,,-0.00021363,0.024800001
,,,-0.00021362,0.025600002
,,,-0.00021361,0.024000001
,,,-0.0002136,0.024000001
,,,-0.00021359,0.024000001
,,,-0.00021358,0.025600002
,,,-0.00021357,0.023200001
,,,-0.00021356,0.024000001
,,,-0.00021355,0.024000001
,,,-0.00021354,0.024000001
,,,-0.00021353,0.024000001
,,,-0.00021352,0.024800001
,,,-0.00021351,0.024000001
,,,-0.0002135,0.024000001
,,,-0.00021349,0.023200001
,,,-0.00021348,0.024000001
,,,-0.00021347,0.024000001
,,,-0.00021346,0.024000001
,,,-0.00021345,0.024000001
,,,-0.00021344,0.024000001
,,,-0.00021343,0.024000001
,,,-0.00021342,0.024000001
,,,-0.00021341,0.024000001
,,,-0.0002134,0.025600002
,,,-0.00021339,0.024000001
,,,-0.00021338,0.024000001
,,,-0.00021337,0.024000001
,,,-0.00021336,0.024800001
,,,-0.00021335,0.025600002
,,,-0.00021334,0.024000001
,,,-0.00021333,0.024800001
,,,-0.00021332,0.024000001
,,,-0.00021331,0.025600002
,,,-0.0002133,0.024000001
,,,-0.00021329,0.024800001
,,,-0.00021328,0.024000001
,,,-0.00021327,0.023200001
,,,-0.00021326,0.022400001
,,,-0.00021325,0.024000001
,,,-0.00021324,0.024000001
,,,-0.00021323,0.024000001
,,,-0.00021322,0.024000001
,,,-0.00021321,0.024000001
,,,-0.0002132,0.024800001
,,,-0.00021319,0.024000001
,,,-0.00021318,0.024800001
,,,-0.00021317,0.024000001
,,,-0.00021316,0.025600002
,,,-0.00021315,0.023200001
,,,-0.00021314,0.023200001
,,,-0.00021313,0.024000001
,,,-0.00021312,0.024000001
,,,-0.00021311,0.024000001
,,,-0.0002131,0.024800001
,,,-0.00021309,0.024000001
,,,-0.00021308,0.024000001
,,,-0.00021307,0.024000001
,,,-0.00021306,0.024000001
,,,-0.00021305,0.024000001
,,,-0.00021304,0.022400001
,,,-0.00021303,0.024800001
,,,-0.00021302,0.023200001
,,,-0.00021301,0.024000001
,,,-0.000213,0.025600002
,,,-0.00021299,0.024000001
,,,-0.00021298,0.023200001
,,,-0.00021297,0.025600002
,,,-0.00021296,0.025600002
,,,-0.00021295,0.023200001
,,,-0.00021294,0.024000001
,,,-0.00021293,0.024800001
,,,-0.00021292,0.024000001
,,,-0.00021291,0.024800001
,,,-0.0002129,0.024800001
,,,-0.00021289,0.024000001
,,,-0.00021288,0.026400002
,,,-0.00021287,0.024800001
,,,-0.00021286,0.024000001
,,,-0.00021285,0.024000001
,,,-0.00021284,0.024000001
,,,-0.00021283,0.024000001
,,,-0.00021282,0.024800001
,,,-0.00021281,0.024000001
,,,-0.0002128,0.024000001
,,,-0.00021279,0.024000001
,,,-0.00021278,0.024800001
,,,-0.00021277,0.024800001
,,,-0.00021276,0.023200001
,,,-0.00021275,0.024000001
,,,-0.00021274,0.024000001
,,,-0.00021273,0.023200001
,,,-0.00021272,0.024000001
,,,-0.00021271,0.024000001
,,,-0.0002127,0.024000001
,,,-0.00021269,0.023200001
,,,-0.00021268,0.024800001
,,,-0.00021267,0.021600001
,,,-0.00021266,0.024000001
,,,-0.00021265,0.025600002
,,,-0.00021264,0.024800001
,,,-0.00021263,0.025600002
,,,-0.00021262,0.023200001
,,,-0.00021261,0.024000001
,,,-0.0002126,0.024800001
,,,-0.00021259,0.024000001
,,,-0.00021258,0.024000001
,,,-0.00021257,0.024000001
,,,-0.00021256,0.023200001
,,,-0.00021255,0.023200001
,,,-0.00021254,0.024000001
,,,-0.00021253,0.023200001
,,,-0.00021252,0.024800001
,,,-0.00021251,0.024000001
,,,-0.0002125,0.024000001
,,,-0.00021249,0.023200001
,,,-0.00021248,0.024000001
,,,-0.00021247,0.024000001
,,,-0.00021246,0.023200001
,,,-0.00021245,0.024000001
,,,-0.00021244,0.024000001
,,,-0.00021243,0.024000001
,,,-0.00021242,0.023200001
,,,-0.00021241,0.024000001
,,,-0.0002124,0.024800001
,,,-0.00021239,0.024800001
,,,-0.00021238,0.024000001
,,,-0.00021237,0.025600002
,,,-0.00021236,0.024800001
,,,-0.00021235,0.027200002
,,,-0.00021234,0.025600002
,,,-0.00021233,0.023200001
,,,-0.00021232,0.024000001
,,,-0.00021231,0.025600002
,,,-0.0002123,0.024800001
,,,-0.00021229,0.024000001
,,,-0.00021228,0.024800001
,,,-0.00021227,0.024000001
,,,-0.00021226,0.024000001
,,,-0.00021225,0.024000001
,,,-0.00021224,0.024000001
,,,-0.00021223,0.025600002
,,,-0.00021222,0.022400001
,,,-0.00021221,0.024000001
,,,-0.0002122,0.023200001
,,,-0.00021219,0.023200001
,,,-0.00021218,0.025600002
,,,-0.00021217,0.023200001
,,,-0.00021216,0.024000001
,,,-0.00021215,0.024800001
,,,-0.00021214,0.024800001
,,,-0.00021213,0.024000001
,,,-0.00021212,0.024800001
,,,-0.00021211,0.024000001
,,,-0.0002121,0.024000001
,,,-0.00021209,0.023200001
,,,-0.00021208,0.024800001
,,,-0.00021207,0.024800001
,,,-0.00021206,0.024000001
,,,-0.00021205,0.024800001
,,,-0.00021204,0.023200001
,,,-0.00021203,0.024000001
,,,-0.00021202,0.024000001
,,,-0.00021201,0.024000001
,,,-0.000212,0.024000001
,,,-0.00021199,0.024000001
,,,-0.00021198,0.023200001
,,,-0.00021197,0.023200001
,,,-0.00021196,0.024000001
,,,-0.00021195,0.024000001
,,,-0.00021194,0.025600002
,,,-0.00021193,0.024800001
,,,-0.00021192,0.024800001
,,,-0.00021191,0.024000001
,,,-0.0002119,0.024000001
,,,-0.00021189,0.024800001
,,,-0.00021188,0.024800001
,,,-0.00021187,0.024800001
,,,-0.00021186,0.024000001
,,,-0.00021185,0.024800001
,,,-0.00021184,0.025600002
,,,-0.00021183,0.023200001
,,,-0.00021182,0.025600002
,,,-0.00021181,0.024800001
,,,-0.0002118,0.026400002
,,,-0.00021179,0.024800001
,,,-0.00021178,0.024000001
,,,-0.00021177,0.024800001
,,,-0.00021176,0.024800001
,,,-0.00021175,0.025600002
,,,-0.00021174,0.024000001
,,,-0.00021173,0.023200001
,,,-0.00021172,0.023200001
,,,-0.00021171,0.024800001
,,,-0.0002117,0.024000001
,,,-0.00021169,0.024000001
,,,-0.00021168,0.022400001
,,,-0.00021167,0.024000001
,,,-0.00021166,0.024000001
,,,-0.00021165,0.024800001
,,,-0.00021164,0.024000001
,,,-0.00021163,0.025600002
,,,-0.00021162,0.024000001
,,,-0.00021161,0.024000001
,,,-0.0002116,0.023200001
,,,-0.00021159,0.024000001
,,,-0.00021158,0.024000001
,,,-0.00021157,0.023200001
,,,-0.00021156,0.022400001
,,,-0.00021155,0.023200001
,,,-0.00021154,0.024000001
,,,-0.00021153,0.023200001
,,,-0.00021152,0.023200001
,,,-0.00021151,0.023200001
,,,-0.0002115,0.022400001
,,,-0.00021149,0.024000001
,,,-0.00021148,0.024800001
,,,-0.00021147,0.023200001
,,,-0.00021146,0.024800001
,,,-0.00021145,0.023200001
,,,-0.00021144,0.025600002
,,,-0.00021143,0.024800001
,,,-0.00021142,0.024800001
,,,-0.00021141,0.025600002
,,,-0.0002114,0.024000001
,,,-0.00021139,0.024000001
,,,-0.00021138,0.024000001
,,,-0.00021137,0.025600002
,,,-0.00021136,0.024000001
,,,-0.00021135,0.024000001
,,,-0.00021134,0.024800001
,,,-0.00021133,0.024800001
,,,-0.00021132,0.023200001
,,,-0.00021131,0.024000001
,,,-0.0002113,0.024800001
,,,-0.00021129,0.024000001
,,,-0.00021128,0.023200001
,,,-0.00021127,0.023200001
,,,-0.00021126,0.024800001
,,,-0.00021125,0.023200001
,,,-0.00021124,0.024800001
,,,-0.00021123,0.023200001
,,,-0.00021122,0.024000001
,,,-0.00021121,0.024800001
,,,-0.0002112,0.024800001
,,,-0.00021119,0.024000001
,,,-0.00021118,0.024800001
,,,-0.00021117,0.024000001
,,,-0.00021116,0.024000001
,,,-0.00021115,0.024000001
,,,-0.00021114,0.024000001
,,,-0.00021113,0.024000001
,,,-0.00021112,0.021600001
,,,-0.00021111,0.025600002
,,,-0.0002111,0.024800001
,,,-0.00021109,0.025600002
,,,-0.00021108,0.023200001
,,,-0.00021107,0.024800001
,,,-0.00021106,0.024000001
,,,-0.00021105,0.024800001
,,,-0.00021104,0.024800001
,,,-0.00021103,0.024000001
,,,-0.00021102,0.023200001
,,,-0.00021101,0.024800001
,,,-0.000211,0.024800001
,,,-0.00021099,0.024000001
,,,-0.00021098,0.023200001
,,,-0.00021097,0.024000001
,,,-0.00021096,0.024800001
,,,-0.00021095,0.024000001
,,,-0.00021094,0.024000001
,,,-0.00021093,0.024000001
,,,-0.00021092,0.024000001
,,,-0.00021091,0.024000001
,,,-0.0002109,0.025600002
,,,-0.00021089,0.025600002
,,,-0.00021088,0.024000001
,,,-0.00021087,0.025600002
,,,-0.00021086,0.024000001
,,,-0.00021085,0.024000001
,,,-0.00021084,0.024000001
,,,-0.00021083,0.024800001
,,,-0.00021082,0.025600002
,,,-0.00021081,0.022400001
,,,-0.0002108,0.024000001
,,,-0.00021079,0.024000001
,,,-0.00021078,0.024000001
,,,-0.00021077,0.024000001
,,,-0.00021076,0.025600002
,,,-0.00021075,0.023200001
,,,-0.00021074,0.024000001
,,,-0.00021073,0.024000001
,,,-0.00021072,0.023200001
,,,-0.00021071,0.024800001
,,,-0.0002107,0.023200001
,,,-0.00021069,0.023200001
,,,-0.00021068,0.024800001
,,,-0.00021067,0.024800001
,,,-0.00021066,0.023200001
,,,-0.00021065,0.025600002
,,,-0.00021064,0.023200001
,,,-0.00021063,0.024800001
,,,-0.00021062,0.024000001
,,,-0.00021061,0.025600002
,,,-0.0002106,0.024000001
,,,-0.00021059,0.024000001
,,,-0.00021058,0.024800001
,,,-0.00021057,0.024000001
,,,-0.00021056,0.024000001
,,,-0.00021055,0.023200001
,,,-0.00021054,0.024000001
,,,-0.00021053,0.025600002
,,,-0.00021052,0.024000001
,,,-0.00021051,0.024800001
,,,-0.0002105,0.025600002
,,,-0.00021049,0.025600002
,,,-0.00021048,0.024000001
,,,-0.00021047,0.024000001
,,,-0.00021046,0.024000001
,,,-0.00021045,0.024800001
,,,-0.00021044,0.024000001
,,,-0.00021043,0.023200001
,,,-0.00021042,0.024000001
,,,-0.00021041,0.024800001
,,,-0.0002104,0.024000001
,,,-0.00021039,0.024000001
,,,-0.00021038,0.024000001
,,,-0.00021037,0.024000001
,,,-0.00021036,0.024800001
,,,-0.00021035,0.024000001
,,,-0.00021034,0.022400001
,,,-0.00021033,0.024000001
,,,-0.00021032,0.023200001
,,,-0.00021031,0.025600002
,,,-0.0002103,0.025600002
,,,-0.00021029,0.023200001
,,,-0.00021028,0.024800001
,,,-0.00021027,0.024000001
,,,-0.00021026,0.024000001
,,,-0.00021025,0.024000001
,,,-0.00021024,0.024000001
,,,-0.00021023,0.025600002
,,,-0.00021022,0.023200001
,,,-0.00021021,0.024000001
,,,-0.0002102,0.024000001
,,,-0.00021019,0.024000001
,,,-0.00021018,0.026400002
,,,-0.00021017,0.024000001
,,,-0.00021016,0.024800001
,,,-0.00021015,0.024000001
,,,-0.00021014,0.024000001
,,,-0.00021013,0.023200001
,,,-0.00021012,0.024000001
,,,-0.00021011,0.024800001
,,,-0.0002101,0.027200002
,,,-0.00021009,0.024800001
,,,-0.00021008,0.024000001
,,,-0.00021007,0.024800001
,,,-0.00021006,0.024800001
,,,-0.00021005,0.024000001
,,,-0.00021004,0.024000001
,,,-0.00021003,0.023200001
,,,-0.00021002,0.024000001
,,,-0.00021001,0.024800001
,,,-0.00021,0.024000001
,,,-0.00020999,0.023200001
,,,-0.00020998,0.024000001
,,,-0.00020997,0.023200001
,,,-0.00020996,0.025600002
,,,-0.00020995,0.022400001
,,,-0.00020994,0.023200001
,,,-0.00020993,0.024000001
,,,-0.00020992,0.024800001
,,,-0.00020991,0.024800001
,,,-0.0002099,0.024000001
,,,-0.00020989,0.024000001
,,,-0.00020988,0.024800001
,,,-0.00020987,0.023200001
,,,-0.00020986,0.024000001
,,,-0.00020985,0.025600002
,,,-0.00020984,0.025600002
,,,-0.00020983,0.024000001
,,,-0.00020982,0.024000001
,,,-0.00020981,0.024000001
,,,-0.0002098,0.024000001
,,,-0.00020979,0.024000001
,,,-0.00020978,0.024000001
,,,-0.00020977,0.024800001
,,,-0.00020976,0.024000001
,,,-0.00020975,0.025600002
,,,-0.00020974,0.025600002
,,,-0.00020973,0.024000001
,,,-0.00020972,0.024000001
,,,-0.00020971,0.024800001
,,,-0.0002097,0.024800001
,,,-0.00020969,0.025600002
,,,-0.00020968,0.024000001
,,,-0.00020967,0.024800001
,,,-0.00020966,0.024800001
,,,-0.00020965,0.024800001
,,,-0.00020964,0.023200001
,,,-0.00020963,0.024800001
,,,-0.00020962,0.025600002
,,,-0.00020961,0.024800001
,,,-0.0002096,0.024000001
,,,-0.00020959,0.024800001
,,,-0.00020958,0.023200001
,,,-0.00020957,0.024000001
,,,-0.00020956,0.024000001
,,,-0.00020955,0.024800001
,,,-0.00020954,0.024800001
,,,-0.00020953,0.025600002
,,,-0.00020952,0.024000001
,,,-0.00020951,0.025600002
,,,-0.0002095,0.025600002
,,,-0.00020949,0.024800001
,,,-0.00020948,0.024000001
,,,-0.00020947,0.023200001
,,,-0.00020946,0.024000001
,,,-0.00020945,0.024800001
,,,-0.00020944,0.027200002
,,,-0.00020943,0.025600002
,,,-0.00020942,0.024000001
,,,-0.00020941,0.023200001
,,,-0.0002094,0.025600002
,,,-0.00020939,0.024000001
,,,-0.00020938,0.024800001
,,,-0.00020937,0.024000001
,,,-0.00020936,0.024800001
,,,-0.00020935,0.024000001
,,,-0.00020934,0.024800001
,,,-0.00020933,0.024000001
,,,-0.00020932,0.022400001
,,,-0.00020931,0.024800001
,,,-0.0002093,0.024000001
,,,-0.00020929,0.024800001
,,,-0.00020928,0.024800001
,,,-0.00020927,0.024000001
,,,-0.00020926,0.024800001
,,,-0.00020925,0.024800001
,,,-0.00020924,0.024000001
,,,-0.00020923,0.024000001
,,,-0.00020922,0.024000001
,,,-0.00020921,0.023200001
,,,-0.0002092,0.024800001
,,,-0.00020919,0.024800001
,,,-0.00020918,0.023200001
,,,-0.00020917,0.024000001
,,,-0.00020916,0.024800001
,,,-0.00020915,0.024000001
,,,-0.00020914,0.022400001
,,,-0.00020913,0.025600002
,,,-0.00020912,0.024000001
,,,-0.00020911,0.024000001
,,,-0.0002091,0.024000001
,,,-0.00020909,0.023200001
,,,-0.00020908,0.024800001
,,,-0.00020907,0.024000001
,,,-0.00020906,0.024800001
,,,-0.00020905,0.024800001
,,,-0.00020904,0.024000001
,,,-0.00020903,0.024000001
,,,-0.00020902,0.024800001
,,,-0.00020901,0.023200001
,,,-0.000209,0.027200002
,,,-0.00020899,0.024800001
,,,-0.00020898,0.024000001
,,,-0.00020897,0.023200001
,,,-0.00020896,0.022400001
,,,-0.00020895,0.024800001
,,,-0.00020894,0.024800001
,,,-0.00020893,0.024000001
,,,-0.00020892,0.024800001
,,,-0.00020891,0.026400002
,,,-0.0002089,0.024000001
,,,-0.00020889,0.024000001
,,,-0.00020888,0.025600002
,,,-0.00020887,0.024800001
,,,-0.00020886,0.024000001
,,,-0.00020885,0.024000001
,,,-0.00020884,0.024000001
,,,-0.00020883,0.024800001
,,,-0.00020882,0.024800001
,,,-0.00020881,0.024800001
,,,-0.0002088,0.023200001
,,,-0.00020879,0.024000001
,,,-0.00020878,0.024800001
,,,-0.00020877,0.024800001
,,,-0.00020876,0.024000001
,,,-0.00020875,0.023200001
,,,-0.00020874,0.024000001
,,,-0.00020873,0.024800001
,,,-0.00020872,0.024800001
,,,-0.00020871,0.023200001
,,,-0.0002087,0.025600002
,,,-0.00020869,0.024800001
,,,-0.00020868,0.025600002
,,,-0.00020867,0.023200001
,,,-0.00020866,0.024800001
,,,-0.00020865,0.024000001
,,,-0.00020864,0.024000001
,,,-0.00020863,0.024000001
,,,-0.00020862,0.025600002
,,,-0.00020861,0.023200001
,,,-0.0002086,0.024800001
,,,-0.00020859,0.024000001
,,,-0.00020858,0.024000001
,,,-0.00020857,0.023200001
,,,-0.00020856,0.024000001
,,,-0.00020855,0.024000001
,,,-0.00020854,0.024000001
,,,-0.00020853,0.024000001
,,,-0.00020852,0.025600002
,,,-0.00020851,0.024000001
,,,-0.0002085,0.024000001
,,,-0.00020849,0.024000001
,,,-0.00020848,0.024000001
,,,-0.00020847,0.024000001
,,,-0.00020846,0.024000001
,,,-0.00020845,0.024000001
,,,-0.00020844,0.024000001
,,,-0.00020843,0.023200001
,,,-0.00020842,0.024800001
,,,-0.00020841,0.024000001
,,,-0.0002084,0.023200001
,,,-0.00020839,0.024000001
,,,-0.00020838,0.024000001
,,,-0.00020837,0.025600002
,,,-0.00020836,0.023200001
,,,-0.00020835,0.024000001
,,,-0.00020834,0.022400001
,,,-0.00020833,0.024800001
,,,-0.00020832,0.024000001
,,,-0.00020831,0.024000001
,,,-0.0002083,0.024000001
,,,-0.00020829,0.022400001
,,,-0.00020828,0.026400002
,,,-0.00020827,0.024000001
,,,-0.00020826,0.024800001
,,,-0.00020825,0.024800001
,,,-0.00020824,0.024000001
,,,-0.00020823,0.024000001
,,,-0.00020822,0.025600002
,,,-0.00020821,0.024800001
,,,-0.0002082,0.024800001
,,,-0.00020819,0.023200001
,,,-0.00020818,0.025600002
,,,-0.00020817,0.024000001
,,,-0.00020816,0.024800001
,,,-0.00020815,0.023200001
,,,-0.00020814,0.023200001
,,,-0.00020813,0.021600001
,,,-0.00020812,0.024000001
,,,-0.00020811,0.026400002
,,,-0.0002081,0.026400002
,,,-0.00020809,0.024000001
,,,-0.00020808,0.024000001
,,,-0.00020807,0.024000001
,,,-0.00020806,0.026400002
,,,-0.00020805,0.024000001
,,,-0.00020804,0.024800001
,,,-0.00020803,0.024000001
,,,-0.00020802,0.024800001
,,,-0.00020801,0.024000001
,,,-0.000208,0.024000001
,,,-0.00020799,0.024000001
,,,-0.00020798,0.024000001
,,,-0.00020797,0.024000001
,,,-0.00020796,0.024000001
,,,-0.00020795,0.023200001
,,,-0.00020794,0.024800001
,,,-0.00020793,0.024800001
,,,-0.00020792,0.024000001
,,,-0.00020791,0.024800001
,,,-0.0002079,0.024000001
,,,-0.00020789,0.024000001
,,,-0.00020788,0.024000001
,,,-0.00020787,0.024000001
,,,-0.00020786,0.024800001
,,,-0.00020785,0.023200001
,,,-0.00020784,0.025600002
,,,-0.00020783,0.022400001
,,,-0.00020782,0.024000001
,,,-0.00020781,0.024000001
,,,-0.0002078,0.024000001
,,,-0.00020779,0.024800001
,,,-0.00020778,0.025600002
,,,-0.00020777,0.024000001
,,,-0.00020776,0.024800001
,,,-0.00020775,0.024000001
,,,-0.00020774,0.024000001
,,,-0.00020773,0.024000001
,,,-0.00020772,0.024800001
,,,-0.00020771,0.024800001
,,,-0.0002077,0.024000001
,,,-0.00020769,0.024000001
,,,-0.00020768,0.024000001
,,,-0.00020767,0.024000001
,,,-0.00020766,0.024000001
,,,-0.00020765,0.024000001
,,,-0.00020764,0.024000001
,,,-0.00020763,0.024000001
,,,-0.00020762,0.024800001
,,,-0.00020761,0.024000001
,,,-0.0002076,0.024000001
,,,-0.00020759,0.024800001
,,,-0.00020758,0.024000001
,,,-0.00020757,0.024000001
,,,-0.00020756,0.024000001
,,,-0.00020755,0.024800001
,,,-0.00020754,0.023200001
,,,-0.00020753,0.024000001
,,,-0.00020752,0.024000001
,,,-0.00020751,0.022400001
,,,-0.0002075,0.024000001
,,,-0.00020749,0.023200001
,,,-0.00020748,0.024800001
,,,-0.00020747,0.024800001
,,,-0.00020746,0.024000001
,,,-0.00020745,0.024800001
,,,-0.00020744,0.024000001
,,,-0.00020743,0.024800001
,,,-0.00020742,0.023200001
,,,-0.00020741,0.024000001
,,,-0.0002074,0.024000001
,,,-0.00020739,0.024000001
,,,-0.00020738,0.023200001
,,,-0.00020737,0.024000001
,,,-0.00020736,0.023200001
,,,-0.00020735,0.024000001
,,,-0.00020734,0.024000001
,,,-0.00020733,0.022400001
,,,-0.00020732,0.024000001
,,,-0.00020731,0.024800001
,,,-0.0002073,0.024800001
,,,-0.00020729,0.024800001
,,,-0.00020728,0.024800001
,,,-0.00020727,0.023200001
,,,-0.00020726,0.024800001
,,,-0.00020725,0.024800001
,,,-0.00020724,0.026400002
,,,-0.00020723,0.024000001
,,,-0.00020722,0.024000001
,,,-0.00020721,0.024800001
,,,-0.0002072,0.024000001
,,,-0.00020719,0.024000001
,,,-0.00020718,0.024000001
,,,-0.00020717,0.024000001
,,,-0.00020716,0.024000001
,,,-0.00020715,0.023200001
,,,-0.00020714,0.024800001
,,,-0.00020713,0.024000001
,,,-0.00020712,0.024800001
,,,-0.00020711,0.022400001
,,,-0.0002071,0.024800001
,,,-0.00020709,0.024000001
,,,-0.00020708,0.023200001
,,,-0.00020707,0.024800001
,,,-0.00020706,0.024000001
,,,-0.00020705,0.024000001
,,,-0.00020704,0.024000001
,,,-0.00020703,0.024000001
,,,-0.00020702,0.024000001
,,,-0.00020701,0.023200001
,,,-0.000207,0.023200001
,,,-0.00020699,0.024800001
,,,-0.00020698,0.024000001
,,,-0.00020697,0.024000001
,,,-0.00020696,0.024800001
,,,-0.00020695,0.023200001
,,,-0.00020694,0.024000001
,,,-0.00020693,0.024000001
,,,-0.00020692,0.024000001
,,,-0.00020691,0.024800001
,,,-0.0002069,0.024000001
,,,-0.00020689,0.023200001
,,,-0.00020688,0.025600002
,,,-0.00020687,0.024000001
,,,-0.00020686,0.024000001
,,,-0.00020685,0.024000001
,,,-0.00020684,0.024800001
,,,-0.00020683,0.024000001
,,,-0.00020682,0.024000001
,,,-0.00020681,0.024000001
,,,-0.0002068,0.024000001
,,,-0.00020679,0.024800001
,,,-0.00020678,0.024000001
,,,-0.00020677,0.024000001
,,,-0.00020676,0.025600002
,,,-0.00020675,0.025600002
,,,-0.00020674,0.023200001
,,,-0.00020673,0.024000001
,,,-0.00020672,0.024800001
,,,-0.00020671,0.024000001
,,,-0.0002067,0.024000001
,,,-0.00020669,0.024000001
,,,-0.00020668,0.024800001
,,,-0.00020667,0.024000001
,,,-0.00020666,0.024000001
,,,-0.00020665,0.024000001
,,,-0.00020664,0.024000001
,,,-0.00020663,0.023200001
,,,-0.00020662,0.023200001
,,,-0.00020661,0.024000001
,,,-0.0002066,0.024000001
,,,-0.00020659,0.023200001
,,,-0.00020658,0.024800001
,,,-0.00020657,0.025600002
,,,-0.00020656,0.024800001
,,,-0.00020655,0.023200001
,,,-0.00020654,0.024800001
,,,-0.00020653,0.023200001
,,,-0.00020652,0.023200001
,,,-0.00020651,0.023200001
,,,-0.0002065,0.023200001
,,,-0.00020649,0.024000001
,,,-0.00020648,0.024000001
,,,-0.00020647,0.023200001
,,,-0.00020646,0.024000001
,,,-0.00020645,0.024000001
,,,-0.00020644,0.024000001
,,,-0.00020643,0.025600002
,,,-0.00020642,0.023200001
,,,-0.00020641,0.024000001
,,,-0.0002064,0.024000001
,,,-0.00020639,0.024800001
,,,-0.00020638,0.024000001
,,,-0.00020637,0.023200001
,,,-0.00020636,0.024800001
,,,-0.00020635,0.024000001
,,,-0.00020634,0.024000001
,,,-0.00020633,0.023200001
,,,-0.00020632,0.024000001
,,,-0.00020631,0.023200001
,,,-0.0002063,0.024800001
,,,-0.00020629,0.024000001
,,,-0.00020628,0.023200001
,,,-0.00020627,0.024800001
,,,-0.00020626,0.024800001
,,,-0.00020625,0.024800001
,,,-0.00020624,0.023200001
,,,-0.00020623,0.024000001
,,,-0.00020622,0.023200001
,,,-0.00020621,0.024800001
,,,-0.0002062,0.024800001
,,,-0.00020619,0.023200001
,,,-0.00020618,0.024800001
,,,-0.00020617,0.024000001
,,,-0.00020616,0.024800001
,,,-0.00020615,0.024000001
,,,-0.00020614,0.024000001
,,,-0.00020613,0.024800001
,,,-0.00020612,0.024800001
,,,-0.00020611,0.024800001
,,,-0.0002061,0.021600001
,,,-0.00020609,0.024800001
,,,-0.00020608,0.024800001
,,,-0.00020607,0.024000001
,,,-0.00020606,0.024000001
,,,-0.00020605,0.023200001
,,,-0.00020604,0.025600002
,,,-0.00020603,0.024000001
,,,-0.00020602,0.024800001
,,,-0.00020601,0.024000001
,,,-0.000206,0.024000001
,,,-0.00020599,0.024800001
,,,-0.00020598,0.024000001
,,,-0.00020597,0.024000001
,,,-0.00020596,0.023200001
,,,-0.00020595,0.024000001
,,,-0.00020594,0.027200002
,,,-0.00020593,0.024000001
,,,-0.00020592,0.023200001
,,,-0.00020591,0.023200001
,,,-0.0002059,0.024000001
,,,-0.00020589,0.024000001
,,,-0.00020588,0.024800001
,,,-0.00020587,0.023200001
,,,-0.00020586,0.024000001
,,,-0.00020585,0.024000001
,,,-0.00020584,0.024800001
,,,-0.00020583,0.023200001
,,,-0.00020582,0.025600002
,,,-0.00020581,0.024800001
,,,-0.0002058,0.024000001
,,,-0.00020579,0.024800001
,,,-0.00020578,0.024800001
,,,-0.00020577,0.025600002
,,,-0.00020576,0.024800001
,,,-0.00020575,0.023200001
,,,-0.00020574,0.024000001
,,,-0.00020573,0.024000001
,,,-0.00020572,0.025600002
,,,-0.00020571,0.024000001
,,,-0.0002057,0.024000001
,,,-0.00020569,0.024000001
,,,-0.00020568,0.024800001
,,,-0.00020567,0.025600002
,,,-0.00020566,0.025600002
,,,-0.00020565,0.024800001
,,,-0.00020564,0.022400001
,,,-0.00020563,0.024000001
,,,-0.00020562,0.025600002
,,,-0.00020561,0.024000001
,,,-0.0002056,0.024800001
,,,-0.00020559,0.024800001
,,,-0.00020558,0.023200001
,,,-0.00020557,0.023200001
,,,-0.00020556,0.024800001
,,,-0.00020555,0.025600002
,,,-0.00020554,0.024000001
,,,-0.00020553,0.024800001
,,,-0.00020552,0.024000001
,,,-0.00020551,0.024000001
,,,-0.0002055,0.024800001
,,,-0.00020549,0.024000001
,,,-0.00020548,0.024000001
,,,-0.00020547,0.024000001
,,,-0.00020546,0.024000001
,,,-0.00020545,0.024000001
,,,-0.00020544,0.024000001
,,,-0.00020543,0.024800001
,,,-0.00020542,0.024800001
,,,-0.00020541,0.025600002
,,,-0.0002054,0.024800001
,,,-0.00020539,0.024800001
,,,-0.00020538,0.024800001
,,,-0.00020537,0.024800001
,,,-0.00020536,0.024000001
,,,-0.00020535,0.025600002
,,,-0.00020534,0.024000001
,,,-0.00020533,0.023200001
,,,-0.00020532,0.024000001
,,,-0.00020531,0.024800001
,,,-0.0002053,0.023200001
,,,-0.00020529,0.024000001
,,,-0.00020528,0.024000001
,,,-0.00020527,0.024800001
,,,-0.00020526,0.023200001
,,,-0.00020525,0.024000001
,,,-0.00020524,0.024000001
,,,-0.00020523,0.025600002
,,,-0.00020522,0.025600002
,,,-0.00020521,0.023200001
,,,-0.0002052,0.024800001
,,,-0.00020519,0.024800001
,,,-0.00020518,0.023200001
,,,-0.00020517,0.024000001
,,,-0.00020516,0.024000001
,,,-0.00020515,0.021600001
,,,-0.00020514,0.024800001
,,,-0.00020513,0.026400002
,,,-0.00020512,0.025600002
,,,-0.00020511,0.024000001
,,,-0.0002051,0.024800001
,,,-0.00020509,0.022400001
,,,-0.00020508,0.024000001
,,,-0.00020507,0.024800001
,,,-0.00020506,0.024000001
,,,-0.00020505,0.024000001
,,,-0.00020504,0.023200001
,,,-0.00020503,0.024000001
,,,-0.00020502,0.024000001
,,,-0.00020501,0.024000001
,,,-0.000205,0.024000001
,,,-0.00020499,0.022400001
,,,-0.00020498,0.026400002
,,,-0.00020497,0.024800001
,,,-0.00020496,0.024000001
,,,-0.00020495,0.024000001
,,,-0.00020494,0.024800001
,,,-0.00020493,0.024000001
,,,-0.00020492,0.025600002
,,,-0.00020491,0.023200001
,,,-0.0002049,0.024800001
,,,-0.00020489,0.024000001
,,,-0.00020488,0.025600002
,,,-0.00020487,0.025600002
,,,-0.00020486,0.026400002
,,,-0.00020485,0.023200001
,,,-0.00020484,0.024000001
,,,-0.00020483,0.024000001
,,,-0.00020482,0.024800001
,,,-0.00020481,0.025600002
,,,-0.0002048,0.023200001
,,,-0.00020479,0.024000001
,,,-0.00020478,0.024000001
,,,-0.00020477,0.023200001
,,,-0.00020476,0.024800001
,,,-0.00020475,0.022400001
,,,-0.00020474,0.022400001
,,,-0.00020473,0.023200001
,,,-0.00020472,0.024800001
,,,-0.00020471,0.024000001
,,,-0.0002047,0.023200001
,,,-0.00020469,0.022400001
,,,-0.00020468,0.024000001
,,,-0.00020467,0.024000001
,,,-0.00020466,0.024000001
,,,-0.00020465,0.024000001
,,,-0.00020464,0.024000001
,,,-0.00020463,0.024800001
,,,-0.00020462,0.024800001
,,,-0.00020461,0.024800001
,,,-0.0002046,0.024800001
,,,-0.00020459,0.023200001
,,,-0.00020458,0.024000001
,,,-0.00020457,0.024000001
,,,-0.00020456,0.025600002
,,,-0.00020455,0.023200001
,,,-0.00020454,0.023200001
,,,-0.00020453,0.026400002
,,,-0.00020452,0.024800001
,,,-0.00020451,0.024000001
,,,-0.0002045,0.023200001
,,,-0.00020449,0.025600002
,,,-0.00020448,0.023200001
,,,-0.00020447,0.024000001
,,,-0.00020446,0.023200001
,,,-0.00020445,0.024800001
,,,-0.00020444,0.025600002
,,,-0.00020443,0.024800001
,,,-0.00020442,0.024800001
,,,-0.00020441,0.023200001
,,,-0.0002044,0.024800001
,,,-0.00020439,0.024000001
,,,-0.00020438,0.024000001
,,,-0.00020437,0.023200001
,,,-0.00020436,0.023200001
,,,-0.00020435,0.024000001
,,,-0.00020434,0.024000001
,,,-0.00020433,0.023200001
,,,-0.00020432,0.024800001
,,,-0.00020431,0.024000001
,,,-0.0002043,0.024000001
,,,-0.00020429,0.022400001
,,,-0.00020428,0.024800001
,,,-0.00020427,0.024000001
,,,-0.00020426,0.024800001
,,,-0.00020425,0.023200001
,,,-0.00020424,0.024800001
,,,-0.00020423,0.024000001
,,,-0.00020422,0.024000001
,,,-0.00020421,0.024000001
,,,-0.0002042,0.024000001
,,,-0.00020419,0.021600001
,,,-0.00020418,0.024000001
,,,-0.00020417,0.023200001
,,,-0.00020416,0.024800001
,,,-0.00020415,0.024000001
,,,-0.00020414,0.023200001
,,,-0.00020413,0.025600002
,,,-0.00020412,0.024800001
,,,-0.00020411,0.024000001
,,,-0.0002041,0.024000001
,,,-0.00020409,0.024000001
,,,-0.00020408,0.024000001
,,,-0.00020407,0.025600002
,,,-0.00020406,0.024000001
,,,-0.00020405,0.025600002
,,,-0.00020404,0.024000001
,,,-0.00020403,0.024000001
,,,-0.00020402,0.024800001
,,,-0.00020401,0.024000001
,,,-0.000204,0.024000001
,,,-0.00020399,0.024000001
,,,-0.00020398,0.024800001
,,,-0.00020397,0.024000001
,,,-0.00020396,0.024000001
,,,-0.00020395,0.024000001
,,,-0.00020394,0.024000001
,,,-0.00020393,0.023200001
,,,-0.00020392,0.024000001
,,,-0.00020391,0.023200001
,,,-0.0002039,0.024800001
,,,-0.00020389,0.024800001
,,,-0.00020388,0.024800001
,,,-0.00020387,0.024000001
,,,-0.00020386,0.024800001
,,,-0.00020385,0.025600002
,,,-0.00020384,0.024000001
,,,-0.00020383,0.024800001
,,,-0.00020382,0.022400001
,,,-0.00020381,0.024800001
,,,-0.0002038,0.024000001
,,,-0.00020379,0.024000001
,,,-0.00020378,0.024000001
,,,-0.00020377,0.024800001
,,,-0.00020376,0.024800001
,,,-0.00020375,0.024000001
,,,-0.00020374,0.024000001
,,,-0.00020373,0.024800001
,,,-0.00020372,0.023200001
,,,-0.00020371,0.024800001
,,,-0.0002037,0.024800001
,,,-0.00020369,0.024000001
,,,-0.00020368,0.024000001
,,,-0.00020367,0.024000001
,,,-0.00020366,0.024000001
,,,-0.00020365,0.024800001
,,,-0.00020364,0.024800001
,,,-0.00020363,0.024000001
,,,-0.00020362,0.024000001
,,,-0.00020361,0.024000001
,,,-0.0002036,0.023200001
,,,-0.00020359,0.024800001
,,,-0.00020358,0.024000001
,,,-0.00020357,0.024000001
,,,-0.00020356,0.024000001
,,,-0.00020355,0.024000001
,,,-0.00020354,0.024800001
,,,-0.00020353,0.024000001
,,,-0.00020352,0.024000001
,,,-0.00020351,0.023200001
,,,-0.0002035,0.024000001
,,,-0.00020349,0.024000001
,,,-0.00020348,0.024000001
,,,-0.00020347,0.023200001
,,,-0.00020346,0.024000001
,,,-0.00020345,0.024800001
,,,-0.00020344,0.024800001
,,,-0.00020343,0.024000001
,,,-0.00020342,0.025600002
,,,-0.00020341,0.024800001
,,,-0.0002034,0.025600002
,,,-0.00020339,0.024800001
,,,-0.00020338,0.024000001
,,,-0.00020337,0.024000001
,,,-0.00020336,0.024000001
,,,-0.00020335,0.024000001
,,,-0.00020334,0.024800001
,,,-0.00020333,0.024800001
,,,-0.00020332,0.024000001
,,,-0.00020331,0.024800001
,,,-0.0002033,0.024800001
,,,-0.00020329,0.024800001
,,,-0.00020328,0.024000001
,,,-0.00020327,0.024800001
,,,-0.00020326,0.024800001
,,,-0.00020325,0.023200001
,,,-0.00020324,0.024800001
,,,-0.00020323,0.023200001
,,,-0.00020322,0.025600002
,,,-0.00020321,0.024000001
,,,-0.0002032,0.026400002
,,,-0.00020319,0.024000001
,,,-0.00020318,0.024800001
,,,-0.00020317,0.024000001
,,,-0.00020316,0.023200001
,,,-0.00020315,0.025600002
,,,-0.00020314,0.024000001
,,,-0.00020313,0.024000001
,,,-0.00020312,0.024000001
,,,-0.00020311,0.024800001
,,,-0.0002031,0.024800001
,,,-0.00020309,0.024000001
,,,-0.00020308,0.023200001
,,,-0.00020307,0.024000001
,,,-0.00020306,0.022400001
,,,-0.00020305,0.025600002
,,,-0.00020304,0.024000001
,,,-0.00020303,0.024000001
,,,-0.00020302,0.025600002
,,,-0.00020301,0.024800001
,,,-0.000203,0.026400002
,,,-0.00020299,0.025600002
,,,-0.00020298,0.025600002
,,,-0.00020297,0.024000001
,,,-0.00020296,0.025600002
,,,-0.00020295,0.025600002
,,,-0.00020294,0.023200001
,,,-0.00020293,0.024800001
,,,-0.00020292,0.023200001
,,,-0.00020291,0.024000001
,,,-0.0002029,0.026400002
,,,-0.00020289,0.024800001
,,,-0.00020288,0.024000001
,,,-0.00020287,0.024000001
,,,-0.00020286,0.024000001
,,,-0.00020285,0.024000001
,,,-0.00020284,0.024000001
,,,-0.00020283,0.023200001
,,,-0.00020282,0.024800001
,,,-0.00020281,0.024800001
,,,-0.0002028,0.024000001
,,,-0.00020279,0.024000001
,,,-0.00020278,0.021600001
,,,-0.00020277,0.023200001
,,,-0.00020276,0.024000001
,,,-0.00020275,0.024000001
,,,-0.00020274,0.024800001
,,,-0.00020273,0.024000001
,,,-0.00020272,0.026400002
,,,-0.00020271,0.024000001
,,,-0.0002027,0.024000001
,,,-0.00020269,0.022400001
,,,-0.00020268,0.024800001
,,,-0.00020267,0.024000001
,,,-0.00020266,0.024000001
,,,-0.00020265,0.023200001
,,,-0.00020264,0.021600001
,,,-0.00020263,0.024000001
,,,-0.00020262,0.023200001
,,,-0.00020261,0.024000001
,,,-0.0002026,0.024000001
,,,-0.00020259,0.024000001
,,,-0.00020258,0.024000001
,,,-0.00020257,0.024800001
,,,-0.00020256,0.024000001
,,,-0.00020255,0.023200001
,,,-0.00020254,0.024000001
,,,-0.00020253,0.024000001
,,,-0.00020252,0.024800001
,,,-0.00020251,0.025600002
,,,-0.0002025,0.024800001
,,,-0.00020249,0.024000001
,,,-0.00020248,0.026400002
,,,-0.00020247,0.024000001
,,,-0.00020246,0.024800001
,,,-0.00020245,0.024800001
,,,-0.00020244,0.024000001
,,,-0.00020243,0.025600002
,,,-0.00020242,0.025600002
,,,-0.00020241,0.024000001
,,,-0.0002024,0.025600002
,,,-0.00020239,0.023200001
,,,-0.00020238,0.024000001
,,,-0.00020237,0.023200001
,,,-0.00020236,0.024000001
,,,-0.00020235,0.025600002
,,,-0.00020234,0.024000001
,,,-0.00020233,0.024000001
,,,-0.00020232,0.024000001
,,,-0.00020231,0.024000001
,,,-0.0002023,0.024800001
,,,-0.00020229,0.023200001
,,,-0.00020228,0.023200001
,,,-0.00020227,0.023200001
,,,-0.00020226,0.024000001
,,,-0.00020225,0.022400001
,,,-0.00020224,0.024000001
,,,-0.00020223,0.025600002
,,,-0.00020222,0.025600002
,,,-0.00020221,0.024000001
,,,-0.0002022,0.026400002
,,,-0.00020219,0.023200001
,,,-0.00020218,0.023200001
,,,-0.00020217,0.024000001
,,,-0.00020216,0.024800001
,,,-0.00020215,0.025600002
,,,-0.00020214,0.024800001
,,,-0.00020213,0.024000001
,,,-0.00020212,0.024000001
,,,-0.00020211,0.024000001
,,,-0.0002021,0.026400002
,,,-0.00020209,0.022400001
,,,-0.00020208,0.024000001
,,,-0.00020207,0.024800001
,,,-0.00020206,0.024000001
,,,-0.00020205,0.024800001
,,,-0.00020204,0.024000001
,,,-0.00020203,0.023200001
,,,-0.00020202,0.024000001
,,,-0.00020201,0.025600002
,,,-0.000202,0.024800001
,,,-0.00020199,0.025600002
,,,-0.00020198,0.025600002
,,,-0.00020197,0.024000001
,,,-0.00020196,0.024000001
,,,-0.00020195,0.024000001
,,,-0.00020194,0.024000001
,,,-0.00020193,0.023200001
,,,-0.00020192,0.024800001
,,,-0.00020191,0.024000001
,,,-0.0002019,0.024000001
,,,-0.00020189,0.024800001
,,,-0.00020188,0.025600002
,,,-0.00020187,0.024000001
,,,-0.00020186,0.024800001
,,,-0.00020185,0.024800001
,,,-0.00020184,0.024800001
,,,-0.00020183,0.024000001
,,,-0.00020182,0.023200001
,,,-0.00020181,0.024000001
,,,-0.0002018,0.024000001
,,,-0.00020179,0.026400002
,,,-0.00020178,0.025600002
,,,-0.00020177,0.021600001
,,,-0.00020176,0.023200001
,,,-0.00020175,0.024000001
,,,-0.00020174,0.026400002
,,,-0.00020173,0.024000001
,,,-0.00020172,0.021600001
,,,-0.00020171,0.024000001
,,,-0.0002017,0.024000001
,,,-0.00020169,0.025600002
,,,-0.00020168,0.025600002
,,,-0.00020167,0.024800001
,,,-0.00020166,0.024800001
,,,-0.00020165,0.023200001
,,,-0.00020164,0.023200001
,,,-0.00020163,0.023200001
,,,-0.00020162,0.024800001
,,,-0.00020161,0.024800001
,,,-0.0002016,0.024000001
,,,-0.00020159,0.024000001
,,,-0.00020158,0.024000001
,,,-0.00020157,0.023200001
,,,-0.00020156,0.024000001
,,,-0.00020155,0.021600001
,,,-0.00020154,0.023200001
,,,-0.00020153,0.024000001
,,,-0.00020152,0.024000001
,,,-0.00020151,0.024000001
,,,-0.0002015,0.023200001
,,,-0.00020149,0.023200001
,,,-0.00020148,0.024800001
,,,-0.00020147,0.024000001
,,,-0.00020146,0.024800001
,,,-0.00020145,0.022400001
,,,-0.00020144,0.024800001
,,,-0.00020143,0.023200001
,,,-0.00020142,0.023200001
,,,-0.00020141,0.024000001
,,,-0.0002014,0.024800001
,,,-0.00020139,0.026400002
,,,-0.00020138,0.024000001
,,,-0.00020137,0.024000001
,,,-0.00020136,0.024800001
,,,-0.00020135,0.024000001
,,,-0.00020134,0.024000001
,,,-0.00020133,0.024800001
,,,-0.00020132,0.024800001
,,,-0.00020131,0.023200001
,,,-0.0002013,0.022400001
,,,-0.00020129,0.024000001
,,,-0.00020128,0.024000001
,,,-0.00020127,0.024800001
,,,-0.00020126,0.024000001
,,,-0.00020125,0.024800001
,,,-0.00020124,0.024000001
,,,-0.00020123,0.024800001
,,,-0.00020122,0.022400001
,,,-0.00020121,0.024000001
,,,-0.0002012,0.024800001
,,,-0.00020119,0.024000001
,,,-0.00020118,0.024000001
,,,-0.00020117,0.024000001
,,,-0.00020116,0.024800001
,,,-0.00020115,0.021600001
,,,-0.00020114,0.024000001
,,,-0.00020113,0.024000001
,,,-0.00020112,0.024800001
,,,-0.00020111,0.024800001
,,,-0.0002011,0.024800001
,,,-0.00020109,0.024000001
,,,-0.00020108,0.024000001
,,,-0.00020107,0.024800001
,,,-0.00020106,0.023200001
,,,-0.00020105,0.024000001
,,,-0.00020104,0.023200001
,,,-0.00020103,0.024000001
,,,-0.00020102,0.024000001
,,,-0.00020101,0.022400001
,,,-0.000201,0.024800001
,,,-0.00020099,0.027200002
,,,-0.00020098,0.025600002
,,,-0.00020097,0.023200001
,,,-0.00020096,0.024800001
,,,-0.00020095,0.024000001
,,,-0.00020094,0.023200001
,,,-0.00020093,0.025600002
,,,-0.00020092,0.024000001
,,,-0.00020091,0.024000001
,,,-0.0002009,0.022400001
,,,-0.00020089,0.024000001
,,,-0.00020088,0.024800001
,,,-0.00020087,0.024000001
,,,-0.00020086,0.024000001
,,,-0.00020085,0.024000001
,,,-0.00020084,0.024000001
,,,-0.00020083,0.024000001
,,,-0.00020082,0.025600002
,,,-0.00020081,0.025600002
,,,-0.0002008,0.022400001
,,,-0.00020079,0.024800001
,,,-0.00020078,0.024800001
,,,-0.00020077,0.024000001
,,,-0.00020076,0.024800001
,,,-0.00020075,0.024000001
,,,-0.00020074,0.023200001
,,,-0.00020073,0.024000001
,,,-0.00020072,0.024000001
,,,-0.00020071,0.024000001
,,,-0.0002007,0.023200001
,,,-0.00020069,0.024000001
,,,-0.00020068,0.023200001
,,,-0.00020067,0.025600002
,,,-0.00020066,0.024000001
,,,-0.00020065,0.024000001
,,,-0.00020064,0.024000001
,,,-0.00020063,0.024000001
,,,-0.00020062,0.022400001
,,,-0.00020061,0.024000001
,,,-0.0002006,0.024000001
,,,-0.00020059,0.024000001
,,,-0.00020058,0.024800001
,,,-0.00020057,0.024800001
,,,-0.00020056,0.024000001
,,,-0.00020055,0.023200001
,,,-0.00020054,0.024800001
,,,-0.00020053,0.023200001
,,,-0.00020052,0.024000001
,,,-0.00020051,0.025600002
,,,-0.0002005,0.024000001
,,,-0.00020049,0.026400002
,,,-0.00020048,0.024800001
,,,-0.00020047,0.024000001
,,,-0.00020046,0.024000001
,,,-0.00020045,0.023200001
,,,-0.00020044,0.023200001
,,,-0.00020043,0.025600002
,,,-0.00020042,0.024800001
,,,-0.00020041,0.024000001
,,,-0.0002004,0.023200001
,,,-0.00020039,0.024000001
,,,-0.00020038,0.025600002
,,,-0.00020037,0.022400001
,,,-0.00020036,0.024000001
,,,-0.00020035,0.023200001
,,,-0.00020034,0.024800001
,,,-0.00020033,0.024800001
,,,-0.00020032,0.023200001
,,,-0.00020031,0.023200001
,,,-0.0002003,0.024000001
,,,-0.00020029,0.024000001
,,,-0.00020028,0.024800001
,,,-0.00020027,0.024000001
,,,-0.00020026,0.025600002
,,,-0.00020025,0.024000001
,,,-0.00020024,0.024800001
,,,-0.00020023,0.024000001
,,,-0.00020022,0.024000001
,,,-0.00020021,0.025600002
,,,-0.0002002,0.024800001
,,,-0.00020019,0.024800001
,,,-0.00020018,0.024000001
,,,-0.00020017,0.024000001
,,,-0.00020016,0.024800001
,,,-0.00020015,0.024000001
,,,-0.00020014,0.026400002
,,,-0.00020013,0.024000001
,,,-0.00020012,0.024800001
,,,-0.00020011,0.024000001
,,,-0.0002001,0.024800001
,,,-0.00020009,0.024000001
,,,-0.00020008,0.024800001
,,,-0.00020007,0.024800001
,,,-0.00020006,0.024000001
,,,-0.00020005,0.024000001
,,,-0.00020004,0.024000001
,,,-0.00020003,0.024800001
,,,-0.00020002,0.024000001
,,,-0.00020001,0.024000001
,,,-0.0002,0.024800001
,,,-0.00019999,0.023200001
,,,-0.00019998,0.024000001
,,,-0.00019997,0.024800001
,,,-0.00019996,0.023200001
,,,-0.00019995,0.025600002
,,,-0.00019994,0.023200001
,,,-0.00019993,0.024000001
,,,-0.00019992,0.024000001
,,,-0.00019991,0.024000001
,,,-0.0001999,0.025600002
,,,-0.00019989,0.024000001
,,,-0.00019988,0.024000001
,,,-0.00019987,0.021600001
,,,-0.00019986,0.024800001
,,,-0.00019985,0.024800001
,,,-0.00019984,0.024000001
,,,-0.00019983,0.024000001
,,,-0.00019982,0.024000001
,,,-0.00019981,0.024800001
,,,-0.0001998,0.024000001
,,,-0.00019979,0.027200002
,,,-0.00019978,0.025600002
,,,-0.00019977,0.024000001
,,,-0.00019976,0.024000001
,,,-0.00019975,0.024800001
,,,-0.00019974,0.024800001
,,,-0.00019973,0.025600002
,,,-0.00019972,0.024800001
,,,-0.00019971,0.024000001
,,,-0.0001997,0.024800001
,,,-0.00019969,0.024000001
,,,-0.00019968,0.024000001
,,,-0.00019967,0.024000001
,,,-0.00019966,0.024000001
,,,-0.00019965,0.023200001
,,,-0.00019964,0.024000001
,,,-0.00019963,0.024000001
,,,-0.00019962,0.024800001
,,,-0.00019961,0.024000001
,,,-0.0001996,0.022400001
,,,-0.00019959,0.025600002
,,,-0.00019958,0.024000001
,,,-0.00019957,0.024000001
,,,-0.00019956,0.023200001
,,,-0.00019955,0.024000001
,,,-0.00019954,0.024800001
,,,-0.00019953,0.024000001
,,,-0.00019952,0.024800001
,,,-0.00019951,0.023200001
,,,-0.0001995,0.024000001
,,,-0.00019949,0.024000001
,,,-0.00019948,0.024000001
,,,-0.00019947,0.024800001
,,,-0.00019946,0.024000001
,,,-0.00019945,0.024000001
,,,-0.00019944,0.024000001
,,,-0.00019943,0.024000001
,,,-0.00019942,0.024000001
,,,-0.00019941,0.023200001
,,,-0.0001994,0.025600002
,,,-0.00019939,0.024000001
,,,-0.00019938,0.024000001
,,,-0.00019937,0.024000001
,,,-0.00019936,0.024800001
,,,-0.00019935,0.025600002
,,,-0.00019934,0.025600002
,,,-0.00019933,0.024000001
,,,-0.00019932,0.024800001
,,,-0.00019931,0.025600002
,,,-0.0001993,0.024800001
,,,-0.00019929,0.025600002
,,,-0.00019928,0.024800001
,,,-0.00019927,0.024000001
,,,-0.00019926,0.023200001
,,,-0.00019925,0.024800001
,,,-0.00019924,0.023200001
,,,-0.00019923,0.024000001
,,,-0.00019922,0.024800001
,,,-0.00019921,0.026400002
,,,-0.0001992,0.023200001
,,,-0.00019919,0.023200001
,,,-0.00019918,0.024800001
,,,-0.00019917,0.022400001
,,,-0.00019916,0.025600002
,,,-0.00019915,0.023200001
,,,-0.00019914,0.024000001
,,,-0.00019913,0.023200001
,,,-0.00019912,0.024000001
,,,-0.00019911,0.024000001
,,,-0.0001991,0.024800001
,,,-0.00019909,0.025600002
,,,-0.00019908,0.024000001
,,,-0.00019907,0.024000001
,,,-0.00019906,0.023200001
,,,-0.00019905,0.022400001
,,,-0.00019904,0.024800001
,,,-0.00019903,0.024000001
,,,-0.00019902,0.024000001
,,,-0.00019901,0.024000001
,,,-0.000199,0.024800001
,,,-0.00019899,0.024800001
,,,-0.00019898,0.023200001
,,,-0.00019897,0.023200001
,,,-0.00019896,0.024000001
,,,-0.00019895,0.023200001
,,,-0.00019894,0.024000001
,,,-0.00019893,0.024000001
,,,-0.00019892,0.024000001
,,,-0.00019891,0.024000001
,,,-0.0001989,0.024000001
,,,-0.00019889,0.024000001
,,,-0.00019888,0.022400001
,,,-0.00019887,0.024800001
,,,-0.00019886,0.024000001
,,,-0.00019885,0.024000001
,,,-0.00019884,0.024000001
,,,-0.00019883,0.024000001
,,,-0.00019882,0.024800001
,,,-0.00019881,0.024800001
,,,-0.0001988,0.023200001
,,,-0.00019879,0.024800001
,,,-0.00019878,0.024000001
,,,-0.00019877,0.024000001
,,,-0.00019876,0.024000001
,,,-0.00019875,0.024800001
,,,-0.00019874,0.024800001
,,,-0.00019873,0.024000001
,,,-0.00019872,0.024000001
,,,-0.00019871,0.024000001
,,,-0.0001987,0.024000001
,,,-0.00019869,0.023200001
,,,-0.00019868,0.024000001
,,,-0.00019867,0.024800001
,,,-0.00019866,0.024800001
,,,-0.00019865,0.025600002
,,,-0.00019864,0.026400002
,,,-0.00019863,0.025600002
,,,-0.00019862,0.023200001
,,,-0.00019861,0.024800001
,,,-0.0001986,0.023200001
,,,-0.00019859,0.024000001
,,,-0.00019858,0.024800001
,,,-0.00019857,0.024000001
,,,-0.00019856,0.025600002
,,,-0.00019855,0.024800001
,,,-0.00019854,0.023200001
,,,-0.00019853,0.024000001
,,,-0.00019852,0.024800001
,,,-0.00019851,0.024800001
,,,-0.0001985,0.024800001
,,,-0.00019849,0.024000001
,,,-0.00019848,0.024800001
,,,-0.00019847,0.024000001
,,,-0.00019846,0.024000001
,,,-0.00019845,0.024000001
,,,-0.00019844,0.024000001
,,,-0.00019843,0.024000001
,,,-0.00019842,0.024000001
,,,-0.00019841,0.022400001
,,,-0.0001984,0.024000001
,,,-0.00019839,0.023200001
,,,-0.00019838,0.024000001
,,,-0.00019837,0.025600002
,,,-0.00019836,0.024000001
,,,-0.00019835,0.023200001
,,,-0.00019834,0.024000001
,,,-0.00019833,0.024000001
,,,-0.00019832,0.024800001
,,,-0.00019831,0.024800001
,,,-0.0001983,0.024000001
,,,-0.00019829,0.025600002
,,,-0.00019828,0.024000001
,,,-0.00019827,0.024000001
,,,-0.00019826,0.023200001
,,,-0.00019825,0.024800001
,,,-0.00019824,0.024000001
,,,-0.00019823,0.024800001
,,,-0.00019822,0.024800001
,,,-0.00019821,0.023200001
,,,-0.0001982,0.024800001
,,,-0.00019819,0.024800001
,,,-0.00019818,0.024000001
,,,-0.00019817,0.024000001
,,,-0.00019816,0.024800001
,,,-0.00019815,0.024000001
,,,-0.00019814,0.024000001
,,,-0.00019813,0.024800001
,,,-0.00019812,0.023200001
,,,-0.00019811,0.024000001
,,,-0.0001981,0.023200001
,,,-0.00019809,0.023200001
,,,-0.00019808,0.024000001
,,,-0.00019807,0.024000001
,,,-0.00019806,0.023200001
,,,-0.00019805,0.024000001
,,,-0.00019804,0.024000001
,,,-0.00019803,0.024800001
,,,-0.00019802,0.024800001
,,,-0.00019801,0.024000001
,,,-0.000198,0.024000001
,,,-0.00019799,0.023200001
,,,-0.00019798,0.024000001
,,,-0.00019797,0.024800001
,,,-0.00019796,0.024800001
,,,-0.00019795,0.025600002
,,,-0.00019794,0.022400001
,,,-0.00019793,0.024800001
,,,-0.00019792,0.024000001
,,,-0.00019791,0.024800001
,,,-0.0001979,0.023200001
,,,-0.00019789,0.024000001
,,,-0.00019788,0.024000001
,,,-0.00019787,0.024000001
,,,-0.00019786,0.023200001
,,,-0.00019785,0.024800001
,,,-0.00019784,0.024800001
,,,-0.00019783,0.024000001
,,,-0.00019782,0.023200001
,,,-0.00019781,0.024000001
,,,-0.0001978,0.023200001
,,,-0.00019779,0.025600002
,,,-0.00019778,0.024000001
,,,-0.00019777,0.024800001
,,,-0.00019776,0.024000001
,,,-0.00019775,0.024800001
,,,-0.00019774,0.024800001
,,,-0.00019773,0.024000001
,,,-0.00019772,0.023200001
,,,-0.00019771,0.024800001
,,,-0.0001977,0.023200001
,,,-0.00019769,0.024000001
,,,-0.00019768,0.024000001
,,,-0.00019767,0.024000001
,,,-0.00019766,0.024800001
,,,-0.00019765,0.023200001
,,,-0.00019764,0.024000001
,,,-0.00019763,0.023200001
,,,-0.00019762,0.024000001
,,,-0.00019761,0.024800001
,,,-0.0001976,0.024000001
,,,-0.00019759,0.023200001
,,,-0.00019758,0.024000001
,,,-0.00019757,0.024800001
,,,-0.00019756,0.024800001
,,,-0.00019755,0.024000001
,,,-0.00019754,0.024000001
,,,-0.00019753,0.024800001
,,,-0.00019752,0.023200001
,,,-0.00019751,0.024000001
,,,-0.0001975,0.024000001
,,,-0.00019749,0.024800001
,,,-0.00019748,0.024800001
,,,-0.00019747,0.024800001
,,,-0.00019746,0.024000001
,,,-0.00019745,0.024000001
,,,-0.00019744,0.024000001
,,,-0.00019743,0.022400001
,,,-0.00019742,0.023200001
,,,-0.00019741,0.025600002
,,,-0.0001974,0.024800001
,,,-0.00019739,0.024000001
,,,-0.00019738,0.024000001
,,,-0.00019737,0.024000001
,,,-0.00019736,0.024000001
,,,-0.00019735,0.023200001
,,,-0.00019734,0.024000001
,,,-0.00019733,0.024000001
,,,-0.00019732,0.024000001
,,,-0.00019731,0.023200001
,,,-0.0001973,0.025600002
,,,-0.00019729,0.024000001
,,,-0.00019728,0.024800001
,,,-0.00019727,0.024000001
,,,-0.00019726,0.024000001
,,,-0.00019725,0.024800001
,,,-0.00019724,0.024000001
,,,-0.00019723,0.024000001
,,,-0.00019722,0.024000001
,,,-0.00019721,0.024000001
,,,-0.0001972,0.025600002
,,,-0.00019719,0.025600002
,,,-0.00019718,0.024800001
,,,-0.00019717,0.023200001
,,,-0.00019716,0.022400001
,,,-0.00019715,0.022400001
,,,-0.00019714,0.025600002
,,,-0.00019713,0.024000001
,,,-0.00019712,0.024000001
,,,-0.00019711,0.023200001
,,,-0.0001971,0.025600002
,,,-0.00019709,0.024000001
,,,-0.00019708,0.024000001
,,,-0.00019707,0.024000001
,,,-0.00019706,0.024000001
,,,-0.00019705,0.024000001
,,,-0.00019704,0.024800001
,,,-0.00019703,0.025600002
,,,-0.00019702,0.024000001
,,,-0.00019701,0.024000001
,,,-0.000197,0.024000001
,,,-0.00019699,0.024800001
,,,-0.00019698,0.025600002
,,,-0.00019697,0.024000001
,,,-0.00019696,0.026400002
,,,-0.00019695,0.024000001
,,,-0.00019694,0.024000001
,,,-0.00019693,0.023200001
,,,-0.00019692,0.024000001
,,,-0.00019691,0.024000001
,,,-0.0001969,0.024000001
,,,-0.00019689,0.024000001
,,,-0.00019688,0.024800001
,,,-0.00019687,0.025600002
,,,-0.00019686,0.024800001
,,,-0.00019685,0.024000001
,,,-0.00019684,0.024000001
,,,-0.00019683,0.024800001
,,,-0.00019682,0.024000001
,,,-0.00019681,0.026400002
,,,-0.0001968,0.024000001
,,,-0.00019679,0.025600002
,,,-0.00019678,0.023200001
,,,-0.00019677,0.023200001
,,,-0.00019676,0.025600002
,,,-0.00019675,0.024800001
,,,-0.00019674,0.023200001
,,,-0.00019673,0.024000001
,,,-0.00019672,0.024000001
,,,-0.00019671,0.023200001
,,,-0.0001967,0.024800001
,,,-0.00019669,0.023200001
,,,-0.00019668,0.024000001
,,,-0.00019667,0.023200001
,,,-0.00019666,0.024800001
,,,-0.00019665,0.024000001
,,,-0.00019664,0.023200001
,,,-0.00019663,0.025600002
,,,-0.00019662,0.023200001
,,,-0.00019661,0.024000001
,,,-0.0001966,0.024800001
,,,-0.00019659,0.024000001
,,,-0.00019658,0.024000001
,,,-0.00019657,0.023200001
,,,-0.00019656,0.024800001
,,,-0.00019655,0.024000001
,,,-0.00019654,0.024800001
,,,-0.00019653,0.024800001
,,,-0.00019652,0.025600002
,,,-0.00019651,0.022400001
,,,-0.0001965,0.024800001
,,,-0.00019649,0.024000001
,,,-0.00019648,0.023200001
,,,-0.00019647,0.024000001
,,,-0.00019646,0.024000001
,,,-0.00019645,0.024800001
,,,-0.00019644,0.023200001
,,,-0.00019643,0.025600002
,,,-0.00019642,0.024000001
,,,-0.00019641,0.021600001
,,,-0.0001964,0.024000001
,,,-0.00019639,0.024800001
,,,-0.00019638,0.024800001
,,,-0.00019637,0.024000001
,,,-0.00019636,0.023200001
,,,-0.00019635,0.024800001
,,,-0.00019634,0.025600002
,,,-0.00019633,0.023200001
,,,-0.00019632,0.024000001
,,,-0.00019631,0.024000001
,,,-0.0001963,0.023200001
,,,-0.00019629,0.024800001
,,,-0.00019628,0.023200001
,,,-0.00019627,0.023200001
,,,-0.00019626,0.024800001
,,,-0.00019625,0.023200001
,,,-0.00019624,0.025600002
,,,-0.00019623,0.023200001
,,,-0.00019622,0.024800001
,,,-0.00019621,0.024000001
,,,-0.0001962,0.022400001
,,,-0.00019619,0.024000001
,,,-0.00019618,0.025600002
,,,-0.00019617,0.022400001
,,,-0.00019616,0.024000001
,,,-0.00019615,0.024800001
,,,-0.00019614,0.024800001
,,,-0.00019613,0.024800001
,,,-0.00019612,0.024800001
,,,-0.00019611,0.023200001
,,,-0.0001961,0.024000001
,,,-0.00019609,0.024000001
,,,-0.00019608,0.024800001
,,,-0.00019607,0.026400002
,,,-0.00019606,0.024800001
,,,-0.00019605,0.022400001
,,,-0.00019604,0.024000001
,,,-0.00019603,0.024000001
,,,-0.00019602,0.024800001
,,,-0.00019601,0.024000001
,,,-0.000196,0.024000001
,,,-0.00019599,0.024800001
,,,-0.00019598,0.025600002
,,,-0.00019597,0.023200001
,,,-0.00019596,0.024800001
,,,-0.00019595,0.024000001
,,,-0.00019594,0.024000001
,,,-0.00019593,0.024000001
,,,-0.00019592,0.024800001
,,,-0.00019591,0.024800001
,,,-0.0001959,0.023200001
,,,-0.00019589,0.024000001
,,,-0.00019588,0.024000001
,,,-0.00019587,0.023200001
,,,-0.00019586,0.026400002
,,,-0.00019585,0.024000001
,,,-0.00019584,0.024000001
,,,-0.00019583,0.024000001
,,,-0.00019582,0.024000001
,,,-0.00019581,0.024000001
,,,-0.0001958,0.024000001
,,,-0.00019579,0.024800001
,,,-0.00019578,0.024000001
,,,-0.00019577,0.024800001
,,,-0.00019576,0.024000001
,,,-0.00019575,0.024000001
,,,-0.00019574,0.024000001
,,,-0.00019573,0.025600002
,,,-0.00019572,0.024800001
,,,-0.00019571,0.024000001
,,,-0.0001957,0.025600002
,,,-0.00019569,0.022400001
,,,-0.00019568,0.023200001
,,,-0.00019567,0.023200001
,,,-0.00019566,0.023200001
,,,-0.00019565,0.024800001
,,,-0.00019564,0.024000001
,,,-0.00019563,0.024000001
,,,-0.00019562,0.024800001
,,,-0.00019561,0.025600002
,,,-0.0001956,0.024000001
,,,-0.00019559,0.024000001
,,,-0.00019558,0.024000001
,,,-0.00019557,0.024000001
,,,-0.00019556,0.024800001
,,,-0.00019555,0.024000001
,,,-0.00019554,0.024800001
,,,-0.00019553,0.024000001
,,,-0.00019552,0.024000001
,,,-0.00019551,0.023200001
,,,-0.0001955,0.024000001
,,,-0.00019549,0.024000001
,,,-0.00019548,0.025600002
,,,-0.00019547,0.024000001
,,,-0.00019546,0.024000001
,,,-0.00019545,0.024000001
,,,-0.00019544,0.024000001
,,,-0.00019543,0.024800001
,,,-0.00019542,0.024000001
,,,-0.00019541,0.024000001
,,,-0.0001954,0.025600002
,,,-0.00019539,0.023200001
,,,-0.00019538,0.024000001
,,,-0.00019537,0.024800001
,,,-0.00019536,0.024000001
,,,-0.00019535,0.023200001
,,,-0.00019534,0.024000001
,,,-0.00019533,0.024000001
,,,-0.00019532,0.024000001
,,,-0.00019531,0.024000001
,,,-0.0001953,0.024800001
,,,-0.00019529,0.024000001
,,,-0.00019528,0.023200001
,,,-0.00019527,0.024000001
,,,-0.00019526,0.024000001
,,,-0.00019525,0.024800001
,,,-0.00019524,0.024000001
,,,-0.00019523,0.024000001
,,,-0.00019522,0.024000001
,,,-0.00019521,0.024800001
,,,-0.0001952,0.024800001
,,,-0.00019519,0.024800001
,,,-0.00019518,0.024000001
,,,-0.00019517,0.024000001
,,,-0.00019516,0.025600002
,,,-0.00019515,0.023200001
,,,-0.00019514,0.024000001
,,,-0.00019513,0.024800001
,,,-0.00019512,0.025600002
,,,-0.00019511,0.025600002
,,,-0.0001951,0.023200001
,,,-0.00019509,0.023200001
,,,-0.00019508,0.024000001
,,,-0.00019507,0.024000001
,,,-0.00019506,0.024800001
,,,-0.00019505,0.025600002
,,,-0.00019504,0.024000001
,,,-0.00019503,0.024000001
,,,-0.00019502,0.024800001
,,,-0.00019501,0.023200001
,,,-0.000195,0.023200001
,,,-0.00019499,0.024800001
,,,-0.00019498,0.023200001
,,,-0.00019497,0.024800001
,,,-0.00019496,0.024800001
,,,-0.00019495,0.024000001
,,,-0.00019494,0.024800001
,,,-0.00019493,0.024000001
,,,-0.00019492,0.023200001
,,,-0.00019491,0.024000001
,,,-0.0001949,0.024000001
,,,-0.00019489,0.024000001
,,,-0.00019488,0.025600002
,,,-0.00019487,0.023200001
,,,-0.00019486,0.024000001
,,,-0.00019485,0.023200001
,,,-0.00019484,0.024000001
,,,-0.00019483,0.024000001
,,,-0.00019482,0.023200001
,,,-0.00019481,0.023200001
,,,-0.0001948,0.024000001
,,,-0.00019479,0.023200001
,,,-0.00019478,0.024800001
,,,-0.00019477,0.023200001
,,,-0.00019476,0.024800001
,,,-0.00019475,0.025600002
,,,-0.00019474,0.025600002
,,,-0.00019473,0.024000001
,,,-0.00019472,0.024000001
,,,-0.00019471,0.025600002
,,,-0.0001947,0.024800001
,,,-0.00019469,0.023200001
,,,-0.00019468,0.025600002
,,,-0.00019467,0.024800001
,,,-0.00019466,0.022400001
,,,-0.00019465,0.024800001
,,,-0.00019464,0.024000001
,,,-0.00019463,0.024800001
,,,-0.00019462,0.025600002
,,,-0.00019461,0.025600002
,,,-0.0001946,0.025600002
,,,-0.00019459,0.025600002
,,,-0.00019458,0.024800001
,,,-0.00019457,0.024000001
,,,-0.00019456,0.024000001
,,,-0.00019455,0.024800001
,,,-0.00019454,0.023200001
,,,-0.00019453,0.025600002
,,,-0.00019452,0.024000001
,,,-0.00019451,0.025600002
,,,-0.0001945,0.024000001
,,,-0.00019449,0.023200001
,,,-0.00019448,0.023200001
,,,-0.00019447,0.023200001
,,,-0.00019446,0.024800001
,,,-0.00019445,0.023200001
,,,-0.00019444,0.024800001
,,,-0.00019443,0.022400001
,,,-0.00019442,0.024000001
,,,-0.00019441,0.024000001
,,,-0.0001944,0.026400002
,,,-0.00019439,0.024000001
,,,-0.00019438,0.023200001
,,,-0.00019437,0.024000001
,,,-0.00019436,0.024000001
,,,-0.00019435,0.022400001
,,,-0.00019434,0.024800001
,,,-0.00019433,0.025600002
,,,-0.00019432,0.024000001
,,,-0.00019431,0.024800001
,,,-0.0001943,0.023200001
,,,-0.00019429,0.024000001
,,,-0.00019428,0.024000001
,,,-0.00019427,0.025600002
,,,-0.00019426,0.023200001
,,,-0.00019425,0.024800001
,,,-0.00019424,0.024800001
,,,-0.00019423,0.026400002
,,,-0.00019422,0.024000001
,,,-0.00019421,0.025600002
,,,-0.0001942,0.024000001
,,,-0.00019419,0.024000001
,,,-0.00019418,0.024800001
,,,-0.00019417,0.024800001
,,,-0.00019416,0.024800001
,,,-0.00019415,0.024000001
,,,-0.00019414,0.024000001
,,,-0.00019413,0.024800001
,,,-0.00019412,0.024000001
,,,-0.00019411,0.024000001
,,,-0.0001941,0.024800001
,,,-0.00019409,0.024000001
,,,-0.00019408,0.024800001
,,,-0.00019407,0.024800001
,,,-0.00019406,0.024800001
,,,-0.00019405,0.024000001
,,,-0.00019404,0.025600002
,,,-0.00019403,0.024000001
,,,-0.00019402,0.024000001
,,,-0.00019401,0.023200001
,,,-0.000194,0.024000001
,,,-0.00019399,0.023200001
,,,-0.00019398,0.024000001
,,,-0.00019397,0.024800001
,,,-0.00019396,0.024000001
,,,-0.00019395,0.024000001
,,,-0.00019394,0.024000001
,,,-0.00019393,0.023200001
,,,-0.00019392,0.024000001
,,,-0.00019391,0.021600001
,,,-0.0001939,0.025600002
,,,-0.00019389,0.025600002
,,,-0.00019388,0.024000001
,,,-0.00019387,0.024000001
,,,-0.00019386,0.024000001
,,,-0.00019385,0.024000001
,,,-0.00019384,0.024800001
,,,-0.00019383,0.024800001
,,,-0.00019382,0.022400001
,,,-0.00019381,0.024000001
,,,-0.0001938,0.024800001
,,,-0.00019379,0.024000001
,,,-0.00019378,0.024000001
,,,-0.00019377,0.023200001
,,,-0.00019376,0.024000001
,,,-0.00019375,0.025600002
,,,-0.00019374,0.024800001
,,,-0.00019373,0.024000001
,,,-0.00019372,0.023200001
,,,-0.00019371,0.024800001
,,,-0.0001937,0.024000001
,,,-0.00019369,0.024000001
,,,-0.00019368,0.024000001
,,,-0.00019367,0.024000001
,,,-0.00019366,0.024800001
,,,-0.00019365,0.024000001
,,,-0.00019364,0.024800001
,,,-0.00019363,0.024000001
,,,-0.00019362,0.024800001
,,,-0.00019361,0.024000001
,,,-0.0001936,0.024000001
,,,-0.00019359,0.022400001
,,,-0.00019358,0.024800001
,,,-0.00019357,0.024000001
,,,-0.00019356,0.024000001
,,,-0.00019355,0.024000001
,,,-0.00019354,0.024800001
,,,-0.00019353,0.024000001
,,,-0.00019352,0.024800001
,,,-0.00019351,0.024000001
,,,-0.0001935,0.024000001
,,,-0.00019349,0.023200001
,,,-0.00019348,0.022400001
,,,-0.00019347,0.024800001
,,,-0.00019346,0.024000001
,,,-0.00019345,0.023200001
,,,-0.00019344,0.023200001
,,,-0.00019343,0.023200001
,,,-0.00019342,0.024800001
,,,-0.00019341,0.024000001
,,,-0.0001934,0.025600002
,,,-0.00019339,0.023200001
,,,-0.00019338,0.024000001
,,,-0.00019337,0.025600002
,,,-0.00019336,0.025600002
,,,-0.00019335,0.023200001
,,,-0.00019334,0.025600002
,,,-0.00019333,0.024000001
,,,-0.00019332,0.025600002
,,,-0.00019331,0.024000001
,,,-0.0001933,0.024000001
,,,-0.00019329,0.024000001
,,,-0.00019328,0.024000001
,,,-0.00019327,0.023200001
,,,-0.00019326,0.024000001
,,,-0.00019325,0.024800001
,,,-0.00019324,0.024000001
,,,-0.00019323,0.025600002
,,,-0.00019322,0.024000001
,,,-0.00019321,0.024800001
,,,-0.0001932,0.024000001
,,,-0.00019319,0.024000001
,,,-0.00019318,0.026400002
,,,-0.00019317,0.025600002
,,,-0.00019316,0.024000001
,,,-0.00019315,0.024000001
,,,-0.00019314,0.024800001
,,,-0.00019313,0.024000001
,,,-0.00019312,0.024000001
,,,-0.00019311,0.023200001
,,,-0.0001931,0.024000001
,,,-0.00019309,0.024000001
,,,-0.00019308,0.024800001
,,,-0.00019307,0.024000001
,,,-0.00019306,0.024000001
,,,-0.00019305,0.024800001
,,,-0.00019304,0.024000001
,,,-0.00019303,0.024000001
,,,-0.00019302,0.023200001
,,,-0.00019301,0.024000001
,,,-0.000193,0.024000001
,,,-0.00019299,0.022400001
,,,-0.00019298,0.024000001
,,,-0.00019297,0.026400002
,,,-0.00019296,0.024000001
,,,-0.00019295,0.023200001
,,,-0.00019294,0.024000001
,,,-0.00019293,0.025600002
,,,-0.00019292,0.021600001
,,,-0.00019291,0.024000001
,,,-0.0001929,0.024800001
,,,-0.00019289,0.024000001
,,,-0.00019288,0.024800001
,,,-0.00019287,0.023200001
,,,-0.00019286,0.024000001
,,,-0.00019285,0.024000001
,,,-0.00019284,0.024800001
,,,-0.00019283,0.023200001
,,,-0.00019282,0.022400001
,,,-0.00019281,0.026400002
,,,-0.0001928,0.024800001
,,,-0.00019279,0.023200001
,,,-0.00019278,0.023200001
,,,-0.00019277,0.025600002
,,,-0.00019276,0.024800001
,,,-0.00019275,0.023200001
,,,-0.00019274,0.025600002
,,,-0.00019273,0.024000001
,,,-0.00019272,0.024800001
,,,-0.00019271,0.023200001
,,,-0.0001927,0.023200001
,,,-0.00019269,0.024000001
,,,-0.00019268,0.024000001
,,,-0.00019267,0.024000001
,,,-0.00019266,0.024000001
,,,-0.00019265,0.024800001
,,,-0.00019264,0.025600002
,,,-0.00019263,0.023200001
,,,-0.00019262,0.024800001
,,,-0.00019261,0.024800001
,,,-0.0001926,0.024800001
,,,-0.00019259,0.024000001
,,,-0.00019258,0.022400001
,,,-0.00019257,0.025600002
,,,-0.00019256,0.024000001
,,,-0.00019255,0.023200001
,,,-0.00019254,0.024000001
,,,-0.00019253,0.023200001
,,,-0.00019252,0.023200001
,,,-0.00019251,0.025600002
,,,-0.0001925,0.024000001
,,,-0.00019249,0.024000001
,,,-0.00019248,0.024800001
,,,-0.00019247,0.024800001
,,,-0.00019246,0.024000001
,,,-0.00019245,0.024000001
,,,-0.00019244,0.024000001
,,,-0.00019243,0.024000001
,,,-0.00019242,0.024000001
,,,-0.00019241,0.024000001
,,,-0.0001924,0.024000001
,,,-0.00019239,0.022400001
,,,-0.00019238,0.024800001
,,,-0.00019237,0.024000001
,,,-0.00019236,0.025600002
,,,-0.00019235,0.023200001
,,,-0.00019234,0.024800001
,,,-0.00019233,0.024000001
,,,-0.00019232,0.024000001
,,,-0.00019231,0.024800001
,,,-0.0001923,0.024000001
,,,-0.00019229,0.024000001
,,,-0.00019228,0.024800001
,,,-0.00019227,0.023200001
,,,-0.00019226,0.024800001
,,,-0.00019225,0.023200001
,,,-0.00019224,0.024000001
,,,-0.00019223,0.024000001
,,,-0.00019222,0.026400002
,,,-0.00019221,0.024800001
,,,-0.0001922,0.024000001
,,,-0.00019219,0.023200001
,,,-0.00019218,0.024000001
,,,-0.00019217,0.024000001
,,,-0.00019216,0.024800001
,,,-0.00019215,0.024800001
,,,-0.00019214,0.024000001
,,,-0.00019213,0.024000001
,,,-0.00019212,0.026400002
,,,-0.00019211,0.024000001
,,,-0.0001921,0.024000001
,,,-0.00019209,0.023200001
,,,-0.00019208,0.023200001
,,,-0.00019207,0.024000001
,,,-0.00019206,0.023200001
,,,-0.00019205,0.024000001
,,,-0.00019204,0.024000001
,,,-0.00019203,0.024800001
,,,-0.00019202,0.024000001
,,,-0.00019201,0.023200001
,,,-0.000192,0.024000001
,,,-0.00019199,0.025600002
,,,-0.00019198,0.024800001
,,,-0.00019197,0.025600002
,,,-0.00019196,0.023200001
,,,-0.00019195,0.023200001
,,,-0.00019194,0.024000001
,,,-0.00019193,0.024000001
,,,-0.00019192,0.023200001
,,,-0.00019191,0.024800001
,,,-0.0001919,0.025600002
,,,-0.00019189,0.024000001
,,,-0.00019188,0.027200002
,,,-0.00019187,0.024000001
,,,-0.00019186,0.024000001
,,,-0.00019185,0.024800001
,,,-0.00019184,0.024000001
,,,-0.00019183,0.024000001
,,,-0.00019182,0.025600002
,,,-0.00019181,0.024000001
,,,-0.0001918,0.025600002
,,,-0.00019179,0.024000001
,,,-0.00019178,0.024800001
,,,-0.00019177,0.024000001
,,,-0.00019176,0.024800001
,,,-0.00019175,0.024800001
,,,-0.00019174,0.024800001
,,,-0.00019173,0.024000001
,,,-0.00019172,0.024000001
,,,-0.00019171,0.021600001
,,,-0.0001917,0.024000001
,,,-0.00019169,0.024800001
,,,-0.00019168,0.024800001
,,,-0.00019167,0.024000001
,,,-0.00019166,0.024800001
,,,-0.00019165,0.022400001
,,,-0.00019164,0.024000001
,,,-0.00019163,0.026400002
,,,-0.00019162,0.023200001
,,,-0.00019161,0.026400002
,,,-0.0001916,0.024800001
,,,-0.00019159,0.025600002
,,,-0.00019158,0.025600002
,,,-0.00019157,0.028000002
,,,-0.00019156,0.024800001
,,,-0.00019155,0.024000001
,,,-0.00019154,0.024000001
,,,-0.00019153,0.023200001
,,,-0.00019152,0.024000001
,,,-0.00019151,0.023200001
,,,-0.0001915,0.024000001
,,,-0.00019149,0.024000001
,,,-0.00019148,0.024000001
,,,-0.00019147,0.024800001
,,,-0.00019146,0.024000001
,,,-0.00019145,0.024000001
,,,-0.00019144,0.024000001
,,,-0.00019143,0.023200001
,,,-0.00019142,0.024800001
,,,-0.00019141,0.024800001
,,,-0.0001914,0.024000001
,,,-0.00019139,0.024800001
,,,-0.00019138,0.025600002
,,,-0.00019137,0.024000001
,,,-0.00019136,0.024000001
,,,-0.00019135,0.024000001
,,,-0.00019134,0.026400002
,,,-0.00019133,0.025600002
,,,-0.00019132,0.024000001
,,,-0.00019131,0.025600002
,,,-0.0001913,0.024000001
,,,-0.00019129,0.024000001
,,,-0.00019128,0.024000001
,,,-0.00019127,0.025600002
,,,-0.00019126,0.025600002
,,,-0.00019125,0.024000001
,,,-0.00019124,0.025600002
,,,-0.00019123,0.023200001
,,,-0.00019122,0.024000001
,,,-0.00019121,0.026400002
,,,-0.0001912,0.024800001
,,,-0.00019119,0.024000001
,,,-0.00019118,0.024800001
,,,-0.00019117,0.024000001
,,,-0.00019116,0.023200001
,,,-0.00019115,0.023200001
,,,-0.00019114,0.025600002
,,,-0.00019113,0.024000001
,,,-0.00019112,0.024800001
,,,-0.00019111,0.024800001
,,,-0.0001911,0.024000001
,,,-0.00019109,0.024800001
,,,-0.00019108,0.024000001
,,,-0.00019107,0.023200001
,,,-0.00019106,0.025600002
,,,-0.00019105,0.024000001
,,,-0.00019104,0.024000001
,,,-0.00019103,0.024000001
,,,-0.00019102,0.024000001
,,,-0.00019101,0.025600002
,,,-0.000191,0.021600001
,,,-0.00019099,0.023200001
,,,-0.00019098,0.023200001
,,,-0.00019097,0.024000001
,,,-0.00019096,0.024800001
,,,-0.00019095,0.024000001
,,,-0.00019094,0.024800001
,,,-0.00019093,0.024000001
,,,-0.00019092,0.024000001
,,,-0.00019091,0.024000001
,,,-0.0001909,0.024000001
,,,-0.00019089,0.024800001
,,,-0.00019088,0.023200001
,,,-0.00019087,0.024000001
,,,-0.00019086,0.025600002
,,,-0.00019085,0.022400001
,,,-0.00019084,0.024000001
,,,-0.00019083,0.024800001
,,,-0.00019082,0.024000001
,,,-0.00019081,0.024000001
,,,-0.0001908,0.024000001
,,,-0.00019079,0.025600002
,,,-0.00019078,0.024000001
,,,-0.00019077,0.024800001
,,,-0.00019076,0.024000001
,,,-0.00019075,0.023200001
,,,-0.00019074,0.025600002
,,,-0.00019073,0.024000001
,,,-0.00019072,0.024000001
,,,-0.00019071,0.024000001
,,,-0.0001907,0.022400001
,,,-0.00019069,0.023200001
,,,-0.00019068,0.024000001
,,,-0.00019067,0.024800001
,,,-0.00019066,0.024000001
,,,-0.00019065,0.024800001
,,,-0.00019064,0.024800001
,,,-0.00019063,0.024000001
,,,-0.00019062,0.024000001
,,,-0.00019061,0.024800001
,,,-0.0001906,0.023200001
,,,-0.00019059,0.024000001
,,,-0.00019058,0.024000001
,,,-0.00019057,0.024800001
,,,-0.00019056,0.023200001
,,,-0.00019055,0.025600002
,,,-0.00019054,0.024800001
,,,-0.00019053,0.025600002
,,,-0.00019052,0.024000001
,,,-0.00019051,0.024000001
,,,-0.0001905,0.025600002
,,,-0.00019049,0.025600002
,,,-0.00019048,0.023200001
,,,-0.00019047,0.023200001
,,,-0.00019046,0.024000001
,,,-0.00019045,0.024000001
,,,-0.00019044,0.025600002
,,,-0.00019043,0.024000001
,,,-0.00019042,0.024000001
,,,-0.00019041,0.024000001
,,,-0.0001904,0.024000001
,,,-0.00019039,0.024000001
,,,-0.00019038,0.024000001
,,,-0.00019037,0.024000001
,,,-0.00019036,0.024800001
,,,-0.00019035,0.025600002
,,,-0.00019034,0.024800001
,,,-0.00019033,0.024000001
,,,-0.00019032,0.025600002
,,,-0.00019031,0.024800001
,,,-0.0001903,0.025600002
,,,-0.00019029,0.024000001
,,,-0.00019028,0.025600002
,,,-0.00019027,0.024000001
,,,-0.00019026,0.023200001
,,,-0.00019025,0.024000001
,,,-0.00019024,0.023200001
,,,-0.00019023,0.024000001
,,,-0.00019022,0.024000001
,,,-0.00019021,0.024800001
,,,-0.0001902,0.024800001
,,,-0.00019019,0.024000001
,,,-0.00019018,0.022400001
,,,-0.00019017,0.024000001
,,,-0.00019016,0.024000001
,,,-0.00019015,0.022400001
,,,-0.00019014,0.023200001
,,,-0.00019013,0.023200001
,,,-0.00019012,0.023200001
,,,-0.00019011,0.023200001
,,,-0.0001901,0.023200001
,,,-0.00019009,0.022400001
,,,-0.00019008,0.023200001
,,,-0.00019007,0.024800001
,,,-0.00019006,0.024000001
,,,-0.00019005,0.024800001
,,,-0.00019004,0.024800001
,,,-0.00019003,0.024000001
,,,-0.00019002,0.024800001
,,,-0.00019001,0.024000001
,,,-0.00019,0.024800001
,,,-0.00018999,0.024000001
,,,-0.00018998,0.024800001
,,,-0.00018997,0.024000001
,,,-0.00018996,0.024000001
,,,-0.00018995,0.024800001
,,,-0.00018994,0.025600002
,,,-0.00018993,0.023200001
,,,-0.00018992,0.025600002
,,,-0.00018991,0.023200001
,,,-0.0001899,0.023200001
,,,-0.00018989,0.024800001
,,,-0.00018988,0.023200001
,,,-0.00018987,0.025600002
,,,-0.00018986,0.024000001
,,,-0.00018985,0.025600002
,,,-0.00018984,0.023200001
,,,-0.00018983,0.023200001
,,,-0.00018982,0.024000001
,,,-0.00018981,0.024000001
,,,-0.0001898,0.024000001
,,,-0.00018979,0.024000001
,,,-0.00018978,0.024800001
,,,-0.00018977,0.024000001
,,,-0.00018976,0.024000001
,,,-0.00018975,0.024800001
,,,-0.00018974,0.022400001
,,,-0.00018973,0.024000001
,,,-0.00018972,0.024000001
,,,-0.00018971,0.024000001
,,,-0.0001897,0.023200001
,,,-0.00018969,0.024800001
,,,-0.00018968,0.024000001
,,,-0.00018967,0.022400001
,,,-0.00018966,0.024800001
,,,-0.00018965,0.024000001
,,,-0.00018964,0.024000001
,,,-0.00018963,0.024800001
,,,-0.00018962,0.024000001
,,,-0.00018961,0.024800001
,,,-0.0001896,0.024800001
,,,-0.00018959,0.024800001
,,,-0.00018958,0.024000001
,,,-0.00018957,0.025600002
,,,-0.00018956,0.024800001
,,,-0.00018955,0.024000001
,,,-0.00018954,0.024000001
,,,-0.00018953,0.026400002
,,,-0.00018952,0.024000001
,,,-0.00018951,0.025600002
,,,-0.0001895,0.024000001
,,,-0.00018949,0.024000001
,,,-0.00018948,0.024000001
,,,-0.00018947,0.024000001
,,,-0.00018946,0.024000001
,,,-0.00018945,0.024800001
,,,-0.00018944,0.024000001
,,,-0.00018943,0.024000001
,,,-0.00018942,0.024800001
,,,-0.00018941,0.024000001
,,,-0.0001894,0.025600002
,,,-0.00018939,0.023200001
,,,-0.00018938,0.024000001
,,,-0.00018937,0.022400001
,,,-0.00018936,0.024000001
,,,-0.00018935,0.023200001
,,,-0.00018934,0.024000001
,,,-0.00018933,0.024000001
,,,-0.00018932,0.026400002
,,,-0.00018931,0.024000001
,,,-0.0001893,0.024000001
,,,-0.00018929,0.025600002
,,,-0.00018928,0.024000001
,,,-0.00018927,0.024000001
,,,-0.00018926,0.024800001
,,,-0.00018925,0.024000001
,,,-0.00018924,0.024000001
,,,-0.00018923,0.025600002
,,,-0.00018922,0.024800001
,,,-0.00018921,0.024000001
,,,-0.0001892,0.023200001
,,,-0.00018919,0.024000001
,,,-0.00018918,0.024800001
,,,-0.00018917,0.024000001
,,,-0.00018916,0.023200001
,,,-0.00018915,0.025600002
,,,-0.00018914,0.025600002
,,,-0.00018913,0.024800001
,,,-0.00018912,0.024000001
,,,-0.00018911,0.024000001
,,,-0.0001891,0.024800001
,,,-0.00018909,0.023200001
,,,-0.00018908,0.024800001
,,,-0.00018907,0.024000001
,,,-0.00018906,0.027200002
,,,-0.00018905,0.023200001
,,,-0.00018904,0.024000001
,,,-0.00018903,0.023200001
,,,-0.00018902,0.024800001
,,,-0.00018901,0.024800001
,,,-0.000189,0.023200001
,,,-0.00018899,0.024000001
,,,-0.00018898,0.024000001
,,,-0.00018897,0.024000001
,,,-0.00018896,0.024000001
,,,-0.00018895,0.024800001
,,,-0.00018894,0.024000001
,,,-0.00018893,0.025600002
,,,-0.00018892,0.024800001
,,,-0.00018891,0.024800001
,,,-0.0001889,0.023200001
,,,-0.00018889,0.024000001
,,,-0.00018888,0.024000001
,,,-0.00018887,0.024800001
,,,-0.00018886,0.024800001
,,,-0.00018885,0.024800001
,,,-0.00018884,0.024000001
,,,-0.00018883,0.023200001
,,,-0.00018882,0.024000001
,,,-0.00018881,0.024800001
,,,-0.0001888,0.024000001
,,,-0.00018879,0.024800001
,,,-0.00018878,0.023200001
,,,-0.00018877,0.024000001
,,,-0.00018876,0.024000001
,,,-0.00018875,0.023200001
,,,-0.00018874,0.021600001
,,,-0.00018873,0.025600002
,,,-0.00018872,0.025600002
,,,-0.00018871,0.024000001
,,,-0.0001887,0.024000001
,,,-0.00018869,0.024000001
,,,-0.00018868,0.024800001
,,,-0.00018867,0.024800001
,,,-0.00018866,0.024000001
,,,-0.00018865,0.024000001
,,,-0.00018864,0.024800001
,,,-0.00018863,0.024000001
,,,-0.00018862,0.025600002
,,,-0.00018861,0.023200001
,,,-0.0001886,0.024000001
,,,-0.00018859,0.024000001
,,,-0.00018858,0.024800001
,,,-0.00018857,0.024000001
,,,-0.00018856,0.024000001
,,,-0.00018855,0.024000001
,,,-0.00018854,0.024800001
,,,-0.00018853,0.025600002
,,,-0.00018852,0.025600002
,,,-0.00018851,0.024000001
,,,-0.0001885,0.024000001
,,,-0.00018849,0.024000001
,,,-0.00018848,0.025600002
,,,-0.00018847,0.024000001
,,,-0.00018846,0.024000001
,,,-0.00018845,0.024000001
,,,-0.00018844,0.022400001
,,,-0.00018843,0.023200001
,,,-0.00018842,0.024000001
,,,-0.00018841,0.024000001
,,,-0.0001884,0.024800001
,,,-0.00018839,0.024000001
,,,-0.00018838,0.025600002
,,,-0.00018837,0.024000001
,,,-0.00018836,0.025600002
,,,-0.00018835,0.024800001
,,,-0.00018834,0.024000001
,,,-0.00018833,0.024800001
,,,-0.00018832,0.022400001
,,,-0.00018831,0.022400001
,,,-0.0001883,0.024800001
,,,-0.00018829,0.024800001
,,,-0.00018828,0.024800001
,,,-0.00018827,0.023200001
,,,-0.00018826,0.024000001
,,,-0.00018825,0.024800001
,,,-0.00018824,0.023200001
,,,-0.00018823,0.024000001
,,,-0.00018822,0.024000001
,,,-0.00018821,0.023200001
,,,-0.0001882,0.024000001
,,,-0.00018819,0.024800001
,,,-0.00018818,0.024000001
,,,-0.00018817,0.023200001
,,,-0.00018816,0.022400001
,,,-0.00018815,0.024000001
,,,-0.00018814,0.023200001
,,,-0.00018813,0.024800001
,,,-0.00018812,0.023200001
,,,-0.00018811,0.024800001
,,,-0.0001881,0.024800001
,,,-0.00018809,0.024000001
,,,-0.00018808,0.024800001
,,,-0.00018807,0.024800001
,,,-0.00018806,0.023200001
,,,-0.00018805,0.024800001
,,,-0.00018804,0.024000001
,,,-0.00018803,0.024000001
,,,-0.00018802,0.024000001
,,,-0.00018801,0.024000001
,,,-0.000188,0.024000001
,,,-0.00018799,0.024000001
,,,-0.00018798,0.024000001
,,,-0.00018797,0.025600002
,,,-0.00018796,0.023200001
,,,-0.00018795,0.027200002
,,,-0.00018794,0.024000001
,,,-0.00018793,0.024000001
,,,-0.00018792,0.025600002
,,,-0.00018791,0.023200001
,,,-0.0001879,0.022400001
,,,-0.00018789,0.025600002
,,,-0.00018788,0.024000001
,,,-0.00018787,0.024000001
,,,-0.00018786,0.024800001
,,,-0.00018785,0.024800001
,,,-0.00018784,0.024000001
,,,-0.00018783,0.024800001
,,,-0.00018782,0.024800001
,,,-0.00018781,0.024000001
,,,-0.0001878,0.024000001
,,,-0.00018779,0.024800001
,,,-0.00018778,0.024000001
,,,-0.00018777,0.024800001
,,,-0.00018776,0.025600002
,,,-0.00018775,0.024800001
,,,-0.00018774,0.024000001
,,,-0.00018773,0.024800001
,,,-0.00018772,0.024800001
,,,-0.00018771,0.024000001
,,,-0.0001877,0.024800001
,,,-0.00018769,0.025600002
,,,-0.00018768,0.024800001
,,,-0.00018767,0.024000001
,,,-0.00018766,0.024000001
,,,-0.00018765,0.021600001
,,,-0.00018764,0.024000001
,,,-0.00018763,0.024000001
,,,-0.00018762,0.024800001
,,,-0.00018761,0.024000001
,,,-0.0001876,0.024800001
,,,-0.00018759,0.025600002
,,,-0.00018758,0.024800001
,,,-0.00018757,0.024000001
,,,-0.00018756,0.023200001
,,,-0.00018755,0.024000001
,,,-0.00018754,0.024000001
,,,-0.00018753,0.024000001
,,,-0.00018752,0.024000001
,,,-0.00018751,0.024800001
,,,-0.0001875,0.025600002
,,,-0.00018749,0.024800001
,,,-0.00018748,0.024000001
,,,-0.00018747,0.024000001
,,,-0.00018746,0.024000001
,,,-0.00018745,0.024000001
,,,-0.00018744,0.024000001
,,,-0.00018743,0.024000001
,,,-0.00018742,0.024000001
,,,-0.00018741,0.023200001
,,,-0.0001874,0.024000001
,,,-0.00018739,0.023200001
,,,-0.00018738,0.024800001
,,,-0.00018737,0.024000001
,,,-0.00018736,0.025600002
,,,-0.00018735,0.023200001
,,,-0.00018734,0.024800001
,,,-0.00018733,0.024000001
,,,-0.00018732,0.024000001
,,,-0.00018731,0.024000001
,,,-0.0001873,0.024800001
,,,-0.00018729,0.024000001
,,,-0.00018728,0.023200001
,,,-0.00018727,0.024000001
,,,-0.00018726,0.023200001
,,,-0.00018725,0.024800001
,,,-0.00018724,0.024800001
,,,-0.00018723,0.024000001
,,,-0.00018722,0.023200001
,,,-0.00018721,0.023200001
,,,-0.0001872,0.024800001
,,,-0.00018719,0.024000001
,,,-0.00018718,0.024000001
,,,-0.00018717,0.024000001
,,,-0.00018716,0.022400001
,,,-0.00018715,0.024000001
,,,-0.00018714,0.024800001
,,,-0.00018713,0.024800001
,,,-0.00018712,0.024000001
,,,-0.00018711,0.023200001
,,,-0.0001871,0.025600002
,,,-0.00018709,0.024000001
,,,-0.00018708,0.024000001
,,,-0.00018707,0.024800001
,,,-0.00018706,0.024000001
,,,-0.00018705,0.024000001
,,,-0.00018704,0.024800001
,,,-0.00018703,0.024000001
,,,-0.00018702,0.024000001
,,,-0.00018701,0.023200001
,,,-0.000187,0.024000001
,,,-0.00018699,0.022400001
,,,-0.00018698,0.024800001
,,,-0.00018697,0.024800001
,,,-0.00018696,0.025600002
,,,-0.00018695,0.024000001
,,,-0.00018694,0.024000001
,,,-0.00018693,0.023200001
,,,-0.00018692,0.024000001
,,,-0.00018691,0.024000001
,,,-0.0001869,0.024000001
,,,-0.00018689,0.024000001
,,,-0.00018688,0.024000001
,,,-0.00018687,0.024000001
,,,-0.00018686,0.024000001
,,,-0.00018685,0.023200001
,,,-0.00018684,0.024800001
,,,-0.00018683,0.025600002
,,,-0.00018682,0.024000001
,,,-0.00018681,0.022400001
,,,-0.0001868,0.023200001
,,,-0.00018679,0.024000001
,,,-0.00018678,0.024000001
,,,-0.00018677,0.024800001
,,,-0.00018676,0.021600001
,,,-0.00018675,0.025600002
,,,-0.00018674,0.024000001
,,,-0.00018673,0.024000001
,,,-0.00018672,0.024000001
,,,-0.00018671,0.024000001
,,,-0.0001867,0.022400001
,,,-0.00018669,0.024000001
,,,-0.00018668,0.023200001
,,,-0.00018667,0.023200001
,,,-0.00018666,0.024800001
,,,-0.00018665,0.024000001
,,,-0.00018664,0.024000001
,,,-0.00018663,0.021600001
,,,-0.00018662,0.024000001
,,,-0.00018661,0.024800001
,,,-0.0001866,0.024000001
,,,-0.00018659,0.024000001
,,,-0.00018658,0.024000001
,,,-0.00018657,0.024000001
,,,-0.00018656,0.024000001
,,,-0.00018655,0.024800001
,,,-0.00018654,0.024000001
,,,-0.00018653,0.024000001
,,,-0.00018652,0.024800001
,,,-0.00018651,0.024000001
,,,-0.0001865,0.024000001
,,,-0.00018649,0.026400002
,,,-0.00018648,0.024800001
,,,-0.00018647,0.023200001
,,,-0.00018646,0.026400002
,,,-0.00018645,0.024000001
,,,-0.00018644,0.024000001
,,,-0.00018643,0.025600002
,,,-0.00018642,0.023200001
,,,-0.00018641,0.024800001
,,,-0.0001864,0.024000001
,,,-0.00018639,0.025600002
,,,-0.00018638,0.023200001
,,,-0.00018637,0.022400001
,,,-0.00018636,0.025600002
,,,-0.00018635,0.024800001
,,,-0.00018634,0.024000001
,,,-0.00018633,0.023200001
,,,-0.00018632,0.024800001
,,,-0.00018631,0.023200001
,,,-0.0001863,0.024800001
,,,-0.00018629,0.024000001
,,,-0.00018628,0.023200001
,,,-0.00018627,0.025600002
,,,-0.00018626,0.024000001
,,,-0.00018625,0.022400001
,,,-0.00018624,0.023200001
,,,-0.00018623,0.025600002
,,,-0.00018622,0.025600002
,,,-0.00018621,0.024000001
,,,-0.0001862,0.024000001
,,,-0.00018619,0.024000001
,,,-0.00018618,0.024000001
,,,-0.00018617,0.024000001
,,,-0.00018616,0.023200001
,,,-0.00018615,0.024800001
,,,-0.00018614,0.024000001
,,,-0.00018613,0.024800001
,,,-0.00018612,0.023200001
,,,-0.00018611,0.024800001
,,,-0.0001861,0.024000001
,,,-0.00018609,0.024000001
,,,-0.00018608,0.024000001
,,,-0.00018607,0.024000001
,,,-0.00018606,0.024000001
,,,-0.00018605,0.023200001
,,,-0.00018604,0.024000001
,,,-0.00018603,0.023200001
,,,-0.00018602,0.023200001
,,,-0.00018601,0.024800001
,,,-0.000186,0.024000001
,,,-0.00018599,0.024800001
,,,-0.00018598,0.025600002
,,,-0.00018597,0.024000001
,,,-0.00018596,0.024800001
,,,-0.00018595,0.024000001
,,,-0.00018594,0.023200001
,,,-0.00018593,0.026400002
,,,-0.00018592,0.024800001
,,,-0.00018591,0.024800001
,,,-0.0001859,0.024000001
,,,-0.00018589,0.024000001
,,,-0.00018588,0.024800001
,,,-0.00018587,0.024000001
,,,-0.00018586,0.024000001
,,,-0.00018585,0.024800001
,,,-0.00018584,0.024800001
,,,-0.00018583,0.024000001
,,,-0.00018582,0.024000001
,,,-0.00018581,0.024800001
,,,-0.0001858,0.024000001
,,,-0.00018579,0.024800001
,,,-0.00018578,0.024800001
,,,-0.00018577,0.024800001
,,,-0.00018576,0.023200001
,,,-0.00018575,0.023200001
,,,-0.00018574,0.024000001
,,,-0.00018573,0.025600002
,,,-0.00018572,0.023200001
,,,-0.00018571,0.024800001
,,,-0.0001857,0.024800001
,,,-0.00018569,0.023200001
,,,-0.00018568,0.022400001
,,,-0.00018567,0.024800001
,,,-0.00018566,0.024000001
,,,-0.00018565,0.023200001
,,,-0.00018564,0.024800001
,,,-0.00018563,0.023200001
,,,-0.00018562,0.024000001
,,,-0.00018561,0.025600002
,,,-0.0001856,0.026400002
,,,-0.00018559,0.025600002
,,,-0.00018558,0.024800001
,,,-0.00018557,0.024800001
,,,-0.00018556,0.024800001
,,,-0.00018555,0.024800001
,,,-0.00018554,0.022400001
,,,-0.00018553,0.023200001
,,,-0.00018552,0.023200001
,,,-0.00018551,0.024000001
,,,-0.0001855,0.024000001
,,,-0.00018549,0.023200001
,,,-0.00018548,0.024800001
,,,-0.00018547,0.024800001
,,,-0.00018546,0.024000001
,,,-0.00018545,0.024000001
,,,-0.00018544,0.024000001
,,,-0.00018543,0.024000001
,,,-0.00018542,0.024000001
,,,-0.00018541,0.024000001
,,,-0.0001854,0.024000001
,,,-0.00018539,0.024000001
,,,-0.00018538,0.024800001
,,,-0.00018537,0.025600002
,,,-0.00018536,0.024000001
,,,-0.00018535,0.023200001
,,,-0.00018534,0.024000001
,,,-0.00018533,0.024800001
,,,-0.00018532,0.024000001
,,,-0.00018531,0.024000001
,,,-0.0001853,0.024000001
,,,-0.00018529,0.024000001
,,,-0.00018528,0.023200001
,,,-0.00018527,0.024800001
,,,-0.00018526,0.024000001
,,,-0.00018525,0.024000001
,,,-0.00018524,0.025600002
,,,-0.00018523,0.024800001
,,,-0.00018522,0.024000001
,,,-0.00018521,0.024800001
,,,-0.0001852,0.023200001
,,,-0.00018519,0.024000001
,,,-0.00018518,0.025600002
,,,-0.00018517,0.023200001
,,,-0.00018516,0.024000001
,,,-0.00018515,0.024800001
,,,-0.00018514,0.024000001
,,,-0.00018513,0.024800001
,,,-0.00018512,0.024000001
,,,-0.00018511,0.023200001
,,,-0.0001851,0.022400001
,,,-0.00018509,0.024000001
,,,-0.00018508,0.024000001
,,,-0.00018507,0.026400002
,,,-0.00018506,0.024000001
,,,-0.00018505,0.024800001
,,,-0.00018504,0.025600002
,,,-0.00018503,0.024000001
,,,-0.00018502,0.023200001
,,,-0.00018501,0.024000001
,,,-0.000185,0.024000001
,,,-0.00018499,0.024000001
,,,-0.00018498,0.024000001
,,,-0.00018497,0.025600002
,,,-0.00018496,0.024000001
,,,-0.00018495,0.024000001
,,,-0.00018494,0.024000001
,,,-0.00018493,0.023200001
,,,-0.00018492,0.023200001
,,,-0.00018491,0.024800001
,,,-0.0001849,0.024800001
,,,-0.00018489,0.024000001
,,,-0.00018488,0.024800001
,,,-0.00018487,0.024000001
,,,-0.00018486,0.024800001
,,,-0.00018485,0.024000001
,,,-0.00018484,0.024000001
,,,-0.00018483,0.024000001
,,,-0.00018482,0.024000001
,,,-0.00018481,0.024000001
,,,-0.0001848,0.024000001
,,,-0.00018479,0.023200001
,,,-0.00018478,0.024800001
,,,-0.00018477,0.024000001
,,,-0.00018476,0.024000001
,,,-0.00018475,0.024000001
,,,-0.00018474,0.023200001
,,,-0.00018473,0.024800001
,,,-0.00018472,0.024800001
,,,-0.00018471,0.024800001
,,,-0.0001847,0.024800001
,,,-0.00018469,0.022400001
,,,-0.00018468,0.024000001
,,,-0.00018467,0.025600002
,,,-0.00018466,0.024000001
,,,-0.00018465,0.024000001
,,,-0.00018464,0.024000001
,,,-0.00018463,0.024000001
,,,-0.00018462,0.021600001
,,,-0.00018461,0.024800001
,,,-0.0001846,0.024800001
,,,-0.00018459,0.025600002
,,,-0.00018458,0.024000001
,,,-0.00018457,0.023200001
,,,-0.00018456,0.023200001
,,,-0.00018455,0.024000001
,,,-0.00018454,0.024000001
,,,-0.00018453,0.024800001
,,,-0.00018452,0.024000001
,,,-0.00018451,0.022400001
,,,-0.0001845,0.024800001
,,,-0.00018449,0.022400001
,,,-0.00018448,0.024800001
,,,-0.00018447,0.024000001
,,,-0.00018446,0.024800001
,,,-0.00018445,0.024000001
,,,-0.00018444,0.024800001
,,,-0.00018443,0.024000001
,,,-0.00018442,0.024800001
,,,-0.00018441,0.023200001
,,,-0.0001844,0.024000001
,,,-0.00018439,0.024800001
,,,-0.00018438,0.024800001
,,,-0.00018437,0.024000001
,,,-0.00018436,0.024000001
,,,-0.00018435,0.023200001
,,,-0.00018434,0.024000001
,,,-0.00018433,0.023200001
,,,-0.00018432,0.024000001
,,,-0.00018431,0.024000001
,,,-0.0001843,0.025600002
,,,-0.00018429,0.024000001
,,,-0.00018428,0.024800001
,,,-0.00018427,0.024000001
,,,-0.00018426,0.024000001
,,,-0.00018425,0.023200001
,,,-0.00018424,0.024000001
,,,-0.00018423,0.024000001
,,,-0.00018422,0.024000001
,,,-0.00018421,0.024800001
,,,-0.0001842,0.024000001
,,,-0.00018419,0.024000001
,,,-0.00018418,0.024800001
,,,-0.00018417,0.024000001
,,,-0.00018416,0.024000001
,,,-0.00018415,0.024800001
,,,-0.00018414,0.024000001
,,,-0.00018413,0.025600002
,,,-0.00018412,0.024800001
,,,-0.00018411,0.024000001
,,,-0.0001841,0.023200001
,,,-0.00018409,0.024000001
,,,-0.00018408,0.024800001
,,,-0.00018407,0.023200001
,,,-0.00018406,0.024000001
,,,-0.00018405,0.024000001
,,,-0.00018404,0.024800001
,,,-0.00018403,0.024000001
,,,-0.00018402,0.024800001
,,,-0.00018401,0.024800001
,,,-0.000184,0.022400001
,,,-0.00018399,0.025600002
,,,-0.00018398,0.023200001
,,,-0.00018397,0.024800001
,,,-0.00018396,0.024000001
,,,-0.00018395,0.025600002
,,,-0.00018394,0.024800001
,,,-0.00018393,0.024000001
,,,-0.00018392,0.024000001
,,,-0.00018391,0.022400001
,,,-0.0001839,0.024800001
,,,-0.00018389,0.024000001
,,,-0.00018388,0.022400001
,,,-0.00018387,0.023200001
,,,-0.00018386,0.024800001
,,,-0.00018385,0.023200001
,,,-0.00018384,0.025600002
,,,-0.00018383,0.024800001
,,,-0.00018382,0.024000001
,,,-0.00018381,0.023200001
,,,-0.0001838,0.024800001
,,,-0.00018379,0.024000001
,,,-0.00018378,0.025600002
,,,-0.00018377,0.023200001
,,,-0.00018376,0.024000001
,,,-0.00018375,0.024800001
,,,-0.00018374,0.024000001
,,,-0.00018373,0.024000001
,,,-0.00018372,0.024800001
,,,-0.00018371,0.023200001
,,,-0.0001837,0.023200001
,,,-0.00018369,0.024800001
,,,-0.00018368,0.022400001
,,,-0.00018367,0.024000001
,,,-0.00018366,0.024800001
,,,-0.00018365,0.024800001
,,,-0.00018364,0.024800001
,,,-0.00018363,0.024000001
,,,-0.00018362,0.023200001
,,,-0.00018361,0.024800001
,,,-0.0001836,0.024000001
,,,-0.00018359,0.023200001
,,,-0.00018358,0.025600002
,,,-0.00018357,0.025600002
,,,-0.00018356,0.024000001
,,,-0.00018355,0.024000001
,,,-0.00018354,0.024000001
,,,-0.00018353,0.023200001
,,,-0.00018352,0.024000001
,,,-0.00018351,0.023200001
,,,-0.0001835,0.024000001
,,,-0.00018349,0.024000001
,,,-0.00018348,0.024800001
,,,-0.00018347,0.025600002
,,,-0.00018346,0.023200001
,,,-0.00018345,0.024000001
,,,-0.00018344,0.024000001
,,,-0.00018343,0.023200001
,,,-0.00018342,0.024000001
,,,-0.00018341,0.024800001
,,,-0.0001834,0.024000001
,,,-0.00018339,0.025600002
,,,-0.00018338,0.024000001
,,,-0.00018337,0.024000001
,,,-0.00018336,0.025600002
,,,-0.00018335,0.024000001
,,,-0.00018334,0.024000001
,,,-0.00018333,0.025600002
,,,-0.00018332,0.024000001
,,,-0.00018331,0.024800001
,,,-0.0001833,0.024000001
,,,-0.00018329,0.024000001
,,,-0.00018328,0.024000001
,,,-0.00018327,0.024800001
,,,-0.00018326,0.025600002
,,,-0.00018325,0.023200001
,,,-0.00018324,0.024000001
,,,-0.00018323,0.024000001
,,,-0.00018322,0.024000001
,,,-0.00018321,0.024000001
,,,-0.0001832,0.024000001
,,,-0.00018319,0.024000001
,,,-0.00018318,0.024000001
,,,-0.00018317,0.024000001
,,,-0.00018316,0.024000001
,,,-0.00018315,0.024000001
,,,-0.00018314,0.024000001
,,,-0.00018313,0.024800001
,,,-0.00018312,0.024000001
,,,-0.00018311,0.024000001
,,,-0.0001831,0.024800001
,,,-0.00018309,0.022400001
,,,-0.00018308,0.024800001
,,,-0.00018307,0.024000001
,,,-0.00018306,0.025600002
,,,-0.00018305,0.024000001
,,,-0.00018304,0.024000001
,,,-0.00018303,0.023200001
,,,-0.00018302,0.024000001
,,,-0.00018301,0.022400001
,,,-0.000183,0.023200001
,,,-0.00018299,0.024000001
,,,-0.00018298,0.024000001
,,,-0.00018297,0.024800001
,,,-0.00018296,0.024000001
,,,-0.00018295,0.022400001
,,,-0.00018294,0.024800001
,,,-0.00018293,0.024000001
,,,-0.00018292,0.024800001
,,,-0.00018291,0.023200001
,,,-0.0001829,0.023200001
,,,-0.00018289,0.024000001
,,,-0.00018288,0.024800001
,,,-0.00018287,0.023200001
,,,-0.00018286,0.023200001
,,,-0.00018285,0.024800001
,,,-0.00018284,0.023200001
,,,-0.00018283,0.024800001
,,,-0.00018282,0.024000001
,,,-0.00018281,0.024800001
,,,-0.0001828,0.024000001
,,,-0.00018279,0.024800001
,,,-0.00018278,0.025600002
,,,-0.00018277,0.024000001
,,,-0.00018276,0.025600002
,,,-0.00018275,0.024800001
,,,-0.00018274,0.024800001
,,,-0.00018273,0.024000001
,,,-0.00018272,0.024000001
,,,-0.00018271,0.024000001
,,,-0.0001827,0.024000001
,,,-0.00018269,0.025600002
,,,-0.00018268,0.024000001
,,,-0.00018267,0.024800001
,,,-0.00018266,0.023200001
,,,-0.00018265,0.023200001
,,,-0.00018264,0.023200001
,,,-0.00018263,0.024800001
,,,-0.00018262,0.023200001
,,,-0.00018261,0.024000001
,,,-0.0001826,0.025600002
,,,-0.00018259,0.024800001
,,,-0.00018258,0.024000001
,,,-0.00018257,0.024000001
,,,-0.00018256,0.024800001
,,,-0.00018255,0.024000001
,,,-0.00018254,0.024800001
,,,-0.00018253,0.024000001
,,,-0.00018252,0.024000001
,,,-0.00018251,0.024800001
,,,-0.0001825,0.021600001
,,,-0.00018249,0.024000001
,,,-0.00018248,0.024800001
,,,-0.00018247,0.024800001
,,,-0.00018246,0.023200001
,,,-0.00018245,0.024800001
,,,-0.00018244,0.024000001
,,,-0.00018243,0.024800001
,,,-0.00018242,0.025600002
,,,-0.00018241,0.023200001
,,,-0.0001824,0.024000001
,,,-0.00018239,0.025600002
,,,-0.00018238,0.024000001
,,,-0.00018237,0.024800001
,,,-0.00018236,0.024000001
,,,-0.00018235,0.024800001
,,,-0.00018234,0.025600002
,,,-0.00018233,0.024800001
,,,-0.00018232,0.024000001
,,,-0.00018231,0.024000001
,,,-0.0001823,0.024800001
,,,-0.00018229,0.024800001
,,,-0.00018228,0.024000001
,,,-0.00018227,0.024000001
,,,-0.00018226,0.022400001
,,,-0.00018225,0.024000001
,,,-0.00018224,0.024800001
,,,-0.00018223,0.024000001
,,,-0.00018222,0.024000001
,,,-0.00018221,0.024000001
,,,-0.0001822,0.022400001
,,,-0.00018219,0.024000001
,,,-0.00018218,0.024800001
,,,-0.00018217,0.021600001
,,,-0.00018216,0.024000001
,,,-0.00018215,0.024800001
,,,-0.00018214,0.024000001
,,,-0.00018213,0.025600002
,,,-0.00018212,0.026400002
,,,-0.00018211,0.023200001
,,,-0.0001821,0.024000001
,,,-0.00018209,0.024000001
,,,-0.00018208,0.024000001
,,,-0.00018207,0.024000001
,,,-0.00018206,0.024000001
,,,-0.00018205,0.024000001
,,,-0.00018204,0.025600002
,,,-0.00018203,0.024800001
,,,-0.00018202,0.024000001
,,,-0.00018201,0.023200001
,,,-0.000182,0.025600002
,,,-0.00018199,0.023200001
,,,-0.00018198,0.024000001
,,,-0.00018197,0.024800001
,,,-0.00018196,0.025600002
,,,-0.00018195,0.025600002
,,,-0.00018194,0.024800001
,,,-0.00018193,0.022400001
,,,-0.00018192,0.024800001
,,,-0.00018191,0.023200001
,,,-0.0001819,0.024000001
,,,-0.00018189,0.024000001
,,,-0.00018188,0.024000001
,,,-0.00018187,0.024800001
,,,-0.00018186,0.024000001
,,,-0.00018185,0.024800001
,,,-0.00018184,0.024000001
,,,-0.00018183,0.024800001
,,,-0.00018182,0.023200001
,,,-0.00018181,0.024000001
,,,-0.0001818,0.023200001
,,,-0.00018179,0.024000001
,,,-0.00018178,0.024800001
,,,-0.00018177,0.024000001
,,,-0.00018176,0.024000001
,,,-0.00018175,0.024800001
,,,-0.00018174,0.024800001
,,,-0.00018173,0.024000001
,,,-0.00018172,0.024000001
,,,-0.00018171,0.024000001
,,,-0.0001817,0.026400002
,,,-0.00018169,0.024000001
,,,-0.00018168,0.024000001
,,,-0.00018167,0.025600002
,,,-0.00018166,0.024000001
,,,-0.00018165,0.023200001
,,,-0.00018164,0.024000001
,,,-0.00018163,0.024800001
,,,-0.00018162,0.024000001
,,,-0.00018161,0.024000001
,,,-0.0001816,0.024000001
,,,-0.00018159,0.024000001
,,,-0.00018158,0.025600002
,,,-0.00018157,0.024000001
,,,-0.00018156,0.024800001
,,,-0.00018155,0.024000001
,,,-0.00018154,0.024800001
,,,-0.00018153,0.024000001
,,,-0.00018152,0.024000001
,,,-0.00018151,0.024000001
,,,-0.0001815,0.025600002
,,,-0.00018149,0.024800001
,,,-0.00018148,0.023200001
,,,-0.00018147,0.023200001
,,,-0.00018146,0.023200001
,,,-0.00018145,0.023200001
,,,-0.00018144,0.023200001
,,,-0.00018143,0.024000001
,,,-0.00018142,0.024800001
,,,-0.00018141,0.024800001
,,,-0.0001814,0.024000001
,,,-0.00018139,0.023200001
,,,-0.00018138,0.024000001
,,,-0.00018137,0.024000001
,,,-0.00018136,0.024800001
,,,-0.00018135,0.023200001
,,,-0.00018134,0.024800001
,,,-0.00018133,0.024000001
,,,-0.00018132,0.024000001
,,,-0.00018131,0.023200001
,,,-0.0001813,0.023200001
,,,-0.00018129,0.024000001
,,,-0.00018128,0.024000001
,,,-0.00018127,0.022400001
,,,-0.00018126,0.024800001
,,,-0.00018125,0.024800001
,,,-0.00018124,0.024800001
,,,-0.00018123,0.022400001
,,,-0.00018122,0.024800001
,,,-0.00018121,0.024000001
,,,-0.0001812,0.023200001
,,,-0.00018119,0.025600002
,,,-0.00018118,0.024800001
,,,-0.00018117,0.024800001
,,,-0.00018116,0.024000001
,,,-0.00018115,0.024000001
,,,-0.00018114,0.023200001
,,,-0.00018113,0.024000001
,,,-0.00018112,0.024000001
,,,-0.00018111,0.024800001
,,,-0.0001811,0.024800001
,,,-0.00018109,0.023200001
,,,-0.00018108,0.024000001
,,,-0.00018107,0.024000001
,,,-0.00018106,0.022400001
,,,-0.00018105,0.026400002
,,,-0.00018104,0.024000001
,,,-0.00018103,0.024000001
,,,-0.00018102,0.023200001
,,,-0.00018101,0.023200001
,,,-0.000181,0.023200001
,,,-0.00018099,0.023200001
,,,-0.00018098,0.026400002
,,,-0.00018097,0.024000001
,,,-0.00018096,0.025600002
,,,-0.00018095,0.023200001
,,,-0.00018094,0.024000001
,,,-0.00018093,0.024000001
,,,-0.00018092,0.024000001
,,,-0.00018091,0.024800001
,,,-0.0001809,0.023200001
,,,-0.00018089,0.024800001
,,,-0.00018088,0.023200001
,,,-0.00018087,0.024800001
,,,-0.00018086,0.024000001
,,,-0.00018085,0.023200001
,,,-0.00018084,0.024000001
,,,-0.00018083,0.024000001
,,,-0.00018082,0.024000001
,,,-0.00018081,0.024000001
,,,-0.0001808,0.024000001
,,,-0.00018079,0.024000001
,,,-0.00018078,0.024000001
,,,-0.00018077,0.024000001
,,,-0.00018076,0.023200001
,,,-0.00018075,0.024000001
,,,-0.00018074,0.024000001
,,,-0.00018073,0.023200001
,,,-0.00018072,0.024000001
,,,-0.00018071,0.024000001
,,,-0.0001807,0.024000001
,,,-0.00018069,0.024000001
,,,-0.00018068,0.025600002
,,,-0.00018067,0.024000001
,,,-0.00018066,0.024000001
,,,-0.00018065,0.024000001
,,,-0.00018064,0.024000001
,,,-0.00018063,0.023200001
,,,-0.00018062,0.025600002
,,,-0.00018061,0.025600002
,,,-0.0001806,0.024800001
,,,-0.00018059,0.024800001
,,,-0.00018058,0.024000001
,,,-0.00018057,0.023200001
,,,-0.00018056,0.024000001
,,,-0.00018055,0.024800001
,,,-0.00018054,0.024800001
,,,-0.00018053,0.024800001
,,,-0.00018052,0.024000001
,,,-0.00018051,0.024800001
,,,-0.0001805,0.024800001
,,,-0.00018049,0.023200001
,,,-0.00018048,0.024000001
,,,-0.00018047,0.024000001
,,,-0.00018046,0.024000001
,,,-0.00018045,0.024000001
,,,-0.00018044,0.023200001
,,,-0.00018043,0.024000001
,,,-0.00018042,0.024000001
,,,-0.00018041,0.024000001
,,,-0.0001804,0.024000001
,,,-0.00018039,0.025600002
,,,-0.00018038,0.025600002
,,,-0.00018037,0.024800001
,,,-0.00018036,0.024000001
,,,-0.00018035,0.024800001
,,,-0.00018034,0.024800001
,,,-0.00018033,0.024800001
,,,-0.00018032,0.021600001
,,,-0.00018031,0.025600002
,,,-0.0001803,0.024000001
,,,-0.00018029,0.024800001
,,,-0.00018028,0.024000001
,,,-0.00018027,0.024000001
,,,-0.00018026,0.024000001
,,,-0.00018025,0.024000001
,,,-0.00018024,0.024000001
,,,-0.00018023,0.024000001
,,,-0.00018022,0.024000001
,,,-0.00018021,0.024000001
,,,-0.0001802,0.024000001
,,,-0.00018019,0.024000001
,,,-0.00018018,0.023200001
,,,-0.00018017,0.024000001
,,,-0.00018016,0.023200001
,,,-0.00018015,0.025600002
,,,-0.00018014,0.024000001
,,,-0.00018013,0.024000001
,,,-0.00018012,0.023200001
,,,-0.00018011,0.023200001
,,,-0.0001801,0.025600002
,,,-0.00018009,0.024000001
,,,-0.00018008,0.024000001
,,,-0.00018007,0.024000001
,,,-0.00018006,0.024000001
,,,-0.00018005,0.022400001
,,,-0.00018004,0.024800001
,,,-0.00018003,0.024000001
,,,-0.00018002,0.023200001
,,,-0.00018001,0.024000001
,,,-0.00018,0.023200001
,,,-0.00017999,0.024000001
,,,-0.00017998,0.024000001
,,,-0.00017997,0.024800001
,,,-0.00017996,0.024000001
,,,-0.00017995,0.024800001
,,,-0.00017994,0.024000001
,,,-0.00017993,0.024800001
,,,-0.00017992,0.026400002
,,,-0.00017991,0.024000001
,,,-0.0001799,0.024800001
,,,-0.00017989,0.024000001
,,,-0.00017988,0.024800001
,,,-0.00017987,0.026400002
,,,-0.00017986,0.024000001
,,,-0.00017985,0.024000001
,,,-0.00017984,0.024800001
,,,-0.00017983,0.023200001
,,,-0.00017982,0.023200001
,,,-0.00017981,0.024800001
,,,-0.0001798,0.024000001
,,,-0.00017979,0.023200001
,,,-0.00017978,0.024000001
,,,-0.00017977,0.023200001
,,,-0.00017976,0.024000001
,,,-0.00017975,0.025600002
,,,-0.00017974,0.022400001
,,,-0.00017973,0.024000001
,,,-0.00017972,0.024000001
,,,-0.00017971,0.023200001
,,,-0.0001797,0.024800001
,,,-0.00017969,0.024000001
,,,-0.00017968,0.024800001
,,,-0.00017967,0.024000001
,,,-0.00017966,0.024000001
,,,-0.00017965,0.024000001
,,,-0.00017964,0.024000001
,,,-0.00017963,0.024000001
,,,-0.00017962,0.024000001
,,,-0.00017961,0.023200001
,,,-0.0001796,0.023200001
,,,-0.00017959,0.024000001
,,,-0.00017958,0.024800001
,,,-0.00017957,0.025600002
,,,-0.00017956,0.024800001
,,,-0.00017955,0.024800001
,,,-0.00017954,0.024000001
,,,-0.00017953,0.024000001
,,,-0.00017952,0.024800001
,,,-0.00017951,0.024800001
,,,-0.0001795,0.024000001
,,,-0.00017949,0.024000001
,,,-0.00017948,0.024000001
,,,-0.00017947,0.024000001
,,,-0.00017946,0.023200001
,,,-0.00017945,0.024000001
,,,-0.00017944,0.024000001
,,,-0.00017943,0.024000001
,,,-0.00017942,0.022400001
,,,-0.00017941,0.022400001
,,,-0.0001794,0.024000001
,,,-0.00017939,0.023200001
,,,-0.00017938,0.022400001
,,,-0.00017937,0.024800001
,,,-0.00017936,0.024800001
,,,-0.00017935,0.025600002
,,,-0.00017934,0.024800001
,,,-0.00017933,0.024000001
,,,-0.00017932,0.024000001
,,,-0.00017931,0.025600002
,,,-0.0001793,0.026400002
,,,-0.00017929,0.024800001
,,,-0.00017928,0.024800001
,,,-0.00017927,0.023200001
,,,-0.00017926,0.024000001
,,,-0.00017925,0.024000001
,,,-0.00017924,0.025600002
,,,-0.00017923,0.024000001
,,,-0.00017922,0.024000001
,,,-0.00017921,0.024000001
,,,-0.0001792,0.023200001
,,,-0.00017919,0.023200001
,,,-0.00017918,0.024000001
,,,-0.00017917,0.024000001
,,,-0.00017916,0.026400002
,,,-0.00017915,0.024800001
,,,-0.00017914,0.024000001
,,,-0.00017913,0.023200001
,,,-0.00017912,0.024800001
,,,-0.00017911,0.025600002
,,,-0.0001791,0.024800001
,,,-0.00017909,0.023200001
,,,-0.00017908,0.025600002
,,,-0.00017907,0.024800001
,,,-0.00017906,0.023200001
,,,-0.00017905,0.024000001
,,,-0.00017904,0.024000001
,,,-0.00017903,0.024000001
,,,-0.00017902,0.024000001
,,,-0.00017901,0.025600002
,,,-0.000179,0.024000001
,,,-0.00017899,0.023200001
,,,-0.00017898,0.024800001
,,,-0.00017897,0.023200001
,,,-0.00017896,0.024000001
,,,-0.00017895,0.024000001
,,,-0.00017894,0.024000001
,,,-0.00017893,0.024800001
,,,-0.00017892,0.024800001
,,,-0.00017891,0.024000001
,,,-0.0001789,0.026400002
,,,-0.00017889,0.024000001
,,,-0.00017888,0.022400001
,,,-0.00017887,0.023200001
,,,-0.00017886,0.024000001
,,,-0.00017885,0.024000001
,,,-0.00017884,0.024800001
,,,-0.00017883,0.024000001
,,,-0.00017882,0.024000001
,,,-0.00017881,0.024800001
,,,-0.0001788,0.024000001
,,,-0.00017879,0.023200001
,,,-0.00017878,0.024800001
,,,-0.00017877,0.024000001
,,,-0.00017876,0.024000001
,,,-0.00017875,0.024800001
,,,-0.00017874,0.024800001
,,,-0.00017873,0.024800001
,,,-0.00017872,0.025600002
,,,-0.00017871,0.022400001
,,,-0.0001787,0.025600002
,,,-0.00017869,0.024000001
,,,-0.00017868,0.024800001
,,,-0.00017867,0.023200001
,,,-0.00017866,0.024000001
,,,-0.00017865,0.024000001
,,,-0.00017864,0.024000001
,,,-0.00017863,0.023200001
,,,-0.00017862,0.024000001
,,,-0.00017861,0.024800001
,,,-0.0001786,0.024000001
,,,-0.00017859,0.023200001
,,,-0.00017858,0.022400001
,,,-0.00017857,0.024000001
,,,-0.00017856,0.025600002
,,,-0.00017855,0.024000001
,,,-0.00017854,0.023200001
,,,-0.00017853,0.024000001
,,,-0.00017852,0.024000001
,,,-0.00017851,0.022400001
,,,-0.0001785,0.023200001
,,,-0.00017849,0.025600002
,,,-0.00017848,0.024000001
,,,-0.00017847,0.023200001
,,,-0.00017846,0.024000001
,,,-0.00017845,0.024800001
,,,-0.00017844,0.024800001
,,,-0.00017843,0.024000001
,,,-0.00017842,0.023200001
,,,-0.00017841,0.024000001
,,,-0.0001784,0.024800001
,,,-0.00017839,0.024000001
,,,-0.00017838,0.024000001
,,,-0.00017837,0.023200001
,,,-0.00017836,0.025600002
,,,-0.00017835,0.025600002
,,,-0.00017834,0.024800001
,,,-0.00017833,0.024000001
,,,-0.00017832,0.024000001
,,,-0.00017831,0.024800001
,,,-0.0001783,0.023200001
,,,-0.00017829,0.025600002
,,,-0.00017828,0.024000001
,,,-0.00017827,0.022400001
,,,-0.00017826,0.025600002
,,,-0.00017825,0.024800001
,,,-0.00017824,0.024000001
,,,-0.00017823,0.024800001
,,,-0.00017822,0.024800001
,,,-0.00017821,0.024000001
,,,-0.0001782,0.023200001
,,,-0.00017819,0.024800001
,,,-0.00017818,0.024000001
,,,-0.00017817,0.024000001
,,,-0.00017816,0.023200001
,,,-0.00017815,0.024800001
,,,-0.00017814,0.024000001
,,,-0.00017813,0.024000001
,,,-0.00017812,0.023200001
,,,-0.00017811,0.024000001
,,,-0.0001781,0.024800001
,,,-0.00017809,0.024000001
,,,-0.00017808,0.024800001
,,,-0.00017807,0.023200001
,,,-0.00017806,0.024000001
,,,-0.00017805,0.024000001
,,,-0.00017804,0.024800001
,,,-0.00017803,0.022400001
,,,-0.00017802,0.023200001
,,,-0.00017801,0.024800001
,,,-0.000178,0.023200001
,,,-0.00017799,0.023200001
,,,-0.00017798,0.025600002
,,,-0.00017797,0.023200001
,,,-0.00017796,0.025600002
,,,-0.00017795,0.024800001
,,,-0.00017794,0.025600002
,,,-0.00017793,0.024000001
,,,-0.00017792,0.024000001
,,,-0.00017791,0.024000001
,,,-0.0001779,0.024000001
,,,-0.00017789,0.024800001
,,,-0.00017788,0.024000001
,,,-0.00017787,0.024000001
,,,-0.00017786,0.027200002
,,,-0.00017785,0.023200001
,,,-0.00017784,0.024000001
,,,-0.00017783,0.023200001
,,,-0.00017782,0.024800001
,,,-0.00017781,0.025600002
,,,-0.0001778,0.024000001
,,,-0.00017779,0.024800001
,,,-0.00017778,0.024000001
,,,-0.00017777,0.023200001
,,,-0.00017776,0.024000001
,,,-0.00017775,0.024000001
,,,-0.00017774,0.024000001
,,,-0.00017773,0.024800001
,,,-0.00017772,0.024000001
,,,-0.00017771,0.023200001
,,,-0.0001777,0.024800001
,,,-0.00017769,0.025600002
,,,-0.00017768,0.024000001
,,,-0.00017767,0.024800001
,,,-0.00017766,0.023200001
,,,-0.00017765,0.024000001
,,,-0.00017764,0.024000001
,,,-0.00017763,0.024000001
,,,-0.00017762,0.024000001
,,,-0.00017761,0.025600002
,,,-0.0001776,0.024800001
,,,-0.00017759,0.024800001
,,,-0.00017758,0.024000001
,,,-0.00017757,0.025600002
,,,-0.00017756,0.023200001
,,,-0.00017755,0.024000001
,,,-0.00017754,0.024000001
,,,-0.00017753,0.025600002
,,,-0.00017752,0.024000001
,,,-0.00017751,0.024000001
,,,-0.0001775,0.024800001
,,,-0.00017749,0.022400001
,,,-0.00017748,0.022400001
,,,-0.00017747,0.023200001
,,,-0.00017746,0.023200001
,,,-0.00017745,0.024800001
,,,-0.00017744,0.024000001
,,,-0.00017743,0.022400001
,,,-0.00017742,0.024800001
,,,-0.00017741,0.024000001
,,,-0.0001774,0.024000001
,,,-0.00017739,0.024800001
,,,-0.00017738,0.024800001
,,,-0.00017737,0.024000001
,,,-0.00017736,0.022400001
,,,-0.00017735,0.025600002
,,,-0.00017734,0.024000001
,,,-0.00017733,0.024000001
,,,-0.00017732,0.025600002
,,,-0.00017731,0.024800001
,,,-0.0001773,0.022400001
,,,-0.00017729,0.024000001
,,,-0.00017728,0.024800001
,,,-0.00017727,0.023200001
,,,-0.00017726,0.026400002
,,,-0.00017725,0.024000001
,,,-0.00017724,0.025600002
,,,-0.00017723,0.023200001
,,,-0.00017722,0.024800001
,,,-0.00017721,0.024000001
,,,-0.0001772,0.024000001
,,,-0.00017719,0.024800001
,,,-0.00017718,0.024000001
,,,-0.00017717,0.024800001
,,,-0.00017716,0.024000001
,,,-0.00017715,0.023200001
,,,-0.00017714,0.024800001
,,,-0.00017713,0.023200001
,,,-0.00017712,0.023200001
,,,-0.00017711,0.024000001
,,,-0.0001771,0.024800001
,,,-0.00017709,0.023200001
,,,-0.00017708,0.025600002
,,,-0.00017707,0.025600002
,,,-0.00017706,0.024800001
,,,-0.00017705,0.026400002
,,,-0.00017704,0.024800001
,,,-0.00017703,0.025600002
,,,-0.00017702,0.024800001
,,,-0.00017701,0.025600002
,,,-0.000177,0.024000001
,,,-0.00017699,0.024000001
,,,-0.00017698,0.024800001
,,,-0.00017697,0.024800001
,,,-0.00017696,0.024000001
,,,-0.00017695,0.025600002
,,,-0.00017694,0.024000001
,,,-0.00017693,0.024000001
,,,-0.00017692,0.024800001
,,,-0.00017691,0.023200001
,,,-0.0001769,0.024000001
,,,-0.00017689,0.024800001
,,,-0.00017688,0.023200001
,,,-0.00017687,0.024000001
,,,-0.00017686,0.024000001
,,,-0.00017685,0.024000001
,,,-0.00017684,0.024000001
,,,-0.00017683,0.024000001
,,,-0.00017682,0.024000001
,,,-0.00017681,0.024000001
,,,-0.0001768,0.024000001
,,,-0.00017679,0.022400001
,,,-0.00017678,0.023200001
,,,-0.00017677,0.025600002
,,,-0.00017676,0.024000001
,,,-0.00017675,0.024000001
,,,-0.00017674,0.025600002
,,,-0.00017673,0.024800001
,,,-0.00017672,0.024000001
,,,-0.00017671,0.024800001
,,,-0.0001767,0.024800001
,,,-0.00017669,0.024000001
,,,-0.00017668,0.025600002
,,,-0.00017667,0.024800001
,,,-0.00017666,0.024800001
,,,-0.00017665,0.024000001
,,,-0.00017664,0.024800001
,,,-0.00017663,0.024800001
,,,-0.00017662,0.024000001
,,,-0.00017661,0.024000001
,,,-0.0001766,0.024800001
,,,-0.00017659,0.024000001
,,,-0.00017658,0.025600002
,,,-0.00017657,0.024800001
,,,-0.00017656,0.025600002
,,,-0.00017655,0.024000001
,,,-0.00017654,0.024000001
,,,-0.00017653,0.022400001
,,,-0.00017652,0.023200001
,,,-0.00017651,0.022400001
,,,-0.0001765,0.024800001
,,,-0.00017649,0.024000001
,,,-0.00017648,0.024000001
,,,-0.00017647,0.025600002
,,,-0.00017646,0.024000001
,,,-0.00017645,0.024800001
,,,-0.00017644,0.025600002
,,,-0.00017643,0.024000001
,,,-0.00017642,0.024000001
,,,-0.00017641,0.023200001
,,,-0.0001764,0.024000001
,,,-0.00017639,0.023200001
,,,-0.00017638,0.023200001
,,,-0.00017637,0.024800001
,,,-0.00017636,0.024000001
,,,-0.00017635,0.024800001
,,,-0.00017634,0.024800001
,,,-0.00017633,0.025600002
,,,-0.00017632,0.023200001
,,,-0.00017631,0.024000001
,,,-0.0001763,0.024000001
,,,-0.00017629,0.024000001
,,,-0.00017628,0.024000001
,,,-0.00017627,0.025600002
,,,-0.00017626,0.024000001
,,,-0.00017625,0.022400001
,,,-0.00017624,0.024000001
,,,-0.00017623,0.025600002
,,,-0.00017622,0.024800001
,,,-0.00017621,0.024800001
,,,-0.0001762,0.025600002
,,,-0.00017619,0.024800001
,,,-0.00017618,0.025600002
,,,-0.00017617,0.023200001
,,,-0.00017616,0.025600002
,,,-0.00017615,0.024800001
,,,-0.00017614,0.024000001
,,,-0.00017613,0.024000001
,,,-0.00017612,0.024000001
,,,-0.00017611,0.024000001
,,,-0.0001761,0.024000001
,,,-0.00017609,0.023200001
,,,-0.00017608,0.024000001
,,,-0.00017607,0.023200001
,,,-0.00017606,0.024000001
,,,-0.00017605,0.024000001
,,,-0.00017604,0.024000001
,,,-0.00017603,0.023200001
,,,-0.00017602,0.024000001
,,,-0.00017601,0.024800001
,,,-0.000176,0.024800001
,,,-0.00017599,0.024000001
,,,-0.00017598,0.024000001
,,,-0.00017597,0.024800001
,,,-0.00017596,0.024800001
,,,-0.00017595,0.025600002
,,,-0.00017594,0.024000001
,,,-0.00017593,0.024000001
,,,-0.00017592,0.024000001
,,,-0.00017591,0.023200001
,,,-0.0001759,0.024800001
,,,-0.00017589,0.024000001
,,,-0.00017588,0.024800001
,,,-0.00017587,0.024000001
,,,-0.00017586,0.023200001
,,,-0.00017585,0.024000001
,,,-0.00017584,0.024800001
,,,-0.00017583,0.024000001
,,,-0.00017582,0.024000001
,,,-0.00017581,0.024800001
,,,-0.0001758,0.023200001
,,,-0.00017579,0.024000001
,,,-0.00017578,0.025600002
,,,-0.00017577,0.024000001
,,,-0.00017576,0.024000001
,,,-0.00017575,0.024800001
,,,-0.00017574,0.024800001
,,,-0.00017573,0.024000001
,,,-0.00017572,0.024000001
,,,-0.00017571,0.024800001
,,,-0.0001757,0.024000001
,,,-0.00017569,0.023200001
,,,-0.00017568,0.023200001
,,,-0.00017567,0.025600002
,,,-0.00017566,0.024000001
,,,-0.00017565,0.025600002
,,,-0.00017564,0.024000001
,,,-0.00017563,0.024000001
,,,-0.00017562,0.024000001
,,,-0.00017561,0.023200001
,,,-0.0001756,0.024800001
,,,-0.00017559,0.024000001
,,,-0.00017558,0.024000001
,,,-0.00017557,0.024000001
,,,-0.00017556,0.023200001
,,,-0.00017555,0.025600002
,,,-0.00017554,0.024000001
,,,-0.00017553,0.024000001
,,,-0.00017552,0.024000001
,,,-0.00017551,0.024000001
,,,-0.0001755,0.024000001
,,,-0.00017549,0.023200001
,,,-0.00017548,0.024000001
,,,-0.00017547,0.024800001
,,,-0.00017546,0.024000001
,,,-0.00017545,0.024000001
,,,-0.00017544,0.024000001
,,,-0.00017543,0.024800001
,,,-0.00017542,0.024000001
,,,-0.00017541,0.024000001
,,,-0.0001754,0.024000001
,,,-0.00017539,0.024000001
,,,-0.00017538,0.024000001
,,,-0.00017537,0.024000001
,,,-0.00017536,0.024000001
,,,-0.00017535,0.023200001
,,,-0.00017534,0.024800001
,,,-0.00017533,0.024000001
,,,-0.00017532,0.024000001
,,,-0.00017531,0.024000001
,,,-0.0001753,0.024800001
,,,-0.00017529,0.024800001
,,,-0.00017528,0.023200001
,,,-0.00017527,0.024000001
,,,-0.00017526,0.024000001
,,,-0.00017525,0.023200001
,,,-0.00017524,0.024000001
,,,-0.00017523,0.024000001
,,,-0.00017522,0.023200001
,,,-0.00017521,0.024800001
,,,-0.0001752,0.024000001
,,,-0.00017519,0.024800001
,,,-0.00017518,0.024000001
,,,-0.00017517,0.023200001
,,,-0.00017516,0.025600002
,,,-0.00017515,0.023200001
,,,-0.00017514,0.025600002
,,,-0.00017513,0.024000001
,,,-0.00017512,0.024000001
,,,-0.00017511,0.023200001
,,,-0.0001751,0.024000001
,,,-0.00017509,0.024000001
,,,-0.00017508,0.026400002
,,,-0.00017507,0.024000001
,,,-0.00017506,0.024000001
,,,-0.00017505,0.023200001
,,,-0.00017504,0.024000001
,,,-0.00017503,0.023200001
,,,-0.00017502,0.023200001
,,,-0.00017501,0.024000001
,,,-0.000175,0.024000001
,,,-0.00017499,0.024800001
,,,-0.00017498,0.024000001
,,,-0.00017497,0.024800001
,,,-0.00017496,0.024800001
,,,-0.00017495,0.024000001
,,,-0.00017494,0.025600002
,,,-0.00017493,0.024000001
,,,-0.00017492,0.025600002
,,,-0.00017491,0.024000001
,,,-0.0001749,0.024000001
,,,-0.00017489,0.024000001
,,,-0.00017488,0.026400002
,,,-0.00017487,0.024000001
,,,-0.00017486,0.025600002
,,,-0.00017485,0.024000001
,,,-0.00017484,0.024800001
,,,-0.00017483,0.024000001
,,,-0.00017482,0.024000001
,,,-0.00017481,0.024000001
,,,-0.0001748,0.024000001
,,,-0.00017479,0.024000001
,,,-0.00017478,0.024000001
,,,-0.00017477,0.024000001
,,,-0.00017476,0.024800001
,,,-0.00017475,0.025600002
,,,-0.00017474,0.024800001
,,,-0.00017473,0.023200001
,,,-0.00017472,0.025600002
,,,-0.00017471,0.024000001
,,,-0.0001747,0.023200001
,,,-0.00017469,0.025600002
,,,-0.00017468,0.023200001
,,,-0.00017467,0.023200001
,,,-0.00017466,0.023200001
,,,-0.00017465,0.024000001
,,,-0.00017464,0.024000001
,,,-0.00017463,0.024000001
,,,-0.00017462,0.025600002
,,,-0.00017461,0.023200001
,,,-0.0001746,0.024800001
,,,-0.00017459,0.022400001
,,,-0.00017458,0.024000001
,,,-0.00017457,0.024800001
,,,-0.00017456,0.024000001
,,,-0.00017455,0.024000001
,,,-0.00017454,0.024800001
,,,-0.00017453,0.024800001
,,,-0.00017452,0.024000001
,,,-0.00017451,0.023200001
,,,-0.0001745,0.024800001
,,,-0.00017449,0.023200001
,,,-0.00017448,0.024000001
,,,-0.00017447,0.025600002
,,,-0.00017446,0.024000001
,,,-0.00017445,0.025600002
,,,-0.00017444,0.024000001
,,,-0.00017443,0.023200001
,,,-0.00017442,0.023200001
,,,-0.00017441,0.023200001
,,,-0.0001744,0.024000001
,,,-0.00017439,0.021600001
,,,-0.00017438,0.024800001
,,,-0.00017437,0.023200001
,,,-0.00017436,0.024000001
,,,-0.00017435,0.024000001
,,,-0.00017434,0.024800001
,,,-0.00017433,0.024000001
,,,-0.00017432,0.025600002
,,,-0.00017431,0.025600002
,,,-0.0001743,0.026400002
,,,-0.00017429,0.024000001
,,,-0.00017428,0.022400001
,,,-0.00017427,0.024000001
,,,-0.00017426,0.024000001
,,,-0.00017425,0.024800001
,,,-0.00017424,0.024000001
,,,-0.00017423,0.024000001
,,,-0.00017422,0.024800001
,,,-0.00017421,0.024800001
,,,-0.0001742,0.024000001
,,,-0.00017419,0.024000001
,,,-0.00017418,0.024000001
,,,-0.00017417,0.023200001
,,,-0.00017416,0.024000001
,,,-0.00017415,0.024800001
,,,-0.00017414,0.024000001
,,,-0.00017413,0.024000001
,,,-0.00017412,0.024000001
,,,-0.00017411,0.024000001
,,,-0.0001741,0.024000001
,,,-0.00017409,0.024000001
,,,-0.00017408,0.024000001
,,,-0.00017407,0.024800001
,,,-0.00017406,0.021600001
,,,-0.00017405,0.022400001
,,,-0.00017404,0.024000001
,,,-0.00017403,0.023200001
,,,-0.00017402,0.024000001
,,,-0.00017401,0.027200002
,,,-0.000174,0.024000001
,,,-0.00017399,0.024800001
,,,-0.00017398,0.025600002
,,,-0.00017397,0.024000001
,,,-0.00017396,0.025600002
,,,-0.00017395,0.024000001
,,,-0.00017394,0.023200001
,,,-0.00017393,0.024000001
,,,-0.00017392,0.024000001
,,,-0.00017391,0.024000001
,,,-0.0001739,0.024000001
,,,-0.00017389,0.024000001
,,,-0.00017388,0.024800001
,,,-0.00017387,0.024000001
,,,-0.00017386,0.024000001
,,,-0.00017385,0.024000001
,,,-0.00017384,0.024000001
,,,-0.00017383,0.024000001
,,,-0.00017382,0.024000001
,,,-0.00017381,0.023200001
,,,-0.0001738,0.023200001
,,,-0.00017379,0.025600002
,,,-0.00017378,0.025600002
,,,-0.00017377,0.024000001
,,,-0.00017376,0.024000001
,,,-0.00017375,0.024800001
,,,-0.00017374,0.024800001
,,,-0.00017373,0.024800001
,,,-0.00017372,0.024800001
,,,-0.00017371,0.024000001
,,,-0.0001737,0.024000001
,,,-0.00017369,0.023200001
,,,-0.00017368,0.022400001
,,,-0.00017367,0.025600002
,,,-0.00017366,0.024000001
,,,-0.00017365,0.023200001
,,,-0.00017364,0.025600002
,,,-0.00017363,0.023200001
,,,-0.00017362,0.021600001
,,,-0.00017361,0.024800001
,,,-0.0001736,0.024800001
,,,-0.00017359,0.023200001
,,,-0.00017358,0.024800001
,,,-0.00017357,0.024800001
,,,-0.00017356,0.024800001
,,,-0.00017355,0.024000001
,,,-0.00017354,0.026400002
,,,-0.00017353,0.024000001
,,,-0.00017352,0.023200001
,,,-0.00017351,0.023200001
,,,-0.0001735,0.025600002
,,,-0.00017349,0.024800001
,,,-0.00017348,0.024800001
,,,-0.00017347,0.022400001
,,,-0.00017346,0.024800001
,,,-0.00017345,0.024800001
,,,-0.00017344,0.022400001
,,,-0.00017343,0.024000001
,,,-0.00017342,0.024800001
,,,-0.00017341,0.024800001
,,,-0.0001734,0.025600002
,,,-0.00017339,0.024000001
,,,-0.00017338,0.025600002
,,,-0.00017337,0.023200001
,,,-0.00017336,0.021600001
,,,-0.00017335,0.025600002
,,,-0.00017334,0.024800001
,,,-0.00017333,0.025600002
,,,-0.00017332,0.023200001
,,,-0.00017331,0.024000001
,,,-0.0001733,0.024800001
,,,-0.00017329,0.024800001
,,,-0.00017328,0.024000001
,,,-0.00017327,0.024000001
,,,-0.00017326,0.024800001
,,,-0.00017325,0.024000001
,,,-0.00017324,0.021600001
,,,-0.00017323,0.022400001
,,,-0.00017322,0.023200001
,,,-0.00017321,0.024000001
,,,-0.0001732,0.024000001
,,,-0.00017319,0.024000001
,,,-0.00017318,0.024000001
,,,-0.00017317,0.024000001
,,,-0.00017316,0.024800001
,,,-0.00017315,0.024000001
,,,-0.00017314,0.024800001
,,,-0.00017313,0.024000001
,,,-0.00017312,0.025600002
,,,-0.00017311,0.024000001
,,,-0.0001731,0.024000001
,,,-0.00017309,0.025600002
,,,-0.00017308,0.024000001
,,,-0.00017307,0.022400001
,,,-0.00017306,0.023200001
,,,-0.00017305,0.024000001
,,,-0.00017304,0.024000001
,,,-0.00017303,0.023200001
,,,-0.00017302,0.024000001
,,,-0.00017301,0.024000001
,,,-0.000173,0.024800001
,,,-0.00017299,0.024800001
,,,-0.00017298,0.024000001
,,,-0.00017297,0.025600002
,,,-0.00017296,0.024000001
,,,-0.00017295,0.024800001
,,,-0.00017294,0.023200001
,,,-0.00017293,0.024800001
,,,-0.00017292,0.025600002
,,,-0.00017291,0.024000001
,,,-0.0001729,0.023200001
,,,-0.00017289,0.024000001
,,,-0.00017288,0.025600002
,,,-0.00017287,0.024000001
,,,-0.00017286,0.024000001
,,,-0.00017285,0.024000001
,,,-0.00017284,0.023200001
,,,-0.00017283,0.024000001
,,,-0.00017282,0.024000001
,,,-0.00017281,0.024000001
,,,-0.0001728,0.024000001
,,,-0.00017279,0.024000001
,,,-0.00017278,0.023200001
,,,-0.00017277,0.022400001
,,,-0.00017276,0.024800001
,,,-0.00017275,0.024000001
,,,-0.00017274,0.024000001
,,,-0.00017273,0.024000001
,,,-0.00017272,0.024000001
,,,-0.00017271,0.024000001
,,,-0.0001727,0.024800001
,,,-0.00017269,0.022400001
,,,-0.00017268,0.024800001
,,,-0.00017267,0.024000001
,,,-0.00017266,0.024000001
,,,-0.00017265,0.024000001
,,,-0.00017264,0.024000001
,,,-0.00017263,0.024000001
,,,-0.00017262,0.024000001
,,,-0.00017261,0.024800001
,,,-0.0001726,0.024000001
,,,-0.00017259,0.024800001
,,,-0.00017258,0.025600002
,,,-0.00017257,0.024000001
,,,-0.00017256,0.024000001
,,,-0.00017255,0.024800001
,,,-0.00017254,0.023200001
,,,-0.00017253,0.024000001
,,,-0.00017252,0.024000001
,,,-0.00017251,0.024000001
,,,-0.0001725,0.025600002
,,,-0.00017249,0.024800001
,,,-0.00017248,0.024000001
,,,-0.00017247,0.024000001
,,,-0.00017246,0.024000001
,,,-0.00017245,0.024000001
,,,-0.00017244,0.024000001
,,,-0.00017243,0.024000001
,,,-0.00017242,0.024800001
,,,-0.00017241,0.020800001
,,,-0.0001724,0.022400001
,,,-0.00017239,0.024000001
,,,-0.00017238,0.024000001
,,,-0.00017237,0.023200001
,,,-0.00017236,0.024800001
,,,-0.00017235,0.024000001
,,,-0.00017234,0.024800001
,,,-0.00017233,0.024000001
,,,-0.00017232,0.024800001
,,,-0.00017231,0.024000001
,,,-0.0001723,0.025600002
,,,-0.00017229,0.025600002
,,,-0.00017228,0.024800001
,,,-0.00017227,0.024800001
,,,-0.00017226,0.024000001
,,,-0.00017225,0.023200001
,,,-0.00017224,0.024800001
,,,-0.00017223,0.025600002
,,,-0.00017222,0.024800001
,,,-0.00017221,0.024000001
,,,-0.0001722,0.024000001
,,,-0.00017219,0.024000001
,,,-0.00017218,0.023200001
,,,-0.00017217,0.025600002
,,,-0.00017216,0.026400002
,,,-0.00017215,0.024800001
,,,-0.00017214,0.025600002
,,,-0.00017213,0.024000001
,,,-0.00017212,0.024000001
,,,-0.00017211,0.024800001
,,,-0.0001721,0.024000001
,,,-0.00017209,0.024000001
,,,-0.00017208,0.024800001
,,,-0.00017207,0.024800001
,,,-0.00017206,0.024000001
,,,-0.00017205,0.024800001
,,,-0.00017204,0.026400002
,,,-0.00017203,0.024000001
,,,-0.00017202,0.024800001
,,,-0.00017201,0.023200001
,,,-0.000172,0.024000001
,,,-0.00017199,0.024000001
,,,-0.00017198,0.024000001
,,,-0.00017197,0.024000001
,,,-0.00017196,0.024800001
,,,-0.00017195,0.024000001
,,,-0.00017194,0.024000001
,,,-0.00017193,0.024000001
,,,-0.00017192,0.024800001
,,,-0.00017191,0.024800001
,,,-0.0001719,0.024000001
,,,-0.00017189,0.024800001
,,,-0.00017188,0.024000001
,,,-0.00017187,0.024000001
,,,-0.00017186,0.022400001
,,,-0.00017185,0.024000001
,,,-0.00017184,0.024800001
,,,-0.00017183,0.024800001
,,,-0.00017182,0.024800001
,,,-0.00017181,0.026400002
,,,-0.0001718,0.024000001
,,,-0.00017179,0.023200001
,,,-0.00017178,0.024000001
,,,-0.00017177,0.023200001
,,,-0.00017176,0.024000001
,,,-0.00017175,0.024000001
,,,-0.00017174,0.024000001
,,,-0.00017173,0.024800001
,,,-0.00017172,0.023200001
,,,-0.00017171,0.024000001
,,,-0.0001717,0.024000001
,,,-0.00017169,0.022400001
,,,-0.00017168,0.022400001
,,,-0.00017167,0.024000001
,,,-0.00017166,0.024000001
,,,-0.00017165,0.024800001
,,,-0.00017164,0.023200001
,,,-0.00017163,0.024000001
,,,-0.00017162,0.024000001
,,,-0.00017161,0.026400002
,,,-0.0001716,0.024000001
,,,-0.00017159,0.024000001
,,,-0.00017158,0.024000001
,,,-0.00017157,0.023200001
,,,-0.00017156,0.024000001
,,,-0.00017155,0.024000001
,,,-0.00017154,0.024000001
,,,-0.00017153,0.024800001
,,,-0.00017152,0.024800001
,,,-0.00017151,0.024800001
,,,-0.0001715,0.024000001
,,,-0.00017149,0.024000001
,,,-0.00017148,0.024800001
,,,-0.00017147,0.024000001
,,,-0.00017146,0.024000001
,,,-0.00017145,0.024000001
,,,-0.00017144,0.024000001
,,,-0.00017143,0.024800001
,,,-0.00017142,0.024800001
,,,-0.00017141,0.024800001
,,,-0.0001714,0.024000001
,,,-0.00017139,0.024800001
,,,-0.00017138,0.025600002
,,,-0.00017137,0.023200001
,,,-0.00017136,0.024000001
,,,-0.00017135,0.024000001
,,,-0.00017134,0.024000001
,,,-0.00017133,0.024800001
,,,-0.00017132,0.024800001
,,,-0.00017131,0.024800001
,,,-0.0001713,0.024000001
,,,-0.00017129,0.024000001
,,,-0.00017128,0.024800001
,,,-0.00017127,0.023200001
,,,-0.00017126,0.024000001
,,,-0.00017125,0.024800001
,,,-0.00017124,0.024000001
,,,-0.00017123,0.025600002
,,,-0.00017122,0.024800001
,,,-0.00017121,0.024000001
,,,-0.0001712,0.024000001
,,,-0.00017119,0.024000001
,,,-0.00017118,0.024800001
,,,-0.00017117,0.025600002
,,,-0.00017116,0.024000001
,,,-0.00017115,0.023200001
,,,-0.00017114,0.024000001
,,,-0.00017113,0.026400002
,,,-0.00017112,0.024000001
,,,-0.00017111,0.024000001
,,,-0.0001711,0.025600002
,,,-0.00017109,0.024800001
,,,-0.00017108,0.024800001
,,,-0.00017107,0.024000001
,,,-0.00017106,0.024000001
,,,-0.00017105,0.024800001
,,,-0.00017104,0.024000001
,,,-0.00017103,0.024000001
,,,-0.00017102,0.024800001
,,,-0.00017101,0.024000001
,,,-0.000171,0.025600002
,,,-0.00017099,0.024800001
,,,-0.00017098,0.025600002
,,,-0.00017097,0.024800001
,,,-0.00017096,0.024800001
,,,-0.00017095,0.024800001
,,,-0.00017094,0.025600002
,,,-0.00017093,0.024000001
,,,-0.00017092,0.024800001
,,,-0.00017091,0.024000001
,,,-0.0001709,0.024000001
,,,-0.00017089,0.024000001
,,,-0.00017088,0.024000001
,,,-0.00017087,0.024800001
,,,-0.00017086,0.024000001
,,,-0.00017085,0.024000001
,,,-0.00017084,0.024000001
,,,-0.00017083,0.024000001
,,,-0.00017082,0.024000001
,,,-0.00017081,0.024000001
,,,-0.0001708,0.023200001
,,,-0.00017079,0.024800001
,,,-0.00017078,0.024800001
,,,-0.00017077,0.024800001
,,,-0.00017076,0.024000001
,,,-0.00017075,0.024000001
,,,-0.00017074,0.024800001
,,,-0.00017073,0.024800001
,,,-0.00017072,0.024800001
,,,-0.00017071,0.024800001
,,,-0.0001707,0.024000001
,,,-0.00017069,0.024000001
,,,-0.00017068,0.023200001
,,,-0.00017067,0.024000001
,,,-0.00017066,0.023200001
,,,-0.00017065,0.024800001
,,,-0.00017064,0.024000001
,,,-0.00017063,0.023200001
,,,-0.00017062,0.024000001
,,,-0.00017061,0.024000001
,,,-0.0001706,0.024000001
,,,-0.00017059,0.024000001
,,,-0.00017058,0.024000001
,,,-0.00017057,0.024000001
,,,-0.00017056,0.024800001
,,,-0.00017055,0.024000001
,,,-0.00017054,0.024000001
,,,-0.00017053,0.025600002
,,,-0.00017052,0.023200001
,,,-0.00017051,0.024800001
,,,-0.0001705,0.023200001
,,,-0.00017049,0.023200001
,,,-0.00017048,0.023200001
,,,-0.00017047,0.024000001
,,,-0.00017046,0.024000001
,,,-0.00017045,0.024000001
,,,-0.00017044,0.024000001
,,,-0.00017043,0.023200001
,,,-0.00017042,0.023200001
,,,-0.00017041,0.024800001
,,,-0.0001704,0.024000001
,,,-0.00017039,0.024000001
,,,-0.00017038,0.024000001
,,,-0.00017037,0.022400001
,,,-0.00017036,0.024000001
,,,-0.00017035,0.024800001
,,,-0.00017034,0.024800001
,,,-0.00017033,0.024000001
,,,-0.00017032,0.024800001
,,,-0.00017031,0.023200001
,,,-0.0001703,0.024800001
,,,-0.00017029,0.023200001
,,,-0.00017028,0.024000001
,,,-0.00017027,0.023200001
,,,-0.00017026,0.024000001
,,,-0.00017025,0.025600002
,,,-0.00017024,0.024800001
,,,-0.00017023,0.024800001
,,,-0.00017022,0.024800001
,,,-0.00017021,0.024800001
,,,-0.0001702,0.024000001
,,,-0.00017019,0.024000001
,,,-0.00017018,0.024000001
,,,-0.00017017,0.024000001
,,,-0.00017016,0.024000001
,,,-0.00017015,0.024000001
,,,-0.00017014,0.025600002
,,,-0.00017013,0.025600002
,,,-0.00017012,0.023200001
,,,-0.00017011,0.026400002
,,,-0.0001701,0.024000001
,,,-0.00017009,0.024000001
,,,-0.00017008,0.024000001
,,,-0.00017007,0.024000001
,,,-0.00017006,0.024000001
,,,-0.00017005,0.023200001
,,,-0.00017004,0.024800001
,,,-0.00017003,0.025600002
,,,-0.00017002,0.024800001
,,,-0.00017001,0.025600002
,,,-0.00017,0.024800001
,,,-0.00016999,0.024000001
,,,-0.00016998,0.022400001
,,,-0.00016997,0.023200001
,,,-0.00016996,0.024000001
,,,-0.00016995,0.024000001
,,,-0.00016994,0.025600002
,,,-0.00016993,0.024000001
,,,-0.00016992,0.026400002
,,,-0.00016991,0.024000001
,,,-0.0001699,0.024000001
,,,-0.00016989,0.025600002
,,,-0.00016988,0.024000001
,,,-0.00016987,0.024000001
,,,-0.00016986,0.024800001
,,,-0.00016985,0.024000001
,,,-0.00016984,0.024800001
,,,-0.00016983,0.023200001
,,,-0.00016982,0.024000001
,,,-0.00016981,0.024000001
,,,-0.0001698,0.024800001
,,,-0.00016979,0.024800001
,,,-0.00016978,0.024000001
,,,-0.00016977,0.021600001
,,,-0.00016976,0.024000001
,,,-0.00016975,0.023200001
,,,-0.00016974,0.024800001
,,,-0.00016973,0.024000001
,,,-0.00016972,0.024000001
,,,-0.00016971,0.024800001
,,,-0.0001697,0.024000001
,,,-0.00016969,0.024000001
,,,-0.00016968,0.024000001
,,,-0.00016967,0.025600002
,,,-0.00016966,0.024800001
,,,-0.00016965,0.022400001
,,,-0.00016964,0.024800001
,,,-0.00016963,0.025600002
,,,-0.00016962,0.024000001
,,,-0.00016961,0.024000001
,,,-0.0001696,0.024000001
,,,-0.00016959,0.025600002
,,,-0.00016958,0.025600002
,,,-0.00016957,0.023200001
,,,-0.00016956,0.023200001
,,,-0.00016955,0.024000001
,,,-0.00016954,0.023200001
,,,-0.00016953,0.024000001
,,,-0.00016952,0.026400002
,,,-0.00016951,0.026400002
,,,-0.0001695,0.024800001
,,,-0.00016949,0.024000001
,,,-0.00016948,0.024800001
,,,-0.00016947,0.024000001
,,,-0.00016946,0.024800001
,,,-0.00016945,0.024000001
,,,-0.00016944,0.024800001
,,,-0.00016943,0.024000001
,,,-0.00016942,0.024000001
,,,-0.00016941,0.023200001
,,,-0.0001694,0.023200001
,,,-0.00016939,0.024000001
,,,-0.00016938,0.024800001
,,,-0.00016937,0.025600002
,,,-0.00016936,0.024000001
,,,-0.00016935,0.024800001
,,,-0.00016934,0.024000001
,,,-0.00016933,0.023200001
,,,-0.00016932,0.024000001
,,,-0.00016931,0.024000001
,,,-0.0001693,0.023200001
,,,-0.00016929,0.024000001
,,,-0.00016928,0.024800001
,,,-0.00016927,0.024800001
,,,-0.00016926,0.024000001
,,,-0.00016925,0.026400002
,,,-0.00016924,0.022400001
,,,-0.00016923,0.023200001
,,,-0.00016922,0.025600002
,,,-0.00016921,0.024000001
,,,-0.0001692,0.024000001
,,,-0.00016919,0.024000001
,,,-0.00016918,0.024000001
,,,-0.00016917,0.024000001
,,,-0.00016916,0.023200001
,,,-0.00016915,0.024000001
,,,-0.00016914,0.024000001
,,,-0.00016913,0.024000001
,,,-0.00016912,0.024000001
,,,-0.00016911,0.024800001
,,,-0.0001691,0.023200001
,,,-0.00016909,0.024000001
,,,-0.00016908,0.024000001
,,,-0.00016907,0.024000001
,,,-0.00016906,0.023200001
,,,-0.00016905,0.024000001
,,,-0.00016904,0.027200002
,,,-0.00016903,0.024000001
,,,-0.00016902,0.024800001
,,,-0.00016901,0.024800001
,,,-0.000169,0.024000001
,,,-0.00016899,0.025600002
,,,-0.00016898,0.024800001
,,,-0.00016897,0.024000001
,,,-0.00016896,0.024000001
,,,-0.00016895,0.024000001
,,,-0.00016894,0.023200001
,,,-0.00016893,0.024800001
,,,-0.00016892,0.025600002
,,,-0.00016891,0.024800001
,,,-0.0001689,0.024000001
,,,-0.00016889,0.024000001
,,,-0.00016888,0.024800001
,,,-0.00016887,0.023200001
,,,-0.00016886,0.024800001
,,,-0.00016885,0.024800001
,,,-0.00016884,0.024000001
,,,-0.00016883,0.024000001
,,,-0.00016882,0.024000001
,,,-0.00016881,0.025600002
,,,-0.0001688,0.024800001
,,,-0.00016879,0.024000001
,,,-0.00016878,0.023200001
,,,-0.00016877,0.024800001
,,,-0.00016876,0.024000001
,,,-0.00016875,0.024000001
,,,-0.00016874,0.023200001
,,,-0.00016873,0.024000001
,,,-0.00016872,0.024000001
,,,-0.00016871,0.024000001
,,,-0.0001687,0.024000001
,,,-0.00016869,0.024800001
,,,-0.00016868,0.024000001
,,,-0.00016867,0.024000001
,,,-0.00016866,0.024000001
,,,-0.00016865,0.024000001
,,,-0.00016864,0.024000001
,,,-0.00016863,0.025600002
,,,-0.00016862,0.025600002
,,,-0.00016861,0.023200001
,,,-0.0001686,0.026400002
,,,-0.00016859,0.026400002
,,,-0.00016858,0.024000001
,,,-0.00016857,0.024000001
,,,-0.00016856,0.024000001
,,,-0.00016855,0.024000001
,,,-0.00016854,0.024800001
,,,-0.00016853,0.026400002
,,,-0.00016852,0.024000001
,,,-0.00016851,0.024000001
,,,-0.0001685,0.025600002
,,,-0.00016849,0.024800001
,,,-0.00016848,0.024000001
,,,-0.00016847,0.025600002
,,,-0.00016846,0.024000001
,,,-0.00016845,0.024800001
,,,-0.00016844,0.025600002
,,,-0.00016843,0.024000001
,,,-0.00016842,0.024000001
,,,-0.00016841,0.023200001
,,,-0.0001684,0.024800001
,,,-0.00016839,0.023200001
,,,-0.00016838,0.024800001
,,,-0.00016837,0.024000001
,,,-0.00016836,0.024000001
,,,-0.00016835,0.024800001
,,,-0.00016834,0.025600002
,,,-0.00016833,0.024000001
,,,-0.00016832,0.024000001
,,,-0.00016831,0.024000001
,,,-0.0001683,0.024000001
,,,-0.00016829,0.024800001
,,,-0.00016828,0.024000001
,,,-0.00016827,0.024000001
,,,-0.00016826,0.024800001
,,,-0.00016825,0.024800001
,,,-0.00016824,0.026400002
,,,-0.00016823,0.023200001
,,,-0.00016822,0.024000001
,,,-0.00016821,0.024000001
,,,-0.0001682,0.024000001
,,,-0.00016819,0.023200001
,,,-0.00016818,0.024800001
,,,-0.00016817,0.024000001
,,,-0.00016816,0.023200001
,,,-0.00016815,0.024800001
,,,-0.00016814,0.024000001
,,,-0.00016813,0.024000001
,,,-0.00016812,0.024800001
,,,-0.00016811,0.025600002
,,,-0.0001681,0.024800001
,,,-0.00016809,0.023200001
,,,-0.00016808,0.024000001
,,,-0.00016807,0.022400001
,,,-0.00016806,0.024800001
,,,-0.00016805,0.023200001
,,,-0.00016804,0.024000001
,,,-0.00016803,0.024800001
,,,-0.00016802,0.024000001
,,,-0.00016801,0.024000001
,,,-0.000168,0.024000001
,,,-0.00016799,0.024000001
,,,-0.00016798,0.023200001
,,,-0.00016797,0.024000001
,,,-0.00016796,0.026400002
,,,-0.00016795,0.025600002
,,,-0.00016794,0.025600002
,,,-0.00016793,0.022400001
,,,-0.00016792,0.024000001
,,,-0.00016791,0.024000001
,,,-0.0001679,0.024000001
,,,-0.00016789,0.024800001
,,,-0.00016788,0.024800001
,,,-0.00016787,0.024000001
,,,-0.00016786,0.024800001
,,,-0.00016785,0.024000001
,,,-0.00016784,0.025600002
,,,-0.00016783,0.024000001
,,,-0.00016782,0.024800001
,,,-0.00016781,0.024000001
,,,-0.0001678,0.024000001
,,,-0.00016779,0.024800001
,,,-0.00016778,0.024000001
,,,-0.00016777,0.024000001
,,,-0.00016776,0.025600002
,,,-0.00016775,0.024800001
,,,-0.00016774,0.024000001
,,,-0.00016773,0.022400001
,,,-0.00016772,0.024000001
,,,-0.00016771,0.024000001
,,,-0.0001677,0.023200001
,,,-0.00016769,0.025600002
,,,-0.00016768,0.024800001
,,,-0.00016767,0.022400001
,,,-0.00016766,0.025600002
,,,-0.00016765,0.024000001
,,,-0.00016764,0.025600002
,,,-0.00016763,0.024000001
,,,-0.00016762,0.024800001
,,,-0.00016761,0.024000001
,,,-0.0001676,0.024000001
,,,-0.00016759,0.024800001
,,,-0.00016758,0.024000001
,,,-0.00016757,0.024000001
,,,-0.00016756,0.024000001
,,,-0.00016755,0.025600002
,,,-0.00016754,0.024800001
,,,-0.00016753,0.023200001
,,,-0.00016752,0.024000001
,,,-0.00016751,0.024000001
,,,-0.0001675,0.024800001
,,,-0.00016749,0.025600002
,,,-0.00016748,0.024000001
,,,-0.00016747,0.024800001
,,,-0.00016746,0.024000001
,,,-0.00016745,0.024000001
,,,-0.00016744,0.024000001
,,,-0.00016743,0.024000001
,,,-0.00016742,0.022400001
,,,-0.00016741,0.024000001
,,,-0.0001674,0.024000001
,,,-0.00016739,0.024000001
,,,-0.00016738,0.025600002
,,,-0.00016737,0.025600002
,,,-0.00016736,0.025600002
,,,-0.00016735,0.024000001
,,,-0.00016734,0.024000001
,,,-0.00016733,0.024000001
,,,-0.00016732,0.024000001
,,,-0.00016731,0.024800001
,,,-0.0001673,0.025600002
,,,-0.00016729,0.025600002
,,,-0.00016728,0.024800001
,,,-0.00016727,0.026400002
,,,-0.00016726,0.024800001
,,,-0.00016725,0.026400002
,,,-0.00016724,0.025600002
,,,-0.00016723,0.022400001
,,,-0.00016722,0.023200001
,,,-0.00016721,0.024800001
,,,-0.0001672,0.024000001
,,,-0.00016719,0.025600002
,,,-0.00016718,0.024000001
,,,-0.00016717,0.024000001
,,,-0.00016716,0.024800001
,,,-0.00016715,0.024000001
,,,-0.00016714,0.025600002
,,,-0.00016713,0.024000001
,,,-0.00016712,0.023200001
,,,-0.00016711,0.024800001
,,,-0.0001671,0.025600002
,,,-0.00016709,0.024000001
,,,-0.00016708,0.024000001
,,,-0.00016707,0.023200001
,,,-0.00016706,0.025600002
,,,-0.00016705,0.024000001
,,,-0.00016704,0.024800001
,,,-0.00016703,0.024000001
,,,-0.00016702,0.023200001
,,,-0.00016701,0.024800001
,,,-0.000167,0.024000001
,,,-0.00016699,0.024000001
,,,-0.00016698,0.024000001
,,,-0.00016697,0.023200001
,,,-0.00016696,0.024800001
,,,-0.00016695,0.024800001
,,,-0.00016694,0.022400001
,,,-0.00016693,0.024000001
,,,-0.00016692,0.024000001
,,,-0.00016691,0.024000001
,,,-0.0001669,0.024000001
,,,-0.00016689,0.023200001
,,,-0.00016688,0.024000001
,,,-0.00016687,0.025600002
,,,-0.00016686,0.023200001
,,,-0.00016685,0.024000001
,,,-0.00016684,0.024000001
,,,-0.00016683,0.022400001
,,,-0.00016682,0.025600002
,,,-0.00016681,0.025600002
,,,-0.0001668,0.024000001
,,,-0.00016679,0.024000001
,,,-0.00016678,0.024000001
,,,-0.00016677,0.024000001
,,,-0.00016676,0.024800001
,,,-0.00016675,0.024800001
,,,-0.00016674,0.024800001
,,,-0.00016673,0.026400002
,,,-0.00016672,0.023200001
,,,-0.00016671,0.024000001
,,,-0.0001667,0.024000001
,,,-0.00016669,0.023200001
,,,-0.00016668,0.024800001
,,,-0.00016667,0.024800001
,,,-0.00016666,0.024000001
,,,-0.00016665,0.025600002
,,,-0.00016664,0.024000001
,,,-0.00016663,0.023200001
,,,-0.00016662,0.024000001
,,,-0.00016661,0.024000001
,,,-0.0001666,0.024000001
,,,-0.00016659,0.024000001
,,,-0.00016658,0.023200001
,,,-0.00016657,0.024000001
,,,-0.00016656,0.024800001
,,,-0.00016655,0.025600002
,,,-0.00016654,0.024000001
,,,-0.00016653,0.024800001
,,,-0.00016652,0.024000001
,,,-0.00016651,0.024000001
,,,-0.0001665,0.023200001
,,,-0.00016649,0.023200001
,,,-0.00016648,0.025600002
,,,-0.00016647,0.024800001
,,,-0.00016646,0.025600002
,,,-0.00016645,0.024000001
,,,-0.00016644,0.024800001
,,,-0.00016643,0.024000001
,,,-0.00016642,0.024000001
,,,-0.00016641,0.024800001
,,,-0.0001664,0.024800001
,,,-0.00016639,0.024000001
,,,-0.00016638,0.023200001
,,,-0.00016637,0.024800001
,,,-0.00016636,0.024000001
,,,-0.00016635,0.024000001
,,,-0.00016634,0.025600002
,,,-0.00016633,0.024000001
,,,-0.00016632,0.024000001
,,,-0.00016631,0.024000001
,,,-0.0001663,0.024000001
,,,-0.00016629,0.024000001
,,,-0.00016628,0.023200001
,,,-0.00016627,0.024000001
,,,-0.00016626,0.023200001
,,,-0.00016625,0.023200001
,,,-0.00016624,0.024000001
,,,-0.00016623,0.024000001
,,,-0.00016622,0.024000001
,,,-0.00016621,0.024000001
,,,-0.0001662,0.024000001
,,,-0.00016619,0.025600002
,,,-0.00016618,0.025600002
,,,-0.00016617,0.024000001
,,,-0.00016616,0.024800001
,,,-0.00016615,0.024000001
,,,-0.00016614,0.024800001
,,,-0.00016613,0.024800001
,,,-0.00016612,0.023200001
,,,-0.00016611,0.024800001
,,,-0.0001661,0.023200001
,,,-0.00016609,0.023200001
,,,-0.00016608,0.024000001
,,,-0.00016607,0.024800001
,,,-0.00016606,0.023200001
,,,-0.00016605,0.025600002
,,,-0.00016604,0.024800001
,,,-0.00016603,0.024800001
,,,-0.00016602,0.025600002
,,,-0.00016601,0.024000001
,,,-0.000166,0.024000001
,,,-0.00016599,0.024000001
,,,-0.00016598,0.024800001
,,,-0.00016597,0.023200001
,,,-0.00016596,0.025600002
,,,-0.00016595,0.024000001
,,,-0.00016594,0.024000001
,,,-0.00016593,0.022400001
,,,-0.00016592,0.024000001
,,,-0.00016591,0.023200001
,,,-0.0001659,0.024000001
,,,-0.00016589,0.025600002
,,,-0.00016588,0.024000001
,,,-0.00016587,0.024800001
,,,-0.00016586,0.022400001
,,,-0.00016585,0.024800001
,,,-0.00016584,0.024000001
,,,-0.00016583,0.023200001
,,,-0.00016582,0.024000001
,,,-0.00016581,0.024000001
,,,-0.0001658,0.024000001
,,,-0.00016579,0.024800001
,,,-0.00016578,0.024000001
,,,-0.00016577,0.024000001
,,,-0.00016576,0.025600002
,,,-0.00016575,0.024000001
,,,-0.00016574,0.024000001
,,,-0.00016573,0.024000001
,,,-0.00016572,0.022400001
,,,-0.00016571,0.024800001
,,,-0.0001657,0.024000001
,,,-0.00016569,0.024800001
,,,-0.00016568,0.024000001
,,,-0.00016567,0.024800001
,,,-0.00016566,0.024000001
,,,-0.00016565,0.023200001
,,,-0.00016564,0.024800001
,,,-0.00016563,0.024000001
,,,-0.00016562,0.024000001
,,,-0.00016561,0.024000001
,,,-0.0001656,0.024000001
,,,-0.00016559,0.024000001
,,,-0.00016558,0.024000001
,,,-0.00016557,0.024800001
,,,-0.00016556,0.025600002
,,,-0.00016555,0.025600002
,,,-0.00016554,0.024000001
,,,-0.00016553,0.024000001
,,,-0.00016552,0.024000001
,,,-0.00016551,0.023200001
,,,-0.0001655,0.025600002
,,,-0.00016549,0.024000001
,,,-0.00016548,0.024800001
,,,-0.00016547,0.024000001
,,,-0.00016546,0.023200001
,,,-0.00016545,0.023200001
,,,-0.00016544,0.024800001
,,,-0.00016543,0.024000001
,,,-0.00016542,0.023200001
,,,-0.00016541,0.024000001
,,,-0.0001654,0.024800001
,,,-0.00016539,0.023200001
,,,-0.00016538,0.025600002
,,,-0.00016537,0.024000001
,,,-0.00016536,0.024000001
,,,-0.00016535,0.024000001
,,,-0.00016534,0.023200001
,,,-0.00016533,0.023200001
,,,-0.00016532,0.023200001
,,,-0.00016531,0.024800001
,,,-0.0001653,0.024800001
,,,-0.00016529,0.024000001
,,,-0.00016528,0.024800001
,,,-0.00016527,0.025600002
,,,-0.00016526,0.024000001
,,,-0.00016525,0.024000001
,,,-0.00016524,0.024000001
,,,-0.00016523,0.025600002
,,,-0.00016522,0.024800001
,,,-0.00016521,0.024800001
,,,-0.0001652,0.024000001
,,,-0.00016519,0.024800001
,,,-0.00016518,0.025600002
,,,-0.00016517,0.024800001
,,,-0.00016516,0.024000001
,,,-0.00016515,0.024000001
,,,-0.00016514,0.024000001
,,,-0.00016513,0.024800001
,,,-0.00016512,0.025600002
,,,-0.00016511,0.024800001
,,,-0.0001651,0.024000001
,,,-0.00016509,0.024000001
,,,-0.00016508,0.026400002
,,,-0.00016507,0.024000001
,,,-0.00016506,0.024800001
,,,-0.00016505,0.023200001
,,,-0.00016504,0.024000001
,,,-0.00016503,0.024000001
,,,-0.00016502,0.024000001
,,,-0.00016501,0.025600002
,,,-0.000165,0.024800001
,,,-0.00016499,0.024800001
,,,-0.00016498,0.023200001
,,,-0.00016497,0.024000001
,,,-0.00016496,0.024000001
,,,-0.00016495,0.024000001
,,,-0.00016494,0.024000001
,,,-0.00016493,0.024800001
,,,-0.00016492,0.024800001
,,,-0.00016491,0.024000001
,,,-0.0001649,0.025600002
,,,-0.00016489,0.024000001
,,,-0.00016488,0.025600002
,,,-0.00016487,0.024000001
,,,-0.00016486,0.023200001
,,,-0.00016485,0.024000001
,,,-0.00016484,0.024000001
,,,-0.00016483,0.024000001
,,,-0.00016482,0.024800001
,,,-0.00016481,0.024000001
,,,-0.0001648,0.023200001
,,,-0.00016479,0.024000001
,,,-0.00016478,0.024000001
,,,-0.00016477,0.023200001
,,,-0.00016476,0.025600002
,,,-0.00016475,0.024000001
,,,-0.00016474,0.024800001
,,,-0.00016473,0.025600002
,,,-0.00016472,0.024000001
,,,-0.00016471,0.024800001
,,,-0.0001647,0.023200001
,,,-0.00016469,0.023200001
,,,-0.00016468,0.024800001
,,,-0.00016467,0.024000001
,,,-0.00016466,0.023200001
,,,-0.00016465,0.024000001
,,,-0.00016464,0.024800001
,,,-0.00016463,0.023200001
,,,-0.00016462,0.024000001
,,,-0.00016461,0.024000001
,,,-0.0001646,0.024000001
,,,-0.00016459,0.022400001
,,,-0.00016458,0.024000001
,,,-0.00016457,0.024000001
,,,-0.00016456,0.024800001
,,,-0.00016455,0.024000001
,,,-0.00016454,0.024800001
,,,-0.00016453,0.024000001
,,,-0.00016452,0.024000001
,,,-0.00016451,0.024000001
,,,-0.0001645,0.024800001
,,,-0.00016449,0.023200001
,,,-0.00016448,0.025600002
,,,-0.00016447,0.024000001
,,,-0.00016446,0.024000001
,,,-0.00016445,0.024000001
,,,-0.00016444,0.023200001
,,,-0.00016443,0.024000001
,,,-0.00016442,0.024000001
,,,-0.00016441,0.024800001
,,,-0.0001644,0.024000001
,,,-0.00016439,0.024000001
,,,-0.00016438,0.024000001
,,,-0.00016437,0.024000001
,,,-0.00016436,0.024800001
,,,-0.00016435,0.024000001
,,,-0.00016434,0.024000001
,,,-0.00016433,0.024800001
,,,-0.00016432,0.024800001
,,,-0.00016431,0.024000001
,,,-0.0001643,0.024000001
,,,-0.00016429,0.024800001
,,,-0.00016428,0.024800001
,,,-0.00016427,0.023200001
,,,-0.00016426,0.024800001
,,,-0.00016425,0.025600002
,,,-0.00016424,0.024800001
,,,-0.00016423,0.024000001
,,,-0.00016422,0.023200001
,,,-0.00016421,0.024000001
,,,-0.0001642,0.024000001
,,,-0.00016419,0.023200001
,,,-0.00016418,0.024800001
,,,-0.00016417,0.025600002
,,,-0.00016416,0.024000001
,,,-0.00016415,0.024000001
,,,-0.00016414,0.024000001
,,,-0.00016413,0.025600002
,,,-0.00016412,0.024800001
,,,-0.00016411,0.024800001
,,,-0.0001641,0.024000001
,,,-0.00016409,0.024800001
,,,-0.00016408,0.024800001
,,,-0.00016407,0.024800001
,,,-0.00016406,0.024800001
,,,-0.00016405,0.024800001
,,,-0.00016404,0.024800001
,,,-0.00016403,0.023200001
,,,-0.00016402,0.024800001
,,,-0.00016401,0.024000001
,,,-0.000164,0.024800001
,,,-0.00016399,0.022400001
,,,-0.00016398,0.024000001
,,,-0.00016397,0.024000001
,,,-0.00016396,0.024800001
,,,-0.00016395,0.022400001
,,,-0.00016394,0.024800001
,,,-0.00016393,0.024000001
,,,-0.00016392,0.022400001
,,,-0.00016391,0.025600002
,,,-0.0001639,0.025600002
,,,-0.00016389,0.024800001
,,,-0.00016388,0.023200001
,,,-0.00016387,0.022400001
,,,-0.00016386,0.023200001
,,,-0.00016385,0.024000001
,,,-0.00016384,0.024000001
,,,-0.00016383,0.023200001
,,,-0.00016382,0.024000001
,,,-0.00016381,0.023200001
,,,-0.0001638,0.024800001
,,,-0.00016379,0.023200001
,,,-0.00016378,0.024800001
,,,-0.00016377,0.024000001
,,,-0.00016376,0.025600002
,,,-0.00016375,0.026400002
,,,-0.00016374,0.024000001
,,,-0.00016373,0.022400001
,,,-0.00016372,0.024000001
,,,-0.00016371,0.024800001
,,,-0.0001637,0.023200001
,,,-0.00016369,0.023200001
,,,-0.00016368,0.024000001
,,,-0.00016367,0.024000001
,,,-0.00016366,0.024000001
,,,-0.00016365,0.024000001
,,,-0.00016364,0.024000001
,,,-0.00016363,0.026400002
,,,-0.00016362,0.024000001
,,,-0.00016361,0.024000001
,,,-0.0001636,0.024000001
,,,-0.00016359,0.026400002
,,,-0.00016358,0.023200001
,,,-0.00016357,0.022400001
,,,-0.00016356,0.024000001
,,,-0.00016355,0.024000001
,,,-0.00016354,0.024000001
,,,-0.00016353,0.022400001
,,,-0.00016352,0.024000001
,,,-0.00016351,0.023200001
,,,-0.0001635,0.024800001
,,,-0.00016349,0.024000001
,,,-0.00016348,0.024000001
,,,-0.00016347,0.024000001
,,,-0.00016346,0.024000001
,,,-0.00016345,0.024000001
,,,-0.00016344,0.024800001
,,,-0.00016343,0.024800001
,,,-0.00016342,0.025600002
,,,-0.00016341,0.023200001
,,,-0.0001634,0.022400001
,,,-0.00016339,0.023200001
,,,-0.00016338,0.024000001
,,,-0.00016337,0.023200001
,,,-0.00016336,0.025600002
,,,-0.00016335,0.023200001
,,,-0.00016334,0.025600002
,,,-0.00016333,0.023200001
,,,-0.00016332,0.025600002
,,,-0.00016331,0.024800001
,,,-0.0001633,0.024800001
,,,-0.00016329,0.024000001
,,,-0.00016328,0.024000001
,,,-0.00016327,0.024000001
,,,-0.00016326,0.025600002
,,,-0.00016325,0.024000001
,,,-0.00016324,0.023200001
,,,-0.00016323,0.024800001
,,,-0.00016322,0.022400001
,,,-0.00016321,0.024000001
,,,-0.0001632,0.023200001
,,,-0.00016319,0.024800001
,,,-0.00016318,0.025600002
,,,-0.00016317,0.024000001
,,,-0.00016316,0.021600001
,,,-0.00016315,0.024000001
,,,-0.00016314,0.024000001
,,,-0.00016313,0.025600002
,,,-0.00016312,0.022400001
,,,-0.00016311,0.024000001
,,,-0.0001631,0.023200001
,,,-0.00016309,0.023200001
,,,-0.00016308,0.024000001
,,,-0.00016307,0.022400001
,,,-0.00016306,0.024000001
,,,-0.00016305,0.024800001
,,,-0.00016304,0.024800001
,,,-0.00016303,0.024000001
,,,-0.00016302,0.024800001
,,,-0.00016301,0.024000001
,,,-0.000163,0.024000001
,,,-0.00016299,0.024000001
,,,-0.00016298,0.024000001
,,,-0.00016297,0.023200001
,,,-0.00016296,0.025600002
,,,-0.00016295,0.023200001
,,,-0.00016294,0.024000001
,,,-0.00016293,0.024000001
,,,-0.00016292,0.024800001
,,,-0.00016291,0.024000001
,,,-0.0001629,0.022400001
,,,-0.00016289,0.024800001
,,,-0.00016288,0.024000001
,,,-0.00016287,0.024000001
,,,-0.00016286,0.024800001
,,,-0.00016285,0.024000001
,,,-0.00016284,0.024000001
,,,-0.00016283,0.024000001
,,,-0.00016282,0.024000001
,,,-0.00016281,0.024000001
,,,-0.0001628,0.024000001
,,,-0.00016279,0.024000001
,,,-0.00016278,0.024000001
,,,-0.00016277,0.024000001
,,,-0.00016276,0.024000001
,,,-0.00016275,0.025600002
,,,-0.00016274,0.024800001
,,,-0.00016273,0.024800001
,,,-0.00016272,0.024000001
,,,-0.00016271,0.024000001
,,,-0.0001627,0.024000001
,,,-0.00016269,0.024800001
,,,-0.00016268,0.024000001
,,,-0.00016267,0.024000001
,,,-0.00016266,0.024800001
,,,-0.00016265,0.024800001
,,,-0.00016264,0.024000001
,,,-0.00016263,0.024000001
,,,-0.00016262,0.024000001
,,,-0.00016261,0.023200001
,,,-0.0001626,0.024000001
,,,-0.00016259,0.024000001
,,,-0.00016258,0.021600001
,,,-0.00016257,0.025600002
,,,-0.00016256,0.024000001
,,,-0.00016255,0.024000001
,,,-0.00016254,0.024000001
,,,-0.00016253,0.024000001
,,,-0.00016252,0.025600002
,,,-0.00016251,0.024000001
,,,-0.0001625,0.024000001
,,,-0.00016249,0.024000001
,,,-0.00016248,0.024800001
,,,-0.00016247,0.024000001
,,,-0.00016246,0.023200001
,,,-0.00016245,0.022400001
,,,-0.00016244,0.025600002
,,,-0.00016243,0.024800001
,,,-0.00016242,0.024000001
,,,-0.00016241,0.024800001
,,,-0.0001624,0.024800001
,,,-0.00016239,0.023200001
,,,-0.00016238,0.022400001
,,,-0.00016237,0.024800001
,,,-0.00016236,0.025600002
,,,-0.00016235,0.023200001
,,,-0.00016234,0.024000001
,,,-0.00016233,0.024000001
,,,-0.00016232,0.023200001
,,,-0.00016231,0.025600002
,,,-0.0001623,0.024800001
,,,-0.00016229,0.024000001
,,,-0.00016228,0.024000001
,,,-0.00016227,0.020800001
,,,-0.00016226,0.024000001
,,,-0.00016225,0.024000001
,,,-0.00016224,0.024000001
,,,-0.00016223,0.024800001
,,,-0.00016222,0.024000001
,,,-0.00016221,0.024800001
,,,-0.0001622,0.024800001
,,,-0.00016219,0.024000001
,,,-0.00016218,0.024800001
,,,-0.00016217,0.024000001
,,,-0.00016216,0.024000001
,,,-0.00016215,0.024000001
,,,-0.00016214,0.025600002
,,,-0.00016213,0.021600001
,,,-0.00016212,0.024000001
,,,-0.00016211,0.025600002
,,,-0.0001621,0.025600002
,,,-0.00016209,0.024800001
,,,-0.00016208,0.025600002
,,,-0.00016207,0.024000001
,,,-0.00016206,0.022400001
,,,-0.00016205,0.024000001
,,,-0.00016204,0.024000001
,,,-0.00016203,0.023200001
,,,-0.00016202,0.026400002
,,,-0.00016201,0.024800001
,,,-0.000162,0.024800001
,,,-0.00016199,0.023200001
,,,-0.00016198,0.024000001
,,,-0.00016197,0.024000001
,,,-0.00016196,0.024800001
,,,-0.00016195,0.024800001
,,,-0.00016194,0.024800001
,,,-0.00016193,0.024000001
,,,-0.00016192,0.024000001
,,,-0.00016191,0.024800001
,,,-0.0001619,0.024000001
,,,-0.00016189,0.024000001
,,,-0.00016188,0.023200001
,,,-0.00016187,0.024000001
,,,-0.00016186,0.024000001
,,,-0.00016185,0.025600002
,,,-0.00016184,0.024800001
,,,-0.00016183,0.024000001
,,,-0.00016182,0.024000001
,,,-0.00016181,0.024800001
,,,-0.0001618,0.024800001
,,,-0.00016179,0.024000001
,,,-0.00016178,0.024000001
,,,-0.00016177,0.026400002
,,,-0.00016176,0.024800001
,,,-0.00016175,0.024000001
,,,-0.00016174,0.025600002
,,,-0.00016173,0.024800001
,,,-0.00016172,0.024000001
,,,-0.00016171,0.024000001
,,,-0.0001617,0.024800001
,,,-0.00016169,0.024800001
,,,-0.00016168,0.024800001
,,,-0.00016167,0.024000001
,,,-0.00016166,0.025600002
,,,-0.00016165,0.024000001
,,,-0.00016164,0.024800001
,,,-0.00016163,0.024000001
,,,-0.00016162,0.024000001
,,,-0.00016161,0.024000001
,,,-0.0001616,0.024800001
,,,-0.00016159,0.024000001
,,,-0.00016158,0.024800001
,,,-0.00016157,0.024000001
,,,-0.00016156,0.024000001
,,,-0.00016155,0.024000001
,,,-0.00016154,0.024000001
,,,-0.00016153,0.024000001
,,,-0.00016152,0.024800001
,,,-0.00016151,0.024000001
,,,-0.0001615,0.022400001
,,,-0.00016149,0.024000001
,,,-0.00016148,0.024000001
,,,-0.00016147,0.025600002
,,,-0.00016146,0.025600002
,,,-0.00016145,0.024800001
,,,-0.00016144,0.024000001
,,,-0.00016143,0.024800001
,,,-0.00016142,0.025600002
,,,-0.00016141,0.024000001
,,,-0.0001614,0.024000001
,,,-0.00016139,0.024000001
,,,-0.00016138,0.023200001
,,,-0.00016137,0.024000001
,,,-0.00016136,0.024000001
,,,-0.00016135,0.023200001
,,,-0.00016134,0.025600002
,,,-0.00016133,0.024000001
,,,-0.00016132,0.024000001
,,,-0.00016131,0.023200001
,,,-0.0001613,0.024800001
,,,-0.00016129,0.024000001
,,,-0.00016128,0.024000001
,,,-0.00016127,0.024000001
,,,-0.00016126,0.024000001
,,,-0.00016125,0.024800001
,,,-0.00016124,0.023200001
,,,-0.00016123,0.023200001
,,,-0.00016122,0.025600002
,,,-0.00016121,0.024000001
,,,-0.0001612,0.024000001
,,,-0.00016119,0.022400001
,,,-0.00016118,0.024800001
,,,-0.00016117,0.024000001
,,,-0.00016116,0.025600002
,,,-0.00016115,0.024800001
,,,-0.00016114,0.024800001
,,,-0.00016113,0.023200001
,,,-0.00016112,0.025600002
,,,-0.00016111,0.024000001
,,,-0.0001611,0.024800001
,,,-0.00016109,0.025600002
,,,-0.00016108,0.024000001
,,,-0.00016107,0.024000001
,,,-0.00016106,0.022400001
,,,-0.00016105,0.025600002
,,,-0.00016104,0.024800001
,,,-0.00016103,0.024000001
,,,-0.00016102,0.023200001
,,,-0.00016101,0.024000001
,,,-0.000161,0.025600002
,,,-0.00016099,0.024000001
,,,-0.00016098,0.024000001
,,,-0.00016097,0.024000001
,,,-0.00016096,0.024000001
,,,-0.00016095,0.024000001
,,,-0.00016094,0.024000001
,,,-0.00016093,0.024800001
,,,-0.00016092,0.025600002
,,,-0.00016091,0.023200001
,,,-0.0001609,0.025600002
,,,-0.00016089,0.022400001
,,,-0.00016088,0.024000001
,,,-0.00016087,0.025600002
,,,-0.00016086,0.024800001
,,,-0.00016085,0.023200001
,,,-0.00016084,0.025600002
,,,-0.00016083,0.024000001
,,,-0.00016082,0.024800001
,,,-0.00016081,0.024800001
,,,-0.0001608,0.024000001
,,,-0.00016079,0.024000001
,,,-0.00016078,0.024800001
,,,-0.00016077,0.024000001
,,,-0.00016076,0.024000001
,,,-0.00016075,0.022400001
,,,-0.00016074,0.024000001
,,,-0.00016073,0.024000001
,,,-0.00016072,0.024800001
,,,-0.00016071,0.024800001
,,,-0.0001607,0.024000001
,,,-0.00016069,0.022400001
,,,-0.00016068,0.024000001
,,,-0.00016067,0.024000001
,,,-0.00016066,0.024000001
,,,-0.00016065,0.024000001
,,,-0.00016064,0.024000001
,,,-0.00016063,0.023200001
,,,-0.00016062,0.024000001
,,,-0.00016061,0.023200001
,,,-0.0001606,0.023200001
,,,-0.00016059,0.024800001
,,,-0.00016058,0.024000001
,,,-0.00016057,0.024000001
,,,-0.00016056,0.024000001
,,,-0.00016055,0.025600002
,,,-0.00016054,0.024000001
,,,-0.00016053,0.024800001
,,,-0.00016052,0.024800001
,,,-0.00016051,0.024000001
,,,-0.0001605,0.024000001
,,,-0.00016049,0.024000001
,,,-0.00016048,0.024800001
,,,-0.00016047,0.023200001
,,,-0.00016046,0.024800001
,,,-0.00016045,0.022400001
,,,-0.00016044,0.024800001
,,,-0.00016043,0.024800001
,,,-0.00016042,0.024000001
,,,-0.00016041,0.024000001
,,,-0.0001604,0.021600001
,,,-0.00016039,0.024000001
,,,-0.00016038,0.023200001
,,,-0.00016037,0.024000001
,,,-0.00016036,0.023200001
,,,-0.00016035,0.024000001
,,,-0.00016034,0.024800001
,,,-0.00016033,0.024000001
,,,-0.00016032,0.024000001
,,,-0.00016031,0.024800001
,,,-0.0001603,0.024000001
,,,-0.00016029,0.024000001
,,,-0.00016028,0.024000001
,,,-0.00016027,0.023200001
,,,-0.00016026,0.024800001
,,,-0.00016025,0.026400002
,,,-0.00016024,0.026400002
,,,-0.00016023,0.024000001
,,,-0.00016022,0.024000001
,,,-0.00016021,0.024800001
,,,-0.0001602,0.024000001
,,,-0.00016019,0.024000001
,,,-0.00016018,0.024000001
,,,-0.00016017,0.024000001
,,,-0.00016016,0.024800001
,,,-0.00016015,0.024800001
,,,-0.00016014,0.026400002
,,,-0.00016013,0.023200001
,,,-0.00016012,0.024000001
,,,-0.00016011,0.024000001
,,,-0.0001601,0.023200001
,,,-0.00016009,0.023200001
,,,-0.00016008,0.024000001
,,,-0.00016007,0.024000001
,,,-0.00016006,0.024800001
,,,-0.00016005,0.024000001
,,,-0.00016004,0.024000001
,,,-0.00016003,0.024800001
,,,-0.00016002,0.024000001
,,,-0.00016001,0.024000001
,,,-0.00016,0.024000001
,,,-0.00015999,0.024000001
,,,-0.00015998,0.023200001
,,,-0.00015997,0.024000001
,,,-0.00015996,0.023200001
,,,-0.00015995,0.024800001
,,,-0.00015994,0.024000001
,,,-0.00015993,0.025600002
,,,-0.00015992,0.023200001
,,,-0.00015991,0.024000001
,,,-0.0001599,0.024000001
,,,-0.00015989,0.024800001
,,,-0.00015988,0.025600002
,,,-0.00015987,0.024000001
,,,-0.00015986,0.024000001
,,,-0.00015985,0.024000001
,,,-0.00015984,0.024000001
,,,-0.00015983,0.024000001
,,,-0.00015982,0.024800001
,,,-0.00015981,0.024800001
,,,-0.0001598,0.024000001
,,,-0.00015979,0.023200001
,,,-0.00015978,0.024000001
,,,-0.00015977,0.023200001
,,,-0.00015976,0.024000001
,,,-0.00015975,0.024000001
,,,-0.00015974,0.024000001
,,,-0.00015973,0.024800001
,,,-0.00015972,0.024800001
,,,-0.00015971,0.024800001
,,,-0.0001597,0.023200001
,,,-0.00015969,0.024000001
,,,-0.00015968,0.024800001
,,,-0.00015967,0.025600002
,,,-0.00015966,0.024000001
,,,-0.00015965,0.024000001
,,,-0.00015964,0.024000001
,,,-0.00015963,0.024000001
,,,-0.00015962,0.024000001
,,,-0.00015961,0.024000001
,,,-0.0001596,0.023200001
,,,-0.00015959,0.023200001
,,,-0.00015958,0.025600002
,,,-0.00015957,0.022400001
,,,-0.00015956,0.024000001
,,,-0.00015955,0.024800001
,,,-0.00015954,0.024000001
,,,-0.00015953,0.023200001
,,,-0.00015952,0.023200001
,,,-0.00015951,0.026400002
,,,-0.0001595,0.024800001
,,,-0.00015949,0.024000001
,,,-0.00015948,0.024800001
,,,-0.00015947,0.024000001
,,,-0.00015946,0.026400002
,,,-0.00015945,0.024000001
,,,-0.00015944,0.024000001
,,,-0.00015943,0.024000001
,,,-0.00015942,0.024800001
,,,-0.00015941,0.025600002
,,,-0.0001594,0.024000001
,,,-0.00015939,0.023200001
,,,-0.00015938,0.024800001
,,,-0.00015937,0.024800001
,,,-0.00015936,0.024000001
,,,-0.00015935,0.023200001
,,,-0.00015934,0.023200001
,,,-0.00015933,0.024000001
,,,-0.00015932,0.023200001
,,,-0.00015931,0.023200001
,,,-0.0001593,0.024000001
,,,-0.00015929,0.023200001
,,,-0.00015928,0.024000001
,,,-0.00015927,0.024000001
,,,-0.00015926,0.023200001
,,,-0.00015925,0.024000001
,,,-0.00015924,0.026400002
,,,-0.00015923,0.024000001
,,,-0.00015922,0.023200001
,,,-0.00015921,0.024000001
,,,-0.0001592,0.024000001
,,,-0.00015919,0.023200001
,,,-0.00015918,0.026400002
,,,-0.00015917,0.024000001
,,,-0.00015916,0.024000001
,,,-0.00015915,0.024000001
,,,-0.00015914,0.024800001
,,,-0.00015913,0.024000001
,,,-0.00015912,0.024800001
,,,-0.00015911,0.024000001
,,,-0.0001591,0.024000001
,,,-0.00015909,0.024800001
,,,-0.00015908,0.024800001
,,,-0.00015907,0.024000001
,,,-0.00015906,0.024000001
,,,-0.00015905,0.024800001
,,,-0.00015904,0.024800001
,,,-0.00015903,0.023200001
,,,-0.00015902,0.023200001
,,,-0.00015901,0.023200001
,,,-0.000159,0.024000001
,,,-0.00015899,0.023200001
,,,-0.00015898,0.024000001
,,,-0.00015897,0.024000001
,,,-0.00015896,0.025600002
,,,-0.00015895,0.024800001
,,,-0.00015894,0.024000001
,,,-0.00015893,0.024800001
,,,-0.00015892,0.024000001
,,,-0.00015891,0.024000001
,,,-0.0001589,0.024800001
,,,-0.00015889,0.024800001
,,,-0.00015888,0.022400001
,,,-0.00015887,0.024000001
,,,-0.00015886,0.023200001
,,,-0.00015885,0.024000001
,,,-0.00015884,0.024000001
,,,-0.00015883,0.024000001
,,,-0.00015882,0.024000001
,,,-0.00015881,0.024000001
,,,-0.0001588,0.024000001
,,,-0.00015879,0.024800001
,,,-0.00015878,0.023200001
,,,-0.00015877,0.023200001
,,,-0.00015876,0.024000001
,,,-0.00015875,0.024800001
,,,-0.00015874,0.024800001
,,,-0.00015873,0.024000001
,,,-0.00015872,0.025600002
,,,-0.00015871,0.024000001
,,,-0.0001587,0.023200001
,,,-0.00015869,0.024800001
,,,-0.00015868,0.024000001
,,,-0.00015867,0.024000001
,,,-0.00015866,0.024000001
,,,-0.00015865,0.024000001
,,,-0.00015864,0.024800001
,,,-0.00015863,0.024800001
,,,-0.00015862,0.023200001
,,,-0.00015861,0.024800001
,,,-0.0001586,0.023200001
,,,-0.00015859,0.024000001
,,,-0.00015858,0.022400001
,,,-0.00015857,0.024000001
,,,-0.00015856,0.024000001
,,,-0.00015855,0.024800001
,,,-0.00015854,0.024000001
,,,-0.00015853,0.024800001
,,,-0.00015852,0.024000001
,,,-0.00015851,0.024000001
,,,-0.0001585,0.025600002
,,,-0.00015849,0.024800001
,,,-0.00015848,0.024800001
,,,-0.00015847,0.023200001
,,,-0.00015846,0.023200001
,,,-0.00015845,0.024800001
,,,-0.00015844,0.023200001
,,,-0.00015843,0.024000001
,,,-0.00015842,0.024000001
,,,-0.00015841,0.024000001
,,,-0.0001584,0.023200001
,,,-0.00015839,0.023200001
,,,-0.00015838,0.025600002
,,,-0.00015837,0.023200001
,,,-0.00015836,0.024800001
,,,-0.00015835,0.024800001
,,,-0.00015834,0.023200001
,,,-0.00015833,0.025600002
,,,-0.00015832,0.024800001
,,,-0.00015831,0.024000001
,,,-0.0001583,0.024800001
,,,-0.00015829,0.025600002
,,,-0.00015828,0.024000001
,,,-0.00015827,0.024800001
,,,-0.00015826,0.024800001
,,,-0.00015825,0.024000001
,,,-0.00015824,0.024000001
,,,-0.00015823,0.024000001
,,,-0.00015822,0.024800001
,,,-0.00015821,0.024000001
,,,-0.0001582,0.024800001
,,,-0.00015819,0.024800001
,,,-0.00015818,0.023200001
,,,-0.00015817,0.024000001
,,,-0.00015816,0.024000001
,,,-0.00015815,0.024800001
,,,-0.00015814,0.024800001
,,,-0.00015813,0.024000001
,,,-0.00015812,0.024800001
,,,-0.00015811,0.024800001
,,,-0.0001581,0.023200001
,,,-0.00015809,0.024800001
,,,-0.00015808,0.024000001
,,,-0.00015807,0.024000001
,,,-0.00015806,0.026400002
,,,-0.00015805,0.022400001
,,,-0.00015804,0.023200001
,,,-0.00015803,0.023200001
,,,-0.00015802,0.024800001
,,,-0.00015801,0.024000001
,,,-0.000158,0.023200001
,,,-0.00015799,0.025600002
,,,-0.00015798,0.024000001
,,,-0.00015797,0.024800001
,,,-0.00015796,0.024000001
,,,-0.00015795,0.024000001
,,,-0.00015794,0.024000001
,,,-0.00015793,0.024800001
,,,-0.00015792,0.024000001
,,,-0.00015791,0.024800001
,,,-0.0001579,0.024000001
,,,-0.00015789,0.024000001
,,,-0.00015788,0.024000001
,,,-0.00015787,0.024000001
,,,-0.00015786,0.024000001
,,,-0.00015785,0.025600002
,,,-0.00015784,0.024000001
,,,-0.00015783,0.024000001
,,,-0.00015782,0.024800001
,,,-0.00015781,0.024800001
,,,-0.0001578,0.024800001
,,,-0.00015779,0.024000001
,,,-0.00015778,0.024800001
,,,-0.00015777,0.024800001
,,,-0.00015776,0.023200001
,,,-0.00015775,0.023200001
,,,-0.00015774,0.025600002
,,,-0.00015773,0.024800001
,,,-0.00015772,0.024000001
,,,-0.00015771,0.024800001
,,,-0.0001577,0.025600002
,,,-0.00015769,0.024000001
,,,-0.00015768,0.025600002
,,,-0.00015767,0.023200001
,,,-0.00015766,0.024800001
,,,-0.00015765,0.024000001
,,,-0.00015764,0.024800001
,,,-0.00015763,0.024800001
,,,-0.00015762,0.023200001
,,,-0.00015761,0.024000001
,,,-0.0001576,0.023200001
,,,-0.00015759,0.024000001
,,,-0.00015758,0.023200001
,,,-0.00015757,0.023200001
,,,-0.00015756,0.024000001
,,,-0.00015755,0.025600002
,,,-0.00015754,0.024000001
,,,-0.00015753,0.024800001
,,,-0.00015752,0.024000001
,,,-0.00015751,0.024000001
,,,-0.0001575,0.025600002
,,,-0.00015749,0.024000001
,,,-0.00015748,0.024000001
,,,-0.00015747,0.024800001
,,,-0.00015746,0.023200001
,,,-0.00015745,0.023200001
,,,-0.00015744,0.023200001
,,,-0.00015743,0.024000001
,,,-0.00015742,0.024000001
,,,-0.00015741,0.024000001
,,,-0.0001574,0.025600002
,,,-0.00015739,0.023200001
,,,-0.00015738,0.024000001
,,,-0.00015737,0.022400001
,,,-0.00015736,0.024000001
,,,-0.00015735,0.024800001
,,,-0.00015734,0.024000001
,,,-0.00015733,0.024000001
,,,-0.00015732,0.024000001
,,,-0.00015731,0.024000001
,,,-0.0001573,0.025600002
,,,-0.00015729,0.023200001
,,,-0.00015728,0.024800001
,,,-0.00015727,0.024800001
,,,-0.00015726,0.023200001
,,,-0.00015725,0.024800001
,,,-0.00015724,0.024000001
,,,-0.00015723,0.023200001
,,,-0.00015722,0.024800001
,,,-0.00015721,0.025600002
,,,-0.0001572,0.024000001
,,,-0.00015719,0.023200001
,,,-0.00015718,0.024000001
,,,-0.00015717,0.024000001
,,,-0.00015716,0.024800001
,,,-0.00015715,0.022400001
,,,-0.00015714,0.023200001
,,,-0.00015713,0.024000001
,,,-0.00015712,0.025600002
,,,-0.00015711,0.024000001
,,,-0.0001571,0.021600001
,,,-0.00015709,0.025600002
,,,-0.00015708,0.022400001
,,,-0.00015707,0.023200001
,,,-0.00015706,0.024000001
,,,-0.00015705,0.024000001
,,,-0.00015704,0.024000001
,,,-0.00015703,0.023200001
,,,-0.00015702,0.024000001
,,,-0.00015701,0.024800001
,,,-0.000157,0.023200001
,,,-0.00015699,0.024800001
,,,-0.00015698,0.024800001
,,,-0.00015697,0.024000001
,,,-0.00015696,0.024000001
,,,-0.00015695,0.024800001
,,,-0.00015694,0.024000001
,,,-0.00015693,0.024000001
,,,-0.00015692,0.024000001
,,,-0.00015691,0.024800001
,,,-0.0001569,0.024800001
,,,-0.00015689,0.023200001
,,,-0.00015688,0.024000001
,,,-0.00015687,0.023200001
,,,-0.00015686,0.024000001
,,,-0.00015685,0.024000001
,,,-0.00015684,0.024000001
,,,-0.00015683,0.024800001
,,,-0.00015682,0.025600002
,,,-0.00015681,0.024800001
,,,-0.0001568,0.023200001
,,,-0.00015679,0.024000001
,,,-0.00015678,0.025600002
,,,-0.00015677,0.022400001
,,,-0.00015676,0.024800001
,,,-0.00015675,0.024000001
,,,-0.00015674,0.022400001
,,,-0.00015673,0.024000001
,,,-0.00015672,0.024000001
,,,-0.00015671,0.024800001
,,,-0.0001567,0.024000001
,,,-0.00015669,0.024000001
,,,-0.00015668,0.024800001
,,,-0.00015667,0.023200001
,,,-0.00015666,0.024800001
,,,-0.00015665,0.024000001
,,,-0.00015664,0.024000001
,,,-0.00015663,0.024000001
,,,-0.00015662,0.024800001
,,,-0.00015661,0.024000001
,,,-0.0001566,0.024000001
,,,-0.00015659,0.023200001
,,,-0.00015658,0.024000001
,,,-0.00015657,0.024800001
,,,-0.00015656,0.026400002
,,,-0.00015655,0.024000001
,,,-0.00015654,0.024000001
,,,-0.00015653,0.024000001
,,,-0.00015652,0.024000001
,,,-0.00015651,0.024000001
,,,-0.0001565,0.024000001
,,,-0.00015649,0.025600002
,,,-0.00015648,0.025600002
,,,-0.00015647,0.024800001
,,,-0.00015646,0.024000001
,,,-0.00015645,0.024000001
,,,-0.00015644,0.024000001
,,,-0.00015643,0.024800001
,,,-0.00015642,0.024800001
,,,-0.00015641,0.024800001
,,,-0.0001564,0.024000001
,,,-0.00015639,0.024800001
,,,-0.00015638,0.024000001
,,,-0.00015637,0.024000001
,,,-0.00015636,0.023200001
,,,-0.00015635,0.023200001
,,,-0.00015634,0.025600002
,,,-0.00015633,0.024000001
,,,-0.00015632,0.024800001
,,,-0.00015631,0.024000001
,,,-0.0001563,0.024800001
,,,-0.00015629,0.025600002
,,,-0.00015628,0.024000001
,,,-0.00015627,0.025600002
,,,-0.00015626,0.024000001
,,,-0.00015625,0.024000001
,,,-0.00015624,0.024000001
,,,-0.00015623,0.023200001
,,,-0.00015622,0.021600001
,,,-0.00015621,0.023200001
,,,-0.0001562,0.024000001
,,,-0.00015619,0.023200001
,,,-0.00015618,0.024000001
,,,-0.00015617,0.024000001
,,,-0.00015616,0.023200001
,,,-0.00015615,0.026400002
,,,-0.00015614,0.024800001
,,,-0.00015613,0.024000001
,,,-0.00015612,0.024000001
,,,-0.00015611,0.024000001
,,,-0.0001561,0.025600002
,,,-0.00015609,0.024800001
,,,-0.00015608,0.024000001
,,,-0.00015607,0.024000001
,,,-0.00015606,0.024800001
,,,-0.00015605,0.023200001
,,,-0.00015604,0.024000001
,,,-0.00015603,0.023200001
,,,-0.00015602,0.024000001
,,,-0.00015601,0.024800001
,,,-0.000156,0.024000001
,,,-0.00015599,0.024800001
,,,-0.00015598,0.024000001
,,,-0.00015597,0.024800001
,,,-0.00015596,0.025600002
,,,-0.00015595,0.024800001
,,,-0.00015594,0.024000001
,,,-0.00015593,0.024800001
,,,-0.00015592,0.024000001
,,,-0.00015591,0.023200001
,,,-0.0001559,0.025600002
,,,-0.00015589,0.024800001
,,,-0.00015588,0.024800001
,,,-0.00015587,0.024000001
,,,-0.00015586,0.024000001
,,,-0.00015585,0.024000001
,,,-0.00015584,0.024000001
,,,-0.00015583,0.024800001
,,,-0.00015582,0.024000001
,,,-0.00015581,0.023200001
,,,-0.0001558,0.024000001
,,,-0.00015579,0.025600002
,,,-0.00015578,0.024000001
,,,-0.00015577,0.023200001
,,,-0.00015576,0.024000001
,,,-0.00015575,0.025600002
,,,-0.00015574,0.023200001
,,,-0.00015573,0.024000001
,,,-0.00015572,0.024000001
,,,-0.00015571,0.024800001
,,,-0.0001557,0.024000001
,,,-0.00015569,0.024800001
,,,-0.00015568,0.024000001
,,,-0.00015567,0.024800001
,,,-0.00015566,0.024000001
,,,-0.00015565,0.024000001
,,,-0.00015564,0.024000001
,,,-0.00015563,0.024000001
,,,-0.00015562,0.024000001
,,,-0.00015561,0.024800001
,,,-0.0001556,0.024800001
,,,-0.00015559,0.024000001
,,,-0.00015558,0.024000001
,,,-0.00015557,0.024000001
,,,-0.00015556,0.024000001
,,,-0.00015555,0.023200001
,,,-0.00015554,0.023200001
,,,-0.00015553,0.024800001
,,,-0.00015552,0.024800001
,,,-0.00015551,0.025600002
,,,-0.0001555,0.024800001
,,,-0.00015549,0.025600002
,,,-0.00015548,0.024000001
,,,-0.00015547,0.024000001
,,,-0.00015546,0.024000001
,,,-0.00015545,0.024800001
,,,-0.00015544,0.024000001
,,,-0.00015543,0.024800001
,,,-0.00015542,0.024800001
,,,-0.00015541,0.024000001
,,,-0.0001554,0.023200001
,,,-0.00015539,0.025600002
,,,-0.00015538,0.025600002
,,,-0.00015537,0.023200001
,,,-0.00015536,0.024000001
,,,-0.00015535,0.023200001
,,,-0.00015534,0.024000001
,,,-0.00015533,0.023200001
,,,-0.00015532,0.025600002
,,,-0.00015531,0.025600002
,,,-0.0001553,0.024800001
,,,-0.00015529,0.024000001
,,,-0.00015528,0.024000001
,,,-0.00015527,0.024000001
,,,-0.00015526,0.024000001
,,,-0.00015525,0.024800001
,,,-0.00015524,0.025600002
,,,-0.00015523,0.024000001
,,,-0.00015522,0.025600002
,,,-0.00015521,0.024800001
,,,-0.0001552,0.024000001
,,,-0.00015519,0.024800001
,,,-0.00015518,0.024000001
,,,-0.00015517,0.024800001
,,,-0.00015516,0.026400002
,,,-0.00015515,0.024000001
,,,-0.00015514,0.024800001
,,,-0.00015513,0.023200001
,,,-0.00015512,0.024000001
,,,-0.00015511,0.023200001
,,,-0.0001551,0.024800001
,,,-0.00015509,0.024800001
,,,-0.00015508,0.024000001
,,,-0.00015507,0.024000001
,,,-0.00015506,0.024000001
,,,-0.00015505,0.024800001
,,,-0.00015504,0.024000001
,,,-0.00015503,0.024000001
,,,-0.00015502,0.024000001
,,,-0.00015501,0.024800001
,,,-0.000155,0.024800001
,,,-0.00015499,0.024000001
,,,-0.00015498,0.024000001
,,,-0.00015497,0.024800001
,,,-0.00015496,0.024000001
,,,-0.00015495,0.024800001
,,,-0.00015494,0.024000001
,,,-0.00015493,0.024000001
,,,-0.00015492,0.023200001
,,,-0.00015491,0.024000001
,,,-0.0001549,0.025600002
,,,-0.00015489,0.025600002
,,,-0.00015488,0.024000001
,,,-0.00015487,0.024000001
,,,-0.00015486,0.025600002
,,,-0.00015485,0.024800001
,,,-0.00015484,0.024000001
,,,-0.00015483,0.024800001
,,,-0.00015482,0.024800001
,,,-0.00015481,0.024000001
,,,-0.0001548,0.024800001
,,,-0.00015479,0.024000001
,,,-0.00015478,0.024000001
,,,-0.00015477,0.024800001
,,,-0.00015476,0.024000001
,,,-0.00015475,0.024000001
,,,-0.00015474,0.024800001
,,,-0.00015473,0.024000001
,,,-0.00015472,0.023200001
,,,-0.00015471,0.023200001
,,,-0.0001547,0.024800001
,,,-0.00015469,0.025600002
,,,-0.00015468,0.025600002
,,,-0.00015467,0.023200001
,,,-0.00015466,0.024800001
,,,-0.00015465,0.024800001
,,,-0.00015464,0.024000001
,,,-0.00015463,0.024000001
,,,-0.00015462,0.024000001
,,,-0.00015461,0.024000001
,,,-0.0001546,0.024800001
,,,-0.00015459,0.026400002
,,,-0.00015458,0.024800001
,,,-0.00015457,0.024000001
,,,-0.00015456,0.024000001
,,,-0.00015455,0.023200001
,,,-0.00015454,0.024000001
,,,-0.00015453,0.024000001
,,,-0.00015452,0.024000001
,,,-0.00015451,0.023200001
,,,-0.0001545,0.024800001
,,,-0.00015449,0.022400001
,,,-0.00015448,0.023200001
,,,-0.00015447,0.024800001
,,,-0.00015446,0.023200001
,,,-0.00015445,0.024000001
,,,-0.00015444,0.023200001
,,,-0.00015443,0.024800001
,,,-0.00015442,0.024000001
,,,-0.00015441,0.024800001
,,,-0.0001544,0.024800001
,,,-0.00015439,0.024000001
,,,-0.00015438,0.024800001
,,,-0.00015437,0.024000001
,,,-0.00015436,0.024000001
,,,-0.00015435,0.024800001
,,,-0.00015434,0.024000001
,,,-0.00015433,0.025600002
,,,-0.00015432,0.023200001
,,,-0.00015431,0.025600002
,,,-0.0001543,0.024800001
,,,-0.00015429,0.022400001
,,,-0.00015428,0.025600002
,,,-0.00015427,0.024800001
,,,-0.00015426,0.024800001
,,,-0.00015425,0.024000001
,,,-0.00015424,0.024000001
,,,-0.00015423,0.024000001
,,,-0.00015422,0.024000001
,,,-0.00015421,0.025600002
,,,-0.0001542,0.025600002
,,,-0.00015419,0.025600002
,,,-0.00015418,0.024000001
,,,-0.00015417,0.024000001
,,,-0.00015416,0.023200001
,,,-0.00015415,0.022400001
,,,-0.00015414,0.022400001
,,,-0.00015413,0.024000001
,,,-0.00015412,0.024000001
,,,-0.00015411,0.023200001
,,,-0.0001541,0.024800001
,,,-0.00015409,0.022400001
,,,-0.00015408,0.024000001
,,,-0.00015407,0.024800001
,,,-0.00015406,0.024800001
,,,-0.00015405,0.023200001
,,,-0.00015404,0.024000001
,,,-0.00015403,0.023200001
,,,-0.00015402,0.024000001
,,,-0.00015401,0.024000001
,,,-0.000154,0.024000001
,,,-0.00015399,0.024000001
,,,-0.00015398,0.024800001
,,,-0.00015397,0.024000001
,,,-0.00015396,0.022400001
,,,-0.00015395,0.022400001
,,,-0.00015394,0.024800001
,,,-0.00015393,0.024000001
,,,-0.00015392,0.024000001
,,,-0.00015391,0.028000002
,,,-0.0001539,0.025600002
,,,-0.00015389,0.024800001
,,,-0.00015388,0.024000001
,,,-0.00015387,0.024000001
,,,-0.00015386,0.024000001
,,,-0.00015385,0.024800001
,,,-0.00015384,0.024000001
,,,-0.00015383,0.023200001
,,,-0.00015382,0.024000001
,,,-0.00015381,0.024000001
,,,-0.0001538,0.023200001
,,,-0.00015379,0.024000001
,,,-0.00015378,0.024000001
,,,-0.00015377,0.024000001
,,,-0.00015376,0.024000001
,,,-0.00015375,0.024800001
,,,-0.00015374,0.025600002
,,,-0.00015373,0.023200001
,,,-0.00015372,0.024000001
,,,-0.00015371,0.026400002
,,,-0.0001537,0.024800001
,,,-0.00015369,0.024800001
,,,-0.00015368,0.024000001
,,,-0.00015367,0.024000001
,,,-0.00015366,0.025600002
,,,-0.00015365,0.024000001
,,,-0.00015364,0.023200001
,,,-0.00015363,0.024000001
,,,-0.00015362,0.025600002
,,,-0.00015361,0.024000001
,,,-0.0001536,0.024000001
,,,-0.00015359,0.023200001
,,,-0.00015358,0.024800001
,,,-0.00015357,0.024000001
,,,-0.00015356,0.025600002
,,,-0.00015355,0.023200001
,,,-0.00015354,0.023200001
,,,-0.00015353,0.024800001
,,,-0.00015352,0.024000001
,,,-0.00015351,0.024000001
,,,-0.0001535,0.024800001
,,,-0.00015349,0.024000001
,,,-0.00015348,0.023200001
,,,-0.00015347,0.024800001
,,,-0.00015346,0.024000001
,,,-0.00015345,0.024000001
,,,-0.00015344,0.024000001
,,,-0.00015343,0.024000001
,,,-0.00015342,0.025600002
,,,-0.00015341,0.024000001
,,,-0.0001534,0.024000001
,,,-0.00015339,0.022400001
,,,-0.00015338,0.024000001
,,,-0.00015337,0.024000001
,,,-0.00015336,0.024000001
,,,-0.00015335,0.025600002
,,,-0.00015334,0.024000001
,,,-0.00015333,0.024000001
,,,-0.00015332,0.024800001
,,,-0.00015331,0.023200001
,,,-0.0001533,0.024000001
,,,-0.00015329,0.024800001
,,,-0.00015328,0.024000001
,,,-0.00015327,0.022400001
,,,-0.00015326,0.024000001
,,,-0.00015325,0.025600002
,,,-0.00015324,0.025600002
,,,-0.00015323,0.024800001
,,,-0.00015322,0.022400001
,,,-0.00015321,0.024000001
,,,-0.0001532,0.024800001
,,,-0.00015319,0.024000001
,,,-0.00015318,0.024800001
,,,-0.00015317,0.024800001
,,,-0.00015316,0.024000001
,,,-0.00015315,0.023200001
,,,-0.00015314,0.024000001
,,,-0.00015313,0.023200001
,,,-0.00015312,0.024000001
,,,-0.00015311,0.024000001
,,,-0.0001531,0.023200001
,,,-0.00015309,0.024000001
,,,-0.00015308,0.024000001
,,,-0.00015307,0.024800001
,,,-0.00015306,0.024800001
,,,-0.00015305,0.024000001
,,,-0.00015304,0.024000001
,,,-0.00015303,0.025600002
,,,-0.00015302,0.024000001
,,,-0.00015301,0.023200001
,,,-0.000153,0.024000001
,,,-0.00015299,0.024000001
,,,-0.00015298,0.024000001
,,,-0.00015297,0.024800001
,,,-0.00015296,0.024000001
,,,-0.00015295,0.024000001
,,,-0.00015294,0.024800001
,,,-0.00015293,0.024000001
,,,-0.00015292,0.024800001
,,,-0.00015291,0.024800001
,,,-0.0001529,0.025600002
,,,-0.00015289,0.024000001
,,,-0.00015288,0.024000001
,,,-0.00015287,0.024000001
,,,-0.00015286,0.022400001
,,,-0.00015285,0.023200001
,,,-0.00015284,0.023200001
,,,-0.00015283,0.024000001
,,,-0.00015282,0.024800001
,,,-0.00015281,0.024000001
,,,-0.0001528,0.024000001
,,,-0.00015279,0.026400002
,,,-0.00015278,0.024000001
,,,-0.00015277,0.023200001
,,,-0.00015276,0.024800001
,,,-0.00015275,0.024000001
,,,-0.00015274,0.024800001
,,,-0.00015273,0.024000001
,,,-0.00015272,0.024000001
,,,-0.00015271,0.024000001
,,,-0.0001527,0.024000001
,,,-0.00015269,0.024000001
,,,-0.00015268,0.024000001
,,,-0.00015267,0.022400001
,,,-0.00015266,0.025600002
,,,-0.00015265,0.022400001
,,,-0.00015264,0.024800001
,,,-0.00015263,0.024000001
,,,-0.00015262,0.023200001
,,,-0.00015261,0.022400001
,,,-0.0001526,0.024000001
,,,-0.00015259,0.023200001
,,,-0.00015258,0.024800001
,,,-0.00015257,0.024000001
,,,-0.00015256,0.022400001
,,,-0.00015255,0.024800001
,,,-0.00015254,0.023200001
,,,-0.00015253,0.024000001
,,,-0.00015252,0.024800001
,,,-0.00015251,0.024000001
,,,-0.0001525,0.023200001
,,,-0.00015249,0.024000001
,,,-0.00015248,0.024800001
,,,-0.00015247,0.023200001
,,,-0.00015246,0.023200001
,,,-0.00015245,0.022400001
,,,-0.00015244,0.024800001
,,,-0.00015243,0.024000001
,,,-0.00015242,0.023200001
,,,-0.00015241,0.024000001
,,,-0.0001524,0.027200002
,,,-0.00015239,0.024800001
,,,-0.00015238,0.024800001
,,,-0.00015237,0.024000001
,,,-0.00015236,0.024800001
,,,-0.00015235,0.023200001
,,,-0.00015234,0.022400001
,,,-0.00015233,0.024000001
,,,-0.00015232,0.023200001
,,,-0.00015231,0.024000001
,,,-0.0001523,0.024000001
,,,-0.00015229,0.025600002
,,,-0.00015228,0.024800001
,,,-0.00015227,0.024800001
,,,-0.00015226,0.024000001
,,,-0.00015225,0.024000001
,,,-0.00015224,0.024000001
,,,-0.00015223,0.024800001
,,,-0.00015222,0.024000001
,,,-0.00015221,0.024800001
,,,-0.0001522,0.024000001
,,,-0.00015219,0.024000001
,,,-0.00015218,0.025600002
,,,-0.00015217,0.024000001
,,,-0.00015216,0.024000001
,,,-0.00015215,0.025600002
,,,-0.00015214,0.024000001
,,,-0.00015213,0.024000001
,,,-0.00015212,0.024800001
,,,-0.00015211,0.024800001
,,,-0.0001521,0.023200001
,,,-0.00015209,0.025600002
,,,-0.00015208,0.024800001
,,,-0.00015207,0.024800001
,,,-0.00015206,0.024000001
,,,-0.00015205,0.024800001
,,,-0.00015204,0.024000001
,,,-0.00015203,0.024000001
,,,-0.00015202,0.024000001
,,,-0.00015201,0.023200001
,,,-0.000152,0.024000001
,,,-0.00015199,0.024000001
,,,-0.00015198,0.024800001
,,,-0.00015197,0.025600002
,,,-0.00015196,0.024800001
,,,-0.00015195,0.024800001
,,,-0.00015194,0.024800001
,,,-0.00015193,0.023200001
,,,-0.00015192,0.022400001
,,,-0.00015191,0.024800001
,,,-0.0001519,0.025600002
,,,-0.00015189,0.024000001
,,,-0.00015188,0.024800001
,,,-0.00015187,0.024000001
,,,-0.00015186,0.024800001
,,,-0.00015185,0.024000001
,,,-0.00015184,0.024000001
,,,-0.00015183,0.023200001
,,,-0.00015182,0.025600002
,,,-0.00015181,0.023200001
,,,-0.0001518,0.024800001
,,,-0.00015179,0.025600002
,,,-0.00015178,0.024000001
,,,-0.00015177,0.024000001
,,,-0.00015176,0.024800001
,,,-0.00015175,0.023200001
,,,-0.00015174,0.023200001
,,,-0.00015173,0.024000001
,,,-0.00015172,0.024000001
,,,-0.00015171,0.025600002
,,,-0.0001517,0.024000001
,,,-0.00015169,0.024000001
,,,-0.00015168,0.024000001
,,,-0.00015167,0.024000001
,,,-0.00015166,0.023200001
,,,-0.00015165,0.024000001
,,,-0.00015164,0.024800001
,,,-0.00015163,0.023200001
,,,-0.00015162,0.024800001
,,,-0.00015161,0.024000001
,,,-0.0001516,0.024000001
,,,-0.00015159,0.024000001
,,,-0.00015158,0.024000001
,,,-0.00015157,0.024000001
,,,-0.00015156,0.024000001
,,,-0.00015155,0.024000001
,,,-0.00015154,0.024000001
,,,-0.00015153,0.024000001
,,,-0.00015152,0.024000001
,,,-0.00015151,0.024800001
,,,-0.0001515,0.024000001
,,,-0.00015149,0.024000001
,,,-0.00015148,0.024000001
,,,-0.00015147,0.023200001
,,,-0.00015146,0.024800001
,,,-0.00015145,0.023200001
,,,-0.00015144,0.025600002
,,,-0.00015143,0.024800001
,,,-0.00015142,0.024000001
,,,-0.00015141,0.025600002
,,,-0.0001514,0.024000001
,,,-0.00015139,0.024000001
,,,-0.00015138,0.024000001
,,,-0.00015137,0.026400002
,,,-0.00015136,0.025600002
,,,-0.00015135,0.024800001
,,,-0.00015134,0.024000001
,,,-0.00015133,0.024000001
,,,-0.00015132,0.024000001
,,,-0.00015131,0.024000001
,,,-0.0001513,0.024000001
,,,-0.00015129,0.024800001
,,,-0.00015128,0.024000001
,,,-0.00015127,0.024000001
,,,-0.00015126,0.024000001
,,,-0.00015125,0.024800001
,,,-0.00015124,0.024000001
,,,-0.00015123,0.024000001
,,,-0.00015122,0.024000001
,,,-0.00015121,0.023200001
,,,-0.0001512,0.024000001
,,,-0.00015119,0.024000001
,,,-0.00015118,0.024000001
,,,-0.00015117,0.024000001
,,,-0.00015116,0.024800001
,,,-0.00015115,0.022400001
,,,-0.00015114,0.023200001
,,,-0.00015113,0.023200001
,,,-0.00015112,0.024800001
,,,-0.00015111,0.024000001
,,,-0.0001511,0.021600001
,,,-0.00015109,0.023200001
,,,-0.00015108,0.024800001
,,,-0.00015107,0.023200001
,,,-0.00015106,0.024800001
,,,-0.00015105,0.023200001
,,,-0.00015104,0.023200001
,,,-0.00015103,0.024000001
,,,-0.00015102,0.024800001
,,,-0.00015101,0.024000001
,,,-0.000151,0.023200001
,,,-0.00015099,0.024800001
,,,-0.00015098,0.024000001
,,,-0.00015097,0.025600002
,,,-0.00015096,0.021600001
,,,-0.00015095,0.024000001
,,,-0.00015094,0.021600001
,,,-0.00015093,0.024000001
,,,-0.00015092,0.026400002
,,,-0.00015091,0.025600002
,,,-0.0001509,0.024000001
,,,-0.00015089,0.024000001
,,,-0.00015088,0.024000001
,,,-0.00015087,0.024000001
,,,-0.00015086,0.025600002
,,,-0.00015085,0.025600002
,,,-0.00015084,0.024000001
,,,-0.00015083,0.022400001
,,,-0.00015082,0.024000001
,,,-0.00015081,0.022400001
,,,-0.0001508,0.024000001
,,,-0.00015079,0.024000001
,,,-0.00015078,0.024000001
,,,-0.00015077,0.023200001
,,,-0.00015076,0.024000001
,,,-0.00015075,0.025600002
,,,-0.00015074,0.024000001
,,,-0.00015073,0.024000001
,,,-0.00015072,0.024800001
,,,-0.00015071,0.025600002
,,,-0.0001507,0.024000001
,,,-0.00015069,0.024000001
,,,-0.00015068,0.024000001
,,,-0.00015067,0.023200001
,,,-0.00015066,0.022400001
,,,-0.00015065,0.024800001
,,,-0.00015064,0.022400001
,,,-0.00015063,0.024000001
,,,-0.00015062,0.024000001
,,,-0.00015061,0.025600002
,,,-0.0001506,0.024000001
,,,-0.00015059,0.023200001
,,,-0.00015058,0.024800001
,,,-0.00015057,0.024800001
,,,-0.00015056,0.024000001
,,,-0.00015055,0.024000001
,,,-0.00015054,0.024800001
,,,-0.00015053,0.024800001
,,,-0.00015052,0.024000001
,,,-0.00015051,0.024000001
,,,-0.0001505,0.025600002
,,,-0.00015049,0.024000001
,,,-0.00015048,0.024800001
,,,-0.00015047,0.024000001
,,,-0.00015046,0.023200001
,,,-0.00015045,0.024800001
,,,-0.00015044,0.025600002
,,,-0.00015043,0.023200001
,,,-0.00015042,0.022400001
,,,-0.00015041,0.024000001
,,,-0.0001504,0.024000001
,,,-0.00015039,0.023200001
,,,-0.00015038,0.024000001
,,,-0.00015037,0.024000001
,,,-0.00015036,0.024800001
,,,-0.00015035,0.023200001
,,,-0.00015034,0.024800001
,,,-0.00015033,0.023200001
,,,-0.00015032,0.024000001
,,,-0.00015031,0.024800001
,,,-0.0001503,0.024000001
,,,-0.00015029,0.024000001
,,,-0.00015028,0.024000001
,,,-0.00015027,0.024000001
,,,-0.00015026,0.025600002
,,,-0.00015025,0.025600002
,,,-0.00015024,0.025600002
,,,-0.00015023,0.025600002
,,,-0.00015022,0.024000001
,,,-0.00015021,0.025600002
,,,-0.0001502,0.025600002
,,,-0.00015019,0.024000001
,,,-0.00015018,0.024800001
,,,-0.00015017,0.023200001
,,,-0.00015016,0.024000001
,,,-0.00015015,0.025600002
,,,-0.00015014,0.024800001
,,,-0.00015013,0.023200001
,,,-0.00015012,0.024000001
,,,-0.00015011,0.024000001
,,,-0.0001501,0.024000001
,,,-0.00015009,0.024000001
,,,-0.00015008,0.024800001
,,,-0.00015007,0.024000001
,,,-0.00015006,0.025600002
,,,-0.00015005,0.023200001
,,,-0.00015004,0.023200001
,,,-0.00015003,0.024000001
,,,-0.00015002,0.024000001
,,,-0.00015001,0.024000001
,,,-0.00015,0.022400001
,,,-0.00014999,0.022400001
,,,-0.00014998,0.025600002
,,,-0.00014997,0.024000001
,,,-0.00014996,0.024000001
,,,-0.00014995,0.023200001
,,,-0.00014994,0.024800001
,,,-0.00014993,0.023200001
,,,-0.00014992,0.024000001
,,,-0.00014991,0.024000001
,,,-0.0001499,0.023200001
,,,-0.00014989,0.024000001
,,,-0.00014988,0.024000001
,,,-0.00014987,0.023200001
,,,-0.00014986,0.024000001
,,,-0.00014985,0.022400001
,,,-0.00014984,0.023200001
,,,-0.00014983,0.024000001
,,,-0.00014982,0.024000001
,,,-0.00014981,0.024000001
,,,-0.0001498,0.024000001
,,,-0.00014979,0.024000001
,,,-0.00014978,0.024800001
,,,-0.00014977,0.023200001
,,,-0.00014976,0.024800001
,,,-0.00014975,0.024800001
,,,-0.00014974,0.024000001
,,,-0.00014973,0.022400001
,,,-0.00014972,0.026400002
,,,-0.00014971,0.022400001
,,,-0.0001497,0.024000001
,,,-0.00014969,0.025600002
,,,-0.00014968,0.024000001
,,,-0.00014967,0.024000001
,,,-0.00014966,0.024000001
,,,-0.00014965,0.024800001
,,,-0.00014964,0.025600002
,,,-0.00014963,0.024800001
,,,-0.00014962,0.024800001
,,,-0.00014961,0.024800001
,,,-0.0001496,0.023200001
,,,-0.00014959,0.024000001
,,,-0.00014958,0.024000001
,,,-0.00014957,0.024000001
,,,-0.00014956,0.024000001
,,,-0.00014955,0.025600002
,,,-0.00014954,0.024800001
,,,-0.00014953,0.024000001
,,,-0.00014952,0.024800001
,,,-0.00014951,0.025600002
,,,-0.0001495,0.024000001
,,,-0.00014949,0.024000001
,,,-0.00014948,0.025600002
,,,-0.00014947,0.024000001
,,,-0.00014946,0.024000001
,,,-0.00014945,0.024000001
,,,-0.00014944,0.024800001
,,,-0.00014943,0.024000001
,,,-0.00014942,0.023200001
,,,-0.00014941,0.024000001
,,,-0.0001494,0.024800001
,,,-0.00014939,0.023200001
,,,-0.00014938,0.024000001
,,,-0.00014937,0.024000001
,,,-0.00014936,0.024000001
,,,-0.00014935,0.024000001
,,,-0.00014934,0.024800001
,,,-0.00014933,0.024000001
,,,-0.00014932,0.023200001
,,,-0.00014931,0.024800001
,,,-0.0001493,0.025600002
,,,-0.00014929,0.024000001
,,,-0.00014928,0.024000001
,,,-0.00014927,0.023200001
,,,-0.00014926,0.024000001
,,,-0.00014925,0.024000001
,,,-0.00014924,0.024800001
,,,-0.00014923,0.024800001
,,,-0.00014922,0.024000001
,,,-0.00014921,0.024000001
,,,-0.0001492,0.023200001
,,,-0.00014919,0.023200001
,,,-0.00014918,0.024000001
,,,-0.00014917,0.024000001
,,,-0.00014916,0.024000001
,,,-0.00014915,0.025600002
,,,-0.00014914,0.024800001
,,,-0.00014913,0.025600002
,,,-0.00014912,0.024800001
,,,-0.00014911,0.024000001
,,,-0.0001491,0.024800001
,,,-0.00014909,0.024000001
,,,-0.00014908,0.024800001
,,,-0.00014907,0.024000001
,,,-0.00014906,0.023200001
,,,-0.00014905,0.024000001
,,,-0.00014904,0.024000001
,,,-0.00014903,0.025600002
,,,-0.00014902,0.024000001
,,,-0.00014901,0.024000001
,,,-0.000149,0.024000001
,,,-0.00014899,0.024800001
,,,-0.00014898,0.024800001
,,,-0.00014897,0.024000001
,,,-0.00014896,0.025600002
,,,-0.00014895,0.024000001
,,,-0.00014894,0.022400001
,,,-0.00014893,0.024000001
,,,-0.00014892,0.024000001
,,,-0.00014891,0.024000001
,,,-0.0001489,0.024000001
,,,-0.00014889,0.025600002
,,,-0.00014888,0.024000001
,,,-0.00014887,0.024000001
,,,-0.00014886,0.025600002
,,,-0.00014885,0.024000001
,,,-0.00014884,0.024000001
,,,-0.00014883,0.024800001
,,,-0.00014882,0.024000001
,,,-0.00014881,0.024000001
,,,-0.0001488,0.026400002
,,,-0.00014879,0.023200001
,,,-0.00014878,0.024000001
,,,-0.00014877,0.024000001
,,,-0.00014876,0.024000001
,,,-0.00014875,0.025600002
,,,-0.00014874,0.024000001
,,,-0.00014873,0.023200001
,,,-0.00014872,0.024000001
,,,-0.00014871,0.024000001
,,,-0.0001487,0.024000001
,,,-0.00014869,0.024000001
,,,-0.00014868,0.024800001
,,,-0.00014867,0.024000001
,,,-0.00014866,0.024000001
,,,-0.00014865,0.023200001
,,,-0.00014864,0.025600002
,,,-0.00014863,0.023200001
,,,-0.00014862,0.024800001
,,,-0.00014861,0.025600002
,,,-0.0001486,0.024000001
,,,-0.00014859,0.024000001
,,,-0.00014858,0.026400002
,,,-0.00014857,0.025600002
,,,-0.00014856,0.024800001
,,,-0.00014855,0.024000001
,,,-0.00014854,0.024000001
,,,-0.00014853,0.023200001
,,,-0.00014852,0.024000001
,,,-0.00014851,0.024000001
,,,-0.0001485,0.024000001
,,,-0.00014849,0.023200001
,,,-0.00014848,0.026400002
,,,-0.00014847,0.022400001
,,,-0.00014846,0.024800001
,,,-0.00014845,0.024000001
,,,-0.00014844,0.024000001
,,,-0.00014843,0.024800001
,,,-0.00014842,0.024000001
,,,-0.00014841,0.023200001
,,,-0.0001484,0.024800001
,,,-0.00014839,0.024000001
,,,-0.00014838,0.023200001
,,,-0.00014837,0.024000001
,,,-0.00014836,0.024000001
,,,-0.00014835,0.024000001
,,,-0.00014834,0.023200001
,,,-0.00014833,0.024800001
,,,-0.00014832,0.024000001
,,,-0.00014831,0.024000001
,,,-0.0001483,0.024800001
,,,-0.00014829,0.022400001
,,,-0.00014828,0.024800001
,,,-0.00014827,0.024800001
,,,-0.00014826,0.024800001
,,,-0.00014825,0.024800001
,,,-0.00014824,0.024000001
,,,-0.00014823,0.024000001
,,,-0.00014822,0.024000001
,,,-0.00014821,0.024000001
,,,-0.0001482,0.024000001
,,,-0.00014819,0.024000001
,,,-0.00014818,0.023200001
,,,-0.00014817,0.024000001
,,,-0.00014816,0.025600002
,,,-0.00014815,0.024800001
,,,-0.00014814,0.024800001
,,,-0.00014813,0.024800001
,,,-0.00014812,0.023200001
,,,-0.00014811,0.024000001
,,,-0.0001481,0.027200002
,,,-0.00014809,0.024000001
,,,-0.00014808,0.024000001
,,,-0.00014807,0.024800001
,,,-0.00014806,0.024000001
,,,-0.00014805,0.024000001
,,,-0.00014804,0.023200001
,,,-0.00014803,0.024000001
,,,-0.00014802,0.024000001
,,,-0.00014801,0.024000001
,,,-0.000148,0.023200001
,,,-0.00014799,0.024800001
,,,-0.00014798,0.024800001
,,,-0.00014797,0.024000001
,,,-0.00014796,0.024000001
,,,-0.00014795,0.024800001
,,,-0.00014794,0.024000001
,,,-0.00014793,0.023200001
,,,-0.00014792,0.024000001
,,,-0.00014791,0.023200001
,,,-0.0001479,0.024000001
,,,-0.00014789,0.024800001
,,,-0.00014788,0.024000001
,,,-0.00014787,0.024000001
,,,-0.00014786,0.024000001
,,,-0.00014785,0.024000001
,,,-0.00014784,0.024800001
,,,-0.00014783,0.025600002
,,,-0.00014782,0.026400002
,,,-0.00014781,0.024000001
,,,-0.0001478,0.024000001
,,,-0.00014779,0.025600002
,,,-0.00014778,0.025600002
,,,-0.00014777,0.024000001
,,,-0.00014776,0.023200001
,,,-0.00014775,0.024800001
,,,-0.00014774,0.023200001
,,,-0.00014773,0.024800001
,,,-0.00014772,0.023200001
,,,-0.00014771,0.024000001
,,,-0.0001477,0.024800001
,,,-0.00014769,0.022400001
,,,-0.00014768,0.024000001
,,,-0.00014767,0.024000001
,,,-0.00014766,0.023200001
,,,-0.00014765,0.024000001
,,,-0.00014764,0.024800001
,,,-0.00014763,0.024000001
,,,-0.00014762,0.024800001
,,,-0.00014761,0.026400002
,,,-0.0001476,0.026400002
,,,-0.00014759,0.024000001
,,,-0.00014758,0.024000001
,,,-0.00014757,0.025600002
,,,-0.00014756,0.023200001
,,,-0.00014755,0.024000001
,,,-0.00014754,0.025600002
,,,-0.00014753,0.024000001
,,,-0.00014752,0.024800001
,,,-0.00014751,0.024000001
,,,-0.0001475,0.023200001
,,,-0.00014749,0.024000001
,,,-0.00014748,0.024000001
,,,-0.00014747,0.025600002
,,,-0.00014746,0.023200001
,,,-0.00014745,0.024800001
,,,-0.00014744,0.025600002
,,,-0.00014743,0.022400001
,,,-0.00014742,0.024800001
,,,-0.00014741,0.024000001
,,,-0.0001474,0.024000001
,,,-0.00014739,0.024000001
,,,-0.00014738,0.026400002
,,,-0.00014737,0.024000001
,,,-0.00014736,0.024000001
,,,-0.00014735,0.024800001
,,,-0.00014734,0.025600002
,,,-0.00014733,0.024000001
,,,-0.00014732,0.024800001
,,,-0.00014731,0.024800001
,,,-0.0001473,0.024000001
,,,-0.00014729,0.024000001
,,,-0.00014728,0.022400001
,,,-0.00014727,0.024000001
,,,-0.00014726,0.025600002
,,,-0.00014725,0.024800001
,,,-0.00014724,0.023200001
,,,-0.00014723,0.024000001
,,,-0.00014722,0.024000001
,,,-0.00014721,0.025600002
,,,-0.0001472,0.026400002
,,,-0.00014719,0.024000001
,,,-0.00014718,0.024000001
,,,-0.00014717,0.024800001
,,,-0.00014716,0.023200001
,,,-0.00014715,0.024000001
,,,-0.00014714,0.023200001
,,,-0.00014713,0.023200001
,,,-0.00014712,0.024000001
,,,-0.00014711,0.024000001
,,,-0.0001471,0.025600002
,,,-0.00014709,0.024000001
,,,-0.00014708,0.025600002
,,,-0.00014707,0.023200001
,,,-0.00014706,0.025600002
,,,-0.00014705,0.024800001
,,,-0.00014704,0.024000001
,,,-0.00014703,0.023200001
,,,-0.00014702,0.024000001
,,,-0.00014701,0.023200001
,,,-0.000147,0.023200001
,,,-0.00014699,0.023200001
,,,-0.00014698,0.024000001
,,,-0.00014697,0.024000001
,,,-0.00014696,0.024800001
,,,-0.00014695,0.024000001
,,,-0.00014694,0.024000001
,,,-0.00014693,0.024000001
,,,-0.00014692,0.024000001
,,,-0.00014691,0.023200001
,,,-0.0001469,0.024000001
,,,-0.00014689,0.022400001
,,,-0.00014688,0.024800001
,,,-0.00014687,0.024000001
,,,-0.00014686,0.024000001
,,,-0.00014685,0.023200001
,,,-0.00014684,0.024000001
,,,-0.00014683,0.023200001
,,,-0.00014682,0.024800001
,,,-0.00014681,0.024000001
,,,-0.0001468,0.024800001
,,,-0.00014679,0.024800001
,,,-0.00014678,0.023200001
,,,-0.00014677,0.022400001
,,,-0.00014676,0.023200001
,,,-0.00014675,0.024000001
,,,-0.00014674,0.024800001
,,,-0.00014673,0.024000001
,,,-0.00014672,0.025600002
,,,-0.00014671,0.024800001
,,,-0.0001467,0.024800001
,,,-0.00014669,0.024000001
,,,-0.00014668,0.024800001
,,,-0.00014667,0.023200001
,,,-0.00014666,0.024800001
,,,-0.00014665,0.024800001
,,,-0.00014664,0.024000001
,,,-0.00014663,0.023200001
,,,-0.00014662,0.024800001
,,,-0.00014661,0.024000001
,,,-0.0001466,0.025600002
,,,-0.00014659,0.024000001
,,,-0.00014658,0.024000001
,,,-0.00014657,0.024800001
,,,-0.00014656,0.024000001
,,,-0.00014655,0.023200001
,,,-0.00014654,0.025600002
,,,-0.00014653,0.022400001
,,,-0.00014652,0.024000001
,,,-0.00014651,0.023200001
,,,-0.0001465,0.025600002
,,,-0.00014649,0.024000001
,,,-0.00014648,0.024000001
,,,-0.00014647,0.024000001
,,,-0.00014646,0.024800001
,,,-0.00014645,0.024800001
,,,-0.00014644,0.024000001
,,,-0.00014643,0.024800001
,,,-0.00014642,0.024000001
,,,-0.00014641,0.024800001
,,,-0.0001464,0.024000001
,,,-0.00014639,0.025600002
,,,-0.00014638,0.026400002
,,,-0.00014637,0.023200001
,,,-0.00014636,0.023200001
,,,-0.00014635,0.023200001
,,,-0.00014634,0.023200001
,,,-0.00014633,0.026400002
,,,-0.00014632,0.024000001
,,,-0.00014631,0.024000001
,,,-0.0001463,0.024800001
,,,-0.00014629,0.024000001
,,,-0.00014628,0.024000001
,,,-0.00014627,0.023200001
,,,-0.00014626,0.023200001
,,,-0.00014625,0.024800001
,,,-0.00014624,0.022400001
,,,-0.00014623,0.024800001
,,,-0.00014622,0.024000001
,,,-0.00014621,0.023200001
,,,-0.0001462,0.024800001
,,,-0.00014619,0.023200001
,,,-0.00014618,0.025600002
,,,-0.00014617,0.023200001
,,,-0.00014616,0.023200001
,,,-0.00014615,0.023200001
,,,-0.00014614,0.024000001
,,,-0.00014613,0.024000001
,,,-0.00014612,0.024000001
,,,-0.00014611,0.024000001
,,,-0.0001461,0.023200001
,,,-0.00014609,0.024800001
,,,-0.00014608,0.024000001
,,,-0.00014607,0.024000001
,,,-0.00014606,0.025600002
,,,-0.00014605,0.024000001
,,,-0.00014604,0.024800001
,,,-0.00014603,0.023200001
,,,-0.00014602,0.024000001
,,,-0.00014601,0.024800001
,,,-0.000146,0.023200001
,,,-0.00014599,0.024000001
,,,-0.00014598,0.024000001
,,,-0.00014597,0.024800001
,,,-0.00014596,0.024000001
,,,-0.00014595,0.024000001
,,,-0.00014594,0.024800001
,,,-0.00014593,0.024000001
,,,-0.00014592,0.024800001
,,,-0.00014591,0.024000001
,,,-0.0001459,0.024800001
,,,-0.00014589,0.023200001
,,,-0.00014588,0.024800001
,,,-0.00014587,0.022400001
,,,-0.00014586,0.024000001
,,,-0.00014585,0.024000001
,,,-0.00014584,0.023200001
,,,-0.00014583,0.024000001
,,,-0.00014582,0.024000001
,,,-0.00014581,0.024000001
,,,-0.0001458,0.024000001
,,,-0.00014579,0.024800001
,,,-0.00014578,0.025600002
,,,-0.00014577,0.024000001
,,,-0.00014576,0.022400001
,,,-0.00014575,0.024000001
,,,-0.00014574,0.024800001
,,,-0.00014573,0.024800001
,,,-0.00014572,0.024000001
,,,-0.00014571,0.024000001
,,,-0.0001457,0.024000001
,,,-0.00014569,0.024800001
,,,-0.00014568,0.024000001
,,,-0.00014567,0.024000001
,,,-0.00014566,0.024800001
,,,-0.00014565,0.024000001
,,,-0.00014564,0.023200001
,,,-0.00014563,0.022400001
,,,-0.00014562,0.024000001
,,,-0.00014561,0.024000001
,,,-0.0001456,0.024800001
,,,-0.00014559,0.023200001
,,,-0.00014558,0.025600002
,,,-0.00014557,0.023200001
,,,-0.00014556,0.023200001
,,,-0.00014555,0.025600002
,,,-0.00014554,0.024000001
,,,-0.00014553,0.023200001
,,,-0.00014552,0.025600002
,,,-0.00014551,0.024000001
,,,-0.0001455,0.024000001
,,,-0.00014549,0.022400001
,,,-0.00014548,0.024000001
,,,-0.00014547,0.024800001
,,,-0.00014546,0.024800001
,,,-0.00014545,0.025600002
,,,-0.00014544,0.023200001
,,,-0.00014543,0.024000001
,,,-0.00014542,0.024800001
,,,-0.00014541,0.024000001
,,,-0.0001454,0.025600002
,,,-0.00014539,0.024000001
,,,-0.00014538,0.025600002
,,,-0.00014537,0.024000001
,,,-0.00014536,0.024000001
,,,-0.00014535,0.024000001
,,,-0.00014534,0.023200001
,,,-0.00014533,0.024800001
,,,-0.00014532,0.023200001
,,,-0.00014531,0.024000001
,,,-0.0001453,0.024800001
,,,-0.00014529,0.024000001
,,,-0.00014528,0.024800001
,,,-0.00014527,0.024800001
,,,-0.00014526,0.024800001
,,,-0.00014525,0.024800001
,,,-0.00014524,0.024800001
,,,-0.00014523,0.024000001
,,,-0.00014522,0.022400001
,,,-0.00014521,0.023200001
,,,-0.0001452,0.024000001
,,,-0.00014519,0.024800001
,,,-0.00014518,0.024000001
,,,-0.00014517,0.023200001
,,,-0.00014516,0.023200001
,,,-0.00014515,0.024800001
,,,-0.00014514,0.024800001
,,,-0.00014513,0.024000001
,,,-0.00014512,0.025600002
,,,-0.00014511,0.024000001
,,,-0.0001451,0.024800001
,,,-0.00014509,0.024000001
,,,-0.00014508,0.024800001
,,,-0.00014507,0.025600002
,,,-0.00014506,0.024800001
,,,-0.00014505,0.024000001
,,,-0.00014504,0.024000001
,,,-0.00014503,0.024800001
,,,-0.00014502,0.024800001
,,,-0.00014501,0.025600002
,,,-0.000145,0.025600002
,,,-0.00014499,0.024000001
,,,-0.00014498,0.024000001
,,,-0.00014497,0.024000001
,,,-0.00014496,0.024800001
,,,-0.00014495,0.025600002
,,,-0.00014494,0.024000001
,,,-0.00014493,0.024000001
,,,-0.00014492,0.026400002
,,,-0.00014491,0.024800001
,,,-0.0001449,0.023200001
,,,-0.00014489,0.024800001
,,,-0.00014488,0.024000001
,,,-0.00014487,0.024000001
,,,-0.00014486,0.025600002
,,,-0.00014485,0.025600002
,,,-0.00014484,0.024800001
,,,-0.00014483,0.024000001
,,,-0.00014482,0.024000001
,,,-0.00014481,0.024000001
,,,-0.0001448,0.024800001
,,,-0.00014479,0.023200001
,,,-0.00014478,0.024800001
,,,-0.00014477,0.025600002
,,,-0.00014476,0.024000001
,,,-0.00014475,0.024000001
,,,-0.00014474,0.024000001
,,,-0.00014473,0.024000001
,,,-0.00014472,0.025600002
,,,-0.00014471,0.023200001
,,,-0.0001447,0.024800001
,,,-0.00014469,0.024000001
,,,-0.00014468,0.024000001
,,,-0.00014467,0.024800001
,,,-0.00014466,0.024000001
,,,-0.00014465,0.024000001
,,,-0.00014464,0.024000001
,,,-0.00014463,0.023200001
,,,-0.00014462,0.025600002
,,,-0.00014461,0.024800001
,,,-0.0001446,0.023200001
,,,-0.00014459,0.023200001
,,,-0.00014458,0.024000001
,,,-0.00014457,0.024800001
,,,-0.00014456,0.024000001
,,,-0.00014455,0.022400001
,,,-0.00014454,0.024800001
,,,-0.00014453,0.024800001
,,,-0.00014452,0.024000001
,,,-0.00014451,0.023200001
,,,-0.0001445,0.024000001
,,,-0.00014449,0.024800001
,,,-0.00014448,0.024000001
,,,-0.00014447,0.024800001
,,,-0.00014446,0.024800001
,,,-0.00014445,0.024000001
,,,-0.00014444,0.024000001
,,,-0.00014443,0.025600002
,,,-0.00014442,0.024000001
,,,-0.00014441,0.024000001
,,,-0.0001444,0.023200001
,,,-0.00014439,0.024000001
,,,-0.00014438,0.023200001
,,,-0.00014437,0.024000001
,,,-0.00014436,0.024000001
,,,-0.00014435,0.025600002
,,,-0.00014434,0.024800001
,,,-0.00014433,0.024000001
,,,-0.00014432,0.024800001
,,,-0.00014431,0.024000001
,,,-0.0001443,0.024000001
,,,-0.00014429,0.024000001
,,,-0.00014428,0.024000001
,,,-0.00014427,0.024000001
,,,-0.00014426,0.024800001
,,,-0.00014425,0.024000001
,,,-0.00014424,0.024000001
,,,-0.00014423,0.025600002
,,,-0.00014422,0.024000001
,,,-0.00014421,0.023200001
,,,-0.0001442,0.024000001
,,,-0.00014419,0.024000001
,,,-0.00014418,0.025600002
,,,-0.00014417,0.023200001
,,,-0.00014416,0.024800001
,,,-0.00014415,0.024000001
,,,-0.00014414,0.024000001
,,,-0.00014413,0.022400001
,,,-0.00014412,0.025600002
,,,-0.00014411,0.024000001
,,,-0.0001441,0.024000001
,,,-0.00014409,0.024800001
,,,-0.00014408,0.024000001
,,,-0.00014407,0.024000001
,,,-0.00014406,0.023200001
,,,-0.00014405,0.024800001
,,,-0.00014404,0.024000001
,,,-0.00014403,0.025600002
,,,-0.00014402,0.025600002
,,,-0.00014401,0.024000001
,,,-0.000144,0.024800001
,,,-0.00014399,0.024800001
,,,-0.00014398,0.025600002
,,,-0.00014397,0.024800001
,,,-0.00014396,0.024000001
,,,-0.00014395,0.024000001
,,,-0.00014394,0.024000001
,,,-0.00014393,0.024000001
,,,-0.00014392,0.024000001
,,,-0.00014391,0.023200001
,,,-0.0001439,0.024800001
,,,-0.00014389,0.024000001
,,,-0.00014388,0.024000001
,,,-0.00014387,0.024000001
,,,-0.00014386,0.026400002
,,,-0.00014385,0.024000001
,,,-0.00014384,0.025600002
,,,-0.00014383,0.024800001
,,,-0.00014382,0.025600002
,,,-0.00014381,0.023200001
,,,-0.0001438,0.024800001
,,,-0.00014379,0.024000001
,,,-0.00014378,0.024800001
,,,-0.00014377,0.024000001
,,,-0.00014376,0.024800001
,,,-0.00014375,0.024000001
,,,-0.00014374,0.024000001
,,,-0.00014373,0.024800001
,,,-0.00014372,0.024000001
,,,-0.00014371,0.024000001
,,,-0.0001437,0.024000001
,,,-0.00014369,0.024000001
,,,-0.00014368,0.024000001
,,,-0.00014367,0.024000001
,,,-0.00014366,0.024000001
,,,-0.00014365,0.023200001
,,,-0.00014364,0.024000001
,,,-0.00014363,0.024000001
,,,-0.00014362,0.024000001
,,,-0.00014361,0.024000001
,,,-0.0001436,0.024000001
,,,-0.00014359,0.022400001
,,,-0.00014358,0.024000001
,,,-0.00014357,0.024000001
,,,-0.00014356,0.024000001
,,,-0.00014355,0.024000001
,,,-0.00014354,0.024000001
,,,-0.00014353,0.024800001
,,,-0.00014352,0.023200001
,,,-0.00014351,0.024000001
,,,-0.0001435,0.023200001
,,,-0.00014349,0.024800001
,,,-0.00014348,0.023200001
,,,-0.00014347,0.023200001
,,,-0.00014346,0.024000001
,,,-0.00014345,0.024000001
,,,-0.00014344,0.024800001
,,,-0.00014343,0.024800001
,,,-0.00014342,0.024800001
,,,-0.00014341,0.024800001
,,,-0.0001434,0.024000001
,,,-0.00014339,0.024000001
,,,-0.00014338,0.022400001
,,,-0.00014337,0.024000001
,,,-0.00014336,0.025600002
,,,-0.00014335,0.024000001
,,,-0.00014334,0.024800001
,,,-0.00014333,0.024800001
,,,-0.00014332,0.023200001
,,,-0.00014331,0.024800001
,,,-0.0001433,0.024000001
,,,-0.00014329,0.025600002
,,,-0.00014328,0.025600002
,,,-0.00014327,0.024000001
,,,-0.00014326,0.024000001
,,,-0.00014325,0.023200001
,,,-0.00014324,0.024000001
,,,-0.00014323,0.024000001
,,,-0.00014322,0.024000001
,,,-0.00014321,0.024000001
,,,-0.0001432,0.025600002
,,,-0.00014319,0.024000001
,,,-0.00014318,0.024800001
,,,-0.00014317,0.024000001
,,,-0.00014316,0.024000001
,,,-0.00014315,0.023200001
,,,-0.00014314,0.024000001
,,,-0.00014313,0.024000001
,,,-0.00014312,0.024800001
,,,-0.00014311,0.022400001
,,,-0.0001431,0.024800001
,,,-0.00014309,0.024800001
,,,-0.00014308,0.024800001
,,,-0.00014307,0.026400002
,,,-0.00014306,0.024000001
,,,-0.00014305,0.024000001
,,,-0.00014304,0.024000001
,,,-0.00014303,0.024000001
,,,-0.00014302,0.024800001
,,,-0.00014301,0.024000001
,,,-0.000143,0.024000001
,,,-0.00014299,0.024000001
,,,-0.00014298,0.024000001
,,,-0.00014297,0.024000001
,,,-0.00014296,0.024000001
,,,-0.00014295,0.024000001
,,,-0.00014294,0.024800001
,,,-0.00014293,0.024000001
,,,-0.00014292,0.023200001
,,,-0.00014291,0.024800001
,,,-0.0001429,0.024000001
,,,-0.00014289,0.023200001
,,,-0.00014288,0.024800001
,,,-0.00014287,0.023200001
,,,-0.00014286,0.024800001
,,,-0.00014285,0.024000001
,,,-0.00014284,0.024000001
,,,-0.00014283,0.023200001
,,,-0.00014282,0.024800001
,,,-0.00014281,0.024000001
,,,-0.0001428,0.024800001
,,,-0.00014279,0.024000001
,,,-0.00014278,0.024000001
,,,-0.00014277,0.024000001
,,,-0.00014276,0.024000001
,,,-0.00014275,0.024000001
,,,-0.00014274,0.024800001
,,,-0.00014273,0.023200001
,,,-0.00014272,0.027200002
,,,-0.00014271,0.024000001
,,,-0.0001427,0.024800001
,,,-0.00014269,0.024000001
,,,-0.00014268,0.024800001
,,,-0.00014267,0.023200001
,,,-0.00014266,0.024000001
,,,-0.00014265,0.024000001
,,,-0.00014264,0.025600002
,,,-0.00014263,0.024000001
,,,-0.00014262,0.023200001
,,,-0.00014261,0.024000001
,,,-0.0001426,0.024000001
,,,-0.00014259,0.025600002
,,,-0.00014258,0.024000001
,,,-0.00014257,0.023200001
,,,-0.00014256,0.025600002
,,,-0.00014255,0.024000001
,,,-0.00014254,0.024000001
,,,-0.00014253,0.024800001
,,,-0.00014252,0.024000001
,,,-0.00014251,0.024000001
,,,-0.0001425,0.024000001
,,,-0.00014249,0.022400001
,,,-0.00014248,0.024000001
,,,-0.00014247,0.024800001
,,,-0.00014246,0.024000001
,,,-0.00014245,0.023200001
,,,-0.00014244,0.024000001
,,,-0.00014243,0.024000001
,,,-0.00014242,0.024000001
,,,-0.00014241,0.025600002
,,,-0.0001424,0.025600002
,,,-0.00014239,0.024000001
,,,-0.00014238,0.025600002
,,,-0.00014237,0.024000001
,,,-0.00014236,0.024800001
,,,-0.00014235,0.024800001
,,,-0.00014234,0.024000001
,,,-0.00014233,0.024000001
,,,-0.00014232,0.024000001
,,,-0.00014231,0.024000001
,,,-0.0001423,0.024000001
,,,-0.00014229,0.024000001
,,,-0.00014228,0.025600002
,,,-0.00014227,0.022400001
,,,-0.00014226,0.025600002
,,,-0.00014225,0.024000001
,,,-0.00014224,0.023200001
,,,-0.00014223,0.024000001
,,,-0.00014222,0.024000001
,,,-0.00014221,0.024800001
,,,-0.0001422,0.024000001
,,,-0.00014219,0.024800001
,,,-0.00014218,0.024800001
,,,-0.00014217,0.024000001
,,,-0.00014216,0.026400002
,,,-0.00014215,0.023200001
,,,-0.00014214,0.022400001
,,,-0.00014213,0.024800001
,,,-0.00014212,0.024000001
,,,-0.00014211,0.024000001
,,,-0.0001421,0.023200001
,,,-0.00014209,0.025600002
,,,-0.00014208,0.023200001
,,,-0.00014207,0.024800001
,,,-0.00014206,0.024800001
,,,-0.00014205,0.024000001
,,,-0.00014204,0.026400002
,,,-0.00014203,0.024000001
,,,-0.00014202,0.024800001
,,,-0.00014201,0.024000001
,,,-0.000142,0.024800001
,,,-0.00014199,0.024000001
,,,-0.00014198,0.024800001
,,,-0.00014197,0.024000001
,,,-0.00014196,0.025600002
,,,-0.00014195,0.024800001
,,,-0.00014194,0.024000001
,,,-0.00014193,0.022400001
,,,-0.00014192,0.025600002
,,,-0.00014191,0.023200001
,,,-0.0001419,0.023200001
,,,-0.00014189,0.024800001
,,,-0.00014188,0.024800001
,,,-0.00014187,0.024000001
,,,-0.00014186,0.023200001
,,,-0.00014185,0.023200001
,,,-0.00014184,0.024800001
,,,-0.00014183,0.024000001
,,,-0.00014182,0.024000001
,,,-0.00014181,0.022400001
,,,-0.0001418,0.024800001
,,,-0.00014179,0.024000001
,,,-0.00014178,0.023200001
,,,-0.00014177,0.023200001
,,,-0.00014176,0.023200001
,,,-0.00014175,0.024800001
,,,-0.00014174,0.023200001
,,,-0.00014173,0.024000001
,,,-0.00014172,0.024000001
,,,-0.00014171,0.024000001
,,,-0.0001417,0.023200001
,,,-0.00014169,0.022400001
,,,-0.00014168,0.025600002
,,,-0.00014167,0.025600002
,,,-0.00014166,0.024800001
,,,-0.00014165,0.022400001
,,,-0.00014164,0.023200001
,,,-0.00014163,0.024800001
,,,-0.00014162,0.028000002
,,,-0.00014161,0.023200001
,,,-0.0001416,0.024800001
,,,-0.00014159,0.024800001
,,,-0.00014158,0.023200001
,,,-0.00014157,0.023200001
,,,-0.00014156,0.023200001
,,,-0.00014155,0.024000001
,,,-0.00014154,0.023200001
,,,-0.00014153,0.023200001
,,,-0.00014152,0.024800001
,,,-0.00014151,0.024800001
,,,-0.0001415,0.025600002
,,,-0.00014149,0.023200001
,,,-0.00014148,0.024000001
,,,-0.00014147,0.023200001
,,,-0.00014146,0.024800001
,,,-0.00014145,0.023200001
,,,-0.00014144,0.023200001
,,,-0.00014143,0.024000001
,,,-0.00014142,0.024000001
,,,-0.00014141,0.024000001
,,,-0.0001414,0.024800001
,,,-0.00014139,0.024000001
,,,-0.00014138,0.024800001
,,,-0.00014137,0.024000001
,,,-0.00014136,0.024000001
,,,-0.00014135,0.024000001
,,,-0.00014134,0.024000001
,,,-0.00014133,0.024800001
,,,-0.00014132,0.024000001
,,,-0.00014131,0.025600002
,,,-0.0001413,0.024800001
,,,-0.00014129,0.024000001
,,,-0.00014128,0.023200001
,,,-0.00014127,0.024000001
,,,-0.00014126,0.024000001
,,,-0.00014125,0.024000001
,,,-0.00014124,0.024800001
,,,-0.00014123,0.024000001
,,,-0.00014122,0.024000001
,,,-0.00014121,0.024000001
,,,-0.0001412,0.024000001
,,,-0.00014119,0.024000001
,,,-0.00014118,0.023200001
,,,-0.00014117,0.024800001
,,,-0.00014116,0.024000001
,,,-0.00014115,0.024000001
,,,-0.00014114,0.025600002
,,,-0.00014113,0.023200001
,,,-0.00014112,0.024000001
,,,-0.00014111,0.024000001
,,,-0.0001411,0.025600002
,,,-0.00014109,0.024800001
,,,-0.00014108,0.025600002
,,,-0.00014107,0.023200001
,,,-0.00014106,0.025600002
,,,-0.00014105,0.023200001
,,,-0.00014104,0.024000001
,,,-0.00014103,0.025600002
,,,-0.00014102,0.023200001
,,,-0.00014101,0.023200001
,,,-0.000141,0.024800001
,,,-0.00014099,0.024000001
,,,-0.00014098,0.025600002
,,,-0.00014097,0.024000001
,,,-0.00014096,0.025600002
,,,-0.00014095,0.024800001
,,,-0.00014094,0.024000001
,,,-0.00014093,0.025600002
,,,-0.00014092,0.025600002
,,,-0.00014091,0.024800001
,,,-0.0001409,0.024000001
,,,-0.00014089,0.024000001
,,,-0.00014088,0.024000001
,,,-0.00014087,0.024800001
,,,-0.00014086,0.023200001
,,,-0.00014085,0.024800001
,,,-0.00014084,0.024800001
,,,-0.00014083,0.025600002
,,,-0.00014082,0.024000001
,,,-0.00014081,0.024000001
,,,-0.0001408,0.024000001
,,,-0.00014079,0.024000001
,,,-0.00014078,0.024000001
,,,-0.00014077,0.023200001
,,,-0.00014076,0.024800001
,,,-0.00014075,0.024000001
,,,-0.00014074,0.024800001
,,,-0.00014073,0.024000001
,,,-0.00014072,0.024800001
,,,-0.00014071,0.025600002
,,,-0.0001407,0.024800001
,,,-0.00014069,0.024000001
,,,-0.00014068,0.022400001
,,,-0.00014067,0.024000001
,,,-0.00014066,0.024000001
,,,-0.00014065,0.024000001
,,,-0.00014064,0.024800001
,,,-0.00014063,0.026400002
,,,-0.00014062,0.025600002
,,,-0.00014061,0.025600002
,,,-0.0001406,0.025600002
,,,-0.00014059,0.024000001
,,,-0.00014058,0.023200001
,,,-0.00014057,0.024000001
,,,-0.00014056,0.023200001
,,,-0.00014055,0.023200001
,,,-0.00014054,0.024000001
,,,-0.00014053,0.024800001
,,,-0.00014052,0.024000001
,,,-0.00014051,0.023200001
,,,-0.0001405,0.024000001
,,,-0.00014049,0.023200001
,,,-0.00014048,0.023200001
,,,-0.00014047,0.025600002
,,,-0.00014046,0.024000001
,,,-0.00014045,0.024800001
,,,-0.00014044,0.024800001
,,,-0.00014043,0.023200001
,,,-0.00014042,0.024000001
,,,-0.00014041,0.024000001
,,,-0.0001404,0.024000001
,,,-0.00014039,0.025600002
,,,-0.00014038,0.024000001
,,,-0.00014037,0.024000001
,,,-0.00014036,0.023200001
,,,-0.00014035,0.023200001
,,,-0.00014034,0.024000001
,,,-0.00014033,0.023200001
,,,-0.00014032,0.023200001
,,,-0.00014031,0.024800001
,,,-0.0001403,0.024000001
,,,-0.00014029,0.024000001
,,,-0.00014028,0.025600002
,,,-0.00014027,0.024000001
,,,-0.00014026,0.024800001
,,,-0.00014025,0.024000001
,,,-0.00014024,0.024000001
,,,-0.00014023,0.024000001
,,,-0.00014022,0.025600002
,,,-0.00014021,0.025600002
,,,-0.0001402,0.024000001
,,,-0.00014019,0.024800001
,,,-0.00014018,0.024000001
,,,-0.00014017,0.023200001
,,,-0.00014016,0.023200001
,,,-0.00014015,0.023200001
,,,-0.00014014,0.023200001
,,,-0.00014013,0.023200001
,,,-0.00014012,0.026400002
,,,-0.00014011,0.024800001
,,,-0.0001401,0.025600002
,,,-0.00014009,0.023200001
,,,-0.00014008,0.024000001
,,,-0.00014007,0.024000001
,,,-0.00014006,0.024000001
,,,-0.00014005,0.024800001
,,,-0.00014004,0.023200001
,,,-0.00014003,0.024000001
,,,-0.00014002,0.024000001
,,,-0.00014001,0.025600002
,,,-0.00014,0.024800001
,,,-0.00013999,0.024000001
,,,-0.00013998,0.025600002
,,,-0.00013997,0.025600002
,,,-0.00013996,0.024800001
,,,-0.00013995,0.023200001
,,,-0.00013994,0.023200001
,,,-0.00013993,0.023200001
,,,-0.00013992,0.022400001
,,,-0.00013991,0.024000001
,,,-0.0001399,0.025600002
,,,-0.00013989,0.024000001
,,,-0.00013988,0.024800001
,,,-0.00013987,0.024000001
,,,-0.00013986,0.024800001
,,,-0.00013985,0.025600002
,,,-0.00013984,0.024000001
,,,-0.00013983,0.023200001
,,,-0.00013982,0.023200001
,,,-0.00013981,0.024000001
,,,-0.0001398,0.024800001
,,,-0.00013979,0.024800001
,,,-0.00013978,0.024800001
,,,-0.00013977,0.024000001
,,,-0.00013976,0.024000001
,,,-0.00013975,0.023200001
,,,-0.00013974,0.025600002
,,,-0.00013973,0.023200001
,,,-0.00013972,0.022400001
,,,-0.00013971,0.025600002
,,,-0.0001397,0.024000001
,,,-0.00013969,0.024000001
,,,-0.00013968,0.024800001
,,,-0.00013967,0.025600002
,,,-0.00013966,0.024000001
,,,-0.00013965,0.022400001
,,,-0.00013964,0.024000001
,,,-0.00013963,0.024000001
,,,-0.00013962,0.026400002
,,,-0.00013961,0.024000001
,,,-0.0001396,0.024000001
,,,-0.00013959,0.023200001
,,,-0.00013958,0.024000001
,,,-0.00013957,0.024000001
,,,-0.00013956,0.024000001
,,,-0.00013955,0.024800001
,,,-0.00013954,0.024000001
,,,-0.00013953,0.024800001
,,,-0.00013952,0.024800001
,,,-0.00013951,0.024000001
,,,-0.0001395,0.024000001
,,,-0.00013949,0.024000001
,,,-0.00013948,0.024000001
,,,-0.00013947,0.024000001
,,,-0.00013946,0.024000001
,,,-0.00013945,0.025600002
,,,-0.00013944,0.024000001
,,,-0.00013943,0.023200001
,,,-0.00013942,0.023200001
,,,-0.00013941,0.024000001
,,,-0.0001394,0.023200001
,,,-0.00013939,0.024000001
,,,-0.00013938,0.024000001
,,,-0.00013937,0.024800001
,,,-0.00013936,0.024000001
,,,-0.00013935,0.024000001
,,,-0.00013934,0.025600002
,,,-0.00013933,0.024000001
,,,-0.00013932,0.023200001
,,,-0.00013931,0.023200001
,,,-0.0001393,0.024000001
,,,-0.00013929,0.023200001
,,,-0.00013928,0.024000001
,,,-0.00013927,0.024000001
,,,-0.00013926,0.024000001
,,,-0.00013925,0.023200001
,,,-0.00013924,0.024800001
,,,-0.00013923,0.024000001
,,,-0.00013922,0.024000001
,,,-0.00013921,0.024000001
,,,-0.0001392,0.024000001
,,,-0.00013919,0.024000001
,,,-0.00013918,0.024800001
,,,-0.00013917,0.024000001
,,,-0.00013916,0.024000001
,,,-0.00013915,0.025600002
,,,-0.00013914,0.024800001
,,,-0.00013913,0.025600002
,,,-0.00013912,0.024000001
,,,-0.00013911,0.024800001
,,,-0.0001391,0.022400001
,,,-0.00013909,0.024000001
,,,-0.00013908,0.024000001
,,,-0.00013907,0.026400002
,,,-0.00013906,0.023200001
,,,-0.00013905,0.024800001
,,,-0.00013904,0.024000001
,,,-0.00013903,0.023200001
,,,-0.00013902,0.024800001
,,,-0.00013901,0.024000001
,,,-0.000139,0.024000001
,,,-0.00013899,0.024000001
,,,-0.00013898,0.024000001
,,,-0.00013897,0.024000001
,,,-0.00013896,0.024000001
,,,-0.00013895,0.024000001
,,,-0.00013894,0.024800001
,,,-0.00013893,0.022400001
,,,-0.00013892,0.022400001
,,,-0.00013891,0.023200001
,,,-0.0001389,0.024800001
,,,-0.00013889,0.024000001
,,,-0.00013888,0.024000001
,,,-0.00013887,0.024800001
,,,-0.00013886,0.024000001
,,,-0.00013885,0.024000001
,,,-0.00013884,0.024800001
,,,-0.00013883,0.025600002
,,,-0.00013882,0.022400001
,,,-0.00013881,0.022400001
,,,-0.0001388,0.025600002
,,,-0.00013879,0.024800001
,,,-0.00013878,0.023200001
,,,-0.00013877,0.024000001
,,,-0.00013876,0.026400002
,,,-0.00013875,0.024000001
,,,-0.00013874,0.024800001
,,,-0.00013873,0.025600002
,,,-0.00013872,0.024000001
,,,-0.00013871,0.024800001
,,,-0.0001387,0.024800001
,,,-0.00013869,0.024000001
,,,-0.00013868,0.025600002
,,,-0.00013867,0.024000001
,,,-0.00013866,0.024800001
,,,-0.00013865,0.024800001
,,,-0.00013864,0.025600002
,,,-0.00013863,0.023200001
,,,-0.00013862,0.025600002
,,,-0.00013861,0.023200001
,,,-0.0001386,0.024000001
,,,-0.00013859,0.024800001
,,,-0.00013858,0.025600002
,,,-0.00013857,0.024000001
,,,-0.00013856,0.025600002
,,,-0.00013855,0.024000001
,,,-0.00013854,0.024800001
,,,-0.00013853,0.024800001
,,,-0.00013852,0.024800001
,,,-0.00013851,0.024000001
,,,-0.0001385,0.024000001
,,,-0.00013849,0.024800001
,,,-0.00013848,0.024000001
,,,-0.00013847,0.024800001
,,,-0.00013846,0.024000001
,,,-0.00013845,0.023200001
,,,-0.00013844,0.024000001
,,,-0.00013843,0.024000001
,,,-0.00013842,0.023200001
,,,-0.00013841,0.022400001
,,,-0.0001384,0.024000001
,,,-0.00013839,0.024800001
,,,-0.00013838,0.024000001
,,,-0.00013837,0.022400001
,,,-0.00013836,0.024000001
,,,-0.00013835,0.024000001
,,,-0.00013834,0.023200001
,,,-0.00013833,0.024000001
,,,-0.00013832,0.024000001
,,,-0.00013831,0.024000001
,,,-0.0001383,0.025600002
,,,-0.00013829,0.024000001
,,,-0.00013828,0.023200001
,,,-0.00013827,0.024000001
,,,-0.00013826,0.024000001
,,,-0.00013825,0.024800001
,,,-0.00013824,0.024000001
,,,-0.00013823,0.024800001
,,,-0.00013822,0.023200001
,,,-0.00013821,0.023200001
,,,-0.0001382,0.024000001
,,,-0.00013819,0.024800001
,,,-0.00013818,0.023200001
,,,-0.00013817,0.024800001
,,,-0.00013816,0.024000001
,,,-0.00013815,0.024800001
,,,-0.00013814,0.024000001
,,,-0.00013813,0.024000001
,,,-0.00013812,0.024000001
,,,-0.00013811,0.023200001
,,,-0.0001381,0.024000001
,,,-0.00013809,0.023200001
,,,-0.00013808,0.023200001
,,,-0.00013807,0.025600002
,,,-0.00013806,0.022400001
,,,-0.00013805,0.024000001
,,,-0.00013804,0.022400001
,,,-0.00013803,0.024800001
,,,-0.00013802,0.024800001
,,,-0.00013801,0.024800001
,,,-0.000138,0.023200001
,,,-0.00013799,0.024000001
,,,-0.00013798,0.024800001
,,,-0.00013797,0.024000001
,,,-0.00013796,0.023200001
,,,-0.00013795,0.024800001
,,,-0.00013794,0.023200001
,,,-0.00013793,0.024000001
,,,-0.00013792,0.024000001
,,,-0.00013791,0.024000001
,,,-0.0001379,0.024000001
,,,-0.00013789,0.023200001
,,,-0.00013788,0.023200001
,,,-0.00013787,0.024000001
,,,-0.00013786,0.023200001
,,,-0.00013785,0.024000001
,,,-0.00013784,0.024000001
,,,-0.00013783,0.024000001
,,,-0.00013782,0.024000001
,,,-0.00013781,0.024800001
,,,-0.0001378,0.024800001
,,,-0.00013779,0.022400001
,,,-0.00013778,0.026400002
,,,-0.00013777,0.024000001
,,,-0.00013776,0.024000001
,,,-0.00013775,0.023200001
,,,-0.00013774,0.024000001
,,,-0.00013773,0.024000001
,,,-0.00013772,0.024800001
,,,-0.00013771,0.024000001
,,,-0.0001377,0.024000001
,,,-0.00013769,0.025600002
,,,-0.00013768,0.024800001
,,,-0.00013767,0.024000001
,,,-0.00013766,0.024800001
,,,-0.00013765,0.024000001
,,,-0.00013764,0.024800001
,,,-0.00013763,0.023200001
,,,-0.00013762,0.024800001
,,,-0.00013761,0.024800001
,,,-0.0001376,0.021600001
,,,-0.00013759,0.024000001
,,,-0.00013758,0.024000001
,,,-0.00013757,0.025600002
,,,-0.00013756,0.026400002
,,,-0.00013755,0.024000001
,,,-0.00013754,0.024800001
,,,-0.00013753,0.022400001
,,,-0.00013752,0.023200001
,,,-0.00013751,0.026400002
,,,-0.0001375,0.024800001
,,,-0.00013749,0.024000001
,,,-0.00013748,0.025600002
,,,-0.00013747,0.024800001
,,,-0.00013746,0.024000001
,,,-0.00013745,0.026400002
,,,-0.00013744,0.025600002
,,,-0.00013743,0.024000001
,,,-0.00013742,0.025600002
,,,-0.00013741,0.025600002
,,,-0.0001374,0.028000002
,,,-0.00013739,0.023200001
,,,-0.00013738,0.024000001
,,,-0.00013737,0.023200001
,,,-0.00013736,0.024800001
,,,-0.00013735,0.024000001
,,,-0.00013734,0.024000001
,,,-0.00013733,0.024000001
,,,-0.00013732,0.024800001
,,,-0.00013731,0.024000001
,,,-0.0001373,0.023200001
,,,-0.00013729,0.026400002
,,,-0.00013728,0.024000001
,,,-0.00013727,0.024000001
,,,-0.00013726,0.024000001
,,,-0.00013725,0.024000001
,,,-0.00013724,0.024800001
,,,-0.00013723,0.024800001
,,,-0.00013722,0.024000001
,,,-0.00013721,0.023200001
,,,-0.0001372,0.024000001
,,,-0.00013719,0.024800001
,,,-0.00013718,0.024000001
,,,-0.00013717,0.024000001
,,,-0.00013716,0.025600002
,,,-0.00013715,0.022400001
,,,-0.00013714,0.023200001
,,,-0.00013713,0.024000001
,,,-0.00013712,0.023200001
,,,-0.00013711,0.024000001
,,,-0.0001371,0.024000001
,,,-0.00013709,0.024800001
,,,-0.00013708,0.024000001
,,,-0.00013707,0.024800001
,,,-0.00013706,0.023200001
,,,-0.00013705,0.024000001
,,,-0.00013704,0.023200001
,,,-0.00013703,0.024000001
,,,-0.00013702,0.024000001
,,,-0.00013701,0.023200001
,,,-0.000137,0.024800001
,,,-0.00013699,0.024000001
,,,-0.00013698,0.024800001
,,,-0.00013697,0.024000001
,,,-0.00013696,0.024000001
,,,-0.00013695,0.024000001
,,,-0.00013694,0.024800001
,,,-0.00013693,0.024000001
,,,-0.00013692,0.024000001
,,,-0.00013691,0.024800001
,,,-0.0001369,0.024800001
,,,-0.00013689,0.023200001
,,,-0.00013688,0.024800001
,,,-0.00013687,0.024000001
,,,-0.00013686,0.024800001
,,,-0.00013685,0.024000001
,,,-0.00013684,0.024000001
,,,-0.00013683,0.024000001
,,,-0.00013682,0.024000001
,,,-0.00013681,0.024800001
,,,-0.0001368,0.024000001
,,,-0.00013679,0.024000001
,,,-0.00013678,0.023200001
,,,-0.00013677,0.023200001
,,,-0.00013676,0.024000001
,,,-0.00013675,0.023200001
,,,-0.00013674,0.025600002
,,,-0.00013673,0.023200001
,,,-0.00013672,0.024000001
,,,-0.00013671,0.022400001
,,,-0.0001367,0.024000001
,,,-0.00013669,0.024000001
,,,-0.00013668,0.024000001
,,,-0.00013667,0.024800001
,,,-0.00013666,0.023200001
,,,-0.00013665,0.022400001
,,,-0.00013664,0.024000001
,,,-0.00013663,0.023200001
,,,-0.00013662,0.024000001
,,,-0.00013661,0.024000001
,,,-0.0001366,0.024000001
,,,-0.00013659,0.025600002
,,,-0.00013658,0.024800001
,,,-0.00013657,0.023200001
,,,-0.00013656,0.023200001
,,,-0.00013655,0.024000001
,,,-0.00013654,0.024800001
,,,-0.00013653,0.024000001
,,,-0.00013652,0.025600002
,,,-0.00013651,0.024800001
,,,-0.0001365,0.024000001
,,,-0.00013649,0.024000001
,,,-0.00013648,0.024000001
,,,-0.00013647,0.024000001
,,,-0.00013646,0.024000001
,,,-0.00013645,0.023200001
,,,-0.00013644,0.024000001
,,,-0.00013643,0.024000001
,,,-0.00013642,0.024800001
,,,-0.00013641,0.023200001
,,,-0.0001364,0.024800001
,,,-0.00013639,0.024800001
,,,-0.00013638,0.024000001
,,,-0.00013637,0.025600002
,,,-0.00013636,0.024000001
,,,-0.00013635,0.024000001
,,,-0.00013634,0.023200001
,,,-0.00013633,0.024000001
,,,-0.00013632,0.024000001
,,,-0.00013631,0.025600002
,,,-0.0001363,0.025600002
,,,-0.00013629,0.024800001
,,,-0.00013628,0.024800001
,,,-0.00013627,0.023200001
,,,-0.00013626,0.025600002
,,,-0.00013625,0.024800001
,,,-0.00013624,0.024000001
,,,-0.00013623,0.023200001
,,,-0.00013622,0.025600002
,,,-0.00013621,0.024000001
,,,-0.0001362,0.024000001
,,,-0.00013619,0.023200001
,,,-0.00013618,0.022400001
,,,-0.00013617,0.024000001
,,,-0.00013616,0.024000001
,,,-0.00013615,0.023200001
,,,-0.00013614,0.024800001
,,,-0.00013613,0.024000001
,,,-0.00013612,0.024000001
,,,-0.00013611,0.024000001
,,,-0.0001361,0.024000001
,,,-0.00013609,0.024800001
,,,-0.00013608,0.024800001
,,,-0.00013607,0.024800001
,,,-0.00013606,0.025600002
,,,-0.00013605,0.022400001
,,,-0.00013604,0.024800001
,,,-0.00013603,0.024000001
,,,-0.00013602,0.024000001
,,,-0.00013601,0.023200001
,,,-0.000136,0.024000001
,,,-0.00013599,0.026400002
,,,-0.00013598,0.024000001
,,,-0.00013597,0.023200001
,,,-0.00013596,0.024000001
,,,-0.00013595,0.024800001
,,,-0.00013594,0.024000001
,,,-0.00013593,0.024000001
,,,-0.00013592,0.024000001
,,,-0.00013591,0.024000001
,,,-0.0001359,0.025600002
,,,-0.00013589,0.023200001
,,,-0.00013588,0.024000001
,,,-0.00013587,0.024000001
,,,-0.00013586,0.024000001
,,,-0.00013585,0.024000001
,,,-0.00013584,0.024000001
,,,-0.00013583,0.026400002
,,,-0.00013582,0.025600002
,,,-0.00013581,0.024000001
,,,-0.0001358,0.024000001
,,,-0.00013579,0.021600001
,,,-0.00013578,0.023200001
,,,-0.00013577,0.024000001
,,,-0.00013576,0.025600002
,,,-0.00013575,0.024800001
,,,-0.00013574,0.023200001
,,,-0.00013573,0.023200001
,,,-0.00013572,0.024000001
,,,-0.00013571,0.024000001
,,,-0.0001357,0.024000001
,,,-0.00013569,0.024000001
,,,-0.00013568,0.024800001
,,,-0.00013567,0.023200001
,,,-0.00013566,0.024800001
,,,-0.00013565,0.024000001
,,,-0.00013564,0.024800001
,,,-0.00013563,0.024000001
,,,-0.00013562,0.024800001
,,,-0.00013561,0.024800001
,,,-0.0001356,0.023200001
,,,-0.00013559,0.024000001
,,,-0.00013558,0.024000001
,,,-0.00013557,0.024000001
,,,-0.00013556,0.024800001
,,,-0.00013555,0.024000001
,,,-0.00013554,0.024000001
,,,-0.00013553,0.024800001
,,,-0.00013552,0.023200001
,,,-0.00013551,0.022400001
,,,-0.0001355,0.024800001
,,,-0.00013549,0.024000001
,,,-0.00013548,0.021600001
,,,-0.00013547,0.024000001
,,,-0.00013546,0.023200001
,,,-0.00013545,0.024000001
,,,-0.00013544,0.024000001
,,,-0.00013543,0.024000001
,,,-0.00013542,0.024000001
,,,-0.00013541,0.024000001
,,,-0.0001354,0.024000001
,,,-0.00013539,0.024000001
,,,-0.00013538,0.024000001
,,,-0.00013537,0.024800001
,,,-0.00013536,0.025600002
,,,-0.00013535,0.024000001
,,,-0.00013534,0.023200001
,,,-0.00013533,0.025600002
,,,-0.00013532,0.024000001
,,,-0.00013531,0.024800001
,,,-0.0001353,0.024800001
,,,-0.00013529,0.024000001
,,,-0.00013528,0.025600002
,,,-0.00013527,0.024800001
,,,-0.00013526,0.024800001
,,,-0.00013525,0.024000001
,,,-0.00013524,0.024000001
,,,-0.00013523,0.024800001
,,,-0.00013522,0.023200001
,,,-0.00013521,0.024800001
,,,-0.0001352,0.024000001
,,,-0.00013519,0.024000001
,,,-0.00013518,0.024000001
,,,-0.00013517,0.024000001
,,,-0.00013516,0.024000001
,,,-0.00013515,0.022400001
,,,-0.00013514,0.024000001
,,,-0.00013513,0.024000001
,,,-0.00013512,0.025600002
,,,-0.00013511,0.024800001
,,,-0.0001351,0.024000001
,,,-0.00013509,0.024000001
,,,-0.00013508,0.024800001
,,,-0.00013507,0.024000001
,,,-0.00013506,0.024000001
,,,-0.00013505,0.024000001
,,,-0.00013504,0.023200001
,,,-0.00013503,0.024000001
,,,-0.00013502,0.024800001
,,,-0.00013501,0.025600002
,,,-0.000135,0.024000001
,,,-0.00013499,0.024800001
,,,-0.00013498,0.024000001
,,,-0.00013497,0.024000001
,,,-0.00013496,0.024000001
,,,-0.00013495,0.024000001
,,,-0.00013494,0.024000001
,,,-0.00013493,0.024000001
,,,-0.00013492,0.024800001
,,,-0.00013491,0.023200001
,,,-0.0001349,0.022400001
,,,-0.00013489,0.023200001
,,,-0.00013488,0.023200001
,,,-0.00013487,0.023200001
,,,-0.00013486,0.024000001
,,,-0.00013485,0.024000001
,,,-0.00013484,0.024800001
,,,-0.00013483,0.024000001
,,,-0.00013482,0.023200001
,,,-0.00013481,0.024800001
,,,-0.0001348,0.024000001
,,,-0.00013479,0.024000001
,,,-0.00013478,0.024000001
,,,-0.00013477,0.024000001
,,,-0.00013476,0.024800001
,,,-0.00013475,0.024800001
,,,-0.00013474,0.024800001
,,,-0.00013473,0.024000001
,,,-0.00013472,0.024000001
,,,-0.00013471,0.022400001
,,,-0.0001347,0.024000001
,,,-0.00013469,0.024000001
,,,-0.00013468,0.025600002
,,,-0.00013467,0.024000001
,,,-0.00013466,0.024000001
,,,-0.00013465,0.024000001
,,,-0.00013464,0.025600002
,,,-0.00013463,0.023200001
,,,-0.00013462,0.024800001
,,,-0.00013461,0.024800001
,,,-0.0001346,0.024000001
,,,-0.00013459,0.022400001
,,,-0.00013458,0.024800001
,,,-0.00013457,0.025600002
,,,-0.00013456,0.023200001
,,,-0.00013455,0.024000001
,,,-0.00013454,0.022400001
,,,-0.00013453,0.024000001
,,,-0.00013452,0.025600002
,,,-0.00013451,0.024000001
,,,-0.0001345,0.024000001
,,,-0.00013449,0.023200001
,,,-0.00013448,0.024000001
,,,-0.00013447,0.024000001
,,,-0.00013446,0.025600002
,,,-0.00013445,0.024000001
,,,-0.00013444,0.025600002
,,,-0.00013443,0.024800001
,,,-0.00013442,0.024000001
,,,-0.00013441,0.023200001
,,,-0.0001344,0.024000001
,,,-0.00013439,0.024000001
,,,-0.00013438,0.025600002
,,,-0.00013437,0.024000001
,,,-0.00013436,0.024000001
,,,-0.00013435,0.023200001
,,,-0.00013434,0.024800001
,,,-0.00013433,0.024000001
,,,-0.00013432,0.023200001
,,,-0.00013431,0.024800001
,,,-0.0001343,0.023200001
,,,-0.00013429,0.024000001
,,,-0.00013428,0.024000001
,,,-0.00013427,0.023200001
,,,-0.00013426,0.024000001
,,,-0.00013425,0.024000001
,,,-0.00013424,0.024800001
,,,-0.00013423,0.023200001
,,,-0.00013422,0.024000001
,,,-0.00013421,0.023200001
,,,-0.0001342,0.024000001
,,,-0.00013419,0.024000001
,,,-0.00013418,0.024800001
,,,-0.00013417,0.024800001
,,,-0.00013416,0.024000001
,,,-0.00013415,0.024000001
,,,-0.00013414,0.024000001
,,,-0.00013413,0.024800001
,,,-0.00013412,0.024000001
,,,-0.00013411,0.024000001
,,,-0.0001341,0.024000001
,,,-0.00013409,0.024800001
,,,-0.00013408,0.024000001
,,,-0.00013407,0.024000001
,,,-0.00013406,0.024000001
,,,-0.00013405,0.023200001
,,,-0.00013404,0.024000001
,,,-0.00013403,0.024000001
,,,-0.00013402,0.024800001
,,,-0.00013401,0.023200001
,,,-0.000134,0.024800001
,,,-0.00013399,0.024000001
,,,-0.00013398,0.024000001
,,,-0.00013397,0.025600002
,,,-0.00013396,0.024000001
,,,-0.00013395,0.023200001
,,,-0.00013394,0.024800001
,,,-0.00013393,0.024800001
,,,-0.00013392,0.025600002
,,,-0.00013391,0.024000001
,,,-0.0001339,0.024800001
,,,-0.00013389,0.023200001
,,,-0.00013388,0.024000001
,,,-0.00013387,0.024800001
,,,-0.00013386,0.023200001
,,,-0.00013385,0.024000001
,,,-0.00013384,0.024800001
,,,-0.00013383,0.024000001
,,,-0.00013382,0.024800001
,,,-0.00013381,0.024000001
,,,-0.0001338,0.024000001
,,,-0.00013379,0.024800001
,,,-0.00013378,0.024000001
,,,-0.00013377,0.024000001
,,,-0.00013376,0.025600002
,,,-0.00013375,0.025600002
,,,-0.00013374,0.024800001
,,,-0.00013373,0.024000001
,,,-0.00013372,0.025600002
,,,-0.00013371,0.024800001
,,,-0.0001337,0.024000001
,,,-0.00013369,0.024000001
,,,-0.00013368,0.024800001
,,,-0.00013367,0.024800001
,,,-0.00013366,0.025600002
,,,-0.00013365,0.022400001
,,,-0.00013364,0.024000001
,,,-0.00013363,0.024800001
,,,-0.00013362,0.024000001
,,,-0.00013361,0.023200001
,,,-0.0001336,0.023200001
,,,-0.00013359,0.024000001
,,,-0.00013358,0.024000001
,,,-0.00013357,0.024800001
,,,-0.00013356,0.025600002
,,,-0.00013355,0.023200001
,,,-0.00013354,0.024800001
,,,-0.00013353,0.023200001
,,,-0.00013352,0.024000001
,,,-0.00013351,0.024000001
,,,-0.0001335,0.024000001
,,,-0.00013349,0.024000001
,,,-0.00013348,0.024000001
,,,-0.00013347,0.023200001
,,,-0.00013346,0.024800001
,,,-0.00013345,0.023200001
,,,-0.00013344,0.024000001
,,,-0.00013343,0.024000001
,,,-0.00013342,0.024800001
,,,-0.00013341,0.023200001
,,,-0.0001334,0.024800001
,,,-0.00013339,0.023200001
,,,-0.00013338,0.024800001
,,,-0.00013337,0.024000001
,,,-0.00013336,0.024000001
,,,-0.00013335,0.024800001
,,,-0.00013334,0.023200001
,,,-0.00013333,0.027200002
,,,-0.00013332,0.025600002
,,,-0.00013331,0.025600002
,,,-0.0001333,0.024800001
,,,-0.00013329,0.024000001
,,,-0.00013328,0.022400001
,,,-0.00013327,0.024000001
,,,-0.00013326,0.024800001
,,,-0.00013325,0.024000001
,,,-0.00013324,0.024000001
,,,-0.00013323,0.024000001
,,,-0.00013322,0.024000001
,,,-0.00013321,0.023200001
,,,-0.0001332,0.024000001
,,,-0.00013319,0.023200001
,,,-0.00013318,0.024000001
,,,-0.00013317,0.024000001
,,,-0.00013316,0.023200001
,,,-0.00013315,0.024000001
,,,-0.00013314,0.023200001
,,,-0.00013313,0.024000001
,,,-0.00013312,0.024800001
,,,-0.00013311,0.024000001
,,,-0.0001331,0.023200001
,,,-0.00013309,0.024000001
,,,-0.00013308,0.024000001
,,,-0.00013307,0.023200001
,,,-0.00013306,0.024800001
,,,-0.00013305,0.024000001
,,,-0.00013304,0.023200001
,,,-0.00013303,0.024000001
,,,-0.00013302,0.023200001
,,,-0.00013301,0.024000001
,,,-0.000133,0.024000001
,,,-0.00013299,0.024000001
,,,-0.00013298,0.024000001
,,,-0.00013297,0.024800001
,,,-0.00013296,0.022400001
,,,-0.00013295,0.024800001
,,,-0.00013294,0.024000001
,,,-0.00013293,0.024000001
,,,-0.00013292,0.023200001
,,,-0.00013291,0.025600002
,,,-0.0001329,0.025600002
,,,-0.00013289,0.024000001
,,,-0.00013288,0.024800001
,,,-0.00013287,0.024800001
,,,-0.00013286,0.022400001
,,,-0.00013285,0.024800001
,,,-0.00013284,0.024000001
,,,-0.00013283,0.025600002
,,,-0.00013282,0.025600002
,,,-0.00013281,0.024000001
,,,-0.0001328,0.024000001
,,,-0.00013279,0.024800001
,,,-0.00013278,0.024000001
,,,-0.00013277,0.024000001
,,,-0.00013276,0.024800001
,,,-0.00013275,0.024000001
,,,-0.00013274,0.023200001
,,,-0.00013273,0.022400001
,,,-0.00013272,0.024000001
,,,-0.00013271,0.024000001
,,,-0.0001327,0.022400001
,,,-0.00013269,0.025600002
,,,-0.00013268,0.024000001
,,,-0.00013267,0.024000001
,,,-0.00013266,0.025600002
,,,-0.00013265,0.024800001
,,,-0.00013264,0.024000001
,,,-0.00013263,0.024000001
,,,-0.00013262,0.023200001
,,,-0.00013261,0.024800001
,,,-0.0001326,0.025600002
,,,-0.00013259,0.025600002
,,,-0.00013258,0.024000001
,,,-0.00013257,0.024800001
,,,-0.00013256,0.024000001
,,,-0.00013255,0.024000001
,,,-0.00013254,0.023200001
,,,-0.00013253,0.023200001
,,,-0.00013252,0.024000001
,,,-0.00013251,0.025600002
,,,-0.0001325,0.024000001
,,,-0.00013249,0.024800001
,,,-0.00013248,0.024800001
,,,-0.00013247,0.023200001
,,,-0.00013246,0.023200001
,,,-0.00013245,0.022400001
,,,-0.00013244,0.024800001
,,,-0.00013243,0.024000001
,,,-0.00013242,0.024000001
,,,-0.00013241,0.024000001
,,,-0.0001324,0.024800001
,,,-0.00013239,0.024000001
,,,-0.00013238,0.024000001
,,,-0.00013237,0.024000001
,,,-0.00013236,0.024000001
,,,-0.00013235,0.024000001
,,,-0.00013234,0.024800001
,,,-0.00013233,0.024800001
,,,-0.00013232,0.024800001
,,,-0.00013231,0.025600002
,,,-0.0001323,0.024800001
,,,-0.00013229,0.023200001
,,,-0.00013228,0.024000001
,,,-0.00013227,0.024000001
,,,-0.00013226,0.024000001
,,,-0.00013225,0.023200001
,,,-0.00013224,0.024000001
,,,-0.00013223,0.025600002
,,,-0.00013222,0.024000001
,,,-0.00013221,0.024000001
,,,-0.0001322,0.024800001
,,,-0.00013219,0.024000001
,,,-0.00013218,0.022400001
,,,-0.00013217,0.024000001
,,,-0.00013216,0.024000001
,,,-0.00013215,0.024000001
,,,-0.00013214,0.025600002
,,,-0.00013213,0.024000001
,,,-0.00013212,0.024000001
,,,-0.00013211,0.023200001
,,,-0.0001321,0.023200001
,,,-0.00013209,0.023200001
,,,-0.00013208,0.024000001
,,,-0.00013207,0.024800001
,,,-0.00013206,0.024000001
,,,-0.00013205,0.023200001
,,,-0.00013204,0.024800001
,,,-0.00013203,0.024000001
,,,-0.00013202,0.024000001
,,,-0.00013201,0.024000001
,,,-0.000132,0.024000001
,,,-0.00013199,0.024000001
,,,-0.00013198,0.024800001
,,,-0.00013197,0.024000001
,,,-0.00013196,0.025600002
,,,-0.00013195,0.024000001
,,,-0.00013194,0.024000001
,,,-0.00013193,0.024800001
,,,-0.00013192,0.024000001
,,,-0.00013191,0.024800001
,,,-0.0001319,0.025600002
,,,-0.00013189,0.024800001
,,,-0.00013188,0.024800001
,,,-0.00013187,0.024000001
,,,-0.00013186,0.023200001
,,,-0.00013185,0.023200001
,,,-0.00013184,0.024000001
,,,-0.00013183,0.024000001
,,,-0.00013182,0.024800001
,,,-0.00013181,0.024000001
,,,-0.0001318,0.024000001
,,,-0.00013179,0.024000001
,,,-0.00013178,0.024800001
,,,-0.00013177,0.024800001
,,,-0.00013176,0.024000001
,,,-0.00013175,0.024000001
,,,-0.00013174,0.026400002
,,,-0.00013173,0.024000001
,,,-0.00013172,0.025600002
,,,-0.00013171,0.024000001
,,,-0.0001317,0.024000001
,,,-0.00013169,0.024000001
,,,-0.00013168,0.024000001
,,,-0.00013167,0.024800001
,,,-0.00013166,0.024800001
,,,-0.00013165,0.024800001
,,,-0.00013164,0.024000001
,,,-0.00013163,0.025600002
,,,-0.00013162,0.024000001
,,,-0.00013161,0.024000001
,,,-0.0001316,0.024000001
,,,-0.00013159,0.024000001
,,,-0.00013158,0.024800001
,,,-0.00013157,0.024000001
,,,-0.00013156,0.024000001
,,,-0.00013155,0.024000001
,,,-0.00013154,0.024800001
,,,-0.00013153,0.024000001
,,,-0.00013152,0.024000001
,,,-0.00013151,0.024000001
,,,-0.0001315,0.023200001
,,,-0.00013149,0.024800001
,,,-0.00013148,0.023200001
,,,-0.00013147,0.024000001
,,,-0.00013146,0.023200001
,,,-0.00013145,0.024800001
,,,-0.00013144,0.023200001
,,,-0.00013143,0.023200001
,,,-0.00013142,0.024000001
,,,-0.00013141,0.024000001
,,,-0.0001314,0.022400001
,,,-0.00013139,0.024800001
,,,-0.00013138,0.024000001
,,,-0.00013137,0.024000001
,,,-0.00013136,0.024800001
,,,-0.00013135,0.025600002
,,,-0.00013134,0.023200001
,,,-0.00013133,0.024000001
,,,-0.00013132,0.023200001
,,,-0.00013131,0.023200001
,,,-0.0001313,0.024000001
,,,-0.00013129,0.023200001
,,,-0.00013128,0.024000001
,,,-0.00013127,0.024000001
,,,-0.00013126,0.024000001
,,,-0.00013125,0.024800001
,,,-0.00013124,0.024000001
,,,-0.00013123,0.024000001
,,,-0.00013122,0.025600002
,,,-0.00013121,0.024000001
,,,-0.0001312,0.024800001
,,,-0.00013119,0.024800001
,,,-0.00013118,0.024000001
,,,-0.00013117,0.024000001
,,,-0.00013116,0.024000001
,,,-0.00013115,0.024000001
,,,-0.00013114,0.024000001
,,,-0.00013113,0.024800001
,,,-0.00013112,0.024000001
,,,-0.00013111,0.023200001
,,,-0.0001311,0.022400001
,,,-0.00013109,0.024800001
,,,-0.00013108,0.024000001
,,,-0.00013107,0.024000001
,,,-0.00013106,0.024800001
,,,-0.00013105,0.024000001
,,,-0.00013104,0.024000001
,,,-0.00013103,0.023200001
,,,-0.00013102,0.024000001
,,,-0.00013101,0.024800001
,,,-0.000131,0.024800001
,,,-0.00013099,0.025600002
,,,-0.00013098,0.024000001
,,,-0.00013097,0.024000001
,,,-0.00013096,0.023200001
,,,-0.00013095,0.024000001
,,,-0.00013094,0.025600002
,,,-0.00013093,0.023200001
,,,-0.00013092,0.024800001
,,,-0.00013091,0.024000001
,,,-0.0001309,0.024800001
,,,-0.00013089,0.023200001
,,,-0.00013088,0.023200001
,,,-0.00013087,0.022400001
,,,-0.00013086,0.025600002
,,,-0.00013085,0.023200001
,,,-0.00013084,0.023200001
,,,-0.00013083,0.024800001
,,,-0.00013082,0.024800001
,,,-0.00013081,0.024000001
,,,-0.0001308,0.024000001
,,,-0.00013079,0.023200001
,,,-0.00013078,0.024000001
,,,-0.00013077,0.024800001
,,,-0.00013076,0.024000001
,,,-0.00013075,0.024000001
,,,-0.00013074,0.024800001
,,,-0.00013073,0.023200001
,,,-0.00013072,0.024800001
,,,-0.00013071,0.024800001
,,,-0.0001307,0.023200001
,,,-0.00013069,0.024800001
,,,-0.00013068,0.024000001
,,,-0.00013067,0.024000001
,,,-0.00013066,0.024800001
,,,-0.00013065,0.024800001
,,,-0.00013064,0.024000001
,,,-0.00013063,0.027200002
,,,-0.00013062,0.024800001
,,,-0.00013061,0.023200001
,,,-0.0001306,0.024000001
,,,-0.00013059,0.024800001
,,,-0.00013058,0.024800001
,,,-0.00013057,0.024800001
,,,-0.00013056,0.023200001
,,,-0.00013055,0.024000001
,,,-0.00013054,0.024000001
,,,-0.00013053,0.024000001
,,,-0.00013052,0.024000001
,,,-0.00013051,0.023200001
,,,-0.0001305,0.023200001
,,,-0.00013049,0.024000001
,,,-0.00013048,0.024800001
,,,-0.00013047,0.024000001
,,,-0.00013046,0.025600002
,,,-0.00013045,0.024000001
,,,-0.00013044,0.024000001
,,,-0.00013043,0.023200001
,,,-0.00013042,0.024800001
,,,-0.00013041,0.023200001
,,,-0.0001304,0.025600002
,,,-0.00013039,0.025600002
,,,-0.00013038,0.023200001
,,,-0.00013037,0.024000001
,,,-0.00013036,0.024000001
,,,-0.00013035,0.024000001
,,,-0.00013034,0.022400001
,,,-0.00013033,0.024000001
,,,-0.00013032,0.024800001
,,,-0.00013031,0.024000001
,,,-0.0001303,0.024000001
,,,-0.00013029,0.024800001
,,,-0.00013028,0.023200001
,,,-0.00013027,0.025600002
,,,-0.00013026,0.023200001
,,,-0.00013025,0.024000001
,,,-0.00013024,0.024800001
,,,-0.00013023,0.023200001
,,,-0.00013022,0.024800001
,,,-0.00013021,0.025600002
,,,-0.0001302,0.024800001
,,,-0.00013019,0.023200001
,,,-0.00013018,0.023200001
,,,-0.00013017,0.024800001
,,,-0.00013016,0.022400001
,,,-0.00013015,0.024000001
,,,-0.00013014,0.024800001
,,,-0.00013013,0.025600002
,,,-0.00013012,0.022400001
,,,-0.00013011,0.026400002
,,,-0.0001301,0.024800001
,,,-0.00013009,0.024000001
,,,-0.00013008,0.023200001
,,,-0.00013007,0.026400002
,,,-0.00013006,0.024000001
,,,-0.00013005,0.024800001
,,,-0.00013004,0.025600002
,,,-0.00013003,0.024000001
,,,-0.00013002,0.023200001
,,,-0.00013001,0.024800001
,,,-0.00013,0.021600001
,,,-0.00012999,0.024000001
,,,-0.00012998,0.024000001
,,,-0.00012997,0.023200001
,,,-0.00012996,0.024000001
,,,-0.00012995,0.023200001
,,,-0.00012994,0.024800001
,,,-0.00012993,0.024800001
,,,-0.00012992,0.024000001
,,,-0.00012991,0.024000001
,,,-0.0001299,0.024000001
,,,-0.00012989,0.024800001
,,,-0.00012988,0.024000001
,,,-0.00012987,0.024800001
,,,-0.00012986,0.024000001
,,,-0.00012985,0.024800001
,,,-0.00012984,0.024000001
,,,-0.00012983,0.024000001
,,,-0.00012982,0.024000001
,,,-0.00012981,0.024000001
,,,-0.0001298,0.024000001
,,,-0.00012979,0.024000001
,,,-0.00012978,0.024000001
,,,-0.00012977,0.023200001
,,,-0.00012976,0.023200001
,,,-0.00012975,0.024000001
,,,-0.00012974,0.025600002
,,,-0.00012973,0.024000001
,,,-0.00012972,0.024000001
,,,-0.00012971,0.025600002
,,,-0.0001297,0.025600002
,,,-0.00012969,0.024000001
,,,-0.00012968,0.024000001
,,,-0.00012967,0.024000001
,,,-0.00012966,0.024000001
,,,-0.00012965,0.024800001
,,,-0.00012964,0.023200001
,,,-0.00012963,0.025600002
,,,-0.00012962,0.023200001
,,,-0.00012961,0.024800001
,,,-0.0001296,0.024800001
,,,-0.00012959,0.024000001
,,,-0.00012958,0.024000001
,,,-0.00012957,0.024000001
,,,-0.00012956,0.024800001
,,,-0.00012955,0.024000001
,,,-0.00012954,0.024000001
,,,-0.00012953,0.024800001
,,,-0.00012952,0.024800001
,,,-0.00012951,0.024000001
,,,-0.0001295,0.023200001
,,,-0.00012949,0.025600002
,,,-0.00012948,0.024000001
,,,-0.00012947,0.024800001
,,,-0.00012946,0.022400001
,,,-0.00012945,0.024000001
,,,-0.00012944,0.027200002
,,,-0.00012943,0.023200001
,,,-0.00012942,0.024000001
,,,-0.00012941,0.023200001
,,,-0.0001294,0.024000001
,,,-0.00012939,0.024000001
,,,-0.00012938,0.024000001
,,,-0.00012937,0.024800001
,,,-0.00012936,0.024000001
,,,-0.00012935,0.023200001
,,,-0.00012934,0.024000001
,,,-0.00012933,0.024000001
,,,-0.00012932,0.024800001
,,,-0.00012931,0.024000001
,,,-0.0001293,0.023200001
,,,-0.00012929,0.024000001
,,,-0.00012928,0.024000001
,,,-0.00012927,0.023200001
,,,-0.00012926,0.025600002
,,,-0.00012925,0.024800001
,,,-0.00012924,0.024000001
,,,-0.00012923,0.024800001
,,,-0.00012922,0.028000002
,,,-0.00012921,0.026400002
,,,-0.0001292,0.024800001
,,,-0.00012919,0.023200001
,,,-0.00012918,0.025600002
,,,-0.00012917,0.024000001
,,,-0.00012916,0.024000001
,,,-0.00012915,0.024800001
,,,-0.00012914,0.025600002
,,,-0.00012913,0.024000001
,,,-0.00012912,0.024000001
,,,-0.00012911,0.024000001
,,,-0.0001291,0.024000001
,,,-0.00012909,0.024000001
,,,-0.00012908,0.023200001
,,,-0.00012907,0.024000001
,,,-0.00012906,0.023200001
,,,-0.00012905,0.024000001
,,,-0.00012904,0.023200001
,,,-0.00012903,0.025600002
,,,-0.00012902,0.024000001
,,,-0.00012901,0.024000001
,,,-0.000129,0.024800001
,,,-0.00012899,0.023200001
,,,-0.00012898,0.023200001
,,,-0.00012897,0.023200001
,,,-0.00012896,0.024000001
,,,-0.00012895,0.024800001
,,,-0.00012894,0.025600002
,,,-0.00012893,0.024800001
,,,-0.00012892,0.024000001
,,,-0.00012891,0.024000001
,,,-0.0001289,0.025600002
,,,-0.00012889,0.023200001
,,,-0.00012888,0.024000001
,,,-0.00012887,0.024000001
,,,-0.00012886,0.024800001
,,,-0.00012885,0.025600002
,,,-0.00012884,0.024800001
,,,-0.00012883,0.024000001
,,,-0.00012882,0.024000001
,,,-0.00012881,0.024800001
,,,-0.0001288,0.022400001
,,,-0.00012879,0.024000001
,,,-0.00012878,0.024800001
,,,-0.00012877,0.024000001
,,,-0.00012876,0.024000001
,,,-0.00012875,0.024000001
,,,-0.00012874,0.023200001
,,,-0.00012873,0.024000001
,,,-0.00012872,0.024000001
,,,-0.00012871,0.024000001
,,,-0.0001287,0.022400001
,,,-0.00012869,0.024000001
,,,-0.00012868,0.024800001
,,,-0.00012867,0.023200001
,,,-0.00012866,0.024800001
,,,-0.00012865,0.024000001
,,,-0.00012864,0.024800001
,,,-0.00012863,0.024800001
,,,-0.00012862,0.024000001
,,,-0.00012861,0.023200001
,,,-0.0001286,0.023200001
,,,-0.00012859,0.024000001
,,,-0.00012858,0.023200001
,,,-0.00012857,0.023200001
,,,-0.00012856,0.024000001
,,,-0.00012855,0.024000001
,,,-0.00012854,0.024000001
,,,-0.00012853,0.024800001
,,,-0.00012852,0.024000001
,,,-0.00012851,0.024800001
,,,-0.0001285,0.024000001
,,,-0.00012849,0.024000001
,,,-0.00012848,0.026400002
,,,-0.00012847,0.024000001
,,,-0.00012846,0.024000001
,,,-0.00012845,0.023200001
,,,-0.00012844,0.024000001
,,,-0.00012843,0.024000001
,,,-0.00012842,0.024000001
,,,-0.00012841,0.025600002
,,,-0.0001284,0.024800001
,,,-0.00012839,0.025600002
,,,-0.00012838,0.024800001
,,,-0.00012837,0.023200001
,,,-0.00012836,0.024000001
,,,-0.00012835,0.023200001
,,,-0.00012834,0.024000001
,,,-0.00012833,0.024000001
,,,-0.00012832,0.023200001
,,,-0.00012831,0.024000001
,,,-0.0001283,0.024000001
,,,-0.00012829,0.024800001
,,,-0.00012828,0.024000001
,,,-0.00012827,0.023200001
,,,-0.00012826,0.024000001
,,,-0.00012825,0.024000001
,,,-0.00012824,0.024800001
,,,-0.00012823,0.024000001
,,,-0.00012822,0.024800001
,,,-0.00012821,0.024000001
,,,-0.0001282,0.024800001
,,,-0.00012819,0.024000001
,,,-0.00012818,0.024000001
,,,-0.00012817,0.023200001
,,,-0.00012816,0.024000001
,,,-0.00012815,0.024000001
,,,-0.00012814,0.023200001
,,,-0.00012813,0.023200001
,,,-0.00012812,0.024000001
,,,-0.00012811,0.024000001
,,,-0.0001281,0.024800001
,,,-0.00012809,0.024000001
,,,-0.00012808,0.024800001
,,,-0.00012807,0.025600002
,,,-0.00012806,0.024000001
,,,-0.00012805,0.024000001
,,,-0.00012804,0.026400002
,,,-0.00012803,0.024000001
,,,-0.00012802,0.024000001
,,,-0.00012801,0.024000001
,,,-0.000128,0.024000001
,,,-0.00012799,0.024000001
,,,-0.00012798,0.023200001
,,,-0.00012797,0.024800001
,,,-0.00012796,0.024000001
,,,-0.00012795,0.024800001
,,,-0.00012794,0.024800001
,,,-0.00012793,0.023200001
,,,-0.00012792,0.024800001
,,,-0.00012791,0.024000001
,,,-0.0001279,0.024800001
,,,-0.00012789,0.024000001
,,,-0.00012788,0.024000001
,,,-0.00012787,0.024000001
,,,-0.00012786,0.024000001
,,,-0.00012785,0.024000001
,,,-0.00012784,0.024000001
,,,-0.00012783,0.024000001
,,,-0.00012782,0.023200001
,,,-0.00012781,0.024000001
,,,-0.0001278,0.024000001
,,,-0.00012779,0.024000001
,,,-0.00012778,0.024000001
,,,-0.00012777,0.024000001
,,,-0.00012776,0.022400001
,,,-0.00012775,0.024000001
,,,-0.00012774,0.024000001
,,,-0.00012773,0.025600002
,,,-0.00012772,0.023200001
,,,-0.00012771,0.024800001
,,,-0.0001277,0.024000001
,,,-0.00012769,0.025600002
,,,-0.00012768,0.023200001
,,,-0.00012767,0.024000001
,,,-0.00012766,0.024000001
,,,-0.00012765,0.024800001
,,,-0.00012764,0.024000001
,,,-0.00012763,0.024000001
,,,-0.00012762,0.024800001
,,,-0.00012761,0.024000001
,,,-0.0001276,0.024800001
,,,-0.00012759,0.024800001
,,,-0.00012758,0.022400001
,,,-0.00012757,0.024000001
,,,-0.00012756,0.025600002
,,,-0.00012755,0.023200001
,,,-0.00012754,0.024000001
,,,-0.00012753,0.025600002
,,,-0.00012752,0.024000001
,,,-0.00012751,0.024800001
,,,-0.0001275,0.024000001
,,,-0.00012749,0.023200001
,,,-0.00012748,0.024800001
,,,-0.00012747,0.024000001
,,,-0.00012746,0.024800001
,,,-0.00012745,0.024000001
,,,-0.00012744,0.024000001
,,,-0.00012743,0.024000001
,,,-0.00012742,0.024000001
,,,-0.00012741,0.024000001
,,,-0.0001274,0.024800001
,,,-0.00012739,0.024800001
,,,-0.00012738,0.023200001
,,,-0.00012737,0.024800001
,,,-0.00012736,0.024000001
,,,-0.00012735,0.024000001
,,,-0.00012734,0.026400002
,,,-0.00012733,0.024800001
,,,-0.00012732,0.024000001
,,,-0.00012731,0.024000001
,,,-0.0001273,0.024000001
,,,-0.00012729,0.024800001
,,,-0.00012728,0.023200001
,,,-0.00012727,0.025600002
,,,-0.00012726,0.024800001
,,,-0.00012725,0.024000001
,,,-0.00012724,0.024800001
,,,-0.00012723,0.024000001
,,,-0.00012722,0.024000001
,,,-0.00012721,0.024000001
,,,-0.0001272,0.024000001
,,,-0.00012719,0.024000001
,,,-0.00012718,0.024800001
,,,-0.00012717,0.022400001
,,,-0.00012716,0.024800001
,,,-0.00012715,0.024000001
,,,-0.00012714,0.023200001
,,,-0.00012713,0.024800001
,,,-0.00012712,0.024000001
,,,-0.00012711,0.024800001
,,,-0.0001271,0.025600002
,,,-0.00012709,0.024000001
,,,-0.00012708,0.024000001
,,,-0.00012707,0.024000001
,,,-0.00012706,0.023200001
,,,-0.00012705,0.024000001
,,,-0.00012704,0.022400001
,,,-0.00012703,0.024000001
,,,-0.00012702,0.024000001
,,,-0.00012701,0.021600001
,,,-0.000127,0.024000001
,,,-0.00012699,0.024000001
,,,-0.00012698,0.024000001
,,,-0.00012697,0.024800001
,,,-0.00012696,0.024000001
,,,-0.00012695,0.024000001
,,,-0.00012694,0.024000001
,,,-0.00012693,0.024000001
,,,-0.00012692,0.024800001
,,,-0.00012691,0.023200001
,,,-0.0001269,0.024800001
,,,-0.00012689,0.025600002
,,,-0.00012688,0.025600002
,,,-0.00012687,0.026400002
,,,-0.00012686,0.024000001
,,,-0.00012685,0.024000001
,,,-0.00012684,0.024800001
,,,-0.00012683,0.024800001
,,,-0.00012682,0.023200001
,,,-0.00012681,0.024800001
,,,-0.0001268,0.023200001
,,,-0.00012679,0.023200001
,,,-0.00012678,0.024000001
,,,-0.00012677,0.024800001
,,,-0.00012676,0.025600002
,,,-0.00012675,0.023200001
,,,-0.00012674,0.025600002
,,,-0.00012673,0.024800001
,,,-0.00012672,0.024800001
,,,-0.00012671,0.024800001
,,,-0.0001267,0.024000001
,,,-0.00012669,0.023200001
,,,-0.00012668,0.023200001
,,,-0.00012667,0.024000001
,,,-0.00012666,0.025600002
,,,-0.00012665,0.022400001
,,,-0.00012664,0.024800001
,,,-0.00012663,0.024800001
,,,-0.00012662,0.024000001
,,,-0.00012661,0.024800001
,,,-0.0001266,0.024000001
,,,-0.00012659,0.024800001
,,,-0.00012658,0.024000001
,,,-0.00012657,0.024000001
,,,-0.00012656,0.024000001
,,,-0.00012655,0.024000001
,,,-0.00012654,0.025600002
,,,-0.00012653,0.024000001
,,,-0.00012652,0.024000001
,,,-0.00012651,0.024800001
,,,-0.0001265,0.023200001
,,,-0.00012649,0.024000001
,,,-0.00012648,0.023200001
,,,-0.00012647,0.024000001
,,,-0.00012646,0.024000001
,,,-0.00012645,0.025600002
,,,-0.00012644,0.024000001
,,,-0.00012643,0.024000001
,,,-0.00012642,0.025600002
,,,-0.00012641,0.024800001
,,,-0.0001264,0.024000001
,,,-0.00012639,0.024800001
,,,-0.00012638,0.026400002
,,,-0.00012637,0.024800001
,,,-0.00012636,0.024000001
,,,-0.00012635,0.025600002
,,,-0.00012634,0.023200001
,,,-0.00012633,0.024000001
,,,-0.00012632,0.024800001
,,,-0.00012631,0.022400001
,,,-0.0001263,0.024000001
,,,-0.00012629,0.024800001
,,,-0.00012628,0.024800001
,,,-0.00012627,0.024000001
,,,-0.00012626,0.024000001
,,,-0.00012625,0.024000001
,,,-0.00012624,0.024000001
,,,-0.00012623,0.024000001
,,,-0.00012622,0.024800001
,,,-0.00012621,0.024000001
,,,-0.0001262,0.023200001
,,,-0.00012619,0.021600001
,,,-0.00012618,0.024800001
,,,-0.00012617,0.026400002
,,,-0.00012616,0.023200001
,,,-0.00012615,0.024000001
,,,-0.00012614,0.023200001
,,,-0.00012613,0.024000001
,,,-0.00012612,0.024800001
,,,-0.00012611,0.024000001
,,,-0.0001261,0.024000001
,,,-0.00012609,0.024000001
,,,-0.00012608,0.024800001
,,,-0.00012607,0.024000001
,,,-0.00012606,0.025600002
,,,-0.00012605,0.024000001
,,,-0.00012604,0.024000001
,,,-0.00012603,0.024000001
,,,-0.00012602,0.026400002
,,,-0.00012601,0.024000001
,,,-0.000126,0.024000001
,,,-0.00012599,0.024000001
,,,-0.00012598,0.024800001
,,,-0.00012597,0.025600002
,,,-0.00012596,0.024000001
,,,-0.00012595,0.024800001
,,,-0.00012594,0.023200001
,,,-0.00012593,0.024800001
,,,-0.00012592,0.024000001
,,,-0.00012591,0.024000001
,,,-0.0001259,0.025600002
,,,-0.00012589,0.023200001
,,,-0.00012588,0.024800001
,,,-0.00012587,0.024000001
,,,-0.00012586,0.024000001
,,,-0.00012585,0.025600002
,,,-0.00012584,0.024000001
,,,-0.00012583,0.024000001
,,,-0.00012582,0.024000001
,,,-0.00012581,0.024800001
,,,-0.0001258,0.024000001
,,,-0.00012579,0.026400002
,,,-0.00012578,0.025600002
,,,-0.00012577,0.025600002
,,,-0.00012576,0.024000001
,,,-0.00012575,0.024800001
,,,-0.00012574,0.024000001
,,,-0.00012573,0.024000001
,,,-0.00012572,0.023200001
,,,-0.00012571,0.024000001
,,,-0.0001257,0.024000001
,,,-0.00012569,0.024000001
,,,-0.00012568,0.024800001
,,,-0.00012567,0.022400001
,,,-0.00012566,0.024000001
,,,-0.00012565,0.024000001
,,,-0.00012564,0.024000001
,,,-0.00012563,0.025600002
,,,-0.00012562,0.024000001
,,,-0.00012561,0.025600002
,,,-0.0001256,0.025600002
,,,-0.00012559,0.024000001
,,,-0.00012558,0.024000001
,,,-0.00012557,0.024800001
,,,-0.00012556,0.026400002
,,,-0.00012555,0.024000001
,,,-0.00012554,0.022400001
,,,-0.00012553,0.025600002
,,,-0.00012552,0.024800001
,,,-0.00012551,0.024000001
,,,-0.0001255,0.023200001
,,,-0.00012549,0.024000001
,,,-0.00012548,0.023200001
,,,-0.00012547,0.024000001
,,,-0.00012546,0.024800001
,,,-0.00012545,0.024800001
,,,-0.00012544,0.024000001
,,,-0.00012543,0.022400001
,,,-0.00012542,0.024800001
,,,-0.00012541,0.024800001
,,,-0.0001254,0.024000001
,,,-0.00012539,0.023200001
,,,-0.00012538,0.024800001
,,,-0.00012537,0.024000001
,,,-0.00012536,0.024000001
,,,-0.00012535,0.024800001
,,,-0.00012534,0.024000001
,,,-0.00012533,0.024800001
,,,-0.00012532,0.025600002
,,,-0.00012531,0.024800001
,,,-0.0001253,0.024800001
,,,-0.00012529,0.024000001
,,,-0.00012528,0.024000001
,,,-0.00012527,0.023200001
,,,-0.00012526,0.024000001
,,,-0.00012525,0.024000001
,,,-0.00012524,0.024000001
,,,-0.00012523,0.025600002
,,,-0.00012522,0.024800001
,,,-0.00012521,0.024000001
,,,-0.0001252,0.024800001
,,,-0.00012519,0.024000001
,,,-0.00012518,0.023200001
,,,-0.00012517,0.023200001
,,,-0.00012516,0.024000001
,,,-0.00012515,0.024000001
,,,-0.00012514,0.024000001
,,,-0.00012513,0.024000001
,,,-0.00012512,0.024000001
,,,-0.00012511,0.024000001
,,,-0.0001251,0.023200001
,,,-0.00012509,0.024000001
,,,-0.00012508,0.024000001
,,,-0.00012507,0.024000001
,,,-0.00012506,0.024000001
,,,-0.00012505,0.024800001
,,,-0.00012504,0.024000001
,,,-0.00012503,0.023200001
,,,-0.00012502,0.024800001
,,,-0.00012501,0.024000001
,,,-0.000125,0.024000001
,,,-0.00012499,0.025600002
,,,-0.00012498,0.023200001
,,,-0.00012497,0.024000001
,,,-0.00012496,0.024000001
,,,-0.00012495,0.024000001
,,,-0.00012494,0.024800001
,,,-0.00012493,0.025600002
,,,-0.00012492,0.024800001
,,,-0.00012491,0.024000001
,,,-0.0001249,0.024800001
,,,-0.00012489,0.024800001
,,,-0.00012488,0.025600002
,,,-0.00012487,0.023200001
,,,-0.00012486,0.023200001
,,,-0.00012485,0.024800001
,,,-0.00012484,0.024000001
,,,-0.00012483,0.024000001
,,,-0.00012482,0.024000001
,,,-0.00012481,0.024800001
,,,-0.0001248,0.024800001
,,,-0.00012479,0.024800001
,,,-0.00012478,0.025600002
,,,-0.00012477,0.024000001
,,,-0.00012476,0.025600002
,,,-0.00012475,0.024000001
,,,-0.00012474,0.024800001
,,,-0.00012473,0.024000001
,,,-0.00012472,0.023200001
,,,-0.00012471,0.025600002
,,,-0.0001247,0.024000001
,,,-0.00012469,0.024800001
,,,-0.00012468,0.024800001
,,,-0.00012467,0.024000001
,,,-0.00012466,0.022400001
,,,-0.00012465,0.024800001
,,,-0.00012464,0.023200001
,,,-0.00012463,0.023200001
,,,-0.00012462,0.024000001
,,,-0.00012461,0.024800001
,,,-0.0001246,0.024800001
,,,-0.00012459,0.024800001
,,,-0.00012458,0.024000001
,,,-0.00012457,0.024000001
,,,-0.00012456,0.024000001
,,,-0.00012455,0.024000001
,,,-0.00012454,0.025600002
,,,-0.00012453,0.024800001
,,,-0.00012452,0.024000001
,,,-0.00012451,0.024800001
,,,-0.0001245,0.024000001
,,,-0.00012449,0.024800001
,,,-0.00012448,0.025600002
,,,-0.00012447,0.024000001
,,,-0.00012446,0.025600002
,,,-0.00012445,0.024000001
,,,-0.00012444,0.022400001
,,,-0.00012443,0.024000001
,,,-0.00012442,0.022400001
,,,-0.00012441,0.023200001
,,,-0.0001244,0.024800001
,,,-0.00012439,0.023200001
,,,-0.00012438,0.024800001
,,,-0.00012437,0.024000001
,,,-0.00012436,0.024800001
,,,-0.00012435,0.023200001
,,,-0.00012434,0.024000001
,,,-0.00012433,0.024000001
,,,-0.00012432,0.024800001
,,,-0.00012431,0.024000001
,,,-0.0001243,0.024000001
,,,-0.00012429,0.023200001
,,,-0.00012428,0.024000001
,,,-0.00012427,0.023200001
,,,-0.00012426,0.024000001
,,,-0.00012425,0.024000001
,,,-0.00012424,0.024000001
,,,-0.00012423,0.024000001
,,,-0.00012422,0.024000001
,,,-0.00012421,0.024800001
,,,-0.0001242,0.024800001
,,,-0.00012419,0.024800001
,,,-0.00012418,0.024000001
,,,-0.00012417,0.024000001
,,,-0.00012416,0.024800001
,,,-0.00012415,0.023200001
,,,-0.00012414,0.024000001
,,,-0.00012413,0.024800001
,,,-0.00012412,0.024800001
,,,-0.00012411,0.025600002
,,,-0.0001241,0.024800001
,,,-0.00012409,0.023200001
,,,-0.00012408,0.024000001
,,,-0.00012407,0.024800001
,,,-0.00012406,0.023200001
,,,-0.00012405,0.024000001
,,,-0.00012404,0.024800001
,,,-0.00012403,0.023200001
,,,-0.00012402,0.024000001
,,,-0.00012401,0.024000001
,,,-0.000124,0.024000001
,,,-0.00012399,0.023200001
,,,-0.00012398,0.024000001
,,,-0.00012397,0.025600002
,,,-0.00012396,0.024000001
,,,-0.00012395,0.024000001
,,,-0.00012394,0.023200001
,,,-0.00012393,0.024000001
,,,-0.00012392,0.024800001
,,,-0.00012391,0.023200001
,,,-0.0001239,0.024800001
,,,-0.00012389,0.024000001
,,,-0.00012388,0.023200001
,,,-0.00012387,0.023200001
,,,-0.00012386,0.024000001
,,,-0.00012385,0.024800001
,,,-0.00012384,0.023200001
,,,-0.00012383,0.025600002
,,,-0.00012382,0.023200001
,,,-0.00012381,0.024000001
,,,-0.0001238,0.024000001
,,,-0.00012379,0.024800001
,,,-0.00012378,0.023200001
,,,-0.00012377,0.024000001
,,,-0.00012376,0.024800001
,,,-0.00012375,0.024000001
,,,-0.00012374,0.024000001
,,,-0.00012373,0.022400001
,,,-0.00012372,0.024800001
,,,-0.00012371,0.023200001
,,,-0.0001237,0.024000001
,,,-0.00012369,0.024000001
,,,-0.00012368,0.024800001
,,,-0.00012367,0.024000001
,,,-0.00012366,0.024000001
,,,-0.00012365,0.024000001
,,,-0.00012364,0.024000001
,,,-0.00012363,0.024000001
,,,-0.00012362,0.024800001
,,,-0.00012361,0.024000001
,,,-0.0001236,0.024000001
,,,-0.00012359,0.025600002
,,,-0.00012358,0.025600002
,,,-0.00012357,0.024000001
,,,-0.00012356,0.024000001
,,,-0.00012355,0.023200001
,,,-0.00012354,0.024000001
,,,-0.00012353,0.024000001
,,,-0.00012352,0.024000001
,,,-0.00012351,0.024000001
,,,-0.0001235,0.024800001
,,,-0.00012349,0.022400001
,,,-0.00012348,0.024000001
,,,-0.00012347,0.022400001
,,,-0.00012346,0.024000001
,,,-0.00012345,0.024800001
,,,-0.00012344,0.025600002
,,,-0.00012343,0.024000001
,,,-0.00012342,0.024000001
,,,-0.00012341,0.024000001
,,,-0.0001234,0.025600002
,,,-0.00012339,0.024000001
,,,-0.00012338,0.024800001
,,,-0.00012337,0.024000001
,,,-0.00012336,0.024800001
,,,-0.00012335,0.025600002
,,,-0.00012334,0.023200001
,,,-0.00012333,0.024800001
,,,-0.00012332,0.024000001
,,,-0.00012331,0.024000001
,,,-0.0001233,0.024800001
,,,-0.00012329,0.024800001
,,,-0.00012328,0.024000001
,,,-0.00012327,0.024000001
,,,-0.00012326,0.024800001
,,,-0.00012325,0.024000001
,,,-0.00012324,0.024800001
,,,-0.00012323,0.023200001
,,,-0.00012322,0.024000001
,,,-0.00012321,0.024800001
,,,-0.0001232,0.024800001
,,,-0.00012319,0.024000001
,,,-0.00012318,0.024000001
,,,-0.00012317,0.024000001
,,,-0.00012316,0.024800001
,,,-0.00012315,0.024000001
,,,-0.00012314,0.024800001
,,,-0.00012313,0.024000001
,,,-0.00012312,0.024000001
,,,-0.00012311,0.024800001
,,,-0.0001231,0.024000001
,,,-0.00012309,0.024000001
,,,-0.00012308,0.024000001
,,,-0.00012307,0.024800001
,,,-0.00012306,0.024000001
,,,-0.00012305,0.025600002
,,,-0.00012304,0.024000001
,,,-0.00012303,0.024800001
,,,-0.00012302,0.024800001
,,,-0.00012301,0.026400002
,,,-0.000123,0.024800001
,,,-0.00012299,0.024000001
,,,-0.00012298,0.024000001
,,,-0.00012297,0.024800001
,,,-0.00012296,0.024000001
,,,-0.00012295,0.024000001
,,,-0.00012294,0.024800001
,,,-0.00012293,0.024800001
,,,-0.00012292,0.023200001
,,,-0.00012291,0.024800001
,,,-0.0001229,0.023200001
,,,-0.00012289,0.023200001
,,,-0.00012288,0.024800001
,,,-0.00012287,0.024000001
,,,-0.00012286,0.024000001
,,,-0.00012285,0.021600001
,,,-0.00012284,0.024000001
,,,-0.00012283,0.024000001
,,,-0.00012282,0.025600002
,,,-0.00012281,0.024800001
,,,-0.0001228,0.024000001
,,,-0.00012279,0.024000001
,,,-0.00012278,0.024000001
,,,-0.00012277,0.024000001
,,,-0.00012276,0.025600002
,,,-0.00012275,0.023200001
,,,-0.00012274,0.024800001
,,,-0.00012273,0.024000001
,,,-0.00012272,0.025600002
,,,-0.00012271,0.024000001
,,,-0.0001227,0.024000001
,,,-0.00012269,0.025600002
,,,-0.00012268,0.024000001
,,,-0.00012267,0.024000001
,,,-0.00012266,0.024000001
,,,-0.00012265,0.024000001
,,,-0.00012264,0.024800001
,,,-0.00012263,0.024000001
,,,-0.00012262,0.024000001
,,,-0.00012261,0.024000001
,,,-0.0001226,0.023200001
,,,-0.00012259,0.024000001
,,,-0.00012258,0.023200001
,,,-0.00012257,0.024800001
,,,-0.00012256,0.024800001
,,,-0.00012255,0.025600002
,,,-0.00012254,0.024800001
,,,-0.00012253,0.024800001
,,,-0.00012252,0.024000001
,,,-0.00012251,0.024000001
,,,-0.0001225,0.024000001
,,,-0.00012249,0.024000001
,,,-0.00012248,0.023200001
,,,-0.00012247,0.024000001
,,,-0.00012246,0.024800001
,,,-0.00012245,0.023200001
,,,-0.00012244,0.024000001
,,,-0.00012243,0.024000001
,,,-0.00012242,0.024000001
,,,-0.00012241,0.024000001
,,,-0.0001224,0.024000001
,,,-0.00012239,0.024000001
,,,-0.00012238,0.023200001
,,,-0.00012237,0.024000001
,,,-0.00012236,0.024800001
,,,-0.00012235,0.024000001
,,,-0.00012234,0.024800001
,,,-0.00012233,0.023200001
,,,-0.00012232,0.024800001
,,,-0.00012231,0.024000001
,,,-0.0001223,0.025600002
,,,-0.00012229,0.024000001
,,,-0.00012228,0.024800001
,,,-0.00012227,0.025600002
,,,-0.00012226,0.024800001
,,,-0.00012225,0.025600002
,,,-0.00012224,0.025600002
,,,-0.00012223,0.024000001
,,,-0.00012222,0.024000001
,,,-0.00012221,0.024000001
,,,-0.0001222,0.024800001
,,,-0.00012219,0.024000001
,,,-0.00012218,0.022400001
,,,-0.00012217,0.024000001
,,,-0.00012216,0.022400001
,,,-0.00012215,0.024000001
,,,-0.00012214,0.024000001
,,,-0.00012213,0.023200001
,,,-0.00012212,0.025600002
,,,-0.00012211,0.024000001
,,,-0.0001221,0.024800001
,,,-0.00012209,0.024000001
,,,-0.00012208,0.022400001
,,,-0.00012207,0.023200001
,,,-0.00012206,0.025600002
,,,-0.00012205,0.024800001
,,,-0.00012204,0.024800001
,,,-0.00012203,0.024000001
,,,-0.00012202,0.024800001
,,,-0.00012201,0.025600002
,,,-0.000122,0.024000001
,,,-0.00012199,0.023200001
,,,-0.00012198,0.024000001
,,,-0.00012197,0.024000001
,,,-0.00012196,0.024000001
,,,-0.00012195,0.024000001
,,,-0.00012194,0.024000001
,,,-0.00012193,0.024000001
,,,-0.00012192,0.024000001
,,,-0.00012191,0.022400001
,,,-0.0001219,0.024000001
,,,-0.00012189,0.023200001
,,,-0.00012188,0.024000001
,,,-0.00012187,0.023200001
,,,-0.00012186,0.024000001
,,,-0.00012185,0.024000001
,,,-0.00012184,0.024800001
,,,-0.00012183,0.023200001
,,,-0.00012182,0.023200001
,,,-0.00012181,0.024000001
,,,-0.0001218,0.024800001
,,,-0.00012179,0.024000001
,,,-0.00012178,0.022400001
,,,-0.00012177,0.024000001
,,,-0.00012176,0.024800001
,,,-0.00012175,0.024000001
,,,-0.00012174,0.024000001
,,,-0.00012173,0.024000001
,,,-0.00012172,0.024800001
,,,-0.00012171,0.024000001
,,,-0.0001217,0.024800001
,,,-0.00012169,0.024000001
,,,-0.00012168,0.023200001
,,,-0.00012167,0.024000001
,,,-0.00012166,0.023200001
,,,-0.00012165,0.024800001
,,,-0.00012164,0.024000001
,,,-0.00012163,0.024800001
,,,-0.00012162,0.024000001
,,,-0.00012161,0.024000001
,,,-0.0001216,0.024000001
,,,-0.00012159,0.024000001
,,,-0.00012158,0.024000001
,,,-0.00012157,0.024800001
,,,-0.00012156,0.024800001
,,,-0.00012155,0.024000001
,,,-0.00012154,0.025600002
,,,-0.00012153,0.024000001
,,,-0.00012152,0.024800001
,,,-0.00012151,0.023200001
,,,-0.0001215,0.024000001
,,,-0.00012149,0.024000001
,,,-0.00012148,0.024000001
,,,-0.00012147,0.024000001
,,,-0.00012146,0.024800001
,,,-0.00012145,0.024800001
,,,-0.00012144,0.027200002
,,,-0.00012143,0.024000001
,,,-0.00012142,0.023200001
,,,-0.00012141,0.024000001
,,,-0.0001214,0.024800001
,,,-0.00012139,0.024000001
,,,-0.00012138,0.024000001
,,,-0.00012137,0.024000001
,,,-0.00012136,0.024000001
,,,-0.00012135,0.024000001
,,,-0.00012134,0.024800001
,,,-0.00012133,0.024000001
,,,-0.00012132,0.025600002
,,,-0.00012131,0.023200001
,,,-0.0001213,0.024800001
,,,-0.00012129,0.024000001
,,,-0.00012128,0.024800001
,,,-0.00012127,0.024000001
,,,-0.00012126,0.024000001
,,,-0.00012125,0.024000001
,,,-0.00012124,0.024000001
,,,-0.00012123,0.024000001
,,,-0.00012122,0.024000001
,,,-0.00012121,0.026400002
,,,-0.0001212,0.025600002
,,,-0.00012119,0.022400001
,,,-0.00012118,0.024800001
,,,-0.00012117,0.022400001
,,,-0.00012116,0.024800001
,,,-0.00012115,0.023200001
,,,-0.00012114,0.022400001
,,,-0.00012113,0.024000001
,,,-0.00012112,0.024000001
,,,-0.00012111,0.024000001
,,,-0.0001211,0.025600002
,,,-0.00012109,0.024000001
,,,-0.00012108,0.024000001
,,,-0.00012107,0.024800001
,,,-0.00012106,0.025600002
,,,-0.00012105,0.024000001
,,,-0.00012104,0.024000001
,,,-0.00012103,0.023200001
,,,-0.00012102,0.023200001
,,,-0.00012101,0.021600001
,,,-0.000121,0.024000001
,,,-0.00012099,0.024000001
,,,-0.00012098,0.024000001
,,,-0.00012097,0.022400001
,,,-0.00012096,0.023200001
,,,-0.00012095,0.025600002
,,,-0.00012094,0.024000001
,,,-0.00012093,0.023200001
,,,-0.00012092,0.024800001
,,,-0.00012091,0.024000001
,,,-0.0001209,0.024000001
,,,-0.00012089,0.025600002
,,,-0.00012088,0.024000001
,,,-0.00012087,0.024800001
,,,-0.00012086,0.023200001
,,,-0.00012085,0.024000001
,,,-0.00012084,0.024000001
,,,-0.00012083,0.021600001
,,,-0.00012082,0.025600002
,,,-0.00012081,0.024800001
,,,-0.0001208,0.023200001
,,,-0.00012079,0.025600002
,,,-0.00012078,0.023200001
,,,-0.00012077,0.022400001
,,,-0.00012076,0.024000001
,,,-0.00012075,0.023200001
,,,-0.00012074,0.023200001
,,,-0.00012073,0.024000001
,,,-0.00012072,0.023200001
,,,-0.00012071,0.023200001
,,,-0.0001207,0.023200001
,,,-0.00012069,0.024000001
,,,-0.00012068,0.025600002
,,,-0.00012067,0.024000001
,,,-0.00012066,0.021600001
,,,-0.00012065,0.020800001
,,,-0.00012064,0.023200001
,,,-0.00012063,0.025600002
,,,-0.00012062,0.024000001
,,,-0.00012061,0.024000001
,,,-0.0001206,0.022400001
,,,-0.00012059,0.024800001
,,,-0.00012058,0.024000001
,,,-0.00012057,0.025600002
,,,-0.00012056,0.022400001
,,,-0.00012055,0.024000001
,,,-0.00012054,0.024000001
,,,-0.00012053,0.024000001
,,,-0.00012052,0.024800001
,,,-0.00012051,0.024000001
,,,-0.0001205,0.024000001
,,,-0.00012049,0.022400001
,,,-0.00012048,0.024000001
,,,-0.00012047,0.024000001
,,,-0.00012046,0.024000001
,,,-0.00012045,0.024800001
,,,-0.00012044,0.025600002
,,,-0.00012043,0.024800001
,,,-0.00012042,0.025600002
,,,-0.00012041,0.024000001
,,,-0.0001204,0.023200001
,,,-0.00012039,0.023200001
,,,-0.00012038,0.024000001
,,,-0.00012037,0.024800001
,,,-0.00012036,0.025600002
,,,-0.00012035,0.024000001
,,,-0.00012034,0.024800001
,,,-0.00012033,0.027200002
,,,-0.00012032,0.024000001
,,,-0.00012031,0.023200001
,,,-0.0001203,0.024000001
,,,-0.00012029,0.024800001
,,,-0.00012028,0.022400001
,,,-0.00012027,0.024000001
,,,-0.00012026,0.024000001
,,,-0.00012025,0.024800001
,,,-0.00012024,0.023200001
,,,-0.00012023,0.024000001
,,,-0.00012022,0.024800001
,,,-0.00012021,0.024000001
,,,-0.0001202,0.024800001
,,,-0.00012019,0.023200001
,,,-0.00012018,0.025600002
,,,-0.00012017,0.024800001
,,,-0.00012016,0.023200001
,,,-0.00012015,0.023200001
,,,-0.00012014,0.023200001
,,,-0.00012013,0.023200001
,,,-0.00012012,0.023200001
,,,-0.00012011,0.024000001
,,,-0.0001201,0.025600002
,,,-0.00012009,0.024000001
,,,-0.00012008,0.024800001
,,,-0.00012007,0.024000001
,,,-0.00012006,0.024000001
,,,-0.00012005,0.024000001
,,,-0.00012004,0.024000001
,,,-0.00012003,0.023200001
,,,-0.00012002,0.024000001
,,,-0.00012001,0.024000001
,,,-0.00012,0.024800001
,,,-0.00011999,0.023200001
,,,-0.00011998,0.024000001
,,,-0.00011997,0.024000001
,,,-0.00011996,0.024800001
,,,-0.00011995,0.025600002
,,,-0.00011994,0.024000001
,,,-0.00011993,0.024000001
,,,-0.00011992,0.024000001
,,,-0.00011991,0.024000001
,,,-0.0001199,0.023200001
,,,-0.00011989,0.023200001
,,,-0.00011988,0.024000001
,,,-0.00011987,0.024000001
,,,-0.00011986,0.024000001
,,,-0.00011985,0.024000001
,,,-0.00011984,0.024800001
,,,-0.00011983,0.024000001
,,,-0.00011982,0.024000001
,,,-0.00011981,0.024800001
,,,-0.0001198,0.023200001
,,,-0.00011979,0.024000001
,,,-0.00011978,0.024000001
,,,-0.00011977,0.024800001
,,,-0.00011976,0.024000001
,,,-0.00011975,0.023200001
,,,-0.00011974,0.024000001
,,,-0.00011973,0.024000001
,,,-0.00011972,0.023200001
,,,-0.00011971,0.024000001
,,,-0.0001197,0.022400001
,,,-0.00011969,0.024000001
,,,-0.00011968,0.023200001
,,,-0.00011967,0.024000001
,,,-0.00011966,0.024800001
,,,-0.00011965,0.024000001
,,,-0.00011964,0.024800001
,,,-0.00011963,0.024800001
,,,-0.00011962,0.024800001
,,,-0.00011961,0.023200001
,,,-0.0001196,0.024800001
,,,-0.00011959,0.024000001
,,,-0.00011958,0.024000001
,,,-0.00011957,0.024800001
,,,-0.00011956,0.024800001
,,,-0.00011955,0.023200001
,,,-0.00011954,0.022400001
,,,-0.00011953,0.023200001
,,,-0.00011952,0.024000001
,,,-0.00011951,0.024000001
,,,-0.0001195,0.024000001
,,,-0.00011949,0.024000001
,,,-0.00011948,0.024800001
,,,-0.00011947,0.023200001
,,,-0.00011946,0.027200002
,,,-0.00011945,0.025600002
,,,-0.00011944,0.024000001
,,,-0.00011943,0.023200001
,,,-0.00011942,0.023200001
,,,-0.00011941,0.024000001
,,,-0.0001194,0.025600002
,,,-0.00011939,0.023200001
,,,-0.00011938,0.024000001
,,,-0.00011937,0.024000001
,,,-0.00011936,0.024000001
,,,-0.00011935,0.024000001
,,,-0.00011934,0.024000001
,,,-0.00011933,0.023200001
,,,-0.00011932,0.024800001
,,,-0.00011931,0.024000001
,,,-0.0001193,0.024000001
,,,-0.00011929,0.023200001
,,,-0.00011928,0.024000001
,,,-0.00011927,0.022400001
,,,-0.00011926,0.024800001
,,,-0.00011925,0.024800001
,,,-0.00011924,0.024800001
,,,-0.00011923,0.024000001
,,,-0.00011922,0.025600002
,,,-0.00011921,0.024000001
,,,-0.0001192,0.024000001
,,,-0.00011919,0.024000001
,,,-0.00011918,0.024800001
,,,-0.00011917,0.022400001
,,,-0.00011916,0.024000001
,,,-0.00011915,0.023200001
,,,-0.00011914,0.024000001
,,,-0.00011913,0.025600002
,,,-0.00011912,0.025600002
,,,-0.00011911,0.024800001
,,,-0.0001191,0.024000001
,,,-0.00011909,0.024800001
,,,-0.00011908,0.023200001
,,,-0.00011907,0.024000001
,,,-0.00011906,0.024800001
,,,-0.00011905,0.024000001
,,,-0.00011904,0.024000001
,,,-0.00011903,0.022400001
,,,-0.00011902,0.024000001
,,,-0.00011901,0.024000001
,,,-0.000119,0.022400001
,,,-0.00011899,0.023200001
,,,-0.00011898,0.024000001
,,,-0.00011897,0.023200001
,,,-0.00011896,0.024000001
,,,-0.00011895,0.024800001
,,,-0.00011894,0.024000001
,,,-0.00011893,0.024000001
,,,-0.00011892,0.024000001
,,,-0.00011891,0.024000001
,,,-0.0001189,0.024000001
,,,-0.00011889,0.024000001
,,,-0.00011888,0.024000001
,,,-0.00011887,0.023200001
,,,-0.00011886,0.024800001
,,,-0.00011885,0.024800001
,,,-0.00011884,0.024800001
,,,-0.00011883,0.023200001
,,,-0.00011882,0.023200001
,,,-0.00011881,0.023200001
,,,-0.0001188,0.024000001
,,,-0.00011879,0.024800001
,,,-0.00011878,0.023200001
,,,-0.00011877,0.024000001
,,,-0.00011876,0.024000001
,,,-0.00011875,0.023200001
,,,-0.00011874,0.024800001
,,,-0.00011873,0.025600002
,,,-0.00011872,0.024800001
,,,-0.00011871,0.023200001
,,,-0.0001187,0.025600002
,,,-0.00011869,0.023200001
,,,-0.00011868,0.024800001
,,,-0.00011867,0.024800001
,,,-0.00011866,0.024800001
,,,-0.00011865,0.023200001
,,,-0.00011864,0.022400001
,,,-0.00011863,0.024800001
,,,-0.00011862,0.024800001
,,,-0.00011861,0.024000001
,,,-0.0001186,0.024000001
,,,-0.00011859,0.024000001
,,,-0.00011858,0.024800001
,,,-0.00011857,0.024000001
,,,-0.00011856,0.024800001
,,,-0.00011855,0.024800001
,,,-0.00011854,0.023200001
,,,-0.00011853,0.024000001
,,,-0.00011852,0.024000001
,,,-0.00011851,0.024800001
,,,-0.0001185,0.024800001
,,,-0.00011849,0.024000001
,,,-0.00011848,0.024000001
,,,-0.00011847,0.024000001
,,,-0.00011846,0.024000001
,,,-0.00011845,0.024000001
,,,-0.00011844,0.024000001
,,,-0.00011843,0.023200001
,,,-0.00011842,0.024800001
,,,-0.00011841,0.024800001
,,,-0.0001184,0.024000001
,,,-0.00011839,0.024800001
,,,-0.00011838,0.024000001
,,,-0.00011837,0.024000001
,,,-0.00011836,0.024000001
,,,-0.00011835,0.024000001
,,,-0.00011834,0.024000001
,,,-0.00011833,0.024000001
,,,-0.00011832,0.027200002
,,,-0.00011831,0.024000001
,,,-0.0001183,0.024800001
,,,-0.00011829,0.024000001
,,,-0.00011828,0.024000001
,,,-0.00011827,0.025600002
,,,-0.00011826,0.025600002
,,,-0.00011825,0.024800001
,,,-0.00011824,0.024000001
,,,-0.00011823,0.024800001
,,,-0.00011822,0.024800001
,,,-0.00011821,0.024000001
,,,-0.0001182,0.024000001
,,,-0.00011819,0.024800001
,,,-0.00011818,0.024800001
,,,-0.00011817,0.024000001
,,,-0.00011816,0.025600002
,,,-0.00011815,0.024000001
,,,-0.00011814,0.024800001
,,,-0.00011813,0.024000001
,,,-0.00011812,0.022400001
,,,-0.00011811,0.024800001
,,,-0.0001181,0.024800001
,,,-0.00011809,0.024000001
,,,-0.00011808,0.024800001
,,,-0.00011807,0.024000001
,,,-0.00011806,0.023200001
,,,-0.00011805,0.024000001
,,,-0.00011804,0.024800001
,,,-0.00011803,0.024000001
,,,-0.00011802,0.025600002
,,,-0.00011801,0.024000001
,,,-0.000118,0.024000001
,,,-0.00011799,0.024800001
,,,-0.00011798,0.024000001
,,,-0.00011797,0.024000001
,,,-0.00011796,0.024000001
,,,-0.00011795,0.023200001
,,,-0.00011794,0.025600002
,,,-0.00011793,0.027200002
,,,-0.00011792,0.024800001
,,,-0.00011791,0.024800001
,,,-0.0001179,0.026400002
,,,-0.00011789,0.024000001
,,,-0.00011788,0.023200001
,,,-0.00011787,0.024000001
,,,-0.00011786,0.024800001
,,,-0.00011785,0.025600002
,,,-0.00011784,0.024000001
,,,-0.00011783,0.024800001
,,,-0.00011782,0.025600002
,,,-0.00011781,0.024000001
,,,-0.0001178,0.024000001
,,,-0.00011779,0.024000001
,,,-0.00011778,0.023200001
,,,-0.00011777,0.024000001
,,,-0.00011776,0.024000001
,,,-0.00011775,0.024000001
,,,-0.00011774,0.024000001
,,,-0.00011773,0.024000001
,,,-0.00011772,0.026400002
,,,-0.00011771,0.023200001
,,,-0.0001177,0.025600002
,,,-0.00011769,0.024800001
,,,-0.00011768,0.024000001
,,,-0.00011767,0.027200002
,,,-0.00011766,0.024000001
,,,-0.00011765,0.024800001
,,,-0.00011764,0.021600001
,,,-0.00011763,0.024000001
,,,-0.00011762,0.024800001
,,,-0.00011761,0.022400001
,,,-0.0001176,0.024800001
,,,-0.00011759,0.024000001
,,,-0.00011758,0.025600002
,,,-0.00011757,0.023200001
,,,-0.00011756,0.025600002
,,,-0.00011755,0.024000001
,,,-0.00011754,0.024000001
,,,-0.00011753,0.024000001
,,,-0.00011752,0.024000001
,,,-0.00011751,0.024800001
,,,-0.0001175,0.025600002
,,,-0.00011749,0.024000001
,,,-0.00011748,0.023200001
,,,-0.00011747,0.025600002
,,,-0.00011746,0.024000001
,,,-0.00011745,0.024800001
,,,-0.00011744,0.022400001
,,,-0.00011743,0.021600001
,,,-0.00011742,0.023200001
,,,-0.00011741,0.024800001
,,,-0.0001174,0.023200001
,,,-0.00011739,0.026400002
,,,-0.00011738,0.024800001
,,,-0.00011737,0.024000001
,,,-0.00011736,0.024000001
,,,-0.00011735,0.024000001
,,,-0.00011734,0.022400001
,,,-0.00011733,0.024000001
,,,-0.00011732,0.024000001
,,,-0.00011731,0.024000001
,,,-0.0001173,0.024000001
,,,-0.00011729,0.023200001
,,,-0.00011728,0.024000001
,,,-0.00011727,0.026400002
,,,-0.00011726,0.024000001
,,,-0.00011725,0.023200001
,,,-0.00011724,0.022400001
,,,-0.00011723,0.023200001
,,,-0.00011722,0.024000001
,,,-0.00011721,0.024000001
,,,-0.0001172,0.024800001
,,,-0.00011719,0.024000001
,,,-0.00011718,0.024000001
,,,-0.00011717,0.023200001
,,,-0.00011716,0.023200001
,,,-0.00011715,0.023200001
,,,-0.00011714,0.024800001
,,,-0.00011713,0.023200001
,,,-0.00011712,0.024000001
,,,-0.00011711,0.024000001
,,,-0.0001171,0.024800001
,,,-0.00011709,0.024000001
,,,-0.00011708,0.024800001
,,,-0.00011707,0.024800001
,,,-0.00011706,0.024000001
,,,-0.00011705,0.024800001
,,,-0.00011704,0.024000001
,,,-0.00011703,0.024800001
,,,-0.00011702,0.024000001
,,,-0.00011701,0.024000001
,,,-0.000117,0.024800001
,,,-0.00011699,0.023200001
,,,-0.00011698,0.024800001
,,,-0.00011697,0.023200001
,,,-0.00011696,0.024800001
,,,-0.00011695,0.024800001
,,,-0.00011694,0.024800001
,,,-0.00011693,0.024800001
,,,-0.00011692,0.024000001
,,,-0.00011691,0.024800001
,,,-0.0001169,0.023200001
,,,-0.00011689,0.023200001
,,,-0.00011688,0.023200001
,,,-0.00011687,0.024800001
,,,-0.00011686,0.024000001
,,,-0.00011685,0.024800001
,,,-0.00011684,0.025600002
,,,-0.00011683,0.024800001
,,,-0.00011682,0.024000001
,,,-0.00011681,0.024800001
,,,-0.0001168,0.026400002
,,,-0.00011679,0.024000001
,,,-0.00011678,0.026400002
,,,-0.00011677,0.024000001
,,,-0.00011676,0.024800001
,,,-0.00011675,0.023200001
,,,-0.00011674,0.023200001
,,,-0.00011673,0.024800001
,,,-0.00011672,0.024000001
,,,-0.00011671,0.024800001
,,,-0.0001167,0.024000001
,,,-0.00011669,0.024000001
,,,-0.00011668,0.023200001
,,,-0.00011667,0.024800001
,,,-0.00011666,0.022400001
,,,-0.00011665,0.024800001
,,,-0.00011664,0.024000001
,,,-0.00011663,0.024800001
,,,-0.00011662,0.024000001
,,,-0.00011661,0.024000001
,,,-0.0001166,0.023200001
,,,-0.00011659,0.024000001
,,,-0.00011658,0.024000001
,,,-0.00011657,0.024000001
,,,-0.00011656,0.024000001
,,,-0.00011655,0.024000001
,,,-0.00011654,0.024800001
,,,-0.00011653,0.022400001
,,,-0.00011652,0.022400001
,,,-0.00011651,0.024800001
,,,-0.0001165,0.023200001
,,,-0.00011649,0.024000001
,,,-0.00011648,0.024000001
,,,-0.00011647,0.023200001
,,,-0.00011646,0.024000001
,,,-0.00011645,0.023200001
,,,-0.00011644,0.022400001
,,,-0.00011643,0.026400002
,,,-0.00011642,0.024000001
,,,-0.00011641,0.024800001
,,,-0.0001164,0.024800001
,,,-0.00011639,0.025600002
,,,-0.00011638,0.024800001
,,,-0.00011637,0.024000001
,,,-0.00011636,0.024000001
,,,-0.00011635,0.024800001
,,,-0.00011634,0.024000001
,,,-0.00011633,0.024000001
,,,-0.00011632,0.023200001
,,,-0.00011631,0.024000001
,,,-0.0001163,0.024000001
,,,-0.00011629,0.024800001
,,,-0.00011628,0.024800001
,,,-0.00011627,0.023200001
,,,-0.00011626,0.024000001
,,,-0.00011625,0.024800001
,,,-0.00011624,0.024000001
,,,-0.00011623,0.024000001
,,,-0.00011622,0.024000001
,,,-0.00011621,0.024800001
,,,-0.0001162,0.024800001
,,,-0.00011619,0.024000001
,,,-0.00011618,0.024800001
,,,-0.00011617,0.024000001
,,,-0.00011616,0.024800001
,,,-0.00011615,0.024800001
,,,-0.00011614,0.024800001
,,,-0.00011613,0.023200001
,,,-0.00011612,0.024000001
,,,-0.00011611,0.023200001
,,,-0.0001161,0.024800001
,,,-0.00011609,0.024000001
,,,-0.00011608,0.024000001
,,,-0.00011607,0.023200001
,,,-0.00011606,0.024000001
,,,-0.00011605,0.024000001
,,,-0.00011604,0.024800001
,,,-0.00011603,0.024000001
,,,-0.00011602,0.024000001
,,,-0.00011601,0.025600002
,,,-0.000116,0.024000001
,,,-0.00011599,0.024000001
,,,-0.00011598,0.024000001
,,,-0.00011597,0.024800001
,,,-0.00011596,0.024800001
,,,-0.00011595,0.024800001
,,,-0.00011594,0.024800001
,,,-0.00011593,0.024800001
,,,-0.00011592,0.025600002
,,,-0.00011591,0.023200001
,,,-0.0001159,0.023200001
,,,-0.00011589,0.022400001
,,,-0.00011588,0.024000001
,,,-0.00011587,0.024000001
,,,-0.00011586,0.024800001
,,,-0.00011585,0.024000001
,,,-0.00011584,0.024000001
,,,-0.00011583,0.024000001
,,,-0.00011582,0.024800001
,,,-0.00011581,0.025600002
,,,-0.0001158,0.024800001
,,,-0.00011579,0.023200001
,,,-0.00011578,0.025600002
,,,-0.00011577,0.023200001
,,,-0.00011576,0.026400002
,,,-0.00011575,0.024000001
,,,-0.00011574,0.024800001
,,,-0.00011573,0.024800001
,,,-0.00011572,0.024800001
,,,-0.00011571,0.024800001
,,,-0.0001157,0.026400002
,,,-0.00011569,0.025600002
,,,-0.00011568,0.023200001
,,,-0.00011567,0.023200001
,,,-0.00011566,0.023200001
,,,-0.00011565,0.024000001
,,,-0.00011564,0.024800001
,,,-0.00011563,0.024800001
,,,-0.00011562,0.024000001
,,,-0.00011561,0.025600002
,,,-0.0001156,0.024000001
,,,-0.00011559,0.024000001
,,,-0.00011558,0.024800001
,,,-0.00011557,0.024000001
,,,-0.00011556,0.027200002
,,,-0.00011555,0.024800001
,,,-0.00011554,0.024800001
,,,-0.00011553,0.024000001
,,,-0.00011552,0.024800001
,,,-0.00011551,0.023200001
,,,-0.0001155,0.024000001
,,,-0.00011549,0.024000001
,,,-0.00011548,0.024000001
,,,-0.00011547,0.024800001
,,,-0.00011546,0.024000001
,,,-0.00011545,0.022400001
,,,-0.00011544,0.024000001
,,,-0.00011543,0.025600002
,,,-0.00011542,0.024000001
,,,-0.00011541,0.024000001
,,,-0.0001154,0.024800001
,,,-0.00011539,0.024000001
,,,-0.00011538,0.024000001
,,,-0.00011537,0.024800001
,,,-0.00011536,0.024800001
,,,-0.00011535,0.024800001
,,,-0.00011534,0.024000001
,,,-0.00011533,0.024000001
,,,-0.00011532,0.024000001
,,,-0.00011531,0.024000001
,,,-0.0001153,0.024800001
,,,-0.00011529,0.024800001
,,,-0.00011528,0.024000001
,,,-0.00011527,0.024000001
,,,-0.00011526,0.024000001
,,,-0.00011525,0.024800001
,,,-0.00011524,0.025600002
,,,-0.00011523,0.023200001
,,,-0.00011522,0.024800001
,,,-0.00011521,0.024000001
,,,-0.0001152,0.024000001
,,,-0.00011519,0.022400001
,,,-0.00011518,0.024000001
,,,-0.00011517,0.024800001
,,,-0.00011516,0.024000001
,,,-0.00011515,0.024000001
,,,-0.00011514,0.024000001
,,,-0.00011513,0.024800001
,,,-0.00011512,0.024000001
,,,-0.00011511,0.024800001
,,,-0.0001151,0.024800001
,,,-0.00011509,0.024000001
,,,-0.00011508,0.024000001
,,,-0.00011507,0.024000001
,,,-0.00011506,0.024000001
,,,-0.00011505,0.025600002
,,,-0.00011504,0.022400001
,,,-0.00011503,0.024800001
,,,-0.00011502,0.024000001
,,,-0.00011501,0.024000001
,,,-0.000115,0.025600002
,,,-0.00011499,0.024000001
,,,-0.00011498,0.024000001
,,,-0.00011497,0.024000001
,,,-0.00011496,0.024000001
,,,-0.00011495,0.024000001
,,,-0.00011494,0.024800001
,,,-0.00011493,0.024000001
,,,-0.00011492,0.025600002
,,,-0.00011491,0.024000001
,,,-0.0001149,0.024000001
,,,-0.00011489,0.024000001
,,,-0.00011488,0.023200001
,,,-0.00011487,0.024000001
,,,-0.00011486,0.023200001
,,,-0.00011485,0.023200001
,,,-0.00011484,0.024000001
,,,-0.00011483,0.025600002
,,,-0.00011482,0.024000001
,,,-0.00011481,0.024800001
,,,-0.0001148,0.024800001
,,,-0.00011479,0.024000001
,,,-0.00011478,0.024800001
,,,-0.00011477,0.024000001
,,,-0.00011476,0.024000001
,,,-0.00011475,0.024000001
,,,-0.00011474,0.022400001
,,,-0.00011473,0.022400001
,,,-0.00011472,0.023200001
,,,-0.00011471,0.024000001
,,,-0.0001147,0.023200001
,,,-0.00011469,0.024000001
,,,-0.00011468,0.025600002
,,,-0.00011467,0.022400001
,,,-0.00011466,0.024800001
,,,-0.00011465,0.024800001
,,,-0.00011464,0.024000001
,,,-0.00011463,0.024000001
,,,-0.00011462,0.024000001
,,,-0.00011461,0.024000001
,,,-0.0001146,0.023200001
,,,-0.00011459,0.024000001
,,,-0.00011458,0.024800001
,,,-0.00011457,0.025600002
,,,-0.00011456,0.024000001
,,,-0.00011455,0.024000001
,,,-0.00011454,0.024000001
,,,-0.00011453,0.024000001
,,,-0.00011452,0.024000001
,,,-0.00011451,0.024000001
,,,-0.0001145,0.024000001
,,,-0.00011449,0.023200001
,,,-0.00011448,0.024000001
,,,-0.00011447,0.023200001
,,,-0.00011446,0.024000001
,,,-0.00011445,0.024000001
,,,-0.00011444,0.024000001
,,,-0.00011443,0.024800001
,,,-0.00011442,0.024000001
,,,-0.00011441,0.022400001
,,,-0.0001144,0.026400002
,,,-0.00011439,0.024000001
,,,-0.00011438,0.023200001
,,,-0.00011437,0.024000001
,,,-0.00011436,0.024000001
,,,-0.00011435,0.024000001
,,,-0.00011434,0.024000001
,,,-0.00011433,0.024000001
,,,-0.00011432,0.024000001
,,,-0.00011431,0.023200001
,,,-0.0001143,0.024000001
,,,-0.00011429,0.026400002
,,,-0.00011428,0.023200001
,,,-0.00011427,0.024800001
,,,-0.00011426,0.024000001
,,,-0.00011425,0.024000001
,,,-0.00011424,0.023200001
,,,-0.00011423,0.024800001
,,,-0.00011422,0.024800001
,,,-0.00011421,0.024000001
,,,-0.0001142,0.025600002
,,,-0.00011419,0.024800001
,,,-0.00011418,0.024000001
,,,-0.00011417,0.024800001
,,,-0.00011416,0.024000001
,,,-0.00011415,0.025600002
,,,-0.00011414,0.024800001
,,,-0.00011413,0.023200001
,,,-0.00011412,0.021600001
,,,-0.00011411,0.024000001
,,,-0.0001141,0.024000001
,,,-0.00011409,0.024000001
,,,-0.00011408,0.022400001
,,,-0.00011407,0.023200001
,,,-0.00011406,0.023200001
,,,-0.00011405,0.024000001
,,,-0.00011404,0.025600002
,,,-0.00011403,0.024800001
,,,-0.00011402,0.022400001
,,,-0.00011401,0.024000001
,,,-0.000114,0.024800001
,,,-0.00011399,0.023200001
,,,-0.00011398,0.024000001
,,,-0.00011397,0.022400001
,,,-0.00011396,0.023200001
,,,-0.00011395,0.024800001
,,,-0.00011394,0.024000001
,,,-0.00011393,0.024800001
,,,-0.00011392,0.024800001
,,,-0.00011391,0.025600002
,,,-0.0001139,0.024800001
,,,-0.00011389,0.024800001
,,,-0.00011388,0.024800001
,,,-0.00011387,0.023200001
,,,-0.00011386,0.024000001
,,,-0.00011385,0.024000001
,,,-0.00011384,0.024000001
,,,-0.00011383,0.024000001
,,,-0.00011382,0.024000001
,,,-0.00011381,0.024000001
,,,-0.0001138,0.024000001
,,,-0.00011379,0.024800001
,,,-0.00011378,0.024000001
,,,-0.00011377,0.025600002
,,,-0.00011376,0.024000001
,,,-0.00011375,0.024000001
,,,-0.00011374,0.024000001
,,,-0.00011373,0.022400001
,,,-0.00011372,0.025600002
,,,-0.00011371,0.023200001
,,,-0.0001137,0.024000001
,,,-0.00011369,0.024000001
,,,-0.00011368,0.024000001
,,,-0.00011367,0.024000001
,,,-0.00011366,0.024800001
,,,-0.00011365,0.024000001
,,,-0.00011364,0.024000001
,,,-0.00011363,0.024800001
,,,-0.00011362,0.025600002
,,,-0.00011361,0.025600002
,,,-0.0001136,0.024000001
,,,-0.00011359,0.024800001
,,,-0.00011358,0.024000001
,,,-0.00011357,0.024000001
,,,-0.00011356,0.024000001
,,,-0.00011355,0.024800001
,,,-0.00011354,0.024000001
,,,-0.00011353,0.023200001
,,,-0.00011352,0.024800001
,,,-0.00011351,0.026400002
,,,-0.0001135,0.024000001
,,,-0.00011349,0.024000001
,,,-0.00011348,0.024800001
,,,-0.00011347,0.024000001
,,,-0.00011346,0.024000001
,,,-0.00011345,0.024800001
,,,-0.00011344,0.024800001
,,,-0.00011343,0.024800001
,,,-0.00011342,0.024800001
,,,-0.00011341,0.022400001
,,,-0.0001134,0.024000001
,,,-0.00011339,0.024800001
,,,-0.00011338,0.023200001
,,,-0.00011337,0.024000001
,,,-0.00011336,0.024000001
,,,-0.00011335,0.024000001
,,,-0.00011334,0.025600002
,,,-0.00011333,0.023200001
,,,-0.00011332,0.025600002
,,,-0.00011331,0.024800001
,,,-0.0001133,0.024800001
,,,-0.00011329,0.024000001
,,,-0.00011328,0.024000001
,,,-0.00011327,0.024000001
,,,-0.00011326,0.024000001
,,,-0.00011325,0.024000001
,,,-0.00011324,0.023200001
,,,-0.00011323,0.024800001
,,,-0.00011322,0.024000001
,,,-0.00011321,0.024000001
,,,-0.0001132,0.024000001
,,,-0.00011319,0.024000001
,,,-0.00011318,0.024000001
,,,-0.00011317,0.024800001
,,,-0.00011316,0.024000001
,,,-0.00011315,0.024000001
,,,-0.00011314,0.023200001
,,,-0.00011313,0.023200001
,,,-0.00011312,0.027200002
,,,-0.00011311,0.023200001
,,,-0.0001131,0.025600002
,,,-0.00011309,0.023200001
,,,-0.00011308,0.023200001
,,,-0.00011307,0.023200001
,,,-0.00011306,0.025600002
,,,-0.00011305,0.024000001
,,,-0.00011304,0.024000001
,,,-0.00011303,0.024800001
,,,-0.00011302,0.024800001
,,,-0.00011301,0.024000001
,,,-0.000113,0.024000001
,,,-0.00011299,0.024800001
,,,-0.00011298,0.024000001
,,,-0.00011297,0.024800001
,,,-0.00011296,0.024000001
,,,-0.00011295,0.024000001
,,,-0.00011294,0.024000001
,,,-0.00011293,0.025600002
,,,-0.00011292,0.024000001
,,,-0.00011291,0.024800001
,,,-0.0001129,0.024800001
,,,-0.00011289,0.024000001
,,,-0.00011288,0.024000001
,,,-0.00011287,0.023200001
,,,-0.00011286,0.025600002
,,,-0.00011285,0.024800001
,,,-0.00011284,0.024800001
,,,-0.00011283,0.024000001
,,,-0.00011282,0.024000001
,,,-0.00011281,0.023200001
,,,-0.0001128,0.022400001
,,,-0.00011279,0.024000001
,,,-0.00011278,0.025600002
,,,-0.00011277,0.024800001
,,,-0.00011276,0.024000001
,,,-0.00011275,0.024000001
,,,-0.00011274,0.023200001
,,,-0.00011273,0.023200001
,,,-0.00011272,0.024800001
,,,-0.00011271,0.023200001
,,,-0.0001127,0.024800001
,,,-0.00011269,0.024000001
,,,-0.00011268,0.024800001
,,,-0.00011267,0.024800001
,,,-0.00011266,0.024800001
,,,-0.00011265,0.024000001
,,,-0.00011264,0.024800001
,,,-0.00011263,0.024800001
,,,-0.00011262,0.024800001
,,,-0.00011261,0.024000001
,,,-0.0001126,0.024800001
,,,-0.00011259,0.023200001
,,,-0.00011258,0.024000001
,,,-0.00011257,0.023200001
,,,-0.00011256,0.024000001
,,,-0.00011255,0.023200001
,,,-0.00011254,0.024800001
,,,-0.00011253,0.025600002
,,,-0.00011252,0.024800001
,,,-0.00011251,0.024800001
,,,-0.0001125,0.024800001
,,,-0.00011249,0.024000001
,,,-0.00011248,0.024000001
,,,-0.00011247,0.024000001
,,,-0.00011246,0.024000001
,,,-0.00011245,0.023200001
,,,-0.00011244,0.024000001
,,,-0.00011243,0.024800001
,,,-0.00011242,0.024000001
,,,-0.00011241,0.024800001
,,,-0.0001124,0.024000001
,,,-0.00011239,0.024000001
,,,-0.00011238,0.022400001
,,,-0.00011237,0.024000001
,,,-0.00011236,0.024000001
,,,-0.00011235,0.024800001
,,,-0.00011234,0.024000001
,,,-0.00011233,0.023200001
,,,-0.00011232,0.024000001
,,,-0.00011231,0.025600002
,,,-0.0001123,0.024000001
,,,-0.00011229,0.022400001
,,,-0.00011228,0.024000001
,,,-0.00011227,0.024000001
,,,-0.00011226,0.024000001
,,,-0.00011225,0.024000001
,,,-0.00011224,0.025600002
,,,-0.00011223,0.024000001
,,,-0.00011222,0.024000001
,,,-0.00011221,0.024000001
,,,-0.0001122,0.024800001
,,,-0.00011219,0.025600002
,,,-0.00011218,0.023200001
,,,-0.00011217,0.024000001
,,,-0.00011216,0.024000001
,,,-0.00011215,0.024800001
,,,-0.00011214,0.024000001
,,,-0.00011213,0.024800001
,,,-0.00011212,0.024800001
,,,-0.00011211,0.026400002
,,,-0.0001121,0.025600002
,,,-0.00011209,0.024000001
,,,-0.00011208,0.024000001
,,,-0.00011207,0.024800001
,,,-0.00011206,0.024800001
,,,-0.00011205,0.024000001
,,,-0.00011204,0.024000001
,,,-0.00011203,0.024800001
,,,-0.00011202,0.024000001
,,,-0.00011201,0.024000001
,,,-0.000112,0.024000001
,,,-0.00011199,0.024800001
,,,-0.00011198,0.024000001
,,,-0.00011197,0.025600002
,,,-0.00011196,0.026400002
,,,-0.00011195,0.024000001
,,,-0.00011194,0.024800001
,,,-0.00011193,0.024000001
,,,-0.00011192,0.024000001
,,,-0.00011191,0.023200001
,,,-0.0001119,0.025600002
,,,-0.00011189,0.024800001
,,,-0.00011188,0.024000001
,,,-0.00011187,0.024000001
,,,-0.00011186,0.024000001
,,,-0.00011185,0.025600002
,,,-0.00011184,0.023200001
,,,-0.00011183,0.023200001
,,,-0.00011182,0.025600002
,,,-0.00011181,0.024000001
,,,-0.0001118,0.024800001
,,,-0.00011179,0.024800001
,,,-0.00011178,0.024000001
,,,-0.00011177,0.025600002
,,,-0.00011176,0.024000001
,,,-0.00011175,0.024000001
,,,-0.00011174,0.024000001
,,,-0.00011173,0.023200001
,,,-0.00011172,0.026400002
,,,-0.00011171,0.024800001
,,,-0.0001117,0.024800001
,,,-0.00011169,0.024000001
,,,-0.00011168,0.024000001
,,,-0.00011167,0.024000001
,,,-0.00011166,0.024000001
,,,-0.00011165,0.024000001
,,,-0.00011164,0.024000001
,,,-0.00011163,0.023200001
,,,-0.00011162,0.024000001
,,,-0.00011161,0.024000001
,,,-0.0001116,0.024000001
,,,-0.00011159,0.023200001
,,,-0.00011158,0.024800001
,,,-0.00011157,0.024000001
,,,-0.00011156,0.023200001
,,,-0.00011155,0.024800001
,,,-0.00011154,0.024800001
,,,-0.00011153,0.024000001
,,,-0.00011152,0.024000001
,,,-0.00011151,0.024000001
,,,-0.0001115,0.024800001
,,,-0.00011149,0.025600002
,,,-0.00011148,0.024000001
,,,-0.00011147,0.023200001
,,,-0.00011146,0.024000001
,,,-0.00011145,0.024800001
,,,-0.00011144,0.025600002
,,,-0.00011143,0.024000001
,,,-0.00011142,0.024000001
,,,-0.00011141,0.025600002
,,,-0.0001114,0.023200001
,,,-0.00011139,0.024000001
,,,-0.00011138,0.024000001
,,,-0.00011137,0.024000001
,,,-0.00011136,0.024800001
,,,-0.00011135,0.024800001
,,,-0.00011134,0.024800001
,,,-0.00011133,0.024000001
,,,-0.00011132,0.024000001
,,,-0.00011131,0.024000001
,,,-0.0001113,0.024000001
,,,-0.00011129,0.026400002
,,,-0.00011128,0.023200001
,,,-0.00011127,0.024000001
,,,-0.00011126,0.024000001
,,,-0.00011125,0.025600002
,,,-0.00011124,0.024000001
,,,-0.00011123,0.025600002
,,,-0.00011122,0.025600002
,,,-0.00011121,0.024000001
,,,-0.0001112,0.023200001
,,,-0.00011119,0.023200001
,,,-0.00011118,0.024000001
,,,-0.00011117,0.024800001
,,,-0.00011116,0.025600002
,,,-0.00011115,0.024000001
,,,-0.00011114,0.026400002
,,,-0.00011113,0.024000001
,,,-0.00011112,0.024000001
,,,-0.00011111,0.023200001
,,,-0.0001111,0.025600002
,,,-0.00011109,0.023200001
,,,-0.00011108,0.024800001
,,,-0.00011107,0.024800001
,,,-0.00011106,0.024000001
,,,-0.00011105,0.022400001
,,,-0.00011104,0.024800001
,,,-0.00011103,0.024800001
,,,-0.00011102,0.024800001
,,,-0.00011101,0.023200001
,,,-0.000111,0.024000001
,,,-0.00011099,0.025600002
,,,-0.00011098,0.024000001
,,,-0.00011097,0.024000001
,,,-0.00011096,0.024000001
,,,-0.00011095,0.022400001
,,,-0.00011094,0.024000001
,,,-0.00011093,0.024000001
,,,-0.00011092,0.024000001
,,,-0.00011091,0.024800001
,,,-0.0001109,0.024800001
,,,-0.00011089,0.026400002
,,,-0.00011088,0.024800001
,,,-0.00011087,0.024800001
,,,-0.00011086,0.024800001
,,,-0.00011085,0.022400001
,,,-0.00011084,0.024000001
,,,-0.00011083,0.024000001
,,,-0.00011082,0.023200001
,,,-0.00011081,0.024800001
,,,-0.0001108,0.024800001
,,,-0.00011079,0.023200001
,,,-0.00011078,0.024000001
,,,-0.00011077,0.024800001
,,,-0.00011076,0.024000001
,,,-0.00011075,0.025600002
,,,-0.00011074,0.025600002
,,,-0.00011073,0.024000001
,,,-0.00011072,0.023200001
,,,-0.00011071,0.023200001
,,,-0.0001107,0.024000001
,,,-0.00011069,0.024000001
,,,-0.00011068,0.024000001
,,,-0.00011067,0.024000001
,,,-0.00011066,0.024800001
,,,-0.00011065,0.025600002
,,,-0.00011064,0.024000001
,,,-0.00011063,0.023200001
,,,-0.00011062,0.024000001
,,,-0.00011061,0.023200001
,,,-0.0001106,0.024800001
,,,-0.00011059,0.025600002
,,,-0.00011058,0.025600002
,,,-0.00011057,0.024800001
,,,-0.00011056,0.024000001
,,,-0.00011055,0.024800001
,,,-0.00011054,0.023200001
,,,-0.00011053,0.024800001
,,,-0.00011052,0.024000001
,,,-0.00011051,0.024000001
,,,-0.0001105,0.024800001
,,,-0.00011049,0.024000001
,,,-0.00011048,0.025600002
,,,-0.00011047,0.024000001
,,,-0.00011046,0.024000001
,,,-0.00011045,0.024000001
,,,-0.00011044,0.024000001
,,,-0.00011043,0.024000001
,,,-0.00011042,0.024000001
,,,-0.00011041,0.022400001
,,,-0.0001104,0.023200001
,,,-0.00011039,0.023200001
,,,-0.00011038,0.024800001
,,,-0.00011037,0.023200001
,,,-0.00011036,0.024800001
,,,-0.00011035,0.024000001
,,,-0.00011034,0.024800001
,,,-0.00011033,0.024000001
,,,-0.00011032,0.024000001
,,,-0.00011031,0.024800001
,,,-0.0001103,0.024800001
,,,-0.00011029,0.024800001
,,,-0.00011028,0.024000001
,,,-0.00011027,0.024800001
,,,-0.00011026,0.024800001
,,,-0.00011025,0.024800001
,,,-0.00011024,0.023200001
,,,-0.00011023,0.023200001
,,,-0.00011022,0.024800001
,,,-0.00011021,0.024800001
,,,-0.0001102,0.025600002
,,,-0.00011019,0.024000001
,,,-0.00011018,0.024000001
,,,-0.00011017,0.024000001
,,,-0.00011016,0.024000001
,,,-0.00011015,0.023200001
,,,-0.00011014,0.024000001
,,,-0.00011013,0.025600002
,,,-0.00011012,0.024800001
,,,-0.00011011,0.023200001
,,,-0.0001101,0.023200001
,,,-0.00011009,0.024000001
,,,-0.00011008,0.024800001
,,,-0.00011007,0.024000001
,,,-0.00011006,0.024800001
,,,-0.00011005,0.023200001
,,,-0.00011004,0.024800001
,,,-0.00011003,0.024800001
,,,-0.00011002,0.025600002
,,,-0.00011001,0.025600002
,,,-0.00011,0.024800001
,,,-0.00010999,0.024800001
,,,-0.00010998,0.024000001
,,,-0.00010997,0.024000001
,,,-0.00010996,0.024000001
,,,-0.00010995,0.024000001
,,,-0.00010994,0.024000001
,,,-0.00010993,0.024000001
,,,-0.00010992,0.023200001
,,,-0.00010991,0.024000001
,,,-0.0001099,0.024800001
,,,-0.00010989,0.024000001
,,,-0.00010988,0.024000001
,,,-0.00010987,0.025600002
,,,-0.00010986,0.022400001
,,,-0.00010985,0.023200001
,,,-0.00010984,0.025600002
,,,-0.00010983,0.024000001
,,,-0.00010982,0.023200001
,,,-0.00010981,0.023200001
,,,-0.0001098,0.024000001
,,,-0.00010979,0.024000001
,,,-0.00010978,0.024800001
,,,-0.00010977,0.024000001
,,,-0.00010976,0.025600002
,,,-0.00010975,0.024000001
,,,-0.00010974,0.024000001
,,,-0.00010973,0.025600002
,,,-0.00010972,0.024800001
,,,-0.00010971,0.025600002
,,,-0.0001097,0.024000001
,,,-0.00010969,0.024000001
,,,-0.00010968,0.024800001
,,,-0.00010967,0.024000001
,,,-0.00010966,0.024000001
,,,-0.00010965,0.024000001
,,,-0.00010964,0.021600001
,,,-0.00010963,0.024800001
,,,-0.00010962,0.027200002
,,,-0.00010961,0.024800001
,,,-0.0001096,0.025600002
,,,-0.00010959,0.024000001
,,,-0.00010958,0.024000001
,,,-0.00010957,0.024000001
,,,-0.00010956,0.024800001
,,,-0.00010955,0.024000001
,,,-0.00010954,0.024000001
,,,-0.00010953,0.023200001
,,,-0.00010952,0.024000001
,,,-0.00010951,0.025600002
,,,-0.0001095,0.025600002
,,,-0.00010949,0.024000001
,,,-0.00010948,0.024000001
,,,-0.00010947,0.024000001
,,,-0.00010946,0.024800001
,,,-0.00010945,0.024000001
,,,-0.00010944,0.023200001
,,,-0.00010943,0.024000001
,,,-0.00010942,0.026400002
,,,-0.00010941,0.024800001
,,,-0.0001094,0.024000001
,,,-0.00010939,0.024000001
,,,-0.00010938,0.024800001
,,,-0.00010937,0.024800001
,,,-0.00010936,0.024800001
,,,-0.00010935,0.022400001
,,,-0.00010934,0.024000001
,,,-0.00010933,0.025600002
,,,-0.00010932,0.024000001
,,,-0.00010931,0.024800001
,,,-0.0001093,0.025600002
,,,-0.00010929,0.024000001
,,,-0.00010928,0.024000001
,,,-0.00010927,0.024000001
,,,-0.00010926,0.025600002
,,,-0.00010925,0.023200001
,,,-0.00010924,0.024800001
,,,-0.00010923,0.024000001
,,,-0.00010922,0.024800001
,,,-0.00010921,0.024000001
,,,-0.0001092,0.025600002
,,,-0.00010919,0.024800001
,,,-0.00010918,0.024000001
,,,-0.00010917,0.024000001
,,,-0.00010916,0.024000001
,,,-0.00010915,0.024000001
,,,-0.00010914,0.023200001
,,,-0.00010913,0.024000001
,,,-0.00010912,0.025600002
,,,-0.00010911,0.024000001
,,,-0.0001091,0.024800001
,,,-0.00010909,0.023200001
,,,-0.00010908,0.025600002
,,,-0.00010907,0.024000001
,,,-0.00010906,0.024000001
,,,-0.00010905,0.024000001
,,,-0.00010904,0.024000001
,,,-0.00010903,0.025600002
,,,-0.00010902,0.024000001
,,,-0.00010901,0.025600002
,,,-0.000109,0.024000001
,,,-0.00010899,0.024800001
,,,-0.00010898,0.024000001
,,,-0.00010897,0.024000001
,,,-0.00010896,0.023200001
,,,-0.00010895,0.024800001
,,,-0.00010894,0.024000001
,,,-0.00010893,0.024000001
,,,-0.00010892,0.024000001
,,,-0.00010891,0.025600002
,,,-0.0001089,0.024000001
,,,-0.00010889,0.024000001
,,,-0.00010888,0.023200001
,,,-0.00010887,0.023200001
,,,-0.00010886,0.024800001
,,,-0.00010885,0.024800001
,,,-0.00010884,0.024000001
,,,-0.00010883,0.024800001
,,,-0.00010882,0.025600002
,,,-0.00010881,0.024000001
,,,-0.0001088,0.024000001
,,,-0.00010879,0.025600002
,,,-0.00010878,0.025600002
,,,-0.00010877,0.024000001
,,,-0.00010876,0.023200001
,,,-0.00010875,0.025600002
,,,-0.00010874,0.024800001
,,,-0.00010873,0.025600002
,,,-0.00010872,0.024000001
,,,-0.00010871,0.023200001
,,,-0.0001087,0.024800001
,,,-0.00010869,0.024000001
,,,-0.00010868,0.025600002
,,,-0.00010867,0.024000001
,,,-0.00010866,0.024000001
,,,-0.00010865,0.022400001
,,,-0.00010864,0.025600002
,,,-0.00010863,0.023200001
,,,-0.00010862,0.024000001
,,,-0.00010861,0.024000001
,,,-0.0001086,0.024800001
,,,-0.00010859,0.023200001
,,,-0.00010858,0.024000001
,,,-0.00010857,0.025600002
,,,-0.00010856,0.024000001
,,,-0.00010855,0.024000001
,,,-0.00010854,0.024000001
,,,-0.00010853,0.020800001
,,,-0.00010852,0.024000001
,,,-0.00010851,0.024800001
,,,-0.0001085,0.023200001
,,,-0.00010849,0.025600002
,,,-0.00010848,0.025600002
,,,-0.00010847,0.024800001
,,,-0.00010846,0.024800001
,,,-0.00010845,0.025600002
,,,-0.00010844,0.024800001
,,,-0.00010843,0.023200001
,,,-0.00010842,0.023200001
,,,-0.00010841,0.024000001
,,,-0.0001084,0.024000001
,,,-0.00010839,0.024000001
,,,-0.00010838,0.021600001
,,,-0.00010837,0.024000001
,,,-0.00010836,0.024000001
,,,-0.00010835,0.025600002
,,,-0.00010834,0.024800001
,,,-0.00010833,0.024800001
,,,-0.00010832,0.024800001
,,,-0.00010831,0.024800001
,,,-0.0001083,0.024000001
,,,-0.00010829,0.024000001
,,,-0.00010828,0.024000001
,,,-0.00010827,0.024000001
,,,-0.00010826,0.026400002
,,,-0.00010825,0.024000001
,,,-0.00010824,0.024000001
,,,-0.00010823,0.024000001
,,,-0.00010822,0.024000001
,,,-0.00010821,0.023200001
,,,-0.0001082,0.024800001
,,,-0.00010819,0.024000001
,,,-0.00010818,0.024000001
,,,-0.00010817,0.024800001
,,,-0.00010816,0.025600002
,,,-0.00010815,0.024800001
,,,-0.00010814,0.025600002
,,,-0.00010813,0.024000001
,,,-0.00010812,0.024000001
,,,-0.00010811,0.024000001
,,,-0.0001081,0.023200001
,,,-0.00010809,0.024000001
,,,-0.00010808,0.024000001
,,,-0.00010807,0.022400001
,,,-0.00010806,0.024800001
,,,-0.00010805,0.021600001
,,,-0.00010804,0.024000001
,,,-0.00010803,0.024000001
,,,-0.00010802,0.024800001
,,,-0.00010801,0.024000001
,,,-0.000108,0.024000001
,,,-0.00010799,0.024800001
,,,-0.00010798,0.024800001
,,,-0.00010797,0.024800001
,,,-0.00010796,0.026400002
,,,-0.00010795,0.024000001
,,,-0.00010794,0.025600002
,,,-0.00010793,0.024000001
,,,-0.00010792,0.024800001
,,,-0.00010791,0.024000001
,,,-0.0001079,0.025600002
,,,-0.00010789,0.023200001
,,,-0.00010788,0.024000001
,,,-0.00010787,0.024000001
,,,-0.00010786,0.024000001
,,,-0.00010785,0.024800001
,,,-0.00010784,0.024800001
,,,-0.00010783,0.024800001
,,,-0.00010782,0.024000001
,,,-0.00010781,0.024800001
,,,-0.0001078,0.024000001
,,,-0.00010779,0.024800001
,,,-0.00010778,0.024000001
,,,-0.00010777,0.024000001
,,,-0.00010776,0.023200001
,,,-0.00010775,0.024000001
,,,-0.00010774,0.026400002
,,,-0.00010773,0.026400002
,,,-0.00010772,0.023200001
,,,-0.00010771,0.024800001
,,,-0.0001077,0.025600002
,,,-0.00010769,0.024000001
,,,-0.00010768,0.024000001
,,,-0.00010767,0.024000001
,,,-0.00010766,0.024800001
,,,-0.00010765,0.024000001
,,,-0.00010764,0.024000001
,,,-0.00010763,0.024800001
,,,-0.00010762,0.024800001
,,,-0.00010761,0.024000001
,,,-0.0001076,0.024000001
,,,-0.00010759,0.024000001
,,,-0.00010758,0.024000001
,,,-0.00010757,0.024000001
,,,-0.00010756,0.024000001
,,,-0.00010755,0.024000001
,,,-0.00010754,0.024800001
,,,-0.00010753,0.024800001
,,,-0.00010752,0.024000001
,,,-0.00010751,0.024800001
,,,-0.0001075,0.024000001
,,,-0.00010749,0.024000001
,,,-0.00010748,0.024000001
,,,-0.00010747,0.024800001
,,,-0.00010746,0.024800001
,,,-0.00010745,0.024000001
,,,-0.00010744,0.024800001
,,,-0.00010743,0.024000001
,,,-0.00010742,0.024000001
,,,-0.00010741,0.025600002
,,,-0.0001074,0.026400002
,,,-0.00010739,0.024000001
,,,-0.00010738,0.024800001
,,,-0.00010737,0.024000001
,,,-0.00010736,0.024000001
,,,-0.00010735,0.024000001
,,,-0.00010734,0.024000001
,,,-0.00010733,0.024800001
,,,-0.00010732,0.024000001
,,,-0.00010731,0.024000001
,,,-0.0001073,0.024800001
,,,-0.00010729,0.024000001
,,,-0.00010728,0.022400001
,,,-0.00010727,0.024000001
,,,-0.00010726,0.023200001
,,,-0.00010725,0.023200001
,,,-0.00010724,0.025600002
,,,-0.00010723,0.025600002
,,,-0.00010722,0.024000001
,,,-0.00010721,0.024000001
,,,-0.0001072,0.024800001
,,,-0.00010719,0.024800001
,,,-0.00010718,0.025600002
,,,-0.00010717,0.024000001
,,,-0.00010716,0.025600002
,,,-0.00010715,0.025600002
,,,-0.00010714,0.026400002
,,,-0.00010713,0.024000001
,,,-0.00010712,0.025600002
,,,-0.00010711,0.026400002
,,,-0.0001071,0.024000001
,,,-0.00010709,0.024000001
,,,-0.00010708,0.024000001
,,,-0.00010707,0.023200001
,,,-0.00010706,0.024000001
,,,-0.00010705,0.024000001
,,,-0.00010704,0.024000001
,,,-0.00010703,0.024800001
,,,-0.00010702,0.023200001
,,,-0.00010701,0.026400002
,,,-0.000107,0.024000001
,,,-0.00010699,0.024000001
,,,-0.00010698,0.024000001
,,,-0.00010697,0.024800001
,,,-0.00010696,0.023200001
,,,-0.00010695,0.024000001
,,,-0.00010694,0.023200001
,,,-0.00010693,0.023200001
,,,-0.00010692,0.024000001
,,,-0.00010691,0.024000001
,,,-0.0001069,0.024000001
,,,-0.00010689,0.024000001
,,,-0.00010688,0.024000001
,,,-0.00010687,0.024800001
,,,-0.00010686,0.024000001
,,,-0.00010685,0.024800001
,,,-0.00010684,0.024000001
,,,-0.00010683,0.024000001
,,,-0.00010682,0.024800001
,,,-0.00010681,0.024000001
,,,-0.0001068,0.023200001
,,,-0.00010679,0.024800001
,,,-0.00010678,0.024000001
,,,-0.00010677,0.024800001
,,,-0.00010676,0.024000001
,,,-0.00010675,0.024800001
,,,-0.00010674,0.024000001
,,,-0.00010673,0.024000001
,,,-0.00010672,0.024800001
,,,-0.00010671,0.024000001
,,,-0.0001067,0.024800001
,,,-0.00010669,0.024000001
,,,-0.00010668,0.024800001
,,,-0.00010667,0.024000001
,,,-0.00010666,0.024000001
,,,-0.00010665,0.024800001
,,,-0.00010664,0.023200001
,,,-0.00010663,0.024000001
,,,-0.00010662,0.023200001
,,,-0.00010661,0.024000001
,,,-0.0001066,0.024000001
,,,-0.00010659,0.024800001
,,,-0.00010658,0.024000001
,,,-0.00010657,0.024800001
,,,-0.00010656,0.023200001
,,,-0.00010655,0.024000001
,,,-0.00010654,0.025600002
,,,-0.00010653,0.024000001
,,,-0.00010652,0.024000001
,,,-0.00010651,0.023200001
,,,-0.0001065,0.024000001
,,,-0.00010649,0.024000001
,,,-0.00010648,0.022400001
,,,-0.00010647,0.023200001
,,,-0.00010646,0.025600002
,,,-0.00010645,0.024000001
,,,-0.00010644,0.024800001
,,,-0.00010643,0.024000001
,,,-0.00010642,0.024000001
,,,-0.00010641,0.025600002
,,,-0.0001064,0.024000001
,,,-0.00010639,0.025600002
,,,-0.00010638,0.024000001
,,,-0.00010637,0.024000001
,,,-0.00010636,0.024000001
,,,-0.00010635,0.024000001
,,,-0.00010634,0.024800001
,,,-0.00010633,0.024000001
,,,-0.00010632,0.024000001
,,,-0.00010631,0.024800001
,,,-0.0001063,0.023200001
,,,-0.00010629,0.024800001
,,,-0.00010628,0.024800001
,,,-0.00010627,0.023200001
,,,-0.00010626,0.023200001
,,,-0.00010625,0.023200001
,,,-0.00010624,0.024800001
,,,-0.00010623,0.024800001
,,,-0.00010622,0.022400001
,,,-0.00010621,0.023200001
,,,-0.0001062,0.024800001
,,,-0.00010619,0.024800001
,,,-0.00010618,0.025600002
,,,-0.00010617,0.025600002
,,,-0.00010616,0.024800001
,,,-0.00010615,0.024800001
,,,-0.00010614,0.024800001
,,,-0.00010613,0.024800001
,,,-0.00010612,0.025600002
,,,-0.00010611,0.024800001
,,,-0.0001061,0.025600002
,,,-0.00010609,0.024000001
,,,-0.00010608,0.023200001
,,,-0.00010607,0.024000001
,,,-0.00010606,0.024800001
,,,-0.00010605,0.022400001
,,,-0.00010604,0.024800001
,,,-0.00010603,0.024000001
,,,-0.00010602,0.024000001
,,,-0.00010601,0.025600002
,,,-0.000106,0.024000001
,,,-0.00010599,0.024800001
,,,-0.00010598,0.024000001
,,,-0.00010597,0.024000001
,,,-0.00010596,0.024800001
,,,-0.00010595,0.022400001
,,,-0.00010594,0.022400001
,,,-0.00010593,0.025600002
,,,-0.00010592,0.024800001
,,,-0.00010591,0.024000001
,,,-0.0001059,0.024000001
,,,-0.00010589,0.023200001
,,,-0.00010588,0.024000001
,,,-0.00010587,0.023200001
,,,-0.00010586,0.024800001
,,,-0.00010585,0.024800001
,,,-0.00010584,0.024800001
,,,-0.00010583,0.024000001
,,,-0.00010582,0.024800001
,,,-0.00010581,0.024000001
,,,-0.0001058,0.025600002
,,,-0.00010579,0.024000001
,,,-0.00010578,0.027200002
,,,-0.00010577,0.024800001
,,,-0.00010576,0.024800001
,,,-0.00010575,0.024000001
,,,-0.00010574,0.023200001
,,,-0.00010573,0.024000001
,,,-0.00010572,0.024000001
,,,-0.00010571,0.024000001
,,,-0.0001057,0.024000001
,,,-0.00010569,0.024000001
,,,-0.00010568,0.024800001
,,,-0.00010567,0.024000001
,,,-0.00010566,0.024000001
,,,-0.00010565,0.024000001
,,,-0.00010564,0.026400002
,,,-0.00010563,0.024000001
,,,-0.00010562,0.024000001
,,,-0.00010561,0.026400002
,,,-0.0001056,0.024800001
,,,-0.00010559,0.024000001
,,,-0.00010558,0.024000001
,,,-0.00010557,0.024800001
,,,-0.00010556,0.023200001
,,,-0.00010555,0.023200001
,,,-0.00010554,0.024000001
,,,-0.00010553,0.024000001
,,,-0.00010552,0.025600002
,,,-0.00010551,0.024000001
,,,-0.0001055,0.024800001
,,,-0.00010549,0.024000001
,,,-0.00010548,0.024000001
,,,-0.00010547,0.025600002
,,,-0.00010546,0.023200001
,,,-0.00010545,0.024000001
,,,-0.00010544,0.024000001
,,,-0.00010543,0.023200001
,,,-0.00010542,0.024800001
,,,-0.00010541,0.024800001
,,,-0.0001054,0.025600002
,,,-0.00010539,0.024800001
,,,-0.00010538,0.024800001
,,,-0.00010537,0.025600002
,,,-0.00010536,0.024800001
,,,-0.00010535,0.025600002
,,,-0.00010534,0.023200001
,,,-0.00010533,0.024800001
,,,-0.00010532,0.026400002
,,,-0.00010531,0.024000001
,,,-0.0001053,0.024000001
,,,-0.00010529,0.024000001
,,,-0.00010528,0.026400002
,,,-0.00010527,0.024800001
,,,-0.00010526,0.024000001
,,,-0.00010525,0.024000001
,,,-0.00010524,0.024800001
,,,-0.00010523,0.024000001
,,,-0.00010522,0.022400001
,,,-0.00010521,0.024000001
,,,-0.0001052,0.024000001
,,,-0.00010519,0.024000001
,,,-0.00010518,0.024800001
,,,-0.00010517,0.024800001
,,,-0.00010516,0.024000001
,,,-0.00010515,0.025600002
,,,-0.00010514,0.024000001
,,,-0.00010513,0.025600002
,,,-0.00010512,0.024000001
,,,-0.00010511,0.024000001
,,,-0.0001051,0.024800001
,,,-0.00010509,0.024800001
,,,-0.00010508,0.023200001
,,,-0.00010507,0.024000001
,,,-0.00010506,0.024000001
,,,-0.00010505,0.024000001
,,,-0.00010504,0.024800001
,,,-0.00010503,0.023200001
,,,-0.00010502,0.022400001
,,,-0.00010501,0.023200001
,,,-0.000105,0.024000001
,,,-0.00010499,0.022400001
,,,-0.00010498,0.024800001
,,,-0.00010497,0.024000001
,,,-0.00010496,0.024000001
,,,-0.00010495,0.024800001
,,,-0.00010494,0.024000001
,,,-0.00010493,0.025600002
,,,-0.00010492,0.023200001
,,,-0.00010491,0.022400001
,,,-0.0001049,0.024000001
,,,-0.00010489,0.024000001
,,,-0.00010488,0.024800001
,,,-0.00010487,0.024800001
,,,-0.00010486,0.024000001
,,,-0.00010485,0.024000001
,,,-0.00010484,0.023200001
,,,-0.00010483,0.024000001
,,,-0.00010482,0.024000001
,,,-0.00010481,0.024000001
,,,-0.0001048,0.025600002
,,,-0.00010479,0.024800001
,,,-0.00010478,0.025600002
,,,-0.00010477,0.023200001
,,,-0.00010476,0.022400001
,,,-0.00010475,0.021600001
,,,-0.00010474,0.022400001
,,,-0.00010473,0.024800001
,,,-0.00010472,0.024000001
,,,-0.00010471,0.024800001
,,,-0.0001047,0.024800001
,,,-0.00010469,0.024800001
,,,-0.00010468,0.024000001
,,,-0.00010467,0.024000001
,,,-0.00010466,0.023200001
,,,-0.00010465,0.024000001
,,,-0.00010464,0.024800001
,,,-0.00010463,0.024000001
,,,-0.00010462,0.024000001
,,,-0.00010461,0.023200001
,,,-0.0001046,0.024800001
,,,-0.00010459,0.023200001
,,,-0.00010458,0.024000001
,,,-0.00010457,0.024000001
,,,-0.00010456,0.023200001
,,,-0.00010455,0.024000001
,,,-0.00010454,0.024000001
,,,-0.00010453,0.024000001
,,,-0.00010452,0.025600002
,,,-0.00010451,0.024000001
,,,-0.0001045,0.024000001
,,,-0.00010449,0.024000001
,,,-0.00010448,0.024000001
,,,-0.00010447,0.025600002
,,,-0.00010446,0.024800001
,,,-0.00010445,0.024800001
,,,-0.00010444,0.024000001
,,,-0.00010443,0.025600002
,,,-0.00010442,0.024800001
,,,-0.00010441,0.024000001
,,,-0.0001044,0.022400001
,,,-0.00010439,0.024800001
,,,-0.00010438,0.025600002
,,,-0.00010437,0.023200001
,,,-0.00010436,0.025600002
,,,-0.00010435,0.024000001
,,,-0.00010434,0.024800001
,,,-0.00010433,0.022400001
,,,-0.00010432,0.026400002
,,,-0.00010431,0.025600002
,,,-0.0001043,0.024800001
,,,-0.00010429,0.024000001
,,,-0.00010428,0.023200001
,,,-0.00010427,0.024000001
,,,-0.00010426,0.025600002
,,,-0.00010425,0.024800001
,,,-0.00010424,0.024000001
,,,-0.00010423,0.025600002
,,,-0.00010422,0.024800001
,,,-0.00010421,0.024000001
,,,-0.0001042,0.022400001
,,,-0.00010419,0.026400002
,,,-0.00010418,0.022400001
,,,-0.00010417,0.025600002
,,,-0.00010416,0.024800001
,,,-0.00010415,0.024000001
,,,-0.00010414,0.023200001
,,,-0.00010413,0.025600002
,,,-0.00010412,0.024000001
,,,-0.00010411,0.024800001
,,,-0.0001041,0.024000001
,,,-0.00010409,0.024000001
,,,-0.00010408,0.024000001
,,,-0.00010407,0.024000001
,,,-0.00010406,0.024000001
,,,-0.00010405,0.024800001
,,,-0.00010404,0.023200001
,,,-0.00010403,0.022400001
,,,-0.00010402,0.024000001
,,,-0.00010401,0.026400002
,,,-0.000104,0.024800001
,,,-0.00010399,0.024800001
,,,-0.00010398,0.024800001
,,,-0.00010397,0.024000001
,,,-0.00010396,0.022400001
,,,-0.00010395,0.023200001
,,,-0.00010394,0.024000001
,,,-0.00010393,0.024000001
,,,-0.00010392,0.024800001
,,,-0.00010391,0.024000001
,,,-0.0001039,0.024000001
,,,-0.00010389,0.024800001
,,,-0.00010388,0.025600002
,,,-0.00010387,0.024800001
,,,-0.00010386,0.024800001
,,,-0.00010385,0.024000001
,,,-0.00010384,0.022400001
,,,-0.00010383,0.024800001
,,,-0.00010382,0.024000001
,,,-0.00010381,0.025600002
,,,-0.0001038,0.024000001
,,,-0.00010379,0.024800001
,,,-0.00010378,0.025600002
,,,-0.00010377,0.024000001
,,,-0.00010376,0.024800001
,,,-0.00010375,0.024000001
,,,-0.00010374,0.024800001
,,,-0.00010373,0.024000001
,,,-0.00010372,0.024000001
,,,-0.00010371,0.024000001
,,,-0.0001037,0.024000001
,,,-0.00010369,0.023200001
,,,-0.00010368,0.024800001
,,,-0.00010367,0.024000001
,,,-0.00010366,0.024800001
,,,-0.00010365,0.024000001
,,,-0.00010364,0.024000001
,,,-0.00010363,0.025600002
,,,-0.00010362,0.021600001
,,,-0.00010361,0.024000001
,,,-0.0001036,0.023200001
,,,-0.00010359,0.024000001
,,,-0.00010358,0.024000001
,,,-0.00010357,0.023200001
,,,-0.00010356,0.024000001
,,,-0.00010355,0.024000001
,,,-0.00010354,0.024000001
,,,-0.00010353,0.024000001
,,,-0.00010352,0.025600002
,,,-0.00010351,0.024800001
,,,-0.0001035,0.024000001
,,,-0.00010349,0.024000001
,,,-0.00010348,0.024000001
,,,-0.00010347,0.024000001
,,,-0.00010346,0.023200001
,,,-0.00010345,0.024000001
,,,-0.00010344,0.024000001
,,,-0.00010343,0.024000001
,,,-0.00010342,0.024000001
,,,-0.00010341,0.024000001
,,,-0.0001034,0.024000001
,,,-0.00010339,0.025600002
,,,-0.00010338,0.024000001
,,,-0.00010337,0.024000001
,,,-0.00010336,0.024800001
,,,-0.00010335,0.025600002
,,,-0.00010334,0.024800001
,,,-0.00010333,0.023200001
,,,-0.00010332,0.023200001
,,,-0.00010331,0.023200001
,,,-0.0001033,0.024800001
,,,-0.00010329,0.023200001
,,,-0.00010328,0.024800001
,,,-0.00010327,0.024000001
,,,-0.00010326,0.023200001
,,,-0.00010325,0.024000001
,,,-0.00010324,0.022400001
,,,-0.00010323,0.024000001
,,,-0.00010322,0.024000001
,,,-0.00010321,0.024800001
,,,-0.0001032,0.024800001
,,,-0.00010319,0.024000001
,,,-0.00010318,0.024800001
,,,-0.00010317,0.024800001
,,,-0.00010316,0.023200001
,,,-0.00010315,0.024000001
,,,-0.00010314,0.024000001
,,,-0.00010313,0.023200001
,,,-0.00010312,0.024000001
,,,-0.00010311,0.024000001
,,,-0.0001031,0.024000001
,,,-0.00010309,0.024000001
,,,-0.00010308,0.024000001
,,,-0.00010307,0.024000001
,,,-0.00010306,0.024000001
,,,-0.00010305,0.024000001
,,,-0.00010304,0.024800001
,,,-0.00010303,0.023200001
,,,-0.00010302,0.025600002
,,,-0.00010301,0.024000001
,,,-0.000103,0.025600002
,,,-0.00010299,0.024000001
,,,-0.00010298,0.024000001
,,,-0.00010297,0.024000001
,,,-0.00010296,0.024000001
,,,-0.00010295,0.024000001
,,,-0.00010294,0.024800001
,,,-0.00010293,0.024000001
,,,-0.00010292,0.024800001
,,,-0.00010291,0.024000001
,,,-0.0001029,0.026400002
,,,-0.00010289,0.025600002
,,,-0.00010288,0.024800001
,,,-0.00010287,0.024000001
,,,-0.00010286,0.024800001
,,,-0.00010285,0.024800001
,,,-0.00010284,0.025600002
,,,-0.00010283,0.024000001
,,,-0.00010282,0.023200001
,,,-0.00010281,0.024800001
,,,-0.0001028,0.024000001
,,,-0.00010279,0.023200001
,,,-0.00010278,0.024000001
,,,-0.00010277,0.024000001
,,,-0.00010276,0.024000001
,,,-0.00010275,0.024800001
,,,-0.00010274,0.024000001
,,,-0.00010273,0.024000001
,,,-0.00010272,0.023200001
,,,-0.00010271,0.024800001
,,,-0.0001027,0.025600002
,,,-0.00010269,0.024000001
,,,-0.00010268,0.024800001
,,,-0.00010267,0.024000001
,,,-0.00010266,0.024800001
,,,-0.00010265,0.024000001
,,,-0.00010264,0.025600002
,,,-0.00010263,0.024800001
,,,-0.00010262,0.023200001
,,,-0.00010261,0.023200001
,,,-0.0001026,0.024000001
,,,-0.00010259,0.024800001
,,,-0.00010258,0.024800001
,,,-0.00010257,0.024000001
,,,-0.00010256,0.024000001
,,,-0.00010255,0.024000001
,,,-0.00010254,0.024000001
,,,-0.00010253,0.024000001
,,,-0.00010252,0.024800001
,,,-0.00010251,0.024800001
,,,-0.0001025,0.024000001
,,,-0.00010249,0.023200001
,,,-0.00010248,0.024000001
,,,-0.00010247,0.024800001
,,,-0.00010246,0.024000001
,,,-0.00010245,0.024000001
,,,-0.00010244,0.023200001
,,,-0.00010243,0.024000001
,,,-0.00010242,0.025600002
,,,-0.00010241,0.024000001
,,,-0.0001024,0.024800001
,,,-0.00010239,0.024000001
,,,-0.00010238,0.024000001
,,,-0.00010237,0.023200001
,,,-0.00010236,0.024800001
,,,-0.00010235,0.023200001
,,,-0.00010234,0.024000001
,,,-0.00010233,0.024800001
,,,-0.00010232,0.024800001
,,,-0.00010231,0.024000001
,,,-0.0001023,0.023200001
,,,-0.00010229,0.024800001
,,,-0.00010228,0.024000001
,,,-0.00010227,0.024000001
,,,-0.00010226,0.024000001
,,,-0.00010225,0.024800001
,,,-0.00010224,0.024000001
,,,-0.00010223,0.024800001
,,,-0.00010222,0.024800001
,,,-0.00010221,0.024800001
,,,-0.0001022,0.023200001
,,,-0.00010219,0.024000001
,,,-0.00010218,0.023200001
,,,-0.00010217,0.024000001
,,,-0.00010216,0.025600002
,,,-0.00010215,0.024800001
,,,-0.00010214,0.023200001
,,,-0.00010213,0.023200001
,,,-0.00010212,0.024000001
,,,-0.00010211,0.025600002
,,,-0.0001021,0.024800001
,,,-0.00010209,0.024000001
,,,-0.00010208,0.024000001
,,,-0.00010207,0.024000001
,,,-0.00010206,0.024000001
,,,-0.00010205,0.024000001
,,,-0.00010204,0.024000001
,,,-0.00010203,0.023200001
,,,-0.00010202,0.023200001
,,,-0.00010201,0.024800001
,,,-0.000102,0.024000001
,,,-0.00010199,0.024000001
,,,-0.00010198,0.023200001
,,,-0.00010197,0.024800001
,,,-0.00010196,0.025600002
,,,-0.00010195,0.023200001
,,,-0.00010194,0.024000001
,,,-0.00010193,0.024000001
,,,-0.00010192,0.024800001
,,,-0.00010191,0.022400001
,,,-0.0001019,0.024000001
,,,-0.00010189,0.024000001
,,,-0.00010188,0.024000001
,,,-0.00010187,0.023200001
,,,-0.00010186,0.024000001
,,,-0.00010185,0.024000001
,,,-0.00010184,0.026400002
,,,-0.00010183,0.024000001
,,,-0.00010182,0.026400002
,,,-0.00010181,0.023200001
,,,-0.0001018,0.024000001
,,,-0.00010179,0.024800001
,,,-0.00010178,0.024000001
,,,-0.00010177,0.026400002
,,,-0.00010176,0.023200001
,,,-0.00010175,0.024000001
,,,-0.00010174,0.024000001
,,,-0.00010173,0.024000001
,,,-0.00010172,0.023200001
,,,-0.00010171,0.024800001
,,,-0.0001017,0.024800001
,,,-0.00010169,0.024000001
,,,-0.00010168,0.024800001
,,,-0.00010167,0.024000001
,,,-0.00010166,0.020800001
,,,-0.00010165,0.024000001
,,,-0.00010164,0.022400001
,,,-0.00010163,0.024000001
,,,-0.00010162,0.024800001
,,,-0.00010161,0.021600001
,,,-0.0001016,0.025600002
,,,-0.00010159,0.024000001
,,,-0.00010158,0.024000001
,,,-0.00010157,0.024000001
,,,-0.00010156,0.024000001
,,,-0.00010155,0.023200001
,,,-0.00010154,0.025600002
,,,-0.00010153,0.023200001
,,,-0.00010152,0.024000001
,,,-0.00010151,0.024000001
,,,-0.0001015,0.024000001
,,,-0.00010149,0.024000001
,,,-0.00010148,0.024000001
,,,-0.00010147,0.025600002
,,,-0.00010146,0.024000001
,,,-0.00010145,0.023200001
,,,-0.00010144,0.024800001
,,,-0.00010143,0.024000001
,,,-0.00010142,0.024000001
,,,-0.00010141,0.024000001
,,,-0.0001014,0.024000001
,,,-0.00010139,0.024000001
,,,-0.00010138,0.024800001
,,,-0.00010137,0.024000001
,,,-0.00010136,0.024000001
,,,-0.00010135,0.023200001
,,,-0.00010134,0.024000001
,,,-0.00010133,0.023200001
,,,-0.00010132,0.023200001
,,,-0.00010131,0.023200001
,,,-0.0001013,0.024000001
,,,-0.00010129,0.024000001
,,,-0.00010128,0.025600002
,,,-0.00010127,0.023200001
,,,-0.00010126,0.024000001
,,,-0.00010125,0.024000001
,,,-0.00010124,0.024800001
,,,-0.00010123,0.024000001
,,,-0.00010122,0.024000001
,,,-0.00010121,0.024000001
,,,-0.0001012,0.024000001
,,,-0.00010119,0.024800001
,,,-0.00010118,0.026400002
,,,-0.00010117,0.024000001
,,,-0.00010116,0.024000001
,,,-0.00010115,0.023200001
,,,-0.00010114,0.024000001
,,,-0.00010113,0.024800001
,,,-0.00010112,0.024800001
,,,-0.00010111,0.023200001
,,,-0.0001011,0.023200001
,,,-0.00010109,0.024800001
,,,-0.00010108,0.024000001
,,,-0.00010107,0.026400002
,,,-0.00010106,0.025600002
,,,-0.00010105,0.024800001
,,,-0.00010104,0.024000001
,,,-0.00010103,0.025600002
,,,-0.00010102,0.024000001
,,,-0.00010101,0.023200001
,,,-0.000101,0.023200001
,,,-0.00010099,0.025600002
,,,-0.00010098,0.024800001
,,,-0.00010097,0.024000001
,,,-0.00010096,0.024000001
,,,-0.00010095,0.023200001
,,,-0.00010094,0.024800001
,,,-0.00010093,0.024000001
,,,-0.00010092,0.024000001
,,,-0.00010091,0.024800001
,,,-0.0001009,0.023200001
,,,-0.00010089,0.024800001
,,,-0.00010088,0.024800001
,,,-0.00010087,0.024000001
,,,-0.00010086,0.024000001
,,,-0.00010085,0.024000001
,,,-0.00010084,0.024000001
,,,-0.00010083,0.025600002
,,,-0.00010082,0.024000001
,,,-0.00010081,0.026400002
,,,-0.0001008,0.024000001
,,,-0.00010079,0.024800001
,,,-0.00010078,0.024800001
,,,-0.00010077,0.024000001
,,,-0.00010076,0.024000001
,,,-0.00010075,0.024000001
,,,-0.00010074,0.024000001
,,,-0.00010073,0.024800001
,,,-0.00010072,0.024000001
,,,-0.00010071,0.024800001
,,,-0.0001007,0.024800001
,,,-0.00010069,0.024000001
,,,-0.00010068,0.027200002
,,,-0.00010067,0.024000001
,,,-0.00010066,0.024000001
,,,-0.00010065,0.024000001
,,,-0.00010064,0.024800001
,,,-0.00010063,0.024800001
,,,-0.00010062,0.024000001
,,,-0.00010061,0.024000001
,,,-0.0001006,0.024800001
,,,-0.00010059,0.023200001
,,,-0.00010058,0.024000001
,,,-0.00010057,0.024000001
,,,-0.00010056,0.023200001
,,,-0.00010055,0.024000001
,,,-0.00010054,0.024000001
,,,-0.00010053,0.024800001
,,,-0.00010052,0.024800001
,,,-0.00010051,0.024800001
,,,-0.0001005,0.024000001
,,,-0.00010049,0.024000001
,,,-0.00010048,0.024000001
,,,-0.00010047,0.024000001
,,,-0.00010046,0.023200001
,,,-0.00010045,0.024800001
,,,-0.00010044,0.024000001
,,,-0.00010043,0.024000001
,,,-0.00010042,0.024800001
,,,-0.00010041,0.024800001
,,,-0.0001004,0.024800001
,,,-0.00010039,0.024000001
,,,-0.00010038,0.024800001
,,,-0.00010037,0.024000001
,,,-0.00010036,0.024000001
,,,-0.00010035,0.024800001
,,,-0.00010034,0.024800001
,,,-0.00010033,0.024000001
,,,-0.00010032,0.024800001
,,,-0.00010031,0.024000001
,,,-0.0001003,0.025600002
,,,-0.00010029,0.024800001
,,,-0.00010028,0.024000001
,,,-0.00010027,0.024800001
,,,-0.00010026,0.023200001
,,,-0.00010025,0.024000001
,,,-0.00010024,0.025600002
,,,-0.00010023,0.025600002
,,,-0.00010022,0.023200001
,,,-0.00010021,0.024000001
,,,-0.0001002,0.024000001
,,,-0.00010019,0.024800001
,,,-0.00010018,0.023200001
,,,-0.00010017,0.023200001
,,,-0.00010016,0.024800001
,,,-0.00010015,0.026400002
,,,-0.00010014,0.024000001
,,,-0.00010013,0.024000001
,,,-0.00010012,0.024800001
,,,-0.00010011,0.023200001
,,,-0.0001001,0.023200001
,,,-0.00010009,0.024800001
,,,-0.00010008,0.024000001
,,,-0.00010007,0.024000001
,,,-0.00010006,0.024000001
,,,-0.00010005,0.025600002
,,,-0.00010004,0.024800001
,,,-0.00010003,0.024800001
,,,-0.00010002,0.022400001
,,,-0.00010001,0.025600002
,,,-0.0001,0.024800001
,,,-9.999E-05,0.025600002
,,,-9.998E-05,0.022400001
,,,-9.997E-05,0.024800001
,,,-9.996E-05,0.024800001
,,,-9.995E-05,0.024000001
,,,-9.994E-05,0.023200001
,,,-9.993E-05,0.024000001
,,,-9.992E-05,0.024000001
,,,-9.991E-05,0.024800001
,,,-9.99E-05,0.024800001
,,,-9.989E-05,0.025600002
,,,-9.988E-05,0.024000001
,,,-9.987E-05,0.024000001
,,,-9.986E-05,0.024000001
,,,-9.985E-05,0.024000001
,,,-9.984E-05,0.024000001
,,,-9.983E-05,0.023200001
,,,-9.982E-05,0.024000001
,,,-9.981E-05,0.024000001
,,,-9.98E-05,0.024000001
,,,-9.979E-05,0.024800001
,,,-9.978E-05,0.024800001
,,,-9.977E-05,0.023200001
,,,-9.976E-05,0.024800001
,,,-9.975E-05,0.024800001
,,,-9.974E-05,0.024800001
,,,-9.973E-05,0.024000001
,,,-9.972E-05,0.024800001
,,,-9.971E-05,0.023200001
,,,-9.97E-05,0.024800001
,,,-9.969E-05,0.023200001
,,,-9.968E-05,0.025600002
,,,-9.967E-05,0.023200001
,,,-9.966E-05,0.024000001
,,,-9.965E-05,0.024000001
,,,-9.964E-05,0.023200001
,,,-9.963E-05,0.023200001
,,,-9.962E-05,0.024800001
,,,-9.961E-05,0.024000001
,,,-9.96E-05,0.023200001
,,,-9.959E-05,0.024000001
,,,-9.958E-05,0.024000001
,,,-9.957E-05,0.022400001
,,,-9.956E-05,0.024000001
,,,-9.955E-05,0.024800001
,,,-9.954E-05,0.024800001
,,,-9.953E-05,0.024800001
,,,-9.952E-05,0.024800001
,,,-9.951E-05,0.024000001
,,,-9.95E-05,0.024800001
,,,-9.949E-05,0.024000001
,,,-9.948E-05,0.024000001
,,,-9.947E-05,0.025600002
,,,-9.946E-05,0.023200001
,,,-9.945E-05,0.024000001
,,,-9.944E-05,0.024000001
,,,-9.943E-05,0.023200001
,,,-9.942E-05,0.024800001
,,,-9.941E-05,0.023200001
,,,-9.94E-05,0.022400001
,,,-9.939E-05,0.024000001
,,,-9.938E-05,0.024800001
,,,-9.937E-05,0.023200001
,,,-9.936E-05,0.024000001
,,,-9.935E-05,0.024000001
,,,-9.934E-05,0.024000001
,,,-9.933E-05,0.024000001
,,,-9.932E-05,0.024800001
,,,-9.931E-05,0.024800001
,,,-9.93E-05,0.024000001
,,,-9.929E-05,0.025600002
,,,-9.928E-05,0.024800001
,,,-9.927E-05,0.024000001
,,,-9.926E-05,0.024800001
,,,-9.925E-05,0.024000001
,,,-9.924E-05,0.024000001
,,,-9.923E-05,0.024000001
,,,-9.922E-05,0.025600002
,,,-9.921E-05,0.024000001
,,,-9.92E-05,0.024800001
,,,-9.919E-05,0.024000001
,,,-9.918E-05,0.025600002
,,,-9.917E-05,0.024000001
,,,-9.916E-05,0.024000001
,,,-9.915E-05,0.024000001
,,,-9.914E-05,0.024000001
,,,-9.913E-05,0.024000001
,,,-9.912E-05,0.024000001
,,,-9.911E-05,0.024000001
,,,-9.91E-05,0.024800001
,,,-9.909E-05,0.024000001
,,,-9.908E-05,0.024000001
,,,-9.907E-05,0.024000001
,,,-9.906E-05,0.024000001
,,,-9.905E-05,0.024000001
,,,-9.904E-05,0.022400001
,,,-9.903E-05,0.024000001
,,,-9.902E-05,0.024000001
,,,-9.901E-05,0.023200001
,,,-9.9E-05,0.024000001
,,,-9.899E-05,0.024000001
,,,-9.898E-05,0.024000001
,,,-9.897E-05,0.024800001
,,,-9.896E-05,0.023200001
,,,-9.895E-05,0.024800001
,,,-9.894E-05,0.024000001
,,,-9.893E-05,0.025600002
,,,-9.892E-05,0.024000001
,,,-9.891E-05,0.025600002
,,,-9.89E-05,0.024000001
,,,-9.889E-05,0.025600002
,,,-9.888E-05,0.025600002
,,,-9.887E-05,0.023200001
,,,-9.886E-05,0.026400002
,,,-9.885E-05,0.024000001
,,,-9.884E-05,0.024800001
,,,-9.883E-05,0.023200001
,,,-9.882E-05,0.024000001
,,,-9.881E-05,0.025600002
,,,-9.88E-05,0.024800001
,,,-9.879E-05,0.024800001
,,,-9.878E-05,0.023200001
,,,-9.877E-05,0.024800001
,,,-9.876E-05,0.024000001
,,,-9.875E-05,0.024000001
,,,-9.874E-05,0.024800001
,,,-9.873E-05,0.026400002
,,,-9.872E-05,0.024000001
,,,-9.871E-05,0.024800001
,,,-9.87E-05,0.024000001
,,,-9.869E-05,0.024000001
,,,-9.868E-05,0.026400002
,,,-9.867E-05,0.023200001
,,,-9.866E-05,0.024800001
,,,-9.865E-05,0.022400001
,,,-9.864E-05,0.024000001
,,,-9.863E-05,0.023200001
,,,-9.862E-05,0.024000001
,,,-9.861E-05,0.022400001
,,,-9.86E-05,0.025600002
,,,-9.859E-05,0.022400001
,,,-9.858E-05,0.024800001
,,,-9.857E-05,0.024000001
,,,-9.856E-05,0.026400002
,,,-9.855E-05,0.023200001
,,,-9.854E-05,0.024800001
,,,-9.853E-05,0.024800001
,,,-9.852E-05,0.024000001
,,,-9.851E-05,0.025600002
,,,-9.85E-05,0.024000001
,,,-9.849E-05,0.024800001
,,,-9.848E-05,0.024000001
,,,-9.847E-05,0.024000001
,,,-9.846E-05,0.025600002
,,,-9.845E-05,0.024800001
,,,-9.844E-05,0.024000001
,,,-9.843E-05,0.024800001
,,,-9.842E-05,0.024800001
,,,-9.841E-05,0.021600001
,,,-9.84E-05,0.024000001
,,,-9.839E-05,0.024800001
,,,-9.838E-05,0.024000001
,,,-9.837E-05,0.024000001
,,,-9.836E-05,0.024800001
,,,-9.835E-05,0.024000001
,,,-9.834E-05,0.024000001
,,,-9.833E-05,0.025600002
,,,-9.832E-05,0.024000001
,,,-9.831E-05,0.024800001
,,,-9.83E-05,0.024800001
,,,-9.829E-05,0.024000001
,,,-9.828E-05,0.024000001
,,,-9.827E-05,0.025600002
,,,-9.826E-05,0.025600002
,,,-9.825E-05,0.026400002
,,,-9.824E-05,0.024000001
,,,-9.823E-05,0.024800001
,,,-9.822E-05,0.024800001
,,,-9.821E-05,0.024000001
,,,-9.82E-05,0.024000001
,,,-9.819E-05,0.023200001
,,,-9.818E-05,0.025600002
,,,-9.817E-05,0.023200001
,,,-9.816E-05,0.024800001
,,,-9.815E-05,0.025600002
,,,-9.814E-05,0.025600002
,,,-9.813E-05,0.024000001
,,,-9.812E-05,0.023200001
,,,-9.811E-05,0.024000001
,,,-9.81E-05,0.023200001
,,,-9.809E-05,0.024000001
,,,-9.808E-05,0.024000001
,,,-9.807E-05,0.024000001
,,,-9.806E-05,0.024000001
,,,-9.805E-05,0.024000001
,,,-9.804E-05,0.024800001
,,,-9.803E-05,0.024000001
,,,-9.802E-05,0.024000001
,,,-9.801E-05,0.022400001
,,,-9.8E-05,0.024800001
,,,-9.799E-05,0.025600002
,,,-9.798E-05,0.024000001
,,,-9.797E-05,0.024000001
,,,-9.796E-05,0.024000001
,,,-9.795E-05,0.024800001
,,,-9.794E-05,0.024800001
,,,-9.793E-05,0.024800001
,,,-9.792E-05,0.024000001
,,,-9.791E-05,0.025600002
,,,-9.79E-05,0.023200001
,,,-9.789E-05,0.024000001
,,,-9.788E-05,0.024000001
,,,-9.787E-05,0.023200001
,,,-9.786E-05,0.024800001
,,,-9.785E-05,0.022400001
,,,-9.784E-05,0.024000001
,,,-9.783E-05,0.022400001
,,,-9.782E-05,0.024800001
,,,-9.781E-05,0.024800001
,,,-9.78E-05,0.025600002
,,,-9.779E-05,0.024000001
,,,-9.778E-05,0.024800001
,,,-9.777E-05,0.024000001
,,,-9.776E-05,0.027200002
,,,-9.775E-05,0.024000001
,,,-9.774E-05,0.024800001
,,,-9.773E-05,0.024000001
,,,-9.772E-05,0.024800001
,,,-9.771E-05,0.024000001
,,,-9.77E-05,0.024000001
,,,-9.769E-05,0.024000001
,,,-9.768E-05,0.025600002
,,,-9.767E-05,0.024800001
,,,-9.766E-05,0.023200001
,,,-9.765E-05,0.023200001
,,,-9.764E-05,0.024800001
,,,-9.763E-05,0.024800001
,,,-9.762E-05,0.024000001
,,,-9.761E-05,0.026400002
,,,-9.76E-05,0.024800001
,,,-9.759E-05,0.024000001
,,,-9.758E-05,0.024000001
,,,-9.757E-05,0.024800001
,,,-9.756E-05,0.023200001
,,,-9.755E-05,0.024800001
,,,-9.754E-05,0.024800001
,,,-9.753E-05,0.024800001
,,,-9.752E-05,0.024000001
,,,-9.751E-05,0.024000001
,,,-9.75E-05,0.023200001
,,,-9.749E-05,0.024000001
,,,-9.748E-05,0.024000001
,,,-9.747E-05,0.024000001
,,,-9.746E-05,0.024000001
,,,-9.745E-05,0.023200001
,,,-9.744E-05,0.024800001
,,,-9.743E-05,0.024000001
,,,-9.742E-05,0.024000001
,,,-9.741E-05,0.024000001
,,,-9.74E-05,0.024000001
,,,-9.739E-05,0.024000001
,,,-9.738E-05,0.024000001
,,,-9.737E-05,0.024000001
,,,-9.736E-05,0.024000001
,,,-9.735E-05,0.024000001
,,,-9.734E-05,0.025600002
,,,-9.733E-05,0.024800001
,,,-9.732E-05,0.024800001
,,,-9.731E-05,0.023200001
,,,-9.73E-05,0.024000001
,,,-9.729E-05,0.025600002
,,,-9.728E-05,0.024000001
,,,-9.727E-05,0.024000001
,,,-9.726E-05,0.025600002
,,,-9.725E-05,0.024000001
,,,-9.724E-05,0.024000001
,,,-9.723E-05,0.024000001
,,,-9.722E-05,0.024000001
,,,-9.721E-05,0.023200001
,,,-9.72E-05,0.024800001
,,,-9.719E-05,0.024000001
,,,-9.718E-05,0.024000001
,,,-9.717E-05,0.024800001
,,,-9.716E-05,0.025600002
,,,-9.715E-05,0.024000001
,,,-9.714E-05,0.024000001
,,,-9.713E-05,0.024000001
,,,-9.712E-05,0.024800001
,,,-9.711E-05,0.024000001
,,,-9.71E-05,0.023200001
,,,-9.709E-05,0.023200001
,,,-9.708E-05,0.024000001
,,,-9.707E-05,0.024000001
,,,-9.706E-05,0.023200001
,,,-9.705E-05,0.023200001
,,,-9.704E-05,0.024800001
,,,-9.703E-05,0.025600002
,,,-9.702E-05,0.024000001
,,,-9.701E-05,0.023200001
,,,-9.7E-05,0.025600002
,,,-9.699E-05,0.024000001
,,,-9.698E-05,0.025600002
,,,-9.697E-05,0.024000001
,,,-9.696E-05,0.024000001
,,,-9.695E-05,0.024000001
,,,-9.694E-05,0.024000001
,,,-9.693E-05,0.024000001
,,,-9.692E-05,0.024800001
,,,-9.691E-05,0.024000001
,,,-9.69E-05,0.023200001
,,,-9.689E-05,0.023200001
,,,-9.688E-05,0.024000001
,,,-9.687E-05,0.024000001
,,,-9.686E-05,0.025600002
,,,-9.685E-05,0.024000001
,,,-9.684E-05,0.024000001
,,,-9.683E-05,0.024800001
,,,-9.682E-05,0.024800001
,,,-9.681E-05,0.024800001
,,,-9.68E-05,0.024000001
,,,-9.679E-05,0.024000001
,,,-9.678E-05,0.023200001
,,,-9.677E-05,0.024000001
,,,-9.676E-05,0.024000001
,,,-9.675E-05,0.024800001
,,,-9.674E-05,0.025600002
,,,-9.673E-05,0.024000001
,,,-9.672E-05,0.025600002
,,,-9.671E-05,0.024800001
,,,-9.67E-05,0.024000001
,,,-9.669E-05,0.024000001
,,,-9.668E-05,0.024000001
,,,-9.667E-05,0.024000001
,,,-9.666E-05,0.024000001
,,,-9.665E-05,0.024000001
,,,-9.664E-05,0.024800001
,,,-9.663E-05,0.023200001
,,,-9.662E-05,0.024000001
,,,-9.661E-05,0.023200001
,,,-9.66E-05,0.023200001
,,,-9.659E-05,0.024000001
,,,-9.658E-05,0.024800001
,,,-9.657E-05,0.024800001
,,,-9.656E-05,0.024800001
,,,-9.655E-05,0.023200001
,,,-9.654E-05,0.024000001
,,,-9.653E-05,0.024000001
,,,-9.652E-05,0.024000001
,,,-9.651E-05,0.024000001
,,,-9.65E-05,0.024800001
,,,-9.649E-05,0.024800001
,,,-9.648E-05,0.024800001
,,,-9.647E-05,0.024000001
,,,-9.646E-05,0.024000001
,,,-9.645E-05,0.024800001
,,,-9.644E-05,0.024000001
,,,-9.643E-05,0.025600002
,,,-9.642E-05,0.024000001
,,,-9.641E-05,0.024000001
,,,-9.64E-05,0.024000001
,,,-9.639E-05,0.024000001
,,,-9.638E-05,0.025600002
,,,-9.637E-05,0.023200001
,,,-9.636E-05,0.025600002
,,,-9.635E-05,0.024800001
,,,-9.634E-05,0.024800001
,,,-9.633E-05,0.022400001
,,,-9.632E-05,0.024000001
,,,-9.631E-05,0.024800001
,,,-9.63E-05,0.023200001
,,,-9.629E-05,0.024000001
,,,-9.628E-05,0.024800001
,,,-9.627E-05,0.024800001
,,,-9.626E-05,0.024000001
,,,-9.625E-05,0.025600002
,,,-9.624E-05,0.024000001
,,,-9.623E-05,0.024800001
,,,-9.622E-05,0.024800001
,,,-9.621E-05,0.024000001
,,,-9.62E-05,0.023200001
,,,-9.619E-05,0.024000001
,,,-9.618E-05,0.023200001
,,,-9.617E-05,0.024000001
,,,-9.616E-05,0.024000001
,,,-9.615E-05,0.024000001
,,,-9.614E-05,0.024800001
,,,-9.613E-05,0.024000001
,,,-9.612E-05,0.025600002
,,,-9.611E-05,0.024000001
,,,-9.61E-05,0.024000001
,,,-9.609E-05,0.025600002
,,,-9.608E-05,0.024800001
,,,-9.607E-05,0.024800001
,,,-9.606E-05,0.024800001
,,,-9.605E-05,0.025600002
,,,-9.604E-05,0.022400001
,,,-9.603E-05,0.024800001
,,,-9.602E-05,0.024000001
,,,-9.601E-05,0.024800001
,,,-9.6E-05,0.024800001
,,,-9.599E-05,0.024000001
,,,-9.598E-05,0.025600002
,,,-9.597E-05,0.024000001
,,,-9.596E-05,0.024000001
,,,-9.595E-05,0.025600002
,,,-9.594E-05,0.023200001
,,,-9.593E-05,0.025600002
,,,-9.592E-05,0.024000001
,,,-9.591E-05,0.024800001
,,,-9.59E-05,0.024800001
,,,-9.589E-05,0.023200001
,,,-9.588E-05,0.023200001
,,,-9.587E-05,0.024000001
,,,-9.586E-05,0.024800001
,,,-9.585E-05,0.024800001
,,,-9.584E-05,0.023200001
,,,-9.583E-05,0.024000001
,,,-9.582E-05,0.023200001
,,,-9.581E-05,0.023200001
,,,-9.58E-05,0.024000001
,,,-9.579E-05,0.024800001
,,,-9.578E-05,0.024000001
,,,-9.577E-05,0.024000001
,,,-9.576E-05,0.024000001
,,,-9.575E-05,0.024000001
,,,-9.574E-05,0.023200001
,,,-9.573E-05,0.023200001
,,,-9.572E-05,0.024000001
,,,-9.571E-05,0.024000001
,,,-9.57E-05,0.024800001
,,,-9.569E-05,0.024000001
,,,-9.568E-05,0.024000001
,,,-9.567E-05,0.024000001
,,,-9.566E-05,0.024800001
,,,-9.565E-05,0.024000001
,,,-9.564E-05,0.024000001
,,,-9.563E-05,0.023200001
,,,-9.562E-05,0.024800001
,,,-9.561E-05,0.024000001
,,,-9.56E-05,0.024000001
,,,-9.559E-05,0.024800001
,,,-9.558E-05,0.025600002
,,,-9.557E-05,0.024000001
,,,-9.556E-05,0.024000001
,,,-9.555E-05,0.024000001
,,,-9.554E-05,0.026400002
,,,-9.553E-05,0.023200001
,,,-9.552E-05,0.024000001
,,,-9.551E-05,0.025600002
,,,-9.55E-05,0.025600002
,,,-9.549E-05,0.024800001
,,,-9.548E-05,0.024000001
,,,-9.547E-05,0.025600002
,,,-9.546E-05,0.024800001
,,,-9.545E-05,0.022400001
,,,-9.544E-05,0.023200001
,,,-9.543E-05,0.024800001
,,,-9.542E-05,0.024000001
,,,-9.541E-05,0.024000001
,,,-9.54E-05,0.026400002
,,,-9.539E-05,0.023200001
,,,-9.538E-05,0.025600002
,,,-9.537E-05,0.022400001
,,,-9.536E-05,0.024000001
,,,-9.535E-05,0.024000001
,,,-9.534E-05,0.024800001
,,,-9.533E-05,0.024000001
,,,-9.532E-05,0.024000001
,,,-9.531E-05,0.024000001
,,,-9.53E-05,0.025600002
,,,-9.529E-05,0.024800001
,,,-9.528E-05,0.023200001
,,,-9.527E-05,0.024800001
,,,-9.526E-05,0.024000001
,,,-9.525E-05,0.024000001
,,,-9.524E-05,0.024000001
,,,-9.523E-05,0.024800001
,,,-9.522E-05,0.024800001
,,,-9.521E-05,0.024000001
,,,-9.52E-05,0.023200001
,,,-9.519E-05,0.024000001
,,,-9.518E-05,0.025600002
,,,-9.517E-05,0.024000001
,,,-9.516E-05,0.024000001
,,,-9.515E-05,0.024000001
,,,-9.514E-05,0.024000001
,,,-9.513E-05,0.024000001
,,,-9.512E-05,0.025600002
,,,-9.511E-05,0.024800001
,,,-9.51E-05,0.024800001
,,,-9.509E-05,0.024800001
,,,-9.508E-05,0.024000001
,,,-9.507E-05,0.023200001
,,,-9.506E-05,0.024000001
,,,-9.505E-05,0.023200001
,,,-9.504E-05,0.024800001
,,,-9.503E-05,0.025600002
,,,-9.502E-05,0.024800001
,,,-9.501E-05,0.024000001
,,,-9.5E-05,0.025600002
,,,-9.499E-05,0.024800001
,,,-9.498E-05,0.024000001
,,,-9.497E-05,0.023200001
,,,-9.496E-05,0.024000001
,,,-9.495E-05,0.024000001
,,,-9.494E-05,0.024000001
,,,-9.493E-05,0.024000001
,,,-9.492E-05,0.025600002
,,,-9.491E-05,0.024800001
,,,-9.49E-05,0.023200001
,,,-9.489E-05,0.023200001
,,,-9.488E-05,0.023200001
,,,-9.487E-05,0.024800001
,,,-9.486E-05,0.024800001
,,,-9.485E-05,0.023200001
,,,-9.484E-05,0.024800001
,,,-9.483E-05,0.024000001
,,,-9.482E-05,0.024800001
,,,-9.481E-05,0.022400001
,,,-9.48E-05,0.024000001
,,,-9.479E-05,0.024000001
,,,-9.478E-05,0.024000001
,,,-9.477E-05,0.024000001
,,,-9.476E-05,0.022400001
,,,-9.475E-05,0.024000001
,,,-9.474E-05,0.024000001
,,,-9.473E-05,0.023200001
,,,-9.472E-05,0.024800001
,,,-9.471E-05,0.024000001
,,,-9.47E-05,0.025600002
,,,-9.469E-05,0.024000001
,,,-9.468E-05,0.023200001
,,,-9.467E-05,0.024000001
,,,-9.466E-05,0.024800001
,,,-9.465E-05,0.023200001
,,,-9.464E-05,0.024800001
,,,-9.463E-05,0.025600002
,,,-9.462E-05,0.023200001
,,,-9.461E-05,0.025600002
,,,-9.46E-05,0.025600002
,,,-9.459E-05,0.024000001
,,,-9.458E-05,0.024000001
,,,-9.457E-05,0.023200001
,,,-9.456E-05,0.024000001
,,,-9.455E-05,0.024800001
,,,-9.454E-05,0.024000001
,,,-9.453E-05,0.025600002
,,,-9.452E-05,0.023200001
,,,-9.451E-05,0.024800001
,,,-9.45E-05,0.024000001
,,,-9.449E-05,0.025600002
,,,-9.448E-05,0.025600002
,,,-9.447E-05,0.024800001
,,,-9.446E-05,0.025600002
,,,-9.445E-05,0.024800001
,,,-9.444E-05,0.025600002
,,,-9.443E-05,0.024800001
,,,-9.442E-05,0.025600002
,,,-9.441E-05,0.024800001
,,,-9.44E-05,0.024800001
,,,-9.439E-05,0.024000001
,,,-9.438E-05,0.025600002
,,,-9.437E-05,0.023200001
,,,-9.436E-05,0.026400002
,,,-9.435E-05,0.024800001
,,,-9.434E-05,0.024800001
,,,-9.433E-05,0.024000001
,,,-9.432E-05,0.023200001
,,,-9.431E-05,0.022400001
,,,-9.43E-05,0.024000001
,,,-9.429E-05,0.024000001
,,,-9.428E-05,0.025600002
,,,-9.427E-05,0.024000001
,,,-9.426E-05,0.024800001
,,,-9.425E-05,0.024000001
,,,-9.424E-05,0.024000001
,,,-9.423E-05,0.024800001
,,,-9.422E-05,0.024800001
,,,-9.421E-05,0.023200001
,,,-9.42E-05,0.024000001
,,,-9.419E-05,0.024000001
,,,-9.418E-05,0.024800001
,,,-9.417E-05,0.024000001
,,,-9.416E-05,0.024800001
,,,-9.415E-05,0.022400001
,,,-9.414E-05,0.025600002
,,,-9.413E-05,0.024000001
,,,-9.412E-05,0.024000001
,,,-9.411E-05,0.023200001
,,,-9.41E-05,0.023200001
,,,-9.409E-05,0.024000001
,,,-9.408E-05,0.024000001
,,,-9.407E-05,0.024800001
,,,-9.406E-05,0.024800001
,,,-9.405E-05,0.024000001
,,,-9.404E-05,0.024000001
,,,-9.403E-05,0.023200001
,,,-9.402E-05,0.024000001
,,,-9.401E-05,0.024800001
,,,-9.4E-05,0.022400001
,,,-9.399E-05,0.024800001
,,,-9.398E-05,0.024000001
,,,-9.397E-05,0.024000001
,,,-9.396E-05,0.025600002
,,,-9.395E-05,0.025600002
,,,-9.394E-05,0.025600002
,,,-9.393E-05,0.023200001
,,,-9.392E-05,0.025600002
,,,-9.391E-05,0.024000001
,,,-9.39E-05,0.024000001
,,,-9.389E-05,0.024000001
,,,-9.388E-05,0.025600002
,,,-9.387E-05,0.024000001
,,,-9.386E-05,0.024800001
,,,-9.385E-05,0.024000001
,,,-9.384E-05,0.024000001
,,,-9.383E-05,0.023200001
,,,-9.382E-05,0.024000001
,,,-9.381E-05,0.024800001
,,,-9.38E-05,0.024000001
,,,-9.379E-05,0.024000001
,,,-9.378E-05,0.023200001
,,,-9.377E-05,0.024000001
,,,-9.376E-05,0.024000001
,,,-9.375E-05,0.024000001
,,,-9.374E-05,0.026400002
,,,-9.373E-05,0.023200001
,,,-9.372E-05,0.023200001
,,,-9.371E-05,0.024800001
,,,-9.37E-05,0.024000001
,,,-9.369E-05,0.024800001
,,,-9.368E-05,0.026400002
,,,-9.367E-05,0.024000001
,,,-9.366E-05,0.024000001
,,,-9.365E-05,0.023200001
,,,-9.364E-05,0.024000001
,,,-9.363E-05,0.024800001
,,,-9.362E-05,0.024000001
,,,-9.361E-05,0.024800001
,,,-9.36E-05,0.024800001
,,,-9.359E-05,0.024000001
,,,-9.358E-05,0.024000001
,,,-9.357E-05,0.024000001
,,,-9.356E-05,0.024000001
,,,-9.355E-05,0.024000001
,,,-9.354E-05,0.025600002
,,,-9.353E-05,0.025600002
,,,-9.352E-05,0.025600002
,,,-9.351E-05,0.024000001
,,,-9.35E-05,0.024000001
,,,-9.349E-05,0.024000001
,,,-9.348E-05,0.024000001
,,,-9.347E-05,0.024000001
,,,-9.346E-05,0.024800001
,,,-9.345E-05,0.023200001
,,,-9.344E-05,0.024000001
,,,-9.343E-05,0.024800001
,,,-9.342E-05,0.024800001
,,,-9.341E-05,0.024000001
,,,-9.34E-05,0.022400001
,,,-9.339E-05,0.024000001
,,,-9.338E-05,0.024000001
,,,-9.337E-05,0.024000001
,,,-9.336E-05,0.024000001
,,,-9.335E-05,0.024000001
,,,-9.334E-05,0.023200001
,,,-9.333E-05,0.024000001
,,,-9.332E-05,0.024800001
,,,-9.331E-05,0.024000001
,,,-9.33E-05,0.024000001
,,,-9.329E-05,0.024000001
,,,-9.328E-05,0.023200001
,,,-9.327E-05,0.023200001
,,,-9.326E-05,0.023200001
,,,-9.325E-05,0.024000001
,,,-9.324E-05,0.024000001
,,,-9.323E-05,0.024800001
,,,-9.322E-05,0.024000001
,,,-9.321E-05,0.024000001
,,,-9.32E-05,0.024000001
,,,-9.319E-05,0.024000001
,,,-9.318E-05,0.024000001
,,,-9.317E-05,0.024000001
,,,-9.316E-05,0.025600002
,,,-9.315E-05,0.024000001
,,,-9.314E-05,0.023200001
,,,-9.313E-05,0.023200001
,,,-9.312E-05,0.024000001
,,,-9.311E-05,0.024800001
,,,-9.31E-05,0.024000001
,,,-9.309E-05,0.023200001
,,,-9.308E-05,0.024000001
,,,-9.307E-05,0.023200001
,,,-9.306E-05,0.024800001
,,,-9.305E-05,0.024800001
,,,-9.304E-05,0.024000001
,,,-9.303E-05,0.024800001
,,,-9.302E-05,0.024000001
,,,-9.301E-05,0.024000001
,,,-9.3E-05,0.024000001
,,,-9.299E-05,0.024000001
,,,-9.298E-05,0.023200001
,,,-9.297E-05,0.024000001
,,,-9.296E-05,0.025600002
,,,-9.295E-05,0.024000001
,,,-9.294E-05,0.024000001
,,,-9.293E-05,0.024000001
,,,-9.292E-05,0.023200001
,,,-9.291E-05,0.024000001
,,,-9.29E-05,0.024000001
,,,-9.289E-05,0.024800001
,,,-9.288E-05,0.024000001
,,,-9.287E-05,0.024000001
,,,-9.286E-05,0.022400001
,,,-9.285E-05,0.024000001
,,,-9.284E-05,0.024000001
,,,-9.283E-05,0.024000001
,,,-9.282E-05,0.024000001
,,,-9.281E-05,0.024000001
,,,-9.28E-05,0.024000001
,,,-9.279E-05,0.024800001
,,,-9.278E-05,0.024000001
,,,-9.277E-05,0.024000001
,,,-9.276E-05,0.024000001
,,,-9.275E-05,0.024800001
,,,-9.274E-05,0.024000001
,,,-9.273E-05,0.024800001
,,,-9.272E-05,0.024000001
,,,-9.271E-05,0.024000001
,,,-9.27E-05,0.024000001
,,,-9.269E-05,0.024000001
,,,-9.268E-05,0.024000001
,,,-9.267E-05,0.023200001
,,,-9.266E-05,0.024000001
,,,-9.265E-05,0.025600002
,,,-9.264E-05,0.024000001
,,,-9.263E-05,0.024000001
,,,-9.262E-05,0.023200001
,,,-9.261E-05,0.025600002
,,,-9.26E-05,0.025600002
,,,-9.259E-05,0.025600002
,,,-9.258E-05,0.024800001
,,,-9.257E-05,0.024000001
,,,-9.256E-05,0.024800001
,,,-9.255E-05,0.023200001
,,,-9.254E-05,0.024800001
,,,-9.253E-05,0.024000001
,,,-9.252E-05,0.025600002
,,,-9.251E-05,0.024000001
,,,-9.25E-05,0.024000001
,,,-9.249E-05,0.024000001
,,,-9.248E-05,0.024000001
,,,-9.247E-05,0.023200001
,,,-9.246E-05,0.025600002
,,,-9.245E-05,0.023200001
,,,-9.244E-05,0.024800001
,,,-9.243E-05,0.024000001
,,,-9.242E-05,0.025600002
,,,-9.241E-05,0.024000001
,,,-9.24E-05,0.024800001
,,,-9.239E-05,0.024000001
,,,-9.238E-05,0.023200001
,,,-9.237E-05,0.024000001
,,,-9.236E-05,0.024000001
,,,-9.235E-05,0.024800001
,,,-9.234E-05,0.024800001
,,,-9.233E-05,0.023200001
,,,-9.232E-05,0.023200001
,,,-9.231E-05,0.023200001
,,,-9.23E-05,0.025600002
,,,-9.229E-05,0.024000001
,,,-9.228E-05,0.024800001
,,,-9.227E-05,0.024000001
,,,-9.226E-05,0.023200001
,,,-9.225E-05,0.022400001
,,,-9.224E-05,0.024000001
,,,-9.223E-05,0.024000001
,,,-9.222E-05,0.025600002
,,,-9.221E-05,0.023200001
,,,-9.22E-05,0.025600002
,,,-9.219E-05,0.024800001
,,,-9.218E-05,0.023200001
,,,-9.217E-05,0.024000001
,,,-9.216E-05,0.025600002
,,,-9.215E-05,0.024000001
,,,-9.214E-05,0.023200001
,,,-9.213E-05,0.024000001
,,,-9.212E-05,0.024000001
,,,-9.211E-05,0.024000001
,,,-9.21E-05,0.024000001
,,,-9.209E-05,0.024000001
,,,-9.208E-05,0.024800001
,,,-9.207E-05,0.024000001
,,,-9.206E-05,0.024000001
,,,-9.205E-05,0.024000001
,,,-9.204E-05,0.024800001
,,,-9.203E-05,0.023200001
,,,-9.202E-05,0.025600002
,,,-9.201E-05,0.024000001
,,,-9.2E-05,0.024000001
,,,-9.199E-05,0.025600002
,,,-9.198E-05,0.025600002
,,,-9.197E-05,0.024000001
,,,-9.196E-05,0.024000001
,,,-9.195E-05,0.024800001
,,,-9.194E-05,0.022400001
,,,-9.193E-05,0.023200001
,,,-9.192E-05,0.024000001
,,,-9.191E-05,0.025600002
,,,-9.19E-05,0.024000001
,,,-9.189E-05,0.024000001
,,,-9.188E-05,0.024000001
,,,-9.187E-05,0.024800001
,,,-9.186E-05,0.023200001
,,,-9.185E-05,0.024000001
,,,-9.184E-05,0.024800001
,,,-9.183E-05,0.024000001
,,,-9.182E-05,0.024000001
,,,-9.181E-05,0.024800001
,,,-9.18E-05,0.024000001
,,,-9.179E-05,0.024000001
,,,-9.178E-05,0.023200001
,,,-9.177E-05,0.024800001
,,,-9.176E-05,0.022400001
,,,-9.175E-05,0.024000001
,,,-9.174E-05,0.024000001
,,,-9.173E-05,0.021600001
,,,-9.172E-05,0.023200001
,,,-9.171E-05,0.024000001
,,,-9.17E-05,0.022400001
,,,-9.169E-05,0.024800001
,,,-9.168E-05,0.025600002
,,,-9.167E-05,0.023200001
,,,-9.166E-05,0.024000001
,,,-9.165E-05,0.023200001
,,,-9.164E-05,0.024000001
,,,-9.163E-05,0.024000001
,,,-9.162E-05,0.024000001
,,,-9.161E-05,0.024800001
,,,-9.16E-05,0.025600002
,,,-9.159E-05,0.024000001
,,,-9.158E-05,0.024000001
,,,-9.157E-05,0.025600002
,,,-9.156E-05,0.025600002
,,,-9.155E-05,0.024000001
,,,-9.154E-05,0.024000001
,,,-9.153E-05,0.022400001
,,,-9.152E-05,0.024000001
,,,-9.151E-05,0.024000001
,,,-9.15E-05,0.024000001
,,,-9.149E-05,0.024000001
,,,-9.148E-05,0.024000001
,,,-9.147E-05,0.024000001
,,,-9.146E-05,0.023200001
,,,-9.145E-05,0.024000001
,,,-9.144E-05,0.023200001
,,,-9.143E-05,0.024000001
,,,-9.142E-05,0.024000001
,,,-9.141E-05,0.024000001
,,,-9.14E-05,0.027200002
,,,-9.139E-05,0.024000001
,,,-9.138E-05,0.023200001
,,,-9.137E-05,0.024800001
,,,-9.136E-05,0.023200001
,,,-9.135E-05,0.024000001
,,,-9.134E-05,0.023200001
,,,-9.133E-05,0.023200001
,,,-9.132E-05,0.024800001
,,,-9.131E-05,0.026400002
,,,-9.13E-05,0.024000001
,,,-9.129E-05,0.024000001
,,,-9.128E-05,0.024000001
,,,-9.127E-05,0.024000001
,,,-9.126E-05,0.023200001
,,,-9.125E-05,0.024000001
,,,-9.124E-05,0.024000001
,,,-9.123E-05,0.024800001
,,,-9.122E-05,0.024000001
,,,-9.121E-05,0.024000001
,,,-9.12E-05,0.023200001
,,,-9.119E-05,0.024800001
,,,-9.118E-05,0.024000001
,,,-9.117E-05,0.024000001
,,,-9.116E-05,0.023200001
,,,-9.115E-05,0.024000001
,,,-9.114E-05,0.024000001
,,,-9.113E-05,0.025600002
,,,-9.112E-05,0.024800001
,,,-9.111E-05,0.024800001
,,,-9.11E-05,0.024000001
,,,-9.109E-05,0.025600002
,,,-9.108E-05,0.023200001
,,,-9.107E-05,0.023200001
,,,-9.106E-05,0.024000001
,,,-9.105E-05,0.023200001
,,,-9.104E-05,0.024800001
,,,-9.103E-05,0.024800001
,,,-9.102E-05,0.024000001
,,,-9.101E-05,0.025600002
,,,-9.1E-05,0.022400001
,,,-9.099E-05,0.024000001
,,,-9.098E-05,0.025600002
,,,-9.097E-05,0.024800001
,,,-9.096E-05,0.024800001
,,,-9.095E-05,0.024000001
,,,-9.094E-05,0.024000001
,,,-9.093E-05,0.025600002
,,,-9.092E-05,0.025600002
,,,-9.091E-05,0.023200001
,,,-9.09E-05,0.024000001
,,,-9.089E-05,0.024000001
,,,-9.088E-05,0.024800001
,,,-9.087E-05,0.024000001
,,,-9.086E-05,0.024000001
,,,-9.085E-05,0.024000001
,,,-9.084E-05,0.023200001
,,,-9.083E-05,0.024000001
,,,-9.082E-05,0.024800001
,,,-9.081E-05,0.025600002
,,,-9.08E-05,0.024800001
,,,-9.079E-05,0.025600002
,,,-9.078E-05,0.025600002
,,,-9.077E-05,0.024000001
,,,-9.076E-05,0.024000001
,,,-9.075E-05,0.024000001
,,,-9.074E-05,0.024800001
,,,-9.073E-05,0.024000001
,,,-9.072E-05,0.024000001
,,,-9.071E-05,0.024800001
,,,-9.07E-05,0.024000001
,,,-9.069E-05,0.024800001
,,,-9.068E-05,0.024800001
,,,-9.067E-05,0.024800001
,,,-9.066E-05,0.024000001
,,,-9.065E-05,0.025600002
,,,-9.064E-05,0.023200001
,,,-9.063E-05,0.022400001
,,,-9.062E-05,0.024800001
,,,-9.061E-05,0.023200001
,,,-9.06E-05,0.024000001
,,,-9.059E-05,0.024000001
,,,-9.058E-05,0.024000001
,,,-9.057E-05,0.024800001
,,,-9.056E-05,0.023200001
,,,-9.055E-05,0.023200001
,,,-9.054E-05,0.024800001
,,,-9.053E-05,0.025600002
,,,-9.052E-05,0.024000001
,,,-9.051E-05,0.024800001
,,,-9.05E-05,0.025600002
,,,-9.049E-05,0.023200001
,,,-9.048E-05,0.024000001
,,,-9.047E-05,0.024800001
,,,-9.046E-05,0.024800001
,,,-9.045E-05,0.024000001
,,,-9.044E-05,0.024000001
,,,-9.043E-05,0.024000001
,,,-9.042E-05,0.024000001
,,,-9.041E-05,0.024800001
,,,-9.04E-05,0.024000001
,,,-9.039E-05,0.023200001
,,,-9.038E-05,0.024000001
,,,-9.037E-05,0.023200001
,,,-9.036E-05,0.023200001
,,,-9.035E-05,0.024000001
,,,-9.034E-05,0.024000001
,,,-9.033E-05,0.024000001
,,,-9.032E-05,0.024000001
,,,-9.031E-05,0.025600002
,,,-9.03E-05,0.024000001
,,,-9.029E-05,0.023200001
,,,-9.028E-05,0.023200001
,,,-9.027E-05,0.024800001
,,,-9.026E-05,0.024000001
,,,-9.025E-05,0.024000001
,,,-9.024E-05,0.024800001
,,,-9.023E-05,0.024800001
,,,-9.022E-05,0.025600002
,,,-9.021E-05,0.023200001
,,,-9.02E-05,0.024800001
,,,-9.019E-05,0.024000001
,,,-9.018E-05,0.024000001
,,,-9.017E-05,0.026400002
,,,-9.016E-05,0.025600002
,,,-9.015E-05,0.024000001
,,,-9.014E-05,0.025600002
,,,-9.013E-05,0.024000001
,,,-9.012E-05,0.024000001
,,,-9.011E-05,0.023200001
,,,-9.01E-05,0.024000001
,,,-9.009E-05,0.024000001
,,,-9.008E-05,0.025600002
,,,-9.007E-05,0.024800001
,,,-9.006E-05,0.024000001
,,,-9.005E-05,0.024800001
,,,-9.004E-05,0.024800001
,,,-9.003E-05,0.025600002
,,,-9.002E-05,0.024000001
,,,-9.001E-05,0.024800001
,,,-9E-05,0.024800001
,,,-8.999E-05,0.024000001
,,,-8.998E-05,0.024000001
,,,-8.997E-05,0.022400001
,,,-8.996E-05,0.024800001
,,,-8.995E-05,0.024000001
,,,-8.994E-05,0.024800001
,,,-8.993E-05,0.024000001
,,,-8.992E-05,0.024000001
,,,-8.991E-05,0.024000001
,,,-8.99E-05,0.025600002
,,,-8.989E-05,0.024000001
,,,-8.988E-05,0.025600002
,,,-8.987E-05,0.024000001
,,,-8.986E-05,0.024000001
,,,-8.985E-05,0.022400001
,,,-8.984E-05,0.024000001
,,,-8.983E-05,0.024000001
,,,-8.982E-05,0.024800001
,,,-8.981E-05,0.024800001
,,,-8.98E-05,0.024000001
,,,-8.979E-05,0.025600002
,,,-8.978E-05,0.024000001
,,,-8.977E-05,0.024000001
,,,-8.976E-05,0.024000001
,,,-8.975E-05,0.024800001
,,,-8.974E-05,0.025600002
,,,-8.973E-05,0.024800001
,,,-8.972E-05,0.025600002
,,,-8.971E-05,0.024000001
,,,-8.97E-05,0.024000001
,,,-8.969E-05,0.022400001
,,,-8.968E-05,0.024000001
,,,-8.967E-05,0.025600002
,,,-8.966E-05,0.024800001
,,,-8.965E-05,0.024000001
,,,-8.964E-05,0.024000001
,,,-8.963E-05,0.024000001
,,,-8.962E-05,0.024000001
,,,-8.961E-05,0.024000001
,,,-8.96E-05,0.023200001
,,,-8.959E-05,0.024000001
,,,-8.958E-05,0.024000001
,,,-8.957E-05,0.024000001
,,,-8.956E-05,0.022400001
,,,-8.955E-05,0.024000001
,,,-8.954E-05,0.025600002
,,,-8.953E-05,0.024800001
,,,-8.952E-05,0.024000001
,,,-8.951E-05,0.021600001
,,,-8.95E-05,0.024000001
,,,-8.949E-05,0.024000001
,,,-8.948E-05,0.024000001
,,,-8.947E-05,0.024000001
,,,-8.946E-05,0.024000001
,,,-8.945E-05,0.025600002
,,,-8.944E-05,0.023200001
,,,-8.943E-05,0.024800001
,,,-8.942E-05,0.023200001
,,,-8.941E-05,0.024000001
,,,-8.94E-05,0.024000001
,,,-8.939E-05,0.024800001
,,,-8.938E-05,0.024800001
,,,-8.937E-05,0.024000001
,,,-8.936E-05,0.024000001
,,,-8.935E-05,0.024800001
,,,-8.934E-05,0.024000001
,,,-8.933E-05,0.025600002
,,,-8.932E-05,0.024000001
,,,-8.931E-05,0.024000001
,,,-8.93E-05,0.025600002
,,,-8.929E-05,0.024000001
,,,-8.928E-05,0.024800001
,,,-8.927E-05,0.024000001
,,,-8.926E-05,0.024000001
,,,-8.925E-05,0.023200001
,,,-8.924E-05,0.024000001
,,,-8.923E-05,0.023200001
,,,-8.922E-05,0.024000001
,,,-8.921E-05,0.024000001
,,,-8.92E-05,0.024000001
,,,-8.919E-05,0.024000001
,,,-8.918E-05,0.024000001
,,,-8.917E-05,0.024000001
,,,-8.916E-05,0.024000001
,,,-8.915E-05,0.024000001
,,,-8.914E-05,0.023200001
,,,-8.913E-05,0.024000001
,,,-8.912E-05,0.024000001
,,,-8.911E-05,0.022400001
,,,-8.91E-05,0.026400002
,,,-8.909E-05,0.024000001
,,,-8.908E-05,0.024000001
,,,-8.907E-05,0.024000001
,,,-8.906E-05,0.024800001
,,,-8.905E-05,0.023200001
,,,-8.904E-05,0.024800001
,,,-8.903E-05,0.025600002
,,,-8.902E-05,0.024000001
,,,-8.901E-05,0.022400001
,,,-8.9E-05,0.024800001
,,,-8.899E-05,0.024800001
,,,-8.898E-05,0.022400001
,,,-8.897E-05,0.023200001
,,,-8.896E-05,0.024000001
,,,-8.895E-05,0.024000001
,,,-8.894E-05,0.022400001
,,,-8.893E-05,0.024000001
,,,-8.892E-05,0.024000001
,,,-8.891E-05,0.023200001
,,,-8.89E-05,0.024000001
,,,-8.889E-05,0.024000001
,,,-8.888E-05,0.022400001
,,,-8.887E-05,0.024000001
,,,-8.886E-05,0.023200001
,,,-8.885E-05,0.024800001
,,,-8.884E-05,0.024000001
,,,-8.883E-05,0.025600002
,,,-8.882E-05,0.025600002
,,,-8.881E-05,0.023200001
,,,-8.88E-05,0.026400002
,,,-8.879E-05,0.023200001
,,,-8.878E-05,0.024000001
,,,-8.877E-05,0.024000001
,,,-8.876E-05,0.025600002
,,,-8.875E-05,0.024800001
,,,-8.874E-05,0.025600002
,,,-8.873E-05,0.024800001
,,,-8.872E-05,0.024000001
,,,-8.871E-05,0.024000001
,,,-8.87E-05,0.024000001
,,,-8.869E-05,0.024800001
,,,-8.868E-05,0.024000001
,,,-8.867E-05,0.023200001
,,,-8.866E-05,0.024800001
,,,-8.865E-05,0.024000001
,,,-8.864E-05,0.024800001
,,,-8.863E-05,0.024000001
,,,-8.862E-05,0.024000001
,,,-8.861E-05,0.022400001
,,,-8.86E-05,0.022400001
,,,-8.859E-05,0.024800001
,,,-8.858E-05,0.024800001
,,,-8.857E-05,0.022400001
,,,-8.856E-05,0.024800001
,,,-8.855E-05,0.024800001
,,,-8.854E-05,0.024000001
,,,-8.853E-05,0.025600002
,,,-8.852E-05,0.024000001
,,,-8.851E-05,0.024000001
,,,-8.85E-05,0.024000001
,,,-8.849E-05,0.025600002
,,,-8.848E-05,0.024000001
,,,-8.847E-05,0.024000001
,,,-8.846E-05,0.024800001
,,,-8.845E-05,0.025600002
,,,-8.844E-05,0.024800001
,,,-8.843E-05,0.023200001
,,,-8.842E-05,0.024800001
,,,-8.841E-05,0.024800001
,,,-8.84E-05,0.024800001
,,,-8.839E-05,0.024000001
,,,-8.838E-05,0.024000001
,,,-8.837E-05,0.025600002
,,,-8.836E-05,0.024000001
,,,-8.835E-05,0.025600002
,,,-8.834E-05,0.023200001
,,,-8.833E-05,0.024000001
,,,-8.832E-05,0.023200001
,,,-8.831E-05,0.023200001
,,,-8.83E-05,0.025600002
,,,-8.829E-05,0.024800001
,,,-8.828E-05,0.024000001
,,,-8.827E-05,0.024800001
,,,-8.826E-05,0.024000001
,,,-8.825E-05,0.024800001
,,,-8.824E-05,0.024000001
,,,-8.823E-05,0.025600002
,,,-8.822E-05,0.026400002
,,,-8.821E-05,0.024800001
,,,-8.82E-05,0.025600002
,,,-8.819E-05,0.024800001
,,,-8.818E-05,0.024800001
,,,-8.817E-05,0.024800001
,,,-8.816E-05,0.023200001
,,,-8.815E-05,0.024800001
,,,-8.814E-05,0.023200001
,,,-8.813E-05,0.023200001
,,,-8.812E-05,0.025600002
,,,-8.811E-05,0.023200001
,,,-8.81E-05,0.023200001
,,,-8.809E-05,0.024800001
,,,-8.808E-05,0.024800001
,,,-8.807E-05,0.024800001
,,,-8.806E-05,0.024800001
,,,-8.805E-05,0.024800001
,,,-8.804E-05,0.024000001
,,,-8.803E-05,0.023200001
,,,-8.802E-05,0.024000001
,,,-8.801E-05,0.024000001
,,,-8.8E-05,0.024000001
,,,-8.799E-05,0.024000001
,,,-8.798E-05,0.024800001
,,,-8.797E-05,0.024000001
,,,-8.796E-05,0.024000001
,,,-8.795E-05,0.024800001
,,,-8.794E-05,0.024000001
,,,-8.793E-05,0.024800001
,,,-8.792E-05,0.025600002
,,,-8.791E-05,0.024000001
,,,-8.79E-05,0.024000001
,,,-8.789E-05,0.024000001
,,,-8.788E-05,0.024800001
,,,-8.787E-05,0.024000001
,,,-8.786E-05,0.024000001
,,,-8.785E-05,0.023200001
,,,-8.784E-05,0.024800001
,,,-8.783E-05,0.024000001
,,,-8.782E-05,0.024000001
,,,-8.781E-05,0.022400001
,,,-8.78E-05,0.025600002
,,,-8.779E-05,0.023200001
,,,-8.778E-05,0.023200001
,,,-8.777E-05,0.023200001
,,,-8.776E-05,0.024000001
,,,-8.775E-05,0.024000001
,,,-8.774E-05,0.026400002
,,,-8.773E-05,0.024000001
,,,-8.772E-05,0.027200002
,,,-8.771E-05,0.024000001
,,,-8.77E-05,0.023200001
,,,-8.769E-05,0.024000001
,,,-8.768E-05,0.024000001
,,,-8.767E-05,0.024000001
,,,-8.766E-05,0.024800001
,,,-8.765E-05,0.024800001
,,,-8.764E-05,0.024800001
,,,-8.763E-05,0.024000001
,,,-8.762E-05,0.024000001
,,,-8.761E-05,0.024800001
,,,-8.76E-05,0.024000001
,,,-8.759E-05,0.024000001
,,,-8.758E-05,0.024000001
,,,-8.757E-05,0.024000001
,,,-8.756E-05,0.024000001
,,,-8.755E-05,0.024000001
,,,-8.754E-05,0.024000001
,,,-8.753E-05,0.024000001
,,,-8.752E-05,0.024000001
,,,-8.751E-05,0.024000001
,,,-8.75E-05,0.024000001
,,,-8.749E-05,0.024000001
,,,-8.748E-05,0.024000001
,,,-8.747E-05,0.023200001
,,,-8.746E-05,0.024000001
,,,-8.745E-05,0.024800001
,,,-8.744E-05,0.024800001
,,,-8.743E-05,0.024000001
,,,-8.742E-05,0.023200001
,,,-8.741E-05,0.024000001
,,,-8.74E-05,0.024000001
,,,-8.739E-05,0.023200001
,,,-8.738E-05,0.024000001
,,,-8.737E-05,0.023200001
,,,-8.736E-05,0.024000001
,,,-8.735E-05,0.024000001
,,,-8.734E-05,0.024000001
,,,-8.733E-05,0.024000001
,,,-8.732E-05,0.024800001
,,,-8.731E-05,0.024000001
,,,-8.73E-05,0.023200001
,,,-8.729E-05,0.025600002
,,,-8.728E-05,0.024000001
,,,-8.727E-05,0.024800001
,,,-8.726E-05,0.024800001
,,,-8.725E-05,0.023200001
,,,-8.724E-05,0.025600002
,,,-8.723E-05,0.022400001
,,,-8.722E-05,0.023200001
,,,-8.721E-05,0.023200001
,,,-8.72E-05,0.024800001
,,,-8.719E-05,0.024800001
,,,-8.718E-05,0.024800001
,,,-8.717E-05,0.023200001
,,,-8.716E-05,0.024800001
,,,-8.715E-05,0.023200001
,,,-8.714E-05,0.025600002
,,,-8.713E-05,0.024000001
,,,-8.712E-05,0.025600002
,,,-8.711E-05,0.025600002
,,,-8.71E-05,0.023200001
,,,-8.709E-05,0.024000001
,,,-8.708E-05,0.025600002
,,,-8.707E-05,0.024800001
,,,-8.706E-05,0.023200001
,,,-8.705E-05,0.024000001
,,,-8.704E-05,0.024000001
,,,-8.703E-05,0.024800001
,,,-8.702E-05,0.024800001
,,,-8.701E-05,0.024800001
,,,-8.7E-05,0.024000001
,,,-8.699E-05,0.024800001
,,,-8.698E-05,0.024800001
,,,-8.697E-05,0.024000001
,,,-8.696E-05,0.023200001
,,,-8.695E-05,0.024000001
,,,-8.694E-05,0.024800001
,,,-8.693E-05,0.024000001
,,,-8.692E-05,0.024000001
,,,-8.691E-05,0.024000001
,,,-8.69E-05,0.024800001
,,,-8.689E-05,0.023200001
,,,-8.688E-05,0.023200001
,,,-8.687E-05,0.024000001
,,,-8.686E-05,0.024000001
,,,-8.685E-05,0.024000001
,,,-8.684E-05,0.023200001
,,,-8.683E-05,0.023200001
,,,-8.682E-05,0.024800001
,,,-8.681E-05,0.024800001
,,,-8.68E-05,0.025600002
,,,-8.679E-05,0.024800001
,,,-8.678E-05,0.025600002
,,,-8.677E-05,0.024800001
,,,-8.676E-05,0.024800001
,,,-8.675E-05,0.024000001
,,,-8.674E-05,0.024000001
,,,-8.673E-05,0.024000001
,,,-8.672E-05,0.024000001
,,,-8.671E-05,0.024800001
,,,-8.67E-05,0.025600002
,,,-8.669E-05,0.024000001
,,,-8.668E-05,0.023200001
,,,-8.667E-05,0.024000001
,,,-8.666E-05,0.024800001
,,,-8.665E-05,0.024000001
,,,-8.664E-05,0.025600002
,,,-8.663E-05,0.024800001
,,,-8.662E-05,0.024000001
,,,-8.661E-05,0.025600002
,,,-8.66E-05,0.024800001
,,,-8.659E-05,0.024800001
,,,-8.658E-05,0.024000001
,,,-8.657E-05,0.024000001
,,,-8.656E-05,0.023200001
,,,-8.655E-05,0.024800001
,,,-8.654E-05,0.024000001
,,,-8.653E-05,0.024000001
,,,-8.652E-05,0.024000001
,,,-8.651E-05,0.026400002
,,,-8.65E-05,0.022400001
,,,-8.649E-05,0.024800001
,,,-8.648E-05,0.023200001
,,,-8.647E-05,0.023200001
,,,-8.646E-05,0.024000001
,,,-8.645E-05,0.024800001
,,,-8.644E-05,0.024000001
,,,-8.643E-05,0.025600002
,,,-8.642E-05,0.025600002
,,,-8.641E-05,0.024800001
,,,-8.64E-05,0.022400001
,,,-8.639E-05,0.024800001
,,,-8.638E-05,0.024000001
,,,-8.637E-05,0.023200001
,,,-8.636E-05,0.024800001
,,,-8.635E-05,0.024000001
,,,-8.634E-05,0.025600002
,,,-8.633E-05,0.023200001
,,,-8.632E-05,0.024800001
,,,-8.631E-05,0.024000001
,,,-8.63E-05,0.024800001
,,,-8.629E-05,0.024800001
,,,-8.628E-05,0.023200001
,,,-8.627E-05,0.025600002
,,,-8.626E-05,0.024000001
,,,-8.625E-05,0.024000001
,,,-8.624E-05,0.024800001
,,,-8.623E-05,0.024000001
,,,-8.622E-05,0.024000001
,,,-8.621E-05,0.024800001
,,,-8.62E-05,0.024000001
,,,-8.619E-05,0.024000001
,,,-8.618E-05,0.023200001
,,,-8.617E-05,0.024000001
,,,-8.616E-05,0.024000001
,,,-8.615E-05,0.026400002
,,,-8.614E-05,0.023200001
,,,-8.613E-05,0.024800001
,,,-8.612E-05,0.023200001
,,,-8.611E-05,0.022400001
,,,-8.61E-05,0.024800001
,,,-8.609E-05,0.024800001
,,,-8.608E-05,0.024800001
,,,-8.607E-05,0.025600002
,,,-8.606E-05,0.024000001
,,,-8.605E-05,0.024000001
,,,-8.604E-05,0.025600002
,,,-8.603E-05,0.025600002
,,,-8.602E-05,0.022400001
,,,-8.601E-05,0.024000001
,,,-8.6E-05,0.024800001
,,,-8.599E-05,0.024000001
,,,-8.598E-05,0.024000001
,,,-8.597E-05,0.024000001
,,,-8.596E-05,0.024000001
,,,-8.595E-05,0.024000001
,,,-8.594E-05,0.024000001
,,,-8.593E-05,0.024000001
,,,-8.592E-05,0.024000001
,,,-8.591E-05,0.024000001
,,,-8.59E-05,0.024000001
,,,-8.589E-05,0.021600001
,,,-8.588E-05,0.025600002
,,,-8.587E-05,0.024000001
,,,-8.586E-05,0.024000001
,,,-8.585E-05,0.024000001
,,,-8.584E-05,0.024000001
,,,-8.583E-05,0.025600002
,,,-8.582E-05,0.024000001
,,,-8.581E-05,0.024800001
,,,-8.58E-05,0.023200001
,,,-8.579E-05,0.024000001
,,,-8.578E-05,0.024800001
,,,-8.577E-05,0.025600002
,,,-8.576E-05,0.024000001
,,,-8.575E-05,0.024800001
,,,-8.574E-05,0.023200001
,,,-8.573E-05,0.024000001
,,,-8.572E-05,0.024000001
,,,-8.571E-05,0.024000001
,,,-8.57E-05,0.024800001
,,,-8.569E-05,0.023200001
,,,-8.568E-05,0.023200001
,,,-8.567E-05,0.024800001
,,,-8.566E-05,0.024000001
,,,-8.565E-05,0.023200001
,,,-8.564E-05,0.024800001
,,,-8.563E-05,0.024000001
,,,-8.562E-05,0.025600002
,,,-8.561E-05,0.024800001
,,,-8.56E-05,0.024000001
,,,-8.559E-05,0.023200001
,,,-8.558E-05,0.023200001
,,,-8.557E-05,0.024800001
,,,-8.556E-05,0.024000001
,,,-8.555E-05,0.024000001
,,,-8.554E-05,0.024800001
,,,-8.553E-05,0.024800001
,,,-8.552E-05,0.023200001
,,,-8.551E-05,0.024000001
,,,-8.55E-05,0.024000001
,,,-8.549E-05,0.024000001
,,,-8.548E-05,0.024000001
,,,-8.547E-05,0.024000001
,,,-8.546E-05,0.024000001
,,,-8.545E-05,0.023200001
,,,-8.544E-05,0.023200001
,,,-8.543E-05,0.024000001
,,,-8.542E-05,0.024800001
,,,-8.541E-05,0.024800001
,,,-8.54E-05,0.023200001
,,,-8.539E-05,0.024000001
,,,-8.538E-05,0.024000001
,,,-8.537E-05,0.025600002
,,,-8.536E-05,0.025600002
,,,-8.535E-05,0.024000001
,,,-8.534E-05,0.023200001
,,,-8.533E-05,0.024000001
,,,-8.532E-05,0.022400001
,,,-8.531E-05,0.024000001
,,,-8.53E-05,0.024800001
,,,-8.529E-05,0.024800001
,,,-8.528E-05,0.024000001
,,,-8.527E-05,0.024000001
,,,-8.526E-05,0.024000001
,,,-8.525E-05,0.024000001
,,,-8.524E-05,0.023200001
,,,-8.523E-05,0.024000001
,,,-8.522E-05,0.024000001
,,,-8.521E-05,0.024000001
,,,-8.52E-05,0.024000001
,,,-8.519E-05,0.024000001
,,,-8.518E-05,0.024800001
,,,-8.517E-05,0.024000001
,,,-8.516E-05,0.024000001
,,,-8.515E-05,0.024000001
,,,-8.514E-05,0.024000001
,,,-8.513E-05,0.024000001
,,,-8.512E-05,0.024000001
,,,-8.511E-05,0.023200001
,,,-8.51E-05,0.025600002
,,,-8.509E-05,0.024800001
,,,-8.508E-05,0.024000001
,,,-8.507E-05,0.024000001
,,,-8.506E-05,0.024000001
,,,-8.505E-05,0.023200001
,,,-8.504E-05,0.024800001
,,,-8.503E-05,0.023200001
,,,-8.502E-05,0.024800001
,,,-8.501E-05,0.024800001
,,,-8.5E-05,0.024000001
,,,-8.499E-05,0.024000001
,,,-8.498E-05,0.024000001
,,,-8.497E-05,0.023200001
,,,-8.496E-05,0.026400002
,,,-8.495E-05,0.024000001
,,,-8.494E-05,0.024000001
,,,-8.493E-05,0.023200001
,,,-8.492E-05,0.024000001
,,,-8.491E-05,0.024000001
,,,-8.49E-05,0.024000001
,,,-8.489E-05,0.024000001
,,,-8.488E-05,0.024800001
,,,-8.487E-05,0.023200001
,,,-8.486E-05,0.023200001
,,,-8.485E-05,0.024000001
,,,-8.484E-05,0.024000001
,,,-8.483E-05,0.024000001
,,,-8.482E-05,0.023200001
,,,-8.481E-05,0.024800001
,,,-8.48E-05,0.024000001
,,,-8.479E-05,0.024000001
,,,-8.478E-05,0.024000001
,,,-8.477E-05,0.024800001
,,,-8.476E-05,0.023200001
,,,-8.475E-05,0.024800001
,,,-8.474E-05,0.024800001
,,,-8.473E-05,0.026400002
,,,-8.472E-05,0.026400002
,,,-8.471E-05,0.022400001
,,,-8.47E-05,0.025600002
,,,-8.469E-05,0.024800001
,,,-8.468E-05,0.024000001
,,,-8.467E-05,0.023200001
,,,-8.466E-05,0.024000001
,,,-8.465E-05,0.026400002
,,,-8.464E-05,0.021600001
,,,-8.463E-05,0.024800001
,,,-8.462E-05,0.024000001
,,,-8.461E-05,0.024800001
,,,-8.46E-05,0.024000001
,,,-8.459E-05,0.024000001
,,,-8.458E-05,0.024000001
,,,-8.457E-05,0.023200001
,,,-8.456E-05,0.024800001
,,,-8.455E-05,0.025600002
,,,-8.454E-05,0.025600002
,,,-8.453E-05,0.023200001
,,,-8.452E-05,0.023200001
,,,-8.451E-05,0.024800001
,,,-8.45E-05,0.024800001
,,,-8.449E-05,0.024000001
,,,-8.448E-05,0.026400002
,,,-8.447E-05,0.026400002
,,,-8.446E-05,0.023200001
,,,-8.445E-05,0.024000001
,,,-8.444E-05,0.024800001
,,,-8.443E-05,0.024000001
,,,-8.442E-05,0.025600002
,,,-8.441E-05,0.023200001
,,,-8.44E-05,0.024800001
,,,-8.439E-05,0.024800001
,,,-8.438E-05,0.024000001
,,,-8.437E-05,0.024800001
,,,-8.436E-05,0.024800001
,,,-8.435E-05,0.024000001
,,,-8.434E-05,0.024000001
,,,-8.433E-05,0.024000001
,,,-8.432E-05,0.024800001
,,,-8.431E-05,0.024000001
,,,-8.43E-05,0.024000001
,,,-8.429E-05,0.024000001
,,,-8.428E-05,0.025600002
,,,-8.427E-05,0.024000001
,,,-8.426E-05,0.024800001
,,,-8.425E-05,0.024000001
,,,-8.424E-05,0.024000001
,,,-8.423E-05,0.024800001
,,,-8.422E-05,0.024000001
,,,-8.421E-05,0.024000001
,,,-8.42E-05,0.024000001
,,,-8.419E-05,0.024000001
,,,-8.418E-05,0.024800001
,,,-8.417E-05,0.024800001
,,,-8.416E-05,0.024800001
,,,-8.415E-05,0.024000001
,,,-8.414E-05,0.024000001
,,,-8.413E-05,0.025600002
,,,-8.412E-05,0.024800001
,,,-8.411E-05,0.023200001
,,,-8.41E-05,0.024000001
,,,-8.409E-05,0.024000001
,,,-8.408E-05,0.024000001
,,,-8.407E-05,0.024000001
,,,-8.406E-05,0.024800001
,,,-8.405E-05,0.024800001
,,,-8.404E-05,0.024000001
,,,-8.403E-05,0.024000001
,,,-8.402E-05,0.024000001
,,,-8.401E-05,0.025600002
,,,-8.4E-05,0.023200001
,,,-8.399E-05,0.024800001
,,,-8.398E-05,0.024800001
,,,-8.397E-05,0.023200001
,,,-8.396E-05,0.028000002
,,,-8.395E-05,0.024800001
,,,-8.394E-05,0.025600002
,,,-8.393E-05,0.024000001
,,,-8.392E-05,0.024800001
,,,-8.391E-05,0.023200001
,,,-8.39E-05,0.024000001
,,,-8.389E-05,0.024000001
,,,-8.388E-05,0.024800001
,,,-8.387E-05,0.024000001
,,,-8.386E-05,0.024800001
,,,-8.385E-05,0.024000001
,,,-8.384E-05,0.024800001
,,,-8.383E-05,0.023200001
,,,-8.382E-05,0.025600002
,,,-8.381E-05,0.024000001
,,,-8.38E-05,0.023200001
,,,-8.379E-05,0.024000001
,,,-8.378E-05,0.024000001
,,,-8.377E-05,0.022400001
,,,-8.376E-05,0.024000001
,,,-8.375E-05,0.024000001
,,,-8.374E-05,0.023200001
,,,-8.373E-05,0.023200001
,,,-8.372E-05,0.024000001
,,,-8.371E-05,0.024800001
,,,-8.37E-05,0.023200001
,,,-8.369E-05,0.024000001
,,,-8.368E-05,0.024000001
,,,-8.367E-05,0.024800001
,,,-8.366E-05,0.024800001
,,,-8.365E-05,0.024000001
,,,-8.364E-05,0.024800001
,,,-8.363E-05,0.023200001
,,,-8.362E-05,0.024800001
,,,-8.361E-05,0.024000001
,,,-8.36E-05,0.024000001
,,,-8.359E-05,0.024800001
,,,-8.358E-05,0.024800001
,,,-8.357E-05,0.024000001
,,,-8.356E-05,0.023200001
,,,-8.355E-05,0.024000001
,,,-8.354E-05,0.024800001
,,,-8.353E-05,0.024800001
,,,-8.352E-05,0.024000001
,,,-8.351E-05,0.024000001
,,,-8.35E-05,0.024000001
,,,-8.349E-05,0.024000001
,,,-8.348E-05,0.024000001
,,,-8.347E-05,0.025600002
,,,-8.346E-05,0.024800001
,,,-8.345E-05,0.025600002
,,,-8.344E-05,0.024800001
,,,-8.343E-05,0.024000001
,,,-8.342E-05,0.024000001
,,,-8.341E-05,0.024000001
,,,-8.34E-05,0.023200001
,,,-8.339E-05,0.024000001
,,,-8.338E-05,0.024000001
,,,-8.337E-05,0.024000001
,,,-8.336E-05,0.024000001
,,,-8.335E-05,0.023200001
,,,-8.334E-05,0.024800001
,,,-8.333E-05,0.023200001
,,,-8.332E-05,0.024000001
,,,-8.331E-05,0.025600002
,,,-8.33E-05,0.024000001
,,,-8.329E-05,0.024000001
,,,-8.328E-05,0.025600002
,,,-8.327E-05,0.022400001
,,,-8.326E-05,0.024000001
,,,-8.325E-05,0.024000001
,,,-8.324E-05,0.024800001
,,,-8.323E-05,0.023200001
,,,-8.322E-05,0.024800001
,,,-8.321E-05,0.024000001
,,,-8.32E-05,0.023200001
,,,-8.319E-05,0.025600002
,,,-8.318E-05,0.026400002
,,,-8.317E-05,0.024800001
,,,-8.316E-05,0.022400001
,,,-8.315E-05,0.024800001
,,,-8.314E-05,0.024800001
,,,-8.313E-05,0.025600002
,,,-8.312E-05,0.024800001
,,,-8.311E-05,0.024000001
,,,-8.31E-05,0.024000001
,,,-8.309E-05,0.024800001
,,,-8.308E-05,0.024800001
,,,-8.307E-05,0.023200001
,,,-8.306E-05,0.024000001
,,,-8.305E-05,0.024000001
,,,-8.304E-05,0.024800001
,,,-8.303E-05,0.024800001
,,,-8.302E-05,0.024800001
,,,-8.301E-05,0.023200001
,,,-8.3E-05,0.024800001
,,,-8.299E-05,0.023200001
,,,-8.298E-05,0.024000001
,,,-8.297E-05,0.024800001
,,,-8.296E-05,0.024800001
,,,-8.295E-05,0.025600002
,,,-8.294E-05,0.026400002
,,,-8.293E-05,0.024000001
,,,-8.292E-05,0.024000001
,,,-8.291E-05,0.024800001
,,,-8.29E-05,0.024000001
,,,-8.289E-05,0.024000001
,,,-8.288E-05,0.022400001
,,,-8.287E-05,0.025600002
,,,-8.286E-05,0.026400002
,,,-8.285E-05,0.024800001
,,,-8.284E-05,0.024000001
,,,-8.283E-05,0.024000001
,,,-8.282E-05,0.024800001
,,,-8.281E-05,0.024000001
,,,-8.28E-05,0.024000001
,,,-8.279E-05,0.025600002
,,,-8.278E-05,0.024800001
,,,-8.277E-05,0.024000001
,,,-8.276E-05,0.024800001
,,,-8.275E-05,0.024000001
,,,-8.274E-05,0.024800001
,,,-8.273E-05,0.022400001
,,,-8.272E-05,0.024800001
,,,-8.271E-05,0.024000001
,,,-8.27E-05,0.024800001
,,,-8.269E-05,0.023200001
,,,-8.268E-05,0.024000001
,,,-8.267E-05,0.026400002
,,,-8.266E-05,0.024800001
,,,-8.265E-05,0.024800001
,,,-8.264E-05,0.023200001
,,,-8.263E-05,0.024800001
,,,-8.262E-05,0.024000001
,,,-8.261E-05,0.024000001
,,,-8.26E-05,0.024000001
,,,-8.259E-05,0.023200001
,,,-8.258E-05,0.024800001
,,,-8.257E-05,0.024000001
,,,-8.256E-05,0.024800001
,,,-8.255E-05,0.024000001
,,,-8.254E-05,0.024000001
,,,-8.253E-05,0.024000001
,,,-8.252E-05,0.024000001
,,,-8.251E-05,0.024800001
,,,-8.25E-05,0.024000001
,,,-8.249E-05,0.024800001
,,,-8.248E-05,0.025600002
,,,-8.247E-05,0.023200001
,,,-8.246E-05,0.024800001
,,,-8.245E-05,0.024000001
,,,-8.244E-05,0.024800001
,,,-8.243E-05,0.024000001
,,,-8.242E-05,0.024000001
,,,-8.241E-05,0.024000001
,,,-8.24E-05,0.024000001
,,,-8.239E-05,0.024000001
,,,-8.238E-05,0.024000001
,,,-8.237E-05,0.024000001
,,,-8.236E-05,0.024000001
,,,-8.235E-05,0.023200001
,,,-8.234E-05,0.026400002
,,,-8.233E-05,0.026400002
,,,-8.232E-05,0.024800001
,,,-8.231E-05,0.025600002
,,,-8.23E-05,0.024000001
,,,-8.229E-05,0.023200001
,,,-8.228E-05,0.024800001
,,,-8.227E-05,0.025600002
,,,-8.226E-05,0.024800001
,,,-8.225E-05,0.025600002
,,,-8.224E-05,0.024000001
,,,-8.223E-05,0.025600002
,,,-8.222E-05,0.024000001
,,,-8.221E-05,0.024000001
,,,-8.22E-05,0.024800001
,,,-8.219E-05,0.024800001
,,,-8.218E-05,0.024000001
,,,-8.217E-05,0.024000001
,,,-8.216E-05,0.024000001
,,,-8.215E-05,0.024000001
,,,-8.214E-05,0.025600002
,,,-8.213E-05,0.024000001
,,,-8.212E-05,0.023200001
,,,-8.211E-05,0.026400002
,,,-8.21E-05,0.025600002
,,,-8.209E-05,0.023200001
,,,-8.208E-05,0.024000001
,,,-8.207E-05,0.024800001
,,,-8.206E-05,0.024000001
,,,-8.205E-05,0.025600002
,,,-8.204E-05,0.024800001
,,,-8.203E-05,0.023200001
,,,-8.202E-05,0.024800001
,,,-8.201E-05,0.024800001
,,,-8.2E-05,0.024000001
,,,-8.199E-05,0.024800001
,,,-8.198E-05,0.024800001
,,,-8.197E-05,0.023200001
,,,-8.196E-05,0.025600002
,,,-8.195E-05,0.026400002
,,,-8.194E-05,0.024000001
,,,-8.193E-05,0.022400001
,,,-8.192E-05,0.024000001
,,,-8.191E-05,0.024000001
,,,-8.19E-05,0.023200001
,,,-8.189E-05,0.024800001
,,,-8.188E-05,0.024000001
,,,-8.187E-05,0.024000001
,,,-8.186E-05,0.024000001
,,,-8.185E-05,0.026400002
,,,-8.184E-05,0.024800001
,,,-8.183E-05,0.024000001
,,,-8.182E-05,0.022400001
,,,-8.181E-05,0.025600002
,,,-8.18E-05,0.024000001
,,,-8.179E-05,0.024000001
,,,-8.178E-05,0.024000001
,,,-8.177E-05,0.024000001
,,,-8.176E-05,0.025600002
,,,-8.175E-05,0.024000001
,,,-8.174E-05,0.024000001
,,,-8.173E-05,0.023200001
,,,-8.172E-05,0.024000001
,,,-8.171E-05,0.023200001
,,,-8.17E-05,0.024800001
,,,-8.169E-05,0.024000001
,,,-8.168E-05,0.024000001
,,,-8.167E-05,0.024000001
,,,-8.166E-05,0.024800001
,,,-8.165E-05,0.025600002
,,,-8.164E-05,0.024000001
,,,-8.163E-05,0.024000001
,,,-8.162E-05,0.024000001
,,,-8.161E-05,0.024000001
,,,-8.16E-05,0.025600002
,,,-8.159E-05,0.024800001
,,,-8.158E-05,0.025600002
,,,-8.157E-05,0.025600002
,,,-8.156E-05,0.023200001
,,,-8.155E-05,0.024000001
,,,-8.154E-05,0.024000001
,,,-8.153E-05,0.023200001
,,,-8.152E-05,0.024000001
,,,-8.151E-05,0.024000001
,,,-8.15E-05,0.025600002
,,,-8.149E-05,0.023200001
,,,-8.148E-05,0.024000001
,,,-8.147E-05,0.023200001
,,,-8.146E-05,0.024000001
,,,-8.145E-05,0.023200001
,,,-8.144E-05,0.023200001
,,,-8.143E-05,0.024000001
,,,-8.142E-05,0.024000001
,,,-8.141E-05,0.024000001
,,,-8.14E-05,0.024000001
,,,-8.139E-05,0.024000001
,,,-8.138E-05,0.024000001
,,,-8.137E-05,0.023200001
,,,-8.136E-05,0.023200001
,,,-8.135E-05,0.024800001
,,,-8.134E-05,0.024000001
,,,-8.133E-05,0.024000001
,,,-8.132E-05,0.024800001
,,,-8.131E-05,0.024000001
,,,-8.13E-05,0.024800001
,,,-8.129E-05,0.024000001
,,,-8.128E-05,0.024800001
,,,-8.127E-05,0.023200001
,,,-8.126E-05,0.024800001
,,,-8.125E-05,0.024000001
,,,-8.124E-05,0.024000001
,,,-8.123E-05,0.024000001
,,,-8.122E-05,0.023200001
,,,-8.121E-05,0.024000001
,,,-8.12E-05,0.023200001
,,,-8.119E-05,0.024000001
,,,-8.118E-05,0.024000001
,,,-8.117E-05,0.024800001
,,,-8.116E-05,0.024000001
,,,-8.115E-05,0.024000001
,,,-8.114E-05,0.024000001
,,,-8.113E-05,0.024000001
,,,-8.112E-05,0.025600002
,,,-8.111E-05,0.024000001
,,,-8.11E-05,0.022400001
,,,-8.109E-05,0.023200001
,,,-8.108E-05,0.024000001
,,,-8.107E-05,0.024000001
,,,-8.106E-05,0.024000001
,,,-8.105E-05,0.024000001
,,,-8.104E-05,0.024800001
,,,-8.103E-05,0.024000001
,,,-8.102E-05,0.024000001
,,,-8.101E-05,0.022400001
,,,-8.1E-05,0.024000001
,,,-8.099E-05,0.024000001
,,,-8.098E-05,0.024800001
,,,-8.097E-05,0.024800001
,,,-8.096E-05,0.025600002
,,,-8.095E-05,0.025600002
,,,-8.094E-05,0.024000001
,,,-8.093E-05,0.023200001
,,,-8.092E-05,0.024000001
,,,-8.091E-05,0.024800001
,,,-8.09E-05,0.024000001
,,,-8.089E-05,0.024000001
,,,-8.088E-05,0.024000001
,,,-8.087E-05,0.024000001
,,,-8.086E-05,0.025600002
,,,-8.085E-05,0.024800001
,,,-8.084E-05,0.024800001
,,,-8.083E-05,0.024800001
,,,-8.082E-05,0.023200001
,,,-8.081E-05,0.025600002
,,,-8.08E-05,0.023200001
,,,-8.079E-05,0.024000001
,,,-8.078E-05,0.025600002
,,,-8.077E-05,0.024000001
,,,-8.076E-05,0.024800001
,,,-8.075E-05,0.024800001
,,,-8.074E-05,0.024800001
,,,-8.073E-05,0.022400001
,,,-8.072E-05,0.025600002
,,,-8.071E-05,0.021600001
,,,-8.07E-05,0.024000001
,,,-8.069E-05,0.025600002
,,,-8.068E-05,0.022400001
,,,-8.067E-05,0.024800001
,,,-8.066E-05,0.025600002
,,,-8.065E-05,0.024000001
,,,-8.064E-05,0.024800001
,,,-8.063E-05,0.024800001
,,,-8.062E-05,0.025600002
,,,-8.061E-05,0.023200001
,,,-8.06E-05,0.024000001
,,,-8.059E-05,0.024800001
,,,-8.058E-05,0.024800001
,,,-8.057E-05,0.023200001
,,,-8.056E-05,0.024800001
,,,-8.055E-05,0.024800001
,,,-8.054E-05,0.023200001
,,,-8.053E-05,0.024000001
,,,-8.052E-05,0.024800001
,,,-8.051E-05,0.024800001
,,,-8.05E-05,0.025600002
,,,-8.049E-05,0.024000001
,,,-8.048E-05,0.024800001
,,,-8.047E-05,0.024800001
,,,-8.046E-05,0.023200001
,,,-8.045E-05,0.024000001
,,,-8.044E-05,0.024800001
,,,-8.043E-05,0.024000001
,,,-8.042E-05,0.027200002
,,,-8.041E-05,0.023200001
,,,-8.04E-05,0.024000001
,,,-8.039E-05,0.023200001
,,,-8.038E-05,0.023200001
,,,-8.037E-05,0.024000001
,,,-8.036E-05,0.025600002
,,,-8.035E-05,0.024000001
,,,-8.034E-05,0.022400001
,,,-8.033E-05,0.023200001
,,,-8.032E-05,0.024000001
,,,-8.031E-05,0.026400002
,,,-8.03E-05,0.025600002
,,,-8.029E-05,0.024000001
,,,-8.028E-05,0.023200001
,,,-8.027E-05,0.024000001
,,,-8.026E-05,0.023200001
,,,-8.025E-05,0.024800001
,,,-8.024E-05,0.025600002
,,,-8.023E-05,0.024000001
,,,-8.022E-05,0.022400001
,,,-8.021E-05,0.021600001
,,,-8.02E-05,0.024000001
,,,-8.019E-05,0.025600002
,,,-8.018E-05,0.024000001
,,,-8.017E-05,0.023200001
,,,-8.016E-05,0.024800001
,,,-8.015E-05,0.024000001
,,,-8.014E-05,0.024000001
,,,-8.013E-05,0.023200001
,,,-8.012E-05,0.024800001
,,,-8.011E-05,0.024800001
,,,-8.01E-05,0.025600002
,,,-8.009E-05,0.024800001
,,,-8.008E-05,0.024000001
,,,-8.007E-05,0.024800001
,,,-8.006E-05,0.023200001
,,,-8.005E-05,0.023200001
,,,-8.004E-05,0.024000001
,,,-8.003E-05,0.024800001
,,,-8.002E-05,0.024000001
,,,-8.001E-05,0.024800001
,,,-8E-05,0.023200001
,,,-7.999E-05,0.024000001
,,,-7.998E-05,0.024000001
,,,-7.997E-05,0.024000001
,,,-7.996E-05,0.024000001
,,,-7.995E-05,0.024000001
,,,-7.994E-05,0.023200001
,,,-7.993E-05,0.025600002
,,,-7.992E-05,0.024000001
,,,-7.991E-05,0.024800001
,,,-7.99E-05,0.024800001
,,,-7.989E-05,0.024000001
,,,-7.988E-05,0.024000001
,,,-7.987E-05,0.024000001
,,,-7.986E-05,0.024800001
,,,-7.985E-05,0.024800001
,,,-7.984E-05,0.022400001
,,,-7.983E-05,0.023200001
,,,-7.982E-05,0.024000001
,,,-7.981E-05,0.022400001
,,,-7.98E-05,0.024000001
,,,-7.979E-05,0.023200001
,,,-7.978E-05,0.023200001
,,,-7.977E-05,0.023200001
,,,-7.976E-05,0.023200001
,,,-7.975E-05,0.024800001
,,,-7.974E-05,0.024800001
,,,-7.973E-05,0.024000001
,,,-7.972E-05,0.024800001
,,,-7.971E-05,0.024000001
,,,-7.97E-05,0.024000001
,,,-7.969E-05,0.024000001
,,,-7.968E-05,0.024000001
,,,-7.967E-05,0.025600002
,,,-7.966E-05,0.024000001
,,,-7.965E-05,0.024000001
,,,-7.964E-05,0.024800001
,,,-7.963E-05,0.024000001
,,,-7.962E-05,0.024000001
,,,-7.961E-05,0.024000001
,,,-7.96E-05,0.024800001
,,,-7.959E-05,0.025600002
,,,-7.958E-05,0.024800001
,,,-7.957E-05,0.024000001
,,,-7.956E-05,0.024800001
,,,-7.955E-05,0.026400002
,,,-7.954E-05,0.025600002
,,,-7.953E-05,0.024000001
,,,-7.952E-05,0.024800001
,,,-7.951E-05,0.024000001
,,,-7.95E-05,0.024000001
,,,-7.949E-05,0.024000001
,,,-7.948E-05,0.023200001
,,,-7.947E-05,0.023200001
,,,-7.946E-05,0.024800001
,,,-7.945E-05,0.024800001
,,,-7.944E-05,0.024800001
,,,-7.943E-05,0.025600002
,,,-7.942E-05,0.024000001
,,,-7.941E-05,0.023200001
,,,-7.94E-05,0.024800001
,,,-7.939E-05,0.024800001
,,,-7.938E-05,0.024000001
,,,-7.937E-05,0.024800001
,,,-7.936E-05,0.024000001
,,,-7.935E-05,0.024800001
,,,-7.934E-05,0.024800001
,,,-7.933E-05,0.025600002
,,,-7.932E-05,0.024800001
,,,-7.931E-05,0.024800001
,,,-7.93E-05,0.023200001
,,,-7.929E-05,0.024000001
,,,-7.928E-05,0.024000001
,,,-7.927E-05,0.025600002
,,,-7.926E-05,0.024000001
,,,-7.925E-05,0.024000001
,,,-7.924E-05,0.024800001
,,,-7.923E-05,0.024000001
,,,-7.922E-05,0.023200001
,,,-7.921E-05,0.024000001
,,,-7.92E-05,0.024000001
,,,-7.919E-05,0.024000001
,,,-7.918E-05,0.024800001
,,,-7.917E-05,0.023200001
,,,-7.916E-05,0.024800001
,,,-7.915E-05,0.024000001
,,,-7.914E-05,0.022400001
,,,-7.913E-05,0.024000001
,,,-7.912E-05,0.024000001
,,,-7.911E-05,0.023200001
,,,-7.91E-05,0.024000001
,,,-7.909E-05,0.024000001
,,,-7.908E-05,0.024800001
,,,-7.907E-05,0.025600002
,,,-7.906E-05,0.024800001
,,,-7.905E-05,0.024000001
,,,-7.904E-05,0.024000001
,,,-7.903E-05,0.023200001
,,,-7.902E-05,0.024000001
,,,-7.901E-05,0.024000001
,,,-7.9E-05,0.024800001
,,,-7.899E-05,0.023200001
,,,-7.898E-05,0.024000001
,,,-7.897E-05,0.024800001
,,,-7.896E-05,0.024800001
,,,-7.895E-05,0.024000001
,,,-7.894E-05,0.025600002
,,,-7.893E-05,0.024000001
,,,-7.892E-05,0.025600002
,,,-7.891E-05,0.023200001
,,,-7.89E-05,0.024000001
,,,-7.889E-05,0.024000001
,,,-7.888E-05,0.024000001
,,,-7.887E-05,0.024800001
,,,-7.886E-05,0.024800001
,,,-7.885E-05,0.024800001
,,,-7.884E-05,0.024000001
,,,-7.883E-05,0.025600002
,,,-7.882E-05,0.025600002
,,,-7.881E-05,0.023200001
,,,-7.88E-05,0.024000001
,,,-7.879E-05,0.024000001
,,,-7.878E-05,0.023200001
,,,-7.877E-05,0.024000001
,,,-7.876E-05,0.023200001
,,,-7.875E-05,0.024800001
,,,-7.874E-05,0.021600001
,,,-7.873E-05,0.023200001
,,,-7.872E-05,0.023200001
,,,-7.871E-05,0.024000001
,,,-7.87E-05,0.024800001
,,,-7.869E-05,0.024000001
,,,-7.868E-05,0.024800001
,,,-7.867E-05,0.023200001
,,,-7.866E-05,0.024000001
,,,-7.865E-05,0.025600002
,,,-7.864E-05,0.026400002
,,,-7.863E-05,0.024000001
,,,-7.862E-05,0.023200001
,,,-7.861E-05,0.024800001
,,,-7.86E-05,0.024000001
,,,-7.859E-05,0.024000001
,,,-7.858E-05,0.025600002
,,,-7.857E-05,0.024000001
,,,-7.856E-05,0.024000001
,,,-7.855E-05,0.024000001
,,,-7.854E-05,0.024800001
,,,-7.853E-05,0.025600002
,,,-7.852E-05,0.024000001
,,,-7.851E-05,0.024000001
,,,-7.85E-05,0.024800001
,,,-7.849E-05,0.024800001
,,,-7.848E-05,0.024000001
,,,-7.847E-05,0.023200001
,,,-7.846E-05,0.024800001
,,,-7.845E-05,0.023200001
,,,-7.844E-05,0.025600002
,,,-7.843E-05,0.024800001
,,,-7.842E-05,0.024000001
,,,-7.841E-05,0.024000001
,,,-7.84E-05,0.025600002
,,,-7.839E-05,0.024000001
,,,-7.838E-05,0.024800001
,,,-7.837E-05,0.023200001
,,,-7.836E-05,0.023200001
,,,-7.835E-05,0.026400002
,,,-7.834E-05,0.024000001
,,,-7.833E-05,0.024000001
,,,-7.832E-05,0.024000001
,,,-7.831E-05,0.025600002
,,,-7.83E-05,0.024800001
,,,-7.829E-05,0.024800001
,,,-7.828E-05,0.024000001
,,,-7.827E-05,0.024000001
,,,-7.826E-05,0.025600002
,,,-7.825E-05,0.023200001
,,,-7.824E-05,0.024000001
,,,-7.823E-05,0.024000001
,,,-7.822E-05,0.024800001
,,,-7.821E-05,0.023200001
,,,-7.82E-05,0.024000001
,,,-7.819E-05,0.024000001
,,,-7.818E-05,0.024000001
,,,-7.817E-05,0.024000001
,,,-7.816E-05,0.024000001
,,,-7.815E-05,0.024000001
,,,-7.814E-05,0.025600002
,,,-7.813E-05,0.024800001
,,,-7.812E-05,0.024800001
,,,-7.811E-05,0.024000001
,,,-7.81E-05,0.024800001
,,,-7.809E-05,0.025600002
,,,-7.808E-05,0.024000001
,,,-7.807E-05,0.026400002
,,,-7.806E-05,0.024000001
,,,-7.805E-05,0.023200001
,,,-7.804E-05,0.024000001
,,,-7.803E-05,0.024800001
,,,-7.802E-05,0.024000001
,,,-7.801E-05,0.024000001
,,,-7.8E-05,0.023200001
,,,-7.799E-05,0.024800001
,,,-7.798E-05,0.024800001
,,,-7.797E-05,0.024000001
,,,-7.796E-05,0.024000001
,,,-7.795E-05,0.023200001
,,,-7.794E-05,0.025600002
,,,-7.793E-05,0.024800001
,,,-7.792E-05,0.025600002
,,,-7.791E-05,0.024000001
,,,-7.79E-05,0.024800001
,,,-7.789E-05,0.024000001
,,,-7.788E-05,0.024800001
,,,-7.787E-05,0.024000001
,,,-7.786E-05,0.024000001
,,,-7.785E-05,0.024000001
,,,-7.784E-05,0.024000001
,,,-7.783E-05,0.024800001
,,,-7.782E-05,0.024800001
,,,-7.781E-05,0.022400001
,,,-7.78E-05,0.024000001
,,,-7.779E-05,0.024000001
,,,-7.778E-05,0.025600002
,,,-7.777E-05,0.023200001
,,,-7.776E-05,0.025600002
,,,-7.775E-05,0.023200001
,,,-7.774E-05,0.023200001
,,,-7.773E-05,0.024800001
,,,-7.772E-05,0.024000001
,,,-7.771E-05,0.023200001
,,,-7.77E-05,0.024800001
,,,-7.769E-05,0.024000001
,,,-7.768E-05,0.024000001
,,,-7.767E-05,0.024000001
,,,-7.766E-05,0.024000001
,,,-7.765E-05,0.023200001
,,,-7.764E-05,0.025600002
,,,-7.763E-05,0.024000001
,,,-7.762E-05,0.023200001
,,,-7.761E-05,0.023200001
,,,-7.76E-05,0.024000001
,,,-7.759E-05,0.024800001
,,,-7.758E-05,0.023200001
,,,-7.757E-05,0.024800001
,,,-7.756E-05,0.025600002
,,,-7.755E-05,0.021600001
,,,-7.754E-05,0.024000001
,,,-7.753E-05,0.024800001
,,,-7.752E-05,0.024000001
,,,-7.751E-05,0.024000001
,,,-7.75E-05,0.025600002
,,,-7.749E-05,0.023200001
,,,-7.748E-05,0.025600002
,,,-7.747E-05,0.023200001
,,,-7.746E-05,0.023200001
,,,-7.745E-05,0.024800001
,,,-7.744E-05,0.024000001
,,,-7.743E-05,0.024000001
,,,-7.742E-05,0.024800001
,,,-7.741E-05,0.023200001
,,,-7.74E-05,0.024000001
,,,-7.739E-05,0.021600001
,,,-7.738E-05,0.024000001
,,,-7.737E-05,0.024800001
,,,-7.736E-05,0.024000001
,,,-7.735E-05,0.025600002
,,,-7.734E-05,0.026400002
,,,-7.733E-05,0.024800001
,,,-7.732E-05,0.024000001
,,,-7.731E-05,0.023200001
,,,-7.73E-05,0.025600002
,,,-7.729E-05,0.024800001
,,,-7.728E-05,0.024000001
,,,-7.727E-05,0.024800001
,,,-7.726E-05,0.024000001
,,,-7.725E-05,0.024800001
,,,-7.724E-05,0.024000001
,,,-7.723E-05,0.024000001
,,,-7.722E-05,0.024000001
,,,-7.721E-05,0.024000001
,,,-7.72E-05,0.024000001
,,,-7.719E-05,0.024000001
,,,-7.718E-05,0.025600002
,,,-7.717E-05,0.024000001
,,,-7.716E-05,0.024800001
,,,-7.715E-05,0.024000001
,,,-7.714E-05,0.023200001
,,,-7.713E-05,0.024000001
,,,-7.712E-05,0.023200001
,,,-7.711E-05,0.024000001
,,,-7.71E-05,0.024000001
,,,-7.709E-05,0.025600002
,,,-7.708E-05,0.024000001
,,,-7.707E-05,0.024000001
,,,-7.706E-05,0.024000001
,,,-7.705E-05,0.024000001
,,,-7.704E-05,0.025600002
,,,-7.703E-05,0.025600002
,,,-7.702E-05,0.024000001
,,,-7.701E-05,0.024800001
,,,-7.7E-05,0.024000001
,,,-7.699E-05,0.025600002
,,,-7.698E-05,0.024800001
,,,-7.697E-05,0.025600002
,,,-7.696E-05,0.024000001
,,,-7.695E-05,0.024000001
,,,-7.694E-05,0.024800001
,,,-7.693E-05,0.024800001
,,,-7.692E-05,0.024000001
,,,-7.691E-05,0.024800001
,,,-7.69E-05,0.026400002
,,,-7.689E-05,0.024000001
,,,-7.688E-05,0.024000001
,,,-7.687E-05,0.024000001
,,,-7.686E-05,0.024000001
,,,-7.685E-05,0.025600002
,,,-7.684E-05,0.024800001
,,,-7.683E-05,0.024000001
,,,-7.682E-05,0.024800001
,,,-7.681E-05,0.024000001
,,,-7.68E-05,0.024000001
,,,-7.679E-05,0.025600002
,,,-7.678E-05,0.024800001
,,,-7.677E-05,0.023200001
,,,-7.676E-05,0.026400002
,,,-7.675E-05,0.023200001
,,,-7.674E-05,0.024800001
,,,-7.673E-05,0.024800001
,,,-7.672E-05,0.024000001
,,,-7.671E-05,0.023200001
,,,-7.67E-05,0.024000001
,,,-7.669E-05,0.025600002
,,,-7.668E-05,0.024000001
,,,-7.667E-05,0.023200001
,,,-7.666E-05,0.023200001
,,,-7.665E-05,0.024000001
,,,-7.664E-05,0.024000001
,,,-7.663E-05,0.024000001
,,,-7.662E-05,0.024000001
,,,-7.661E-05,0.024800001
,,,-7.66E-05,0.024000001
,,,-7.659E-05,0.024000001
,,,-7.658E-05,0.024800001
,,,-7.657E-05,0.024800001
,,,-7.656E-05,0.024000001
,,,-7.655E-05,0.024800001
,,,-7.654E-05,0.024000001
,,,-7.653E-05,0.024000001
,,,-7.652E-05,0.024000001
,,,-7.651E-05,0.023200001
,,,-7.65E-05,0.023200001
,,,-7.649E-05,0.024000001
,,,-7.648E-05,0.024000001
,,,-7.647E-05,0.023200001
,,,-7.646E-05,0.024800001
,,,-7.645E-05,0.024000001
,,,-7.644E-05,0.024000001
,,,-7.643E-05,0.024000001
,,,-7.642E-05,0.023200001
,,,-7.641E-05,0.024800001
,,,-7.64E-05,0.024000001
,,,-7.639E-05,0.024000001
,,,-7.638E-05,0.023200001
,,,-7.637E-05,0.024000001
,,,-7.636E-05,0.024800001
,,,-7.635E-05,0.025600002
,,,-7.634E-05,0.024000001
,,,-7.633E-05,0.023200001
,,,-7.632E-05,0.024000001
,,,-7.631E-05,0.024000001
,,,-7.63E-05,0.025600002
,,,-7.629E-05,0.024000001
,,,-7.628E-05,0.025600002
,,,-7.627E-05,0.024000001
,,,-7.626E-05,0.024000001
,,,-7.625E-05,0.024000001
,,,-7.624E-05,0.023200001
,,,-7.623E-05,0.023200001
,,,-7.622E-05,0.025600002
,,,-7.621E-05,0.024000001
,,,-7.62E-05,0.022400001
,,,-7.619E-05,0.023200001
,,,-7.618E-05,0.024800001
,,,-7.617E-05,0.025600002
,,,-7.616E-05,0.024000001
,,,-7.615E-05,0.024000001
,,,-7.614E-05,0.023200001
,,,-7.613E-05,0.024000001
,,,-7.612E-05,0.024000001
,,,-7.611E-05,0.022400001
,,,-7.61E-05,0.025600002
,,,-7.609E-05,0.024000001
,,,-7.608E-05,0.025600002
,,,-7.607E-05,0.025600002
,,,-7.606E-05,0.022400001
,,,-7.605E-05,0.024000001
,,,-7.604E-05,0.024000001
,,,-7.603E-05,0.024000001
,,,-7.602E-05,0.024800001
,,,-7.601E-05,0.025600002
,,,-7.6E-05,0.023200001
,,,-7.599E-05,0.024000001
,,,-7.598E-05,0.024000001
,,,-7.597E-05,0.024000001
,,,-7.596E-05,0.024000001
,,,-7.595E-05,0.023200001
,,,-7.594E-05,0.024000001
,,,-7.593E-05,0.025600002
,,,-7.592E-05,0.024800001
,,,-7.591E-05,0.024000001
,,,-7.59E-05,0.024000001
,,,-7.589E-05,0.024000001
,,,-7.588E-05,0.024000001
,,,-7.587E-05,0.024000001
,,,-7.586E-05,0.025600002
,,,-7.585E-05,0.024800001
,,,-7.584E-05,0.024800001
,,,-7.583E-05,0.024000001
,,,-7.582E-05,0.024800001
,,,-7.581E-05,0.024000001
,,,-7.58E-05,0.024000001
,,,-7.579E-05,0.023200001
,,,-7.578E-05,0.024800001
,,,-7.577E-05,0.026400002
,,,-7.576E-05,0.025600002
,,,-7.575E-05,0.024800001
,,,-7.574E-05,0.024800001
,,,-7.573E-05,0.024800001
,,,-7.572E-05,0.024800001
,,,-7.571E-05,0.024000001
,,,-7.57E-05,0.024800001
,,,-7.569E-05,0.024000001
,,,-7.568E-05,0.024000001
,,,-7.567E-05,0.023200001
,,,-7.566E-05,0.024000001
,,,-7.565E-05,0.024000001
,,,-7.564E-05,0.024000001
,,,-7.563E-05,0.023200001
,,,-7.562E-05,0.024000001
,,,-7.561E-05,0.024000001
,,,-7.56E-05,0.024000001
,,,-7.559E-05,0.024000001
,,,-7.558E-05,0.024000001
,,,-7.557E-05,0.024800001
,,,-7.556E-05,0.024800001
,,,-7.555E-05,0.024000001
,,,-7.554E-05,0.022400001
,,,-7.553E-05,0.026400002
,,,-7.552E-05,0.025600002
,,,-7.551E-05,0.024000001
,,,-7.55E-05,0.024800001
,,,-7.549E-05,0.024000001
,,,-7.548E-05,0.024000001
,,,-7.547E-05,0.024000001
,,,-7.546E-05,0.026400002
,,,-7.545E-05,0.024800001
,,,-7.544E-05,0.024000001
,,,-7.543E-05,0.023200001
,,,-7.542E-05,0.024000001
,,,-7.541E-05,0.025600002
,,,-7.54E-05,0.023200001
,,,-7.539E-05,0.022400001
,,,-7.538E-05,0.025600002
,,,-7.537E-05,0.024000001
,,,-7.536E-05,0.024800001
,,,-7.535E-05,0.024000001
,,,-7.534E-05,0.024000001
,,,-7.533E-05,0.025600002
,,,-7.532E-05,0.024000001
,,,-7.531E-05,0.024000001
,,,-7.53E-05,0.022400001
,,,-7.529E-05,0.024800001
,,,-7.528E-05,0.024800001
,,,-7.527E-05,0.024000001
,,,-7.526E-05,0.024000001
,,,-7.525E-05,0.024000001
,,,-7.524E-05,0.024000001
,,,-7.523E-05,0.024000001
,,,-7.522E-05,0.025600002
,,,-7.521E-05,0.024000001
,,,-7.52E-05,0.024800001
,,,-7.519E-05,0.024000001
,,,-7.518E-05,0.024000001
,,,-7.517E-05,0.024000001
,,,-7.516E-05,0.022400001
,,,-7.515E-05,0.024000001
,,,-7.514E-05,0.024000001
,,,-7.513E-05,0.024000001
,,,-7.512E-05,0.025600002
,,,-7.511E-05,0.024800001
,,,-7.51E-05,0.023200001
,,,-7.509E-05,0.024000001
,,,-7.508E-05,0.024000001
,,,-7.507E-05,0.025600002
,,,-7.506E-05,0.023200001
,,,-7.505E-05,0.024000001
,,,-7.504E-05,0.024000001
,,,-7.503E-05,0.023200001
,,,-7.502E-05,0.024800001
,,,-7.501E-05,0.023200001
,,,-7.5E-05,0.024800001
,,,-7.499E-05,0.024000001
,,,-7.498E-05,0.024800001
,,,-7.497E-05,0.024000001
,,,-7.496E-05,0.023200001
,,,-7.495E-05,0.024000001
,,,-7.494E-05,0.024800001
,,,-7.493E-05,0.024800001
,,,-7.492E-05,0.024000001
,,,-7.491E-05,0.023200001
,,,-7.49E-05,0.023200001
,,,-7.489E-05,0.024000001
,,,-7.488E-05,0.024000001
,,,-7.487E-05,0.026400002
,,,-7.486E-05,0.024000001
,,,-7.485E-05,0.024000001
,,,-7.484E-05,0.025600002
,,,-7.483E-05,0.026400002
,,,-7.482E-05,0.023200001
,,,-7.481E-05,0.024800001
,,,-7.48E-05,0.024000001
,,,-7.479E-05,0.023200001
,,,-7.478E-05,0.024000001
,,,-7.477E-05,0.023200001
,,,-7.476E-05,0.024000001
,,,-7.475E-05,0.023200001
,,,-7.474E-05,0.024800001
,,,-7.473E-05,0.024800001
,,,-7.472E-05,0.024000001
,,,-7.471E-05,0.024800001
,,,-7.47E-05,0.023200001
,,,-7.469E-05,0.023200001
,,,-7.468E-05,0.024000001
,,,-7.467E-05,0.024000001
,,,-7.466E-05,0.024800001
,,,-7.465E-05,0.024800001
,,,-7.464E-05,0.025600002
,,,-7.463E-05,0.024000001
,,,-7.462E-05,0.023200001
,,,-7.461E-05,0.023200001
,,,-7.46E-05,0.024000001
,,,-7.459E-05,0.024000001
,,,-7.458E-05,0.025600002
,,,-7.457E-05,0.025600002
,,,-7.456E-05,0.024000001
,,,-7.455E-05,0.024800001
,,,-7.454E-05,0.024000001
,,,-7.453E-05,0.024800001
,,,-7.452E-05,0.024800001
,,,-7.451E-05,0.023200001
,,,-7.45E-05,0.024000001
,,,-7.449E-05,0.023200001
,,,-7.448E-05,0.025600002
,,,-7.447E-05,0.024000001
,,,-7.446E-05,0.025600002
,,,-7.445E-05,0.024000001
,,,-7.444E-05,0.026400002
,,,-7.443E-05,0.024000001
,,,-7.442E-05,0.024000001
,,,-7.441E-05,0.023200001
,,,-7.44E-05,0.023200001
,,,-7.439E-05,0.023200001
,,,-7.438E-05,0.024000001
,,,-7.437E-05,0.024800001
,,,-7.436E-05,0.023200001
,,,-7.435E-05,0.024000001
,,,-7.434E-05,0.024000001
,,,-7.433E-05,0.026400002
,,,-7.432E-05,0.023200001
,,,-7.431E-05,0.024800001
,,,-7.43E-05,0.024000001
,,,-7.429E-05,0.024800001
,,,-7.428E-05,0.025600002
,,,-7.427E-05,0.024800001
,,,-7.426E-05,0.025600002
,,,-7.425E-05,0.023200001
,,,-7.424E-05,0.027200002
,,,-7.423E-05,0.023200001
,,,-7.422E-05,0.024000001
,,,-7.421E-05,0.024000001
,,,-7.42E-05,0.025600002
,,,-7.419E-05,0.024800001
,,,-7.418E-05,0.024000001
,,,-7.417E-05,0.024000001
,,,-7.416E-05,0.024000001
,,,-7.415E-05,0.024800001
,,,-7.414E-05,0.024000001
,,,-7.413E-05,0.023200001
,,,-7.412E-05,0.023200001
,,,-7.411E-05,0.024800001
,,,-7.41E-05,0.024800001
,,,-7.409E-05,0.024000001
,,,-7.408E-05,0.023200001
,,,-7.407E-05,0.024000001
,,,-7.406E-05,0.024800001
,,,-7.405E-05,0.024000001
,,,-7.404E-05,0.026400002
,,,-7.403E-05,0.024000001
,,,-7.402E-05,0.023200001
,,,-7.401E-05,0.023200001
,,,-7.4E-05,0.024800001
,,,-7.399E-05,0.024000001
,,,-7.398E-05,0.024800001
,,,-7.397E-05,0.024000001
,,,-7.396E-05,0.025600002
,,,-7.395E-05,0.024000001
,,,-7.394E-05,0.024800001
,,,-7.393E-05,0.024000001
,,,-7.392E-05,0.025600002
,,,-7.391E-05,0.024800001
,,,-7.39E-05,0.024800001
,,,-7.389E-05,0.024800001
,,,-7.388E-05,0.025600002
,,,-7.387E-05,0.024000001
,,,-7.386E-05,0.024800001
,,,-7.385E-05,0.023200001
,,,-7.384E-05,0.024000001
,,,-7.383E-05,0.023200001
,,,-7.382E-05,0.025600002
,,,-7.381E-05,0.024000001
,,,-7.38E-05,0.024800001
,,,-7.379E-05,0.025600002
,,,-7.378E-05,0.025600002
,,,-7.377E-05,0.024000001
,,,-7.376E-05,0.022400001
,,,-7.375E-05,0.024800001
,,,-7.374E-05,0.024800001
,,,-7.373E-05,0.025600002
,,,-7.372E-05,0.024000001
,,,-7.371E-05,0.024000001
,,,-7.37E-05,0.024000001
,,,-7.369E-05,0.023200001
,,,-7.368E-05,0.024800001
,,,-7.367E-05,0.024000001
,,,-7.366E-05,0.024800001
,,,-7.365E-05,0.024000001
,,,-7.364E-05,0.024000001
,,,-7.363E-05,0.022400001
,,,-7.362E-05,0.024800001
,,,-7.361E-05,0.024000001
,,,-7.36E-05,0.023200001
,,,-7.359E-05,0.024000001
,,,-7.358E-05,0.024000001
,,,-7.357E-05,0.024000001
,,,-7.356E-05,0.023200001
,,,-7.355E-05,0.024000001
,,,-7.354E-05,0.024800001
,,,-7.353E-05,0.024800001
,,,-7.352E-05,0.026400002
,,,-7.351E-05,0.024000001
,,,-7.35E-05,0.024800001
,,,-7.349E-05,0.025600002
,,,-7.348E-05,0.024000001
,,,-7.347E-05,0.024000001
,,,-7.346E-05,0.024000001
,,,-7.345E-05,0.024000001
,,,-7.344E-05,0.023200001
,,,-7.343E-05,0.023200001
,,,-7.342E-05,0.023200001
,,,-7.341E-05,0.023200001
,,,-7.34E-05,0.024000001
,,,-7.339E-05,0.024000001
,,,-7.338E-05,0.024000001
,,,-7.337E-05,0.024800001
,,,-7.336E-05,0.024000001
,,,-7.335E-05,0.024800001
,,,-7.334E-05,0.024000001
,,,-7.333E-05,0.024000001
,,,-7.332E-05,0.025600002
,,,-7.331E-05,0.023200001
,,,-7.33E-05,0.024000001
,,,-7.329E-05,0.024800001
,,,-7.328E-05,0.024000001
,,,-7.327E-05,0.023200001
,,,-7.326E-05,0.024000001
,,,-7.325E-05,0.024800001
,,,-7.324E-05,0.023200001
,,,-7.323E-05,0.024000001
,,,-7.322E-05,0.024800001
,,,-7.321E-05,0.023200001
,,,-7.32E-05,0.024000001
,,,-7.319E-05,0.023200001
,,,-7.318E-05,0.024800001
,,,-7.317E-05,0.024800001
,,,-7.316E-05,0.024800001
,,,-7.315E-05,0.024000001
,,,-7.314E-05,0.024000001
,,,-7.313E-05,0.024800001
,,,-7.312E-05,0.024800001
,,,-7.311E-05,0.024800001
,,,-7.31E-05,0.025600002
,,,-7.309E-05,0.023200001
,,,-7.308E-05,0.024800001
,,,-7.307E-05,0.023200001
,,,-7.306E-05,0.023200001
,,,-7.305E-05,0.023200001
,,,-7.304E-05,0.024800001
,,,-7.303E-05,0.025600002
,,,-7.302E-05,0.024000001
,,,-7.301E-05,0.023200001
,,,-7.3E-05,0.024000001
,,,-7.299E-05,0.024000001
,,,-7.298E-05,0.024000001
,,,-7.297E-05,0.023200001
,,,-7.296E-05,0.024000001
,,,-7.295E-05,0.023200001
,,,-7.294E-05,0.023200001
,,,-7.293E-05,0.024000001
,,,-7.292E-05,0.023200001
,,,-7.291E-05,0.024000001
,,,-7.29E-05,0.022400001
,,,-7.289E-05,0.024800001
,,,-7.288E-05,0.024800001
,,,-7.287E-05,0.024800001
,,,-7.286E-05,0.026400002
,,,-7.285E-05,0.023200001
,,,-7.284E-05,0.024000001
,,,-7.283E-05,0.025600002
,,,-7.282E-05,0.024000001
,,,-7.281E-05,0.024000001
,,,-7.28E-05,0.024000001
,,,-7.279E-05,0.024000001
,,,-7.278E-05,0.024800001
,,,-7.277E-05,0.024800001
,,,-7.276E-05,0.024800001
,,,-7.275E-05,0.023200001
,,,-7.274E-05,0.023200001
,,,-7.273E-05,0.025600002
,,,-7.272E-05,0.024000001
,,,-7.271E-05,0.024000001
,,,-7.27E-05,0.023200001
,,,-7.269E-05,0.023200001
,,,-7.268E-05,0.024000001
,,,-7.267E-05,0.025600002
,,,-7.266E-05,0.025600002
,,,-7.265E-05,0.023200001
,,,-7.264E-05,0.024000001
,,,-7.263E-05,0.024000001
,,,-7.262E-05,0.024000001
,,,-7.261E-05,0.024800001
,,,-7.26E-05,0.024800001
,,,-7.259E-05,0.024000001
,,,-7.258E-05,0.022400001
,,,-7.257E-05,0.023200001
,,,-7.256E-05,0.024000001
,,,-7.255E-05,0.024000001
,,,-7.254E-05,0.024800001
,,,-7.253E-05,0.025600002
,,,-7.252E-05,0.024000001
,,,-7.251E-05,0.024800001
,,,-7.25E-05,0.024800001
,,,-7.249E-05,0.024800001
,,,-7.248E-05,0.023200001
,,,-7.247E-05,0.025600002
,,,-7.246E-05,0.024800001
,,,-7.245E-05,0.023200001
,,,-7.244E-05,0.024800001
,,,-7.243E-05,0.024800001
,,,-7.242E-05,0.026400002
,,,-7.241E-05,0.023200001
,,,-7.24E-05,0.024000001
,,,-7.239E-05,0.024000001
,,,-7.238E-05,0.024000001
,,,-7.237E-05,0.023200001
,,,-7.236E-05,0.024000001
,,,-7.235E-05,0.024000001
,,,-7.234E-05,0.024000001
,,,-7.233E-05,0.024800001
,,,-7.232E-05,0.024000001
,,,-7.231E-05,0.024800001
,,,-7.23E-05,0.024000001
,,,-7.229E-05,0.024000001
,,,-7.228E-05,0.024000001
,,,-7.227E-05,0.024000001
,,,-7.226E-05,0.023200001
,,,-7.225E-05,0.023200001
,,,-7.224E-05,0.024800001
,,,-7.223E-05,0.024000001
,,,-7.222E-05,0.024000001
,,,-7.221E-05,0.023200001
,,,-7.22E-05,0.024800001
,,,-7.219E-05,0.025600002
,,,-7.218E-05,0.024000001
,,,-7.217E-05,0.024000001
,,,-7.216E-05,0.024800001
,,,-7.215E-05,0.024000001
,,,-7.214E-05,0.024000001
,,,-7.213E-05,0.023200001
,,,-7.212E-05,0.023200001
,,,-7.211E-05,0.023200001
,,,-7.21E-05,0.025600002
,,,-7.209E-05,0.024800001
,,,-7.208E-05,0.025600002
,,,-7.207E-05,0.024000001
,,,-7.206E-05,0.025600002
,,,-7.205E-05,0.023200001
,,,-7.204E-05,0.024800001
,,,-7.203E-05,0.024000001
,,,-7.202E-05,0.023200001
,,,-7.201E-05,0.024000001
,,,-7.2E-05,0.024000001
,,,-7.199E-05,0.025600002
,,,-7.198E-05,0.024800001
,,,-7.197E-05,0.024800001
,,,-7.196E-05,0.024000001
,,,-7.195E-05,0.024800001
,,,-7.194E-05,0.024000001
,,,-7.193E-05,0.023200001
,,,-7.192E-05,0.024800001
,,,-7.191E-05,0.024800001
,,,-7.19E-05,0.025600002
,,,-7.189E-05,0.023200001
,,,-7.188E-05,0.024000001
,,,-7.187E-05,0.023200001
,,,-7.186E-05,0.023200001
,,,-7.185E-05,0.024000001
,,,-7.184E-05,0.022400001
,,,-7.183E-05,0.024000001
,,,-7.182E-05,0.024800001
,,,-7.181E-05,0.024000001
,,,-7.18E-05,0.024000001
,,,-7.179E-05,0.024000001
,,,-7.178E-05,0.024000001
,,,-7.177E-05,0.024000001
,,,-7.176E-05,0.024800001
,,,-7.175E-05,0.025600002
,,,-7.174E-05,0.025600002
,,,-7.173E-05,0.024000001
,,,-7.172E-05,0.024000001
,,,-7.171E-05,0.024000001
,,,-7.17E-05,0.024000001
,,,-7.169E-05,0.024800001
,,,-7.168E-05,0.025600002
,,,-7.167E-05,0.022400001
,,,-7.166E-05,0.024000001
,,,-7.165E-05,0.024000001
,,,-7.164E-05,0.023200001
,,,-7.163E-05,0.024800001
,,,-7.162E-05,0.024000001
,,,-7.161E-05,0.024800001
,,,-7.16E-05,0.023200001
,,,-7.159E-05,0.024000001
,,,-7.158E-05,0.024800001
,,,-7.157E-05,0.023200001
,,,-7.156E-05,0.024000001
,,,-7.155E-05,0.024000001
,,,-7.154E-05,0.023200001
,,,-7.153E-05,0.024000001
,,,-7.152E-05,0.022400001
,,,-7.151E-05,0.024800001
,,,-7.15E-05,0.024000001
,,,-7.149E-05,0.024000001
,,,-7.148E-05,0.023200001
,,,-7.147E-05,0.023200001
,,,-7.146E-05,0.023200001
,,,-7.145E-05,0.023200001
,,,-7.144E-05,0.024800001
,,,-7.143E-05,0.023200001
,,,-7.142E-05,0.024000001
,,,-7.141E-05,0.024000001
,,,-7.14E-05,0.023200001
,,,-7.139E-05,0.024000001
,,,-7.138E-05,0.024000001
,,,-7.137E-05,0.024000001
,,,-7.136E-05,0.023200001
,,,-7.135E-05,0.024800001
,,,-7.134E-05,0.024000001
,,,-7.133E-05,0.024000001
,,,-7.132E-05,0.024800001
,,,-7.131E-05,0.024000001
,,,-7.13E-05,0.024800001
,,,-7.129E-05,0.024800001
,,,-7.128E-05,0.024000001
,,,-7.127E-05,0.024000001
,,,-7.126E-05,0.024000001
,,,-7.125E-05,0.024000001
,,,-7.124E-05,0.024000001
,,,-7.123E-05,0.024000001
,,,-7.122E-05,0.024800001
,,,-7.121E-05,0.025600002
,,,-7.12E-05,0.024800001
,,,-7.119E-05,0.023200001
,,,-7.118E-05,0.026400002
,,,-7.117E-05,0.025600002
,,,-7.116E-05,0.023200001
,,,-7.115E-05,0.025600002
,,,-7.114E-05,0.024000001
,,,-7.113E-05,0.024800001
,,,-7.112E-05,0.024800001
,,,-7.111E-05,0.023200001
,,,-7.11E-05,0.024800001
,,,-7.109E-05,0.022400001
,,,-7.108E-05,0.024800001
,,,-7.107E-05,0.023200001
,,,-7.106E-05,0.025600002
,,,-7.105E-05,0.024000001
,,,-7.104E-05,0.026400002
,,,-7.103E-05,0.024000001
,,,-7.102E-05,0.024800001
,,,-7.101E-05,0.024800001
,,,-7.1E-05,0.024000001
,,,-7.099E-05,0.024000001
,,,-7.098E-05,0.024000001
,,,-7.097E-05,0.023200001
,,,-7.096E-05,0.024000001
,,,-7.095E-05,0.026400002
,,,-7.094E-05,0.024000001
,,,-7.093E-05,0.023200001
,,,-7.092E-05,0.024000001
,,,-7.091E-05,0.024800001
,,,-7.09E-05,0.024000001
,,,-7.089E-05,0.023200001
,,,-7.088E-05,0.023200001
,,,-7.087E-05,0.024000001
,,,-7.086E-05,0.024000001
,,,-7.085E-05,0.024000001
,,,-7.084E-05,0.024000001
,,,-7.083E-05,0.024800001
,,,-7.082E-05,0.024000001
,,,-7.081E-05,0.025600002
,,,-7.08E-05,0.024000001
,,,-7.079E-05,0.024000001
,,,-7.078E-05,0.024000001
,,,-7.077E-05,0.022400001
,,,-7.076E-05,0.025600002
,,,-7.075E-05,0.024000001
,,,-7.074E-05,0.024000001
,,,-7.073E-05,0.024800001
,,,-7.072E-05,0.023200001
,,,-7.071E-05,0.024000001
,,,-7.07E-05,0.025600002
,,,-7.069E-05,0.021600001
,,,-7.068E-05,0.025600002
,,,-7.067E-05,0.024000001
,,,-7.066E-05,0.024800001
,,,-7.065E-05,0.024000001
,,,-7.064E-05,0.024000001
,,,-7.063E-05,0.024800001
,,,-7.062E-05,0.024800001
,,,-7.061E-05,0.025600002
,,,-7.06E-05,0.024000001
,,,-7.059E-05,0.025600002
,,,-7.058E-05,0.024800001
,,,-7.057E-05,0.024000001
,,,-7.056E-05,0.024800001
,,,-7.055E-05,0.024000001
,,,-7.054E-05,0.024000001
,,,-7.053E-05,0.024000001
,,,-7.052E-05,0.024800001
,,,-7.051E-05,0.024000001
,,,-7.05E-05,0.024000001
,,,-7.049E-05,0.024800001
,,,-7.048E-05,0.023200001
,,,-7.047E-05,0.024800001
,,,-7.046E-05,0.023200001
,,,-7.045E-05,0.024000001
,,,-7.044E-05,0.024000001
,,,-7.043E-05,0.024800001
,,,-7.042E-05,0.024000001
,,,-7.041E-05,0.023200001
,,,-7.04E-05,0.024000001
,,,-7.039E-05,0.024800001
,,,-7.038E-05,0.024800001
,,,-7.037E-05,0.024000001
,,,-7.036E-05,0.023200001
,,,-7.035E-05,0.023200001
,,,-7.034E-05,0.024000001
,,,-7.033E-05,0.023200001
,,,-7.032E-05,0.024000001
,,,-7.031E-05,0.024000001
,,,-7.03E-05,0.024000001
,,,-7.029E-05,0.024000001
,,,-7.028E-05,0.021600001
,,,-7.027E-05,0.023200001
,,,-7.026E-05,0.024000001
,,,-7.025E-05,0.025600002
,,,-7.024E-05,0.023200001
,,,-7.023E-05,0.025600002
,,,-7.022E-05,0.026400002
,,,-7.021E-05,0.024000001
,,,-7.02E-05,0.024000001
,,,-7.019E-05,0.024800001
,,,-7.018E-05,0.024800001
,,,-7.017E-05,0.024000001
,,,-7.016E-05,0.024000001
,,,-7.015E-05,0.024000001
,,,-7.014E-05,0.025600002
,,,-7.013E-05,0.023200001
,,,-7.012E-05,0.024800001
,,,-7.011E-05,0.024000001
,,,-7.01E-05,0.024000001
,,,-7.009E-05,0.024000001
,,,-7.008E-05,0.024800001
,,,-7.007E-05,0.024800001
,,,-7.006E-05,0.024800001
,,,-7.005E-05,0.024000001
,,,-7.004E-05,0.024000001
,,,-7.003E-05,0.022400001
,,,-7.002E-05,0.025600002
,,,-7.001E-05,0.023200001
,,,-7E-05,0.023200001
,,,-6.999E-05,0.025600002
,,,-6.998E-05,0.024000001
,,,-6.997E-05,0.024800001
,,,-6.996E-05,0.024800001
,,,-6.995E-05,0.023200001
,,,-6.994E-05,0.024000001
,,,-6.993E-05,0.024800001
,,,-6.992E-05,0.024000001
,,,-6.991E-05,0.024000001
,,,-6.99E-05,0.025600002
,,,-6.989E-05,0.023200001
,,,-6.988E-05,0.024000001
,,,-6.987E-05,0.023200001
,,,-6.986E-05,0.023200001
,,,-6.985E-05,0.024000001
,,,-6.984E-05,0.024800001
,,,-6.983E-05,0.024800001
,,,-6.982E-05,0.025600002
,,,-6.981E-05,0.024000001
,,,-6.98E-05,0.024800001
,,,-6.979E-05,0.023200001
,,,-6.978E-05,0.025600002
,,,-6.977E-05,0.024000001
,,,-6.976E-05,0.024800001
,,,-6.975E-05,0.024000001
,,,-6.974E-05,0.024000001
,,,-6.973E-05,0.024000001
,,,-6.972E-05,0.024800001
,,,-6.971E-05,0.024000001
,,,-6.97E-05,0.024000001
,,,-6.969E-05,0.023200001
,,,-6.968E-05,0.024000001
,,,-6.967E-05,0.024000001
,,,-6.966E-05,0.024000001
,,,-6.965E-05,0.024800001
,,,-6.964E-05,0.024800001
,,,-6.963E-05,0.024000001
,,,-6.962E-05,0.024800001
,,,-6.961E-05,0.024000001
,,,-6.96E-05,0.023200001
,,,-6.959E-05,0.023200001
,,,-6.958E-05,0.024000001
,,,-6.957E-05,0.023200001
,,,-6.956E-05,0.025600002
,,,-6.955E-05,0.024000001
,,,-6.954E-05,0.024800001
,,,-6.953E-05,0.024000001
,,,-6.952E-05,0.024000001
,,,-6.951E-05,0.024800001
,,,-6.95E-05,0.024000001
,,,-6.949E-05,0.024800001
,,,-6.948E-05,0.023200001
,,,-6.947E-05,0.024000001
,,,-6.946E-05,0.025600002
,,,-6.945E-05,0.024800001
,,,-6.944E-05,0.024000001
,,,-6.943E-05,0.024800001
,,,-6.942E-05,0.024800001
,,,-6.941E-05,0.024000001
,,,-6.94E-05,0.024000001
,,,-6.939E-05,0.024000001
,,,-6.938E-05,0.024800001
,,,-6.937E-05,0.024800001
,,,-6.936E-05,0.024000001
,,,-6.935E-05,0.024000001
,,,-6.934E-05,0.024000001
,,,-6.933E-05,0.024000001
,,,-6.932E-05,0.024000001
,,,-6.931E-05,0.024000001
,,,-6.93E-05,0.024000001
,,,-6.929E-05,0.023200001
,,,-6.928E-05,0.024000001
,,,-6.927E-05,0.023200001
,,,-6.926E-05,0.025600002
,,,-6.925E-05,0.024000001
,,,-6.924E-05,0.024800001
,,,-6.923E-05,0.024000001
,,,-6.922E-05,0.025600002
,,,-6.921E-05,0.024000001
,,,-6.92E-05,0.024000001
,,,-6.919E-05,0.024000001
,,,-6.918E-05,0.024000001
,,,-6.917E-05,0.024800001
,,,-6.916E-05,0.024800001
,,,-6.915E-05,0.023200001
,,,-6.914E-05,0.024000001
,,,-6.913E-05,0.024000001
,,,-6.912E-05,0.024000001
,,,-6.911E-05,0.024800001
,,,-6.91E-05,0.024000001
,,,-6.909E-05,0.026400002
,,,-6.908E-05,0.025600002
,,,-6.907E-05,0.024800001
,,,-6.906E-05,0.024000001
,,,-6.905E-05,0.023200001
,,,-6.904E-05,0.024800001
,,,-6.903E-05,0.024800001
,,,-6.902E-05,0.024000001
,,,-6.901E-05,0.025600002
,,,-6.9E-05,0.024800001
,,,-6.899E-05,0.024800001
,,,-6.898E-05,0.024000001
,,,-6.897E-05,0.025600002
,,,-6.896E-05,0.025600002
,,,-6.895E-05,0.024800001
,,,-6.894E-05,0.023200001
,,,-6.893E-05,0.023200001
,,,-6.892E-05,0.024800001
,,,-6.891E-05,0.024000001
,,,-6.89E-05,0.023200001
,,,-6.889E-05,0.024800001
,,,-6.888E-05,0.024000001
,,,-6.887E-05,0.024000001
,,,-6.886E-05,0.025600002
,,,-6.885E-05,0.024000001
,,,-6.884E-05,0.024000001
,,,-6.883E-05,0.024800001
,,,-6.882E-05,0.024000001
,,,-6.881E-05,0.024800001
,,,-6.88E-05,0.023200001
,,,-6.879E-05,0.024000001
,,,-6.878E-05,0.024000001
,,,-6.877E-05,0.024000001
,,,-6.876E-05,0.024800001
,,,-6.875E-05,0.024000001
,,,-6.874E-05,0.024800001
,,,-6.873E-05,0.024800001
,,,-6.872E-05,0.025600002
,,,-6.871E-05,0.024000001
,,,-6.87E-05,0.024000001
,,,-6.869E-05,0.025600002
,,,-6.868E-05,0.024800001
,,,-6.867E-05,0.023200001
,,,-6.866E-05,0.024000001
,,,-6.865E-05,0.025600002
,,,-6.864E-05,0.024000001
,,,-6.863E-05,0.024000001
,,,-6.862E-05,0.024800001
,,,-6.861E-05,0.024000001
,,,-6.86E-05,0.024000001
,,,-6.859E-05,0.024000001
,,,-6.858E-05,0.025600002
,,,-6.857E-05,0.023200001
,,,-6.856E-05,0.024000001
,,,-6.855E-05,0.024000001
,,,-6.854E-05,0.025600002
,,,-6.853E-05,0.024000001
,,,-6.852E-05,0.023200001
,,,-6.851E-05,0.024800001
,,,-6.85E-05,0.024000001
,,,-6.849E-05,0.024000001
,,,-6.848E-05,0.024000001
,,,-6.847E-05,0.024000001
,,,-6.846E-05,0.023200001
,,,-6.845E-05,0.024800001
,,,-6.844E-05,0.024000001
,,,-6.843E-05,0.025600002
,,,-6.842E-05,0.025600002
,,,-6.841E-05,0.024000001
,,,-6.84E-05,0.024800001
,,,-6.839E-05,0.026400002
,,,-6.838E-05,0.024000001
,,,-6.837E-05,0.024800001
,,,-6.836E-05,0.024000001
,,,-6.835E-05,0.022400001
,,,-6.834E-05,0.026400002
,,,-6.833E-05,0.025600002
,,,-6.832E-05,0.023200001
,,,-6.831E-05,0.024800001
,,,-6.83E-05,0.026400002
,,,-6.829E-05,0.024800001
,,,-6.828E-05,0.023200001
,,,-6.827E-05,0.024000001
,,,-6.826E-05,0.024000001
,,,-6.825E-05,0.024000001
,,,-6.824E-05,0.024000001
,,,-6.823E-05,0.025600002
,,,-6.822E-05,0.024800001
,,,-6.821E-05,0.024000001
,,,-6.82E-05,0.024000001
,,,-6.819E-05,0.024800001
,,,-6.818E-05,0.024000001
,,,-6.817E-05,0.023200001
,,,-6.816E-05,0.024000001
,,,-6.815E-05,0.025600002
,,,-6.814E-05,0.024000001
,,,-6.813E-05,0.022400001
,,,-6.812E-05,0.024000001
,,,-6.811E-05,0.024000001
,,,-6.81E-05,0.024000001
,,,-6.809E-05,0.023200001
,,,-6.808E-05,0.024000001
,,,-6.807E-05,0.024800001
,,,-6.806E-05,0.024000001
,,,-6.805E-05,0.024000001
,,,-6.804E-05,0.024800001
,,,-6.803E-05,0.024800001
,,,-6.802E-05,0.024000001
,,,-6.801E-05,0.024000001
,,,-6.8E-05,0.024000001
,,,-6.799E-05,0.024000001
,,,-6.798E-05,0.024000001
,,,-6.797E-05,0.025600002
,,,-6.796E-05,0.024800001
,,,-6.795E-05,0.024000001
,,,-6.794E-05,0.024000001
,,,-6.793E-05,0.024000001
,,,-6.792E-05,0.024800001
,,,-6.791E-05,0.024000001
,,,-6.79E-05,0.024000001
,,,-6.789E-05,0.024000001
,,,-6.788E-05,0.024800001
,,,-6.787E-05,0.024000001
,,,-6.786E-05,0.024800001
,,,-6.785E-05,0.024000001
,,,-6.784E-05,0.023200001
,,,-6.783E-05,0.024800001
,,,-6.782E-05,0.025600002
,,,-6.781E-05,0.024000001
,,,-6.78E-05,0.024800001
,,,-6.779E-05,0.024800001
,,,-6.778E-05,0.024000001
,,,-6.777E-05,0.024800001
,,,-6.776E-05,0.024800001
,,,-6.775E-05,0.024000001
,,,-6.774E-05,0.024800001
,,,-6.773E-05,0.024800001
,,,-6.772E-05,0.024000001
,,,-6.771E-05,0.024000001
,,,-6.77E-05,0.024000001
,,,-6.769E-05,0.025600002
,,,-6.768E-05,0.025600002
,,,-6.767E-05,0.024000001
,,,-6.766E-05,0.024800001
,,,-6.765E-05,0.024800001
,,,-6.764E-05,0.024800001
,,,-6.763E-05,0.024000001
,,,-6.762E-05,0.024000001
,,,-6.761E-05,0.024000001
,,,-6.76E-05,0.024800001
,,,-6.759E-05,0.024000001
,,,-6.758E-05,0.023200001
,,,-6.757E-05,0.024000001
,,,-6.756E-05,0.024800001
,,,-6.755E-05,0.023200001
,,,-6.754E-05,0.024800001
,,,-6.753E-05,0.024800001
,,,-6.752E-05,0.024000001
,,,-6.751E-05,0.025600002
,,,-6.75E-05,0.025600002
,,,-6.749E-05,0.023200001
,,,-6.748E-05,0.024000001
,,,-6.747E-05,0.025600002
,,,-6.746E-05,0.024000001
,,,-6.745E-05,0.024800001
,,,-6.744E-05,0.024800001
,,,-6.743E-05,0.024000001
,,,-6.742E-05,0.024000001
,,,-6.741E-05,0.024000001
,,,-6.74E-05,0.024000001
,,,-6.739E-05,0.023200001
,,,-6.738E-05,0.025600002
,,,-6.737E-05,0.024800001
,,,-6.736E-05,0.024000001
,,,-6.735E-05,0.024000001
,,,-6.734E-05,0.025600002
,,,-6.733E-05,0.023200001
,,,-6.732E-05,0.025600002
,,,-6.731E-05,0.023200001
,,,-6.73E-05,0.024800001
,,,-6.729E-05,0.024000001
,,,-6.728E-05,0.026400002
,,,-6.727E-05,0.021600001
,,,-6.726E-05,0.026400002
,,,-6.725E-05,0.024800001
,,,-6.724E-05,0.023200001
,,,-6.723E-05,0.024000001
,,,-6.722E-05,0.024800001
,,,-6.721E-05,0.024000001
,,,-6.72E-05,0.024800001
,,,-6.719E-05,0.024000001
,,,-6.718E-05,0.024000001
,,,-6.717E-05,0.025600002
,,,-6.716E-05,0.024000001
,,,-6.715E-05,0.024000001
,,,-6.714E-05,0.024000001
,,,-6.713E-05,0.024800001
,,,-6.712E-05,0.024000001
,,,-6.711E-05,0.024000001
,,,-6.71E-05,0.024800001
,,,-6.709E-05,0.024800001
,,,-6.708E-05,0.023200001
,,,-6.707E-05,0.024000001
,,,-6.706E-05,0.024800001
,,,-6.705E-05,0.024000001
,,,-6.704E-05,0.024800001
,,,-6.703E-05,0.024800001
,,,-6.702E-05,0.023200001
,,,-6.701E-05,0.024800001
,,,-6.7E-05,0.025600002
,,,-6.699E-05,0.024000001
,,,-6.698E-05,0.024000001
,,,-6.697E-05,0.024000001
,,,-6.696E-05,0.025600002
,,,-6.695E-05,0.024000001
,,,-6.694E-05,0.024800001
,,,-6.693E-05,0.024000001
,,,-6.692E-05,0.024800001
,,,-6.691E-05,0.024000001
,,,-6.69E-05,0.024000001
,,,-6.689E-05,0.025600002
,,,-6.688E-05,0.024000001
,,,-6.687E-05,0.024000001
,,,-6.686E-05,0.024800001
,,,-6.685E-05,0.024000001
,,,-6.684E-05,0.022400001
,,,-6.683E-05,0.023200001
,,,-6.682E-05,0.026400002
,,,-6.681E-05,0.023200001
,,,-6.68E-05,0.024800001
,,,-6.679E-05,0.024000001
,,,-6.678E-05,0.024800001
,,,-6.677E-05,0.024800001
,,,-6.676E-05,0.022400001
,,,-6.675E-05,0.023200001
,,,-6.674E-05,0.024000001
,,,-6.673E-05,0.024000001
,,,-6.672E-05,0.022400001
,,,-6.671E-05,0.024000001
,,,-6.67E-05,0.025600002
,,,-6.669E-05,0.024000001
,,,-6.668E-05,0.024000001
,,,-6.667E-05,0.025600002
,,,-6.666E-05,0.024000001
,,,-6.665E-05,0.023200001
,,,-6.664E-05,0.025600002
,,,-6.663E-05,0.024000001
,,,-6.662E-05,0.024000001
,,,-6.661E-05,0.024000001
,,,-6.66E-05,0.025600002
,,,-6.659E-05,0.023200001
,,,-6.658E-05,0.024000001
,,,-6.657E-05,0.024000001
,,,-6.656E-05,0.022400001
,,,-6.655E-05,0.024000001
,,,-6.654E-05,0.024000001
,,,-6.653E-05,0.024000001
,,,-6.652E-05,0.023200001
,,,-6.651E-05,0.024000001
,,,-6.65E-05,0.024000001
,,,-6.649E-05,0.024000001
,,,-6.648E-05,0.024000001
,,,-6.647E-05,0.025600002
,,,-6.646E-05,0.022400001
,,,-6.645E-05,0.024800001
,,,-6.644E-05,0.024000001
,,,-6.643E-05,0.024000001
,,,-6.642E-05,0.024800001
,,,-6.641E-05,0.022400001
,,,-6.64E-05,0.023200001
,,,-6.639E-05,0.024000001
,,,-6.638E-05,0.024000001
,,,-6.637E-05,0.024800001
,,,-6.636E-05,0.023200001
,,,-6.635E-05,0.024800001
,,,-6.634E-05,0.024800001
,,,-6.633E-05,0.024000001
,,,-6.632E-05,0.024000001
,,,-6.631E-05,0.024000001
,,,-6.63E-05,0.023200001
,,,-6.629E-05,0.024800001
,,,-6.628E-05,0.025600002
,,,-6.627E-05,0.024000001
,,,-6.626E-05,0.025600002
,,,-6.625E-05,0.024800001
,,,-6.624E-05,0.024000001
,,,-6.623E-05,0.025600002
,,,-6.622E-05,0.024000001
,,,-6.621E-05,0.024000001
,,,-6.62E-05,0.026400002
,,,-6.619E-05,0.025600002
,,,-6.618E-05,0.024000001
,,,-6.617E-05,0.024000001
,,,-6.616E-05,0.024000001
,,,-6.615E-05,0.024000001
,,,-6.614E-05,0.024000001
,,,-6.613E-05,0.024000001
,,,-6.612E-05,0.024000001
,,,-6.611E-05,0.024800001
,,,-6.61E-05,0.024800001
,,,-6.609E-05,0.024000001
,,,-6.608E-05,0.024000001
,,,-6.607E-05,0.023200001
,,,-6.606E-05,0.024000001
,,,-6.605E-05,0.025600002
,,,-6.604E-05,0.022400001
,,,-6.603E-05,0.023200001
,,,-6.602E-05,0.024800001
,,,-6.601E-05,0.024000001
,,,-6.6E-05,0.024800001
,,,-6.599E-05,0.023200001
,,,-6.598E-05,0.024800001
,,,-6.597E-05,0.024000001
,,,-6.596E-05,0.024800001
,,,-6.595E-05,0.024800001
,,,-6.594E-05,0.024800001
,,,-6.593E-05,0.024000001
,,,-6.592E-05,0.024000001
,,,-6.591E-05,0.024800001
,,,-6.59E-05,0.024000001
,,,-6.589E-05,0.025600002
,,,-6.588E-05,0.026400002
,,,-6.587E-05,0.022400001
,,,-6.586E-05,0.024000001
,,,-6.585E-05,0.024800001
,,,-6.584E-05,0.024000001
,,,-6.583E-05,0.024000001
,,,-6.582E-05,0.024000001
,,,-6.581E-05,0.023200001
,,,-6.58E-05,0.024000001
,,,-6.579E-05,0.023200001
,,,-6.578E-05,0.024800001
,,,-6.577E-05,0.023200001
,,,-6.576E-05,0.022400001
,,,-6.575E-05,0.023200001
,,,-6.574E-05,0.024800001
,,,-6.573E-05,0.024000001
,,,-6.572E-05,0.026400002
,,,-6.571E-05,0.024000001
,,,-6.57E-05,0.024800001
,,,-6.569E-05,0.023200001
,,,-6.568E-05,0.024000001
,,,-6.567E-05,0.024000001
,,,-6.566E-05,0.024000001
,,,-6.565E-05,0.024800001
,,,-6.564E-05,0.024000001
,,,-6.563E-05,0.023200001
,,,-6.562E-05,0.023200001
,,,-6.561E-05,0.024800001
,,,-6.56E-05,0.024800001
,,,-6.559E-05,0.023200001
,,,-6.558E-05,0.024000001
,,,-6.557E-05,0.024000001
,,,-6.556E-05,0.024800001
,,,-6.555E-05,0.024000001
,,,-6.554E-05,0.024000001
,,,-6.553E-05,0.022400001
,,,-6.552E-05,0.024800001
,,,-6.551E-05,0.024000001
,,,-6.55E-05,0.024800001
,,,-6.549E-05,0.024000001
,,,-6.548E-05,0.024000001
,,,-6.547E-05,0.024000001
,,,-6.546E-05,0.024000001
,,,-6.545E-05,0.024000001
,,,-6.544E-05,0.024000001
,,,-6.543E-05,0.024800001
,,,-6.542E-05,0.024000001
,,,-6.541E-05,0.024000001
,,,-6.54E-05,0.024000001
,,,-6.539E-05,0.023200001
,,,-6.538E-05,0.024000001
,,,-6.537E-05,0.024000001
,,,-6.536E-05,0.022400001
,,,-6.535E-05,0.024000001
,,,-6.534E-05,0.024800001
,,,-6.533E-05,0.025600002
,,,-6.532E-05,0.024000001
,,,-6.531E-05,0.023200001
,,,-6.53E-05,0.024800001
,,,-6.529E-05,0.024800001
,,,-6.528E-05,0.024000001
,,,-6.527E-05,0.023200001
,,,-6.526E-05,0.024000001
,,,-6.525E-05,0.024000001
,,,-6.524E-05,0.024000001
,,,-6.523E-05,0.025600002
,,,-6.522E-05,0.024000001
,,,-6.521E-05,0.024800001
,,,-6.52E-05,0.024800001
,,,-6.519E-05,0.024000001
,,,-6.518E-05,0.025600002
,,,-6.517E-05,0.024800001
,,,-6.516E-05,0.024800001
,,,-6.515E-05,0.023200001
,,,-6.514E-05,0.024000001
,,,-6.513E-05,0.024000001
,,,-6.512E-05,0.024800001
,,,-6.511E-05,0.023200001
,,,-6.51E-05,0.024000001
,,,-6.509E-05,0.024000001
,,,-6.508E-05,0.024000001
,,,-6.507E-05,0.024800001
,,,-6.506E-05,0.025600002
,,,-6.505E-05,0.024800001
,,,-6.504E-05,0.024000001
,,,-6.503E-05,0.024800001
,,,-6.502E-05,0.024800001
,,,-6.501E-05,0.024000001
,,,-6.5E-05,0.024000001
,,,-6.499E-05,0.023200001
,,,-6.498E-05,0.024000001
,,,-6.497E-05,0.024000001
,,,-6.496E-05,0.024000001
,,,-6.495E-05,0.024000001
,,,-6.494E-05,0.024800001
,,,-6.493E-05,0.025600002
,,,-6.492E-05,0.024000001
,,,-6.491E-05,0.024000001
,,,-6.49E-05,0.024000001
,,,-6.489E-05,0.026400002
,,,-6.488E-05,0.024000001
,,,-6.487E-05,0.025600002
,,,-6.486E-05,0.023200001
,,,-6.485E-05,0.023200001
,,,-6.484E-05,0.024000001
,,,-6.483E-05,0.024000001
,,,-6.482E-05,0.025600002
,,,-6.481E-05,0.022400001
,,,-6.48E-05,0.024000001
,,,-6.479E-05,0.024800001
,,,-6.478E-05,0.024000001
,,,-6.477E-05,0.024800001
,,,-6.476E-05,0.024800001
,,,-6.475E-05,0.024000001
,,,-6.474E-05,0.024800001
,,,-6.473E-05,0.026400002
,,,-6.472E-05,0.025600002
,,,-6.471E-05,0.024000001
,,,-6.47E-05,0.026400002
,,,-6.469E-05,0.024800001
,,,-6.468E-05,0.024000001
,,,-6.467E-05,0.024800001
,,,-6.466E-05,0.023200001
,,,-6.465E-05,0.024000001
,,,-6.464E-05,0.024000001
,,,-6.463E-05,0.024000001
,,,-6.462E-05,0.024800001
,,,-6.461E-05,0.024000001
,,,-6.46E-05,0.024000001
,,,-6.459E-05,0.024000001
,,,-6.458E-05,0.024000001
,,,-6.457E-05,0.024800001
,,,-6.456E-05,0.024800001
,,,-6.455E-05,0.024000001
,,,-6.454E-05,0.024800001
,,,-6.453E-05,0.024800001
,,,-6.452E-05,0.024000001
,,,-6.451E-05,0.024000001
,,,-6.45E-05,0.024000001
,,,-6.449E-05,0.024000001
,,,-6.448E-05,0.024800001
,,,-6.447E-05,0.024000001
,,,-6.446E-05,0.024000001
,,,-6.445E-05,0.024800001
,,,-6.444E-05,0.026400002
,,,-6.443E-05,0.024000001
,,,-6.442E-05,0.024800001
,,,-6.441E-05,0.024000001
,,,-6.44E-05,0.024800001
,,,-6.439E-05,0.024000001
,,,-6.438E-05,0.023200001
,,,-6.437E-05,0.024800001
,,,-6.436E-05,0.023200001
,,,-6.435E-05,0.024000001
,,,-6.434E-05,0.024800001
,,,-6.433E-05,0.022400001
,,,-6.432E-05,0.024800001
,,,-6.431E-05,0.024800001
,,,-6.43E-05,0.025600002
,,,-6.429E-05,0.023200001
,,,-6.428E-05,0.024000001
,,,-6.427E-05,0.023200001
,,,-6.426E-05,0.024800001
,,,-6.425E-05,0.024000001
,,,-6.424E-05,0.023200001
,,,-6.423E-05,0.024000001
,,,-6.422E-05,0.024000001
,,,-6.421E-05,0.024800001
,,,-6.42E-05,0.022400001
,,,-6.419E-05,0.023200001
,,,-6.418E-05,0.024000001
,,,-6.417E-05,0.024000001
,,,-6.416E-05,0.025600002
,,,-6.415E-05,0.025600002
,,,-6.414E-05,0.024800001
,,,-6.413E-05,0.023200001
,,,-6.412E-05,0.024800001
,,,-6.411E-05,0.024800001
,,,-6.41E-05,0.023200001
,,,-6.409E-05,0.023200001
,,,-6.408E-05,0.024000001
,,,-6.407E-05,0.025600002
,,,-6.406E-05,0.024000001
,,,-6.405E-05,0.024800001
,,,-6.404E-05,0.024800001
,,,-6.403E-05,0.024000001
,,,-6.402E-05,0.023200001
,,,-6.401E-05,0.024800001
,,,-6.4E-05,0.024000001
,,,-6.399E-05,0.025600002
,,,-6.398E-05,0.024800001
,,,-6.397E-05,0.024000001
,,,-6.396E-05,0.025600002
,,,-6.395E-05,0.025600002
,,,-6.394E-05,0.023200001
,,,-6.393E-05,0.024000001
,,,-6.392E-05,0.024000001
,,,-6.391E-05,0.024000001
,,,-6.39E-05,0.024000001
,,,-6.389E-05,0.024000001
,,,-6.388E-05,0.024000001
,,,-6.387E-05,0.023200001
,,,-6.386E-05,0.024000001
,,,-6.385E-05,0.024000001
,,,-6.384E-05,0.024000001
,,,-6.383E-05,0.024000001
,,,-6.382E-05,0.023200001
,,,-6.381E-05,0.025600002
,,,-6.38E-05,0.025600002
,,,-6.379E-05,0.024800001
,,,-6.378E-05,0.024000001
,,,-6.377E-05,0.024000001
,,,-6.376E-05,0.025600002
,,,-6.375E-05,0.025600002
,,,-6.374E-05,0.024800001
,,,-6.373E-05,0.022400001
,,,-6.372E-05,0.024000001
,,,-6.371E-05,0.024000001
,,,-6.37E-05,0.024000001
,,,-6.369E-05,0.024000001
,,,-6.368E-05,0.022400001
,,,-6.367E-05,0.024000001
,,,-6.366E-05,0.022400001
,,,-6.365E-05,0.024800001
,,,-6.364E-05,0.024000001
,,,-6.363E-05,0.024000001
,,,-6.362E-05,0.024000001
,,,-6.361E-05,0.024000001
,,,-6.36E-05,0.022400001
,,,-6.359E-05,0.024800001
,,,-6.358E-05,0.024800001
,,,-6.357E-05,0.024000001
,,,-6.356E-05,0.024800001
,,,-6.355E-05,0.024000001
,,,-6.354E-05,0.024800001
,,,-6.353E-05,0.025600002
,,,-6.352E-05,0.024000001
,,,-6.351E-05,0.024800001
,,,-6.35E-05,0.024000001
,,,-6.349E-05,0.023200001
,,,-6.348E-05,0.024800001
,,,-6.347E-05,0.024000001
,,,-6.346E-05,0.024000001
,,,-6.345E-05,0.024000001
,,,-6.344E-05,0.024000001
,,,-6.343E-05,0.024800001
,,,-6.342E-05,0.024000001
,,,-6.341E-05,0.024800001
,,,-6.34E-05,0.025600002
,,,-6.339E-05,0.024800001
,,,-6.338E-05,0.024000001
,,,-6.337E-05,0.024000001
,,,-6.336E-05,0.024800001
,,,-6.335E-05,0.025600002
,,,-6.334E-05,0.025600002
,,,-6.333E-05,0.023200001
,,,-6.332E-05,0.024800001
,,,-6.331E-05,0.024000001
,,,-6.33E-05,0.024800001
,,,-6.329E-05,0.024800001
,,,-6.328E-05,0.022400001
,,,-6.327E-05,0.025600002
,,,-6.326E-05,0.024000001
,,,-6.325E-05,0.024800001
,,,-6.324E-05,0.024800001
,,,-6.323E-05,0.024000001
,,,-6.322E-05,0.025600002
,,,-6.321E-05,0.023200001
,,,-6.32E-05,0.024000001
,,,-6.319E-05,0.024000001
,,,-6.318E-05,0.024800001
,,,-6.317E-05,0.024000001
,,,-6.316E-05,0.023200001
,,,-6.315E-05,0.024000001
,,,-6.314E-05,0.024000001
,,,-6.313E-05,0.025600002
,,,-6.312E-05,0.024800001
,,,-6.311E-05,0.023200001
,,,-6.31E-05,0.024000001
,,,-6.309E-05,0.024000001
,,,-6.308E-05,0.022400001
,,,-6.307E-05,0.023200001
,,,-6.306E-05,0.024800001
,,,-6.305E-05,0.023200001
,,,-6.304E-05,0.024000001
,,,-6.303E-05,0.024000001
,,,-6.302E-05,0.024000001
,,,-6.301E-05,0.024000001
,,,-6.3E-05,0.024000001
,,,-6.299E-05,0.024000001
,,,-6.298E-05,0.024800001
,,,-6.297E-05,0.024000001
,,,-6.296E-05,0.023200001
,,,-6.295E-05,0.021600001
,,,-6.294E-05,0.024000001
,,,-6.293E-05,0.024000001
,,,-6.292E-05,0.024800001
,,,-6.291E-05,0.024000001
,,,-6.29E-05,0.024800001
,,,-6.289E-05,0.023200001
,,,-6.288E-05,0.025600002
,,,-6.287E-05,0.024800001
,,,-6.286E-05,0.024000001
,,,-6.285E-05,0.023200001
,,,-6.284E-05,0.023200001
,,,-6.283E-05,0.024000001
,,,-6.282E-05,0.023200001
,,,-6.281E-05,0.027200002
,,,-6.28E-05,0.024800001
,,,-6.279E-05,0.025600002
,,,-6.278E-05,0.023200001
,,,-6.277E-05,0.024800001
,,,-6.276E-05,0.024000001
,,,-6.275E-05,0.026400002
,,,-6.274E-05,0.024000001
,,,-6.273E-05,0.024800001
,,,-6.272E-05,0.024000001
,,,-6.271E-05,0.022400001
,,,-6.27E-05,0.024800001
,,,-6.269E-05,0.023200001
,,,-6.268E-05,0.024800001
,,,-6.267E-05,0.025600002
,,,-6.266E-05,0.024800001
,,,-6.265E-05,0.024000001
,,,-6.264E-05,0.024000001
,,,-6.263E-05,0.024000001
,,,-6.262E-05,0.024000001
,,,-6.261E-05,0.024800001
,,,-6.26E-05,0.022400001
,,,-6.259E-05,0.024000001
,,,-6.258E-05,0.024800001
,,,-6.257E-05,0.024000001
,,,-6.256E-05,0.023200001
,,,-6.255E-05,0.024000001
,,,-6.254E-05,0.025600002
,,,-6.253E-05,0.022400001
,,,-6.252E-05,0.025600002
,,,-6.251E-05,0.024800001
,,,-6.25E-05,0.025600002
,,,-6.249E-05,0.022400001
,,,-6.248E-05,0.024000001
,,,-6.247E-05,0.023200001
,,,-6.246E-05,0.024000001
,,,-6.245E-05,0.024000001
,,,-6.244E-05,0.023200001
,,,-6.243E-05,0.024000001
,,,-6.242E-05,0.024800001
,,,-6.241E-05,0.024800001
,,,-6.24E-05,0.024800001
,,,-6.239E-05,0.024800001
,,,-6.238E-05,0.025600002
,,,-6.237E-05,0.023200001
,,,-6.236E-05,0.024000001
,,,-6.235E-05,0.025600002
,,,-6.234E-05,0.024800001
,,,-6.233E-05,0.023200001
,,,-6.232E-05,0.024800001
,,,-6.231E-05,0.024800001
,,,-6.23E-05,0.024800001
,,,-6.229E-05,0.024800001
,,,-6.228E-05,0.024000001
,,,-6.227E-05,0.025600002
,,,-6.226E-05,0.024800001
,,,-6.225E-05,0.024000001
,,,-6.224E-05,0.024800001
,,,-6.223E-05,0.024800001
,,,-6.222E-05,0.024000001
,,,-6.221E-05,0.024000001
,,,-6.22E-05,0.025600002
,,,-6.219E-05,0.023200001
,,,-6.218E-05,0.024800001
,,,-6.217E-05,0.024000001
,,,-6.216E-05,0.024800001
,,,-6.215E-05,0.024000001
,,,-6.214E-05,0.024000001
,,,-6.213E-05,0.024800001
,,,-6.212E-05,0.024000001
,,,-6.211E-05,0.024000001
,,,-6.21E-05,0.024000001
,,,-6.209E-05,0.023200001
,,,-6.208E-05,0.024000001
,,,-6.207E-05,0.024000001
,,,-6.206E-05,0.024000001
,,,-6.205E-05,0.024000001
,,,-6.204E-05,0.024000001
,,,-6.203E-05,0.023200001
,,,-6.202E-05,0.025600002
,,,-6.201E-05,0.024800001
,,,-6.2E-05,0.024800001
,,,-6.199E-05,0.024800001
,,,-6.198E-05,0.024000001
,,,-6.197E-05,0.024800001
,,,-6.196E-05,0.024000001
,,,-6.195E-05,0.023200001
,,,-6.194E-05,0.024000001
,,,-6.193E-05,0.024000001
,,,-6.192E-05,0.022400001
,,,-6.191E-05,0.024000001
,,,-6.19E-05,0.026400002
,,,-6.189E-05,0.027200002
,,,-6.188E-05,0.023200001
,,,-6.187E-05,0.020000001
,,,-6.186E-05,0.022400001
,,,-6.185E-05,0.024800001
,,,-6.184E-05,0.028800002
,,,-6.183E-05,0.029600002
,,,-6.182E-05,0.025600002
,,,-6.181E-05,0.021600001
,,,-6.18E-05,0.019200001
,,,-6.179E-05,0.021600001
,,,-6.178E-05,0.025600002
,,,-6.177E-05,0.028000002
,,,-6.176E-05,0.029600002
,,,-6.175E-05,0.024000001
,,,-6.174E-05,0.021600001
,,,-6.173E-05,0.020000001
,,,-6.172E-05,0.024000001
,,,-6.171E-05,0.025600002
,,,-6.17E-05,0.028800002
,,,-6.169E-05,0.025600002
,,,-6.168E-05,0.023200001
,,,-6.167E-05,0.021600001
,,,-6.166E-05,0.021600001
,,,-6.165E-05,0.024800001
,,,-6.164E-05,0.025600002
,,,-6.163E-05,0.027200002
,,,-6.162E-05,0.027200002
,,,-6.161E-05,0.024000001
,,,-6.16E-05,0.021600001
,,,-6.159E-05,0.024000001
,,,-6.158E-05,0.024800001
,,,-6.157E-05,0.025600002
,,,-6.156E-05,0.028000002
,,,-6.155E-05,0.024800001
,,,-6.154E-05,0.023200001
,,,-6.153E-05,0.023200001
,,,-6.152E-05,0.024800001
,,,-6.151E-05,0.024800001
,,,-6.15E-05,0.024800001
,,,-6.149E-05,0.027200002
,,,-6.148E-05,0.023200001
,,,-6.147E-05,0.024000001
,,,-6.146E-05,0.024800001
,,,-6.145E-05,0.024000001
,,,-6.144E-05,0.026400002
,,,-6.143E-05,0.025600002
,,,-6.142E-05,0.024800001
,,,-6.141E-05,0.023200001
,,,-6.14E-05,0.024000001
,,,-6.139E-05,0.023200001
,,,-6.138E-05,0.024000001
,,,-6.137E-05,0.024800001
,,,-6.136E-05,0.023200001
,,,-6.135E-05,0.025600002
,,,-6.134E-05,0.024000001
,,,-6.133E-05,0.024000001
,,,-6.132E-05,0.024000001
,,,-6.131E-05,0.024000001
,,,-6.13E-05,0.024000001
,,,-6.129E-05,0.024000001
,,,-6.128E-05,0.027200002
,,,-6.127E-05,0.025600002
,,,-6.126E-05,0.024000001
,,,-6.125E-05,0.024800001
,,,-6.124E-05,0.024000001
,,,-6.123E-05,0.024000001
,,,-6.122E-05,0.025600002
,,,-6.121E-05,0.024800001
,,,-6.12E-05,0.024000001
,,,-6.119E-05,0.022400001
,,,-6.118E-05,0.024800001
,,,-6.117E-05,0.024800001
,,,-6.116E-05,0.023200001
,,,-6.115E-05,0.024800001
,,,-6.114E-05,0.024000001
,,,-6.113E-05,0.024000001
,,,-6.112E-05,0.023200001
,,,-6.111E-05,0.025600002
,,,-6.11E-05,0.024800001
,,,-6.109E-05,0.025600002
,,,-6.108E-05,0.024800001
,,,-6.107E-05,0.024000001
,,,-6.106E-05,0.024000001
,,,-6.105E-05,0.025600002
,,,-6.104E-05,0.024000001
,,,-6.103E-05,0.024000001
,,,-6.102E-05,0.024000001
,,,-6.101E-05,0.023200001
,,,-6.1E-05,0.026400002
,,,-6.099E-05,0.024800001
,,,-6.098E-05,0.022400001
,,,-6.097E-05,0.023200001
,,,-6.096E-05,0.024800001
,,,-6.095E-05,0.024000001
,,,-6.094E-05,0.024800001
,,,-6.093E-05,0.025600002
,,,-6.092E-05,0.024000001
,,,-6.091E-05,0.024000001
,,,-6.09E-05,0.024800001
,,,-6.089E-05,0.025600002
,,,-6.088E-05,0.022400001
,,,-6.087E-05,0.024000001
,,,-6.086E-05,0.024000001
,,,-6.085E-05,0.024000001
,,,-6.084E-05,0.024000001
,,,-6.083E-05,0.026400002
,,,-6.082E-05,0.024800001
,,,-6.081E-05,0.024000001
,,,-6.08E-05,0.025600002
,,,-6.079E-05,0.024000001
,,,-6.078E-05,0.024000001
,,,-6.077E-05,0.024000001
,,,-6.076E-05,0.025600002
,,,-6.075E-05,0.024800001
,,,-6.074E-05,0.022400001
,,,-6.073E-05,0.024800001
,,,-6.072E-05,0.024000001
,,,-6.071E-05,0.024800001
,,,-6.07E-05,0.024000001
,,,-6.069E-05,0.024000001
,,,-6.068E-05,0.024000001
,,,-6.067E-05,0.024000001
,,,-6.066E-05,0.023200001
,,,-6.065E-05,0.024800001
,,,-6.064E-05,0.024800001
,,,-6.063E-05,0.024800001
,,,-6.062E-05,0.024000001
,,,-6.061E-05,0.024000001
,,,-6.06E-05,0.024000001
,,,-6.059E-05,0.024000001
,,,-6.058E-05,0.024000001
,,,-6.057E-05,0.022400001
,,,-6.056E-05,0.024000001
,,,-6.055E-05,0.024800001
,,,-6.054E-05,0.024000001
,,,-6.053E-05,0.024000001
,,,-6.052E-05,0.025600002
,,,-6.051E-05,0.024000001
,,,-6.05E-05,0.024800001
,,,-6.049E-05,0.024800001
,,,-6.048E-05,0.024000001
,,,-6.047E-05,0.025600002
,,,-6.046E-05,0.023200001
,,,-6.045E-05,0.023200001
,,,-6.044E-05,0.024000001
,,,-6.043E-05,0.024000001
,,,-6.042E-05,0.024800001
,,,-6.041E-05,0.024000001
,,,-6.04E-05,0.024000001
,,,-6.039E-05,0.024800001
,,,-6.038E-05,0.025600002
,,,-6.037E-05,0.024000001
,,,-6.036E-05,0.023200001
,,,-6.035E-05,0.025600002
,,,-6.034E-05,0.024000001
,,,-6.033E-05,0.024000001
,,,-6.032E-05,0.022400001
,,,-6.031E-05,0.024000001
,,,-6.03E-05,0.024000001
,,,-6.029E-05,0.024800001
,,,-6.028E-05,0.024000001
,,,-6.027E-05,0.024800001
,,,-6.026E-05,0.024800001
,,,-6.025E-05,0.024000001
,,,-6.024E-05,0.023200001
,,,-6.023E-05,0.024800001
,,,-6.022E-05,0.023200001
,,,-6.021E-05,0.025600002
,,,-6.02E-05,0.025600002
,,,-6.019E-05,0.024000001
,,,-6.018E-05,0.024000001
,,,-6.017E-05,0.024800001
,,,-6.016E-05,0.024800001
,,,-6.015E-05,0.024800001
,,,-6.014E-05,0.022400001
,,,-6.013E-05,0.024000001
,,,-6.012E-05,0.023200001
,,,-6.011E-05,0.024000001
,,,-6.01E-05,0.025600002
,,,-6.009E-05,0.024000001
,,,-6.008E-05,0.024800001
,,,-6.007E-05,0.024800001
,,,-6.006E-05,0.027200002
,,,-6.005E-05,0.025600002
,,,-6.004E-05,0.025600002
,,,-6.003E-05,0.024000001
,,,-6.002E-05,0.024800001
,,,-6.001E-05,0.023200001
,,,-6E-05,0.024800001
,,,-5.999E-05,0.024000001
,,,-5.998E-05,0.024000001
,,,-5.997E-05,0.024000001
,,,-5.996E-05,0.023200001
,,,-5.995E-05,0.024000001
,,,-5.994E-05,0.024000001
,,,-5.993E-05,0.024000001
,,,-5.992E-05,0.024000001
,,,-5.991E-05,0.024000001
,,,-5.99E-05,0.024000001
,,,-5.989E-05,0.024000001
,,,-5.988E-05,0.024800001
,,,-5.987E-05,0.025600002
,,,-5.986E-05,0.024800001
,,,-5.985E-05,0.024800001
,,,-5.984E-05,0.024000001
,,,-5.983E-05,0.026400002
,,,-5.982E-05,0.024000001
,,,-5.981E-05,0.024000001
,,,-5.98E-05,0.024000001
,,,-5.979E-05,0.024000001
,,,-5.978E-05,0.025600002
,,,-5.977E-05,0.024800001
,,,-5.976E-05,0.024000001
,,,-5.975E-05,0.025600002
,,,-5.974E-05,0.024000001
,,,-5.973E-05,0.024800001
,,,-5.972E-05,0.025600002
,,,-5.971E-05,0.024000001
,,,-5.97E-05,0.026400002
,,,-5.969E-05,0.024000001
,,,-5.968E-05,0.022400001
,,,-5.967E-05,0.024000001
,,,-5.966E-05,0.024000001
,,,-5.965E-05,0.023200001
,,,-5.964E-05,0.024800001
,,,-5.963E-05,0.024800001
,,,-5.962E-05,0.024800001
,,,-5.961E-05,0.024000001
,,,-5.96E-05,0.024000001
,,,-5.959E-05,0.024000001
,,,-5.958E-05,0.025600002
,,,-5.957E-05,0.024000001
,,,-5.956E-05,0.024000001
,,,-5.955E-05,0.024000001
,,,-5.954E-05,0.024000001
,,,-5.953E-05,0.024000001
,,,-5.952E-05,0.024000001
,,,-5.951E-05,0.024000001
,,,-5.95E-05,0.023200001
,,,-5.949E-05,0.024000001
,,,-5.948E-05,0.024800001
,,,-5.947E-05,0.024000001
,,,-5.946E-05,0.025600002
,,,-5.945E-05,0.024000001
,,,-5.944E-05,0.024000001
,,,-5.943E-05,0.024800001
,,,-5.942E-05,0.025600002
,,,-5.941E-05,0.024000001
,,,-5.94E-05,0.024000001
,,,-5.939E-05,0.024000001
,,,-5.938E-05,0.024800001
,,,-5.937E-05,0.024800001
,,,-5.936E-05,0.024000001
,,,-5.935E-05,0.022400001
,,,-5.934E-05,0.025600002
,,,-5.933E-05,0.026400002
,,,-5.932E-05,0.021600001
,,,-5.931E-05,0.024000001
,,,-5.93E-05,0.024800001
,,,-5.929E-05,0.024000001
,,,-5.928E-05,0.026400002
,,,-5.927E-05,0.024800001
,,,-5.926E-05,0.024000001
,,,-5.925E-05,0.024000001
,,,-5.924E-05,0.024000001
,,,-5.923E-05,0.023200001
,,,-5.922E-05,0.025600002
,,,-5.921E-05,0.025600002
,,,-5.92E-05,0.022400001
,,,-5.919E-05,0.023200001
,,,-5.918E-05,0.024000001
,,,-5.917E-05,0.024800001
,,,-5.916E-05,0.024000001
,,,-5.915E-05,0.023200001
,,,-5.914E-05,0.024800001
,,,-5.913E-05,0.023200001
,,,-5.912E-05,0.024000001
,,,-5.911E-05,0.023200001
,,,-5.91E-05,0.024000001
,,,-5.909E-05,0.022400001
,,,-5.908E-05,0.024000001
,,,-5.907E-05,0.024000001
,,,-5.906E-05,0.024000001
,,,-5.905E-05,0.024000001
,,,-5.904E-05,0.024000001
,,,-5.903E-05,0.024000001
,,,-5.902E-05,0.024800001
,,,-5.901E-05,0.024000001
,,,-5.9E-05,0.024000001
,,,-5.899E-05,0.024000001
,,,-5.898E-05,0.024000001
,,,-5.897E-05,0.024800001
,,,-5.896E-05,0.024000001
,,,-5.895E-05,0.023200001
,,,-5.894E-05,0.024800001
,,,-5.893E-05,0.024000001
,,,-5.892E-05,0.024000001
,,,-5.891E-05,0.025600002
,,,-5.89E-05,0.023200001
,,,-5.889E-05,0.024800001
,,,-5.888E-05,0.024800001
,,,-5.887E-05,0.024800001
,,,-5.886E-05,0.024000001
,,,-5.885E-05,0.024800001
,,,-5.884E-05,0.023200001
,,,-5.883E-05,0.023200001
,,,-5.882E-05,0.024000001
,,,-5.881E-05,0.023200001
,,,-5.88E-05,0.024000001
,,,-5.879E-05,0.024000001
,,,-5.878E-05,0.024800001
,,,-5.877E-05,0.024000001
,,,-5.876E-05,0.025600002
,,,-5.875E-05,0.024800001
,,,-5.874E-05,0.024000001
,,,-5.873E-05,0.024000001
,,,-5.872E-05,0.022400001
,,,-5.871E-05,0.023200001
,,,-5.87E-05,0.024000001
,,,-5.869E-05,0.023200001
,,,-5.868E-05,0.023200001
,,,-5.867E-05,0.024000001
,,,-5.866E-05,0.025600002
,,,-5.865E-05,0.025600002
,,,-5.864E-05,0.024000001
,,,-5.863E-05,0.024000001
,,,-5.862E-05,0.024800001
,,,-5.861E-05,0.024000001
,,,-5.86E-05,0.024000001
,,,-5.859E-05,0.025600002
,,,-5.858E-05,0.024000001
,,,-5.857E-05,0.024000001
,,,-5.856E-05,0.023200001
,,,-5.855E-05,0.024000001
,,,-5.854E-05,0.025600002
,,,-5.853E-05,0.024000001
,,,-5.852E-05,0.024800001
,,,-5.851E-05,0.024000001
,,,-5.85E-05,0.024000001
,,,-5.849E-05,0.024000001
,,,-5.848E-05,0.025600002
,,,-5.847E-05,0.024000001
,,,-5.846E-05,0.024800001
,,,-5.845E-05,0.023200001
,,,-5.844E-05,0.024800001
,,,-5.843E-05,0.025600002
,,,-5.842E-05,0.024000001
,,,-5.841E-05,0.024000001
,,,-5.84E-05,0.024800001
,,,-5.839E-05,0.023200001
,,,-5.838E-05,0.024000001
,,,-5.837E-05,0.025600002
,,,-5.836E-05,0.024800001
,,,-5.835E-05,0.024000001
,,,-5.834E-05,0.024000001
,,,-5.833E-05,0.024000001
,,,-5.832E-05,0.025600002
,,,-5.831E-05,0.024000001
,,,-5.83E-05,0.025600002
,,,-5.829E-05,0.024800001
,,,-5.828E-05,0.023200001
,,,-5.827E-05,0.024000001
,,,-5.826E-05,0.024000001
,,,-5.825E-05,0.024000001
,,,-5.824E-05,0.024000001
,,,-5.823E-05,0.025600002
,,,-5.822E-05,0.024800001
,,,-5.821E-05,0.023200001
,,,-5.82E-05,0.024800001
,,,-5.819E-05,0.024000001
,,,-5.818E-05,0.024000001
,,,-5.817E-05,0.023200001
,,,-5.816E-05,0.024000001
,,,-5.815E-05,0.024800001
,,,-5.814E-05,0.024000001
,,,-5.813E-05,0.024000001
,,,-5.812E-05,0.024000001
,,,-5.811E-05,0.024800001
,,,-5.81E-05,0.023200001
,,,-5.809E-05,0.023200001
,,,-5.808E-05,0.025600002
,,,-5.807E-05,0.027200002
,,,-5.806E-05,0.024000001
,,,-5.805E-05,0.023200001
,,,-5.804E-05,0.023200001
,,,-5.803E-05,0.024000001
,,,-5.802E-05,0.024800001
,,,-5.801E-05,0.024800001
,,,-5.8E-05,0.023200001
,,,-5.799E-05,0.022400001
,,,-5.798E-05,0.025600002
,,,-5.797E-05,0.024000001
,,,-5.796E-05,0.025600002
,,,-5.795E-05,0.024800001
,,,-5.794E-05,0.024000001
,,,-5.793E-05,0.024000001
,,,-5.792E-05,0.023200001
,,,-5.791E-05,0.021600001
,,,-5.79E-05,0.024800001
,,,-5.789E-05,0.024000001
,,,-5.788E-05,0.024000001
,,,-5.787E-05,0.024000001
,,,-5.786E-05,0.024000001
,,,-5.785E-05,0.025600002
,,,-5.784E-05,0.024800001
,,,-5.783E-05,0.023200001
,,,-5.782E-05,0.023200001
,,,-5.781E-05,0.024000001
,,,-5.78E-05,0.024800001
,,,-5.779E-05,0.024800001
,,,-5.778E-05,0.024000001
,,,-5.777E-05,0.022400001
,,,-5.776E-05,0.024800001
,,,-5.775E-05,0.024000001
,,,-5.774E-05,0.024000001
,,,-5.773E-05,0.023200001
,,,-5.772E-05,0.024800001
,,,-5.771E-05,0.024800001
,,,-5.77E-05,0.024000001
,,,-5.769E-05,0.024800001
,,,-5.768E-05,0.024000001
,,,-5.767E-05,0.024000001
,,,-5.766E-05,0.024800001
,,,-5.765E-05,0.024000001
,,,-5.764E-05,0.024000001
,,,-5.763E-05,0.025600002
,,,-5.762E-05,0.024000001
,,,-5.761E-05,0.024000001
,,,-5.76E-05,0.024000001
,,,-5.759E-05,0.023200001
,,,-5.758E-05,0.024800001
,,,-5.757E-05,0.023200001
,,,-5.756E-05,0.024000001
,,,-5.755E-05,0.024800001
,,,-5.754E-05,0.024800001
,,,-5.753E-05,0.024000001
,,,-5.752E-05,0.024000001
,,,-5.751E-05,0.024000001
,,,-5.75E-05,0.024800001
,,,-5.749E-05,0.022400001
,,,-5.748E-05,0.024800001
,,,-5.747E-05,0.025600002
,,,-5.746E-05,0.024000001
,,,-5.745E-05,0.023200001
,,,-5.744E-05,0.024000001
,,,-5.743E-05,0.022400001
,,,-5.742E-05,0.025600002
,,,-5.741E-05,0.024000001
,,,-5.74E-05,0.024000001
,,,-5.739E-05,0.024800001
,,,-5.738E-05,0.024800001
,,,-5.737E-05,0.026400002
,,,-5.736E-05,0.024000001
,,,-5.735E-05,0.024000001
,,,-5.734E-05,0.024800001
,,,-5.733E-05,0.024000001
,,,-5.732E-05,0.024000001
,,,-5.731E-05,0.024000001
,,,-5.73E-05,0.024000001
,,,-5.729E-05,0.024000001
,,,-5.728E-05,0.025600002
,,,-5.727E-05,0.023200001
,,,-5.726E-05,0.025600002
,,,-5.725E-05,0.023200001
,,,-5.724E-05,0.024800001
,,,-5.723E-05,0.024800001
,,,-5.722E-05,0.024800001
,,,-5.721E-05,0.024000001
,,,-5.72E-05,0.024000001
,,,-5.719E-05,0.023200001
,,,-5.718E-05,0.024000001
,,,-5.717E-05,0.023200001
,,,-5.716E-05,0.024000001
,,,-5.715E-05,0.024000001
,,,-5.714E-05,0.024000001
,,,-5.713E-05,0.024000001
,,,-5.712E-05,0.024800001
,,,-5.711E-05,0.024000001
,,,-5.71E-05,0.024000001
,,,-5.709E-05,0.024800001
,,,-5.708E-05,0.024800001
,,,-5.707E-05,0.025600002
,,,-5.706E-05,0.024800001
,,,-5.705E-05,0.024000001
,,,-5.704E-05,0.024800001
,,,-5.703E-05,0.024800001
,,,-5.702E-05,0.024800001
,,,-5.701E-05,0.024000001
,,,-5.7E-05,0.024800001
,,,-5.699E-05,0.024000001
,,,-5.698E-05,0.024000001
,,,-5.697E-05,0.023200001
,,,-5.696E-05,0.024000001
,,,-5.695E-05,0.024000001
,,,-5.694E-05,0.024000001
,,,-5.693E-05,0.024000001
,,,-5.692E-05,0.023200001
,,,-5.691E-05,0.024800001
,,,-5.69E-05,0.024000001
,,,-5.689E-05,0.024800001
,,,-5.688E-05,0.024800001
,,,-5.687E-05,0.024800001
,,,-5.686E-05,0.024800001
,,,-5.685E-05,0.024800001
,,,-5.684E-05,0.025600002
,,,-5.683E-05,0.024000001
,,,-5.682E-05,0.024800001
,,,-5.681E-05,0.024800001
,,,-5.68E-05,0.024800001
,,,-5.679E-05,0.025600002
,,,-5.678E-05,0.025600002
,,,-5.677E-05,0.024800001
,,,-5.676E-05,0.024800001
,,,-5.675E-05,0.022400001
,,,-5.674E-05,0.023200001
,,,-5.673E-05,0.024800001
,,,-5.672E-05,0.023200001
,,,-5.671E-05,0.023200001
,,,-5.67E-05,0.024000001
,,,-5.669E-05,0.024800001
,,,-5.668E-05,0.024000001
,,,-5.667E-05,0.023200001
,,,-5.666E-05,0.024800001
,,,-5.665E-05,0.022400001
,,,-5.664E-05,0.024800001
,,,-5.663E-05,0.024800001
,,,-5.662E-05,0.023200001
,,,-5.661E-05,0.023200001
,,,-5.66E-05,0.024800001
,,,-5.659E-05,0.024000001
,,,-5.658E-05,0.024800001
,,,-5.657E-05,0.024800001
,,,-5.656E-05,0.024000001
,,,-5.655E-05,0.023200001
,,,-5.654E-05,0.024800001
,,,-5.653E-05,0.024800001
,,,-5.652E-05,0.024800001
,,,-5.651E-05,0.024800001
,,,-5.65E-05,0.024000001
,,,-5.649E-05,0.024000001
,,,-5.648E-05,0.024000001
,,,-5.647E-05,0.025600002
,,,-5.646E-05,0.024000001
,,,-5.645E-05,0.024000001
,,,-5.644E-05,0.024000001
,,,-5.643E-05,0.024800001
,,,-5.642E-05,0.023200001
,,,-5.641E-05,0.024000001
,,,-5.64E-05,0.024000001
,,,-5.639E-05,0.023200001
,,,-5.638E-05,0.023200001
,,,-5.637E-05,0.024000001
,,,-5.636E-05,0.024000001
,,,-5.635E-05,0.023200001
,,,-5.634E-05,0.023200001
,,,-5.633E-05,0.024800001
,,,-5.632E-05,0.024800001
,,,-5.631E-05,0.023200001
,,,-5.63E-05,0.025600002
,,,-5.629E-05,0.023200001
,,,-5.628E-05,0.024800001
,,,-5.627E-05,0.024800001
,,,-5.626E-05,0.023200001
,,,-5.625E-05,0.024800001
,,,-5.624E-05,0.023200001
,,,-5.623E-05,0.024000001
,,,-5.622E-05,0.024000001
,,,-5.621E-05,0.024800001
,,,-5.62E-05,0.023200001
,,,-5.619E-05,0.024000001
,,,-5.618E-05,0.024800001
,,,-5.617E-05,0.023200001
,,,-5.616E-05,0.024000001
,,,-5.615E-05,0.025600002
,,,-5.614E-05,0.024800001
,,,-5.613E-05,0.025600002
,,,-5.612E-05,0.024800001
,,,-5.611E-05,0.024000001
,,,-5.61E-05,0.023200001
,,,-5.609E-05,0.024000001
,,,-5.608E-05,0.023200001
,,,-5.607E-05,0.024000001
,,,-5.606E-05,0.023200001
,,,-5.605E-05,0.024000001
,,,-5.604E-05,0.024000001
,,,-5.603E-05,0.024000001
,,,-5.602E-05,0.024800001
,,,-5.601E-05,0.023200001
,,,-5.6E-05,0.024000001
,,,-5.599E-05,0.024800001
,,,-5.598E-05,0.024000001
,,,-5.597E-05,0.023200001
,,,-5.596E-05,0.024000001
,,,-5.595E-05,0.025600002
,,,-5.594E-05,0.023200001
,,,-5.593E-05,0.023200001
,,,-5.592E-05,0.024000001
,,,-5.591E-05,0.025600002
,,,-5.59E-05,0.024000001
,,,-5.589E-05,0.024000001
,,,-5.588E-05,0.025600002
,,,-5.587E-05,0.024000001
,,,-5.586E-05,0.023200001
,,,-5.585E-05,0.025600002
,,,-5.584E-05,0.024000001
,,,-5.583E-05,0.024000001
,,,-5.582E-05,0.023200001
,,,-5.581E-05,0.023200001
,,,-5.58E-05,0.024800001
,,,-5.579E-05,0.024000001
,,,-5.578E-05,0.024000001
,,,-5.577E-05,0.024000001
,,,-5.576E-05,0.024800001
,,,-5.575E-05,0.024000001
,,,-5.574E-05,0.024800001
,,,-5.573E-05,0.023200001
,,,-5.572E-05,0.025600002
,,,-5.571E-05,0.024800001
,,,-5.57E-05,0.024000001
,,,-5.569E-05,0.024000001
,,,-5.568E-05,0.024800001
,,,-5.567E-05,0.024000001
,,,-5.566E-05,0.024000001
,,,-5.565E-05,0.024800001
,,,-5.564E-05,0.024000001
,,,-5.563E-05,0.024800001
,,,-5.562E-05,0.024000001
,,,-5.561E-05,0.024000001
,,,-5.56E-05,0.025600002
,,,-5.559E-05,0.024000001
,,,-5.558E-05,0.024800001
,,,-5.557E-05,0.024000001
,,,-5.556E-05,0.026400002
,,,-5.555E-05,0.024800001
,,,-5.554E-05,0.024000001
,,,-5.553E-05,0.027200002
,,,-5.552E-05,0.025600002
,,,-5.551E-05,0.024000001
,,,-5.55E-05,0.024000001
,,,-5.549E-05,0.024800001
,,,-5.548E-05,0.023200001
,,,-5.547E-05,0.024800001
,,,-5.546E-05,0.025600002
,,,-5.545E-05,0.024800001
,,,-5.544E-05,0.025600002
,,,-5.543E-05,0.024000001
,,,-5.542E-05,0.023200001
,,,-5.541E-05,0.024000001
,,,-5.54E-05,0.024000001
,,,-5.539E-05,0.024000001
,,,-5.538E-05,0.024800001
,,,-5.537E-05,0.024800001
,,,-5.536E-05,0.024000001
,,,-5.535E-05,0.024000001
,,,-5.534E-05,0.023200001
,,,-5.533E-05,0.023200001
,,,-5.532E-05,0.024800001
,,,-5.531E-05,0.024000001
,,,-5.53E-05,0.024000001
,,,-5.529E-05,0.024800001
,,,-5.528E-05,0.024000001
,,,-5.527E-05,0.023200001
,,,-5.526E-05,0.024000001
,,,-5.525E-05,0.023200001
,,,-5.524E-05,0.023200001
,,,-5.523E-05,0.024800001
,,,-5.522E-05,0.024000001
,,,-5.521E-05,0.024000001
,,,-5.52E-05,0.023200001
,,,-5.519E-05,0.023200001
,,,-5.518E-05,0.024000001
,,,-5.517E-05,0.024000001
,,,-5.516E-05,0.022400001
,,,-5.515E-05,0.024000001
,,,-5.514E-05,0.023200001
,,,-5.513E-05,0.024000001
,,,-5.512E-05,0.023200001
,,,-5.511E-05,0.023200001
,,,-5.51E-05,0.024800001
,,,-5.509E-05,0.024000001
,,,-5.508E-05,0.023200001
,,,-5.507E-05,0.024000001
,,,-5.506E-05,0.024000001
,,,-5.505E-05,0.024800001
,,,-5.504E-05,0.024000001
,,,-5.503E-05,0.024000001
,,,-5.502E-05,0.024800001
,,,-5.501E-05,0.024800001
,,,-5.5E-05,0.024000001
,,,-5.499E-05,0.024800001
,,,-5.498E-05,0.023200001
,,,-5.497E-05,0.025600002
,,,-5.496E-05,0.025600002
,,,-5.495E-05,0.024000001
,,,-5.494E-05,0.024000001
,,,-5.493E-05,0.024000001
,,,-5.492E-05,0.024000001
,,,-5.491E-05,0.024000001
,,,-5.49E-05,0.025600002
,,,-5.489E-05,0.024800001
,,,-5.488E-05,0.024000001
,,,-5.487E-05,0.024000001
,,,-5.486E-05,0.023200001
,,,-5.485E-05,0.022400001
,,,-5.484E-05,0.026400002
,,,-5.483E-05,0.024000001
,,,-5.482E-05,0.024800001
,,,-5.481E-05,0.024800001
,,,-5.48E-05,0.024000001
,,,-5.479E-05,0.024000001
,,,-5.478E-05,0.024000001
,,,-5.477E-05,0.024000001
,,,-5.476E-05,0.024800001
,,,-5.475E-05,0.024800001
,,,-5.474E-05,0.024800001
,,,-5.473E-05,0.024800001
,,,-5.472E-05,0.024000001
,,,-5.471E-05,0.024000001
,,,-5.47E-05,0.024000001
,,,-5.469E-05,0.023200001
,,,-5.468E-05,0.025600002
,,,-5.467E-05,0.024000001
,,,-5.466E-05,0.024000001
,,,-5.465E-05,0.024800001
,,,-5.464E-05,0.025600002
,,,-5.463E-05,0.024000001
,,,-5.462E-05,0.025600002
,,,-5.461E-05,0.023200001
,,,-5.46E-05,0.025600002
,,,-5.459E-05,0.024000001
,,,-5.458E-05,0.024000001
,,,-5.457E-05,0.024800001
,,,-5.456E-05,0.024000001
,,,-5.455E-05,0.023200001
,,,-5.454E-05,0.024000001
,,,-5.453E-05,0.024000001
,,,-5.452E-05,0.024000001
,,,-5.451E-05,0.024800001
,,,-5.45E-05,0.024800001
,,,-5.449E-05,0.024800001
,,,-5.448E-05,0.024000001
,,,-5.447E-05,0.024000001
,,,-5.446E-05,0.024000001
,,,-5.445E-05,0.024000001
,,,-5.444E-05,0.024000001
,,,-5.443E-05,0.024000001
,,,-5.442E-05,0.023200001
,,,-5.441E-05,0.023200001
,,,-5.44E-05,0.024800001
,,,-5.439E-05,0.022400001
,,,-5.438E-05,0.024000001
,,,-5.437E-05,0.025600002
,,,-5.436E-05,0.024000001
,,,-5.435E-05,0.024000001
,,,-5.434E-05,0.024800001
,,,-5.433E-05,0.024000001
,,,-5.432E-05,0.024800001
,,,-5.431E-05,0.022400001
,,,-5.43E-05,0.024000001
,,,-5.429E-05,0.024000001
,,,-5.428E-05,0.024000001
,,,-5.427E-05,0.024000001
,,,-5.426E-05,0.024800001
,,,-5.425E-05,0.023200001
,,,-5.424E-05,0.024000001
,,,-5.423E-05,0.024000001
,,,-5.422E-05,0.024800001
,,,-5.421E-05,0.024000001
,,,-5.42E-05,0.022400001
,,,-5.419E-05,0.024000001
,,,-5.418E-05,0.024000001
,,,-5.417E-05,0.024000001
,,,-5.416E-05,0.026400002
,,,-5.415E-05,0.024800001
,,,-5.414E-05,0.024000001
,,,-5.413E-05,0.025600002
,,,-5.412E-05,0.025600002
,,,-5.411E-05,0.024000001
,,,-5.41E-05,0.024000001
,,,-5.409E-05,0.024000001
,,,-5.408E-05,0.024800001
,,,-5.407E-05,0.024800001
,,,-5.406E-05,0.024800001
,,,-5.405E-05,0.024800001
,,,-5.404E-05,0.024000001
,,,-5.403E-05,0.024000001
,,,-5.402E-05,0.024000001
,,,-5.401E-05,0.024000001
,,,-5.4E-05,0.024800001
,,,-5.399E-05,0.024800001
,,,-5.398E-05,0.023200001
,,,-5.397E-05,0.024800001
,,,-5.396E-05,0.024000001
,,,-5.395E-05,0.023200001
,,,-5.394E-05,0.024800001
,,,-5.393E-05,0.023200001
,,,-5.392E-05,0.023200001
,,,-5.391E-05,0.024000001
,,,-5.39E-05,0.024000001
,,,-5.389E-05,0.023200001
,,,-5.388E-05,0.024800001
,,,-5.387E-05,0.024000001
,,,-5.386E-05,0.024000001
,,,-5.385E-05,0.025600002
,,,-5.384E-05,0.024000001
,,,-5.383E-05,0.024000001
,,,-5.382E-05,0.025600002
,,,-5.381E-05,0.024000001
,,,-5.38E-05,0.024800001
,,,-5.379E-05,0.024800001
,,,-5.378E-05,0.023200001
,,,-5.377E-05,0.024800001
,,,-5.376E-05,0.024000001
,,,-5.375E-05,0.024800001
,,,-5.374E-05,0.023200001
,,,-5.373E-05,0.024000001
,,,-5.372E-05,0.024000001
,,,-5.371E-05,0.024000001
,,,-5.37E-05,0.024000001
,,,-5.369E-05,0.023200001
,,,-5.368E-05,0.024800001
,,,-5.367E-05,0.024000001
,,,-5.366E-05,0.023200001
,,,-5.365E-05,0.024000001
,,,-5.364E-05,0.024000001
,,,-5.363E-05,0.024000001
,,,-5.362E-05,0.023200001
,,,-5.361E-05,0.024800001
,,,-5.36E-05,0.024000001
,,,-5.359E-05,0.023200001
,,,-5.358E-05,0.024000001
,,,-5.357E-05,0.024000001
,,,-5.356E-05,0.024800001
,,,-5.355E-05,0.023200001
,,,-5.354E-05,0.024000001
,,,-5.353E-05,0.023200001
,,,-5.352E-05,0.024000001
,,,-5.351E-05,0.023200001
,,,-5.35E-05,0.024800001
,,,-5.349E-05,0.024000001
,,,-5.348E-05,0.024000001
,,,-5.347E-05,0.021600001
,,,-5.346E-05,0.024000001
,,,-5.345E-05,0.024000001
,,,-5.344E-05,0.024000001
,,,-5.343E-05,0.024800001
,,,-5.342E-05,0.024000001
,,,-5.341E-05,0.024000001
,,,-5.34E-05,0.024000001
,,,-5.339E-05,0.025600002
,,,-5.338E-05,0.024800001
,,,-5.337E-05,0.024000001
,,,-5.336E-05,0.026400002
,,,-5.335E-05,0.024800001
,,,-5.334E-05,0.024800001
,,,-5.333E-05,0.024000001
,,,-5.332E-05,0.024000001
,,,-5.331E-05,0.022400001
,,,-5.33E-05,0.024000001
,,,-5.329E-05,0.024000001
,,,-5.328E-05,0.023200001
,,,-5.327E-05,0.024000001
,,,-5.326E-05,0.024000001
,,,-5.325E-05,0.024000001
,,,-5.324E-05,0.024000001
,,,-5.323E-05,0.023200001
,,,-5.322E-05,0.024800001
,,,-5.321E-05,0.024000001
,,,-5.32E-05,0.023200001
,,,-5.319E-05,0.025600002
,,,-5.318E-05,0.025600002
,,,-5.317E-05,0.025600002
,,,-5.316E-05,0.024800001
,,,-5.315E-05,0.024000001
,,,-5.314E-05,0.024000001
,,,-5.313E-05,0.024000001
,,,-5.312E-05,0.023200001
,,,-5.311E-05,0.024000001
,,,-5.31E-05,0.024000001
,,,-5.309E-05,0.024000001
,,,-5.308E-05,0.024000001
,,,-5.307E-05,0.024000001
,,,-5.306E-05,0.024000001
,,,-5.305E-05,0.024000001
,,,-5.304E-05,0.024000001
,,,-5.303E-05,0.025600002
,,,-5.302E-05,0.023200001
,,,-5.301E-05,0.024000001
,,,-5.3E-05,0.024800001
,,,-5.299E-05,0.024000001
,,,-5.298E-05,0.023200001
,,,-5.297E-05,0.024800001
,,,-5.296E-05,0.024000001
,,,-5.295E-05,0.024000001
,,,-5.294E-05,0.024800001
,,,-5.293E-05,0.024000001
,,,-5.292E-05,0.023200001
,,,-5.291E-05,0.024800001
,,,-5.29E-05,0.024000001
,,,-5.289E-05,0.024800001
,,,-5.288E-05,0.025600002
,,,-5.287E-05,0.026400002
,,,-5.286E-05,0.024000001
,,,-5.285E-05,0.024000001
,,,-5.284E-05,0.023200001
,,,-5.283E-05,0.025600002
,,,-5.282E-05,0.025600002
,,,-5.281E-05,0.024000001
,,,-5.28E-05,0.024000001
,,,-5.279E-05,0.024000001
,,,-5.278E-05,0.025600002
,,,-5.277E-05,0.024800001
,,,-5.276E-05,0.024000001
,,,-5.275E-05,0.024000001
,,,-5.274E-05,0.024000001
,,,-5.273E-05,0.024800001
,,,-5.272E-05,0.024000001
,,,-5.271E-05,0.023200001
,,,-5.27E-05,0.023200001
,,,-5.269E-05,0.024800001
,,,-5.268E-05,0.025600002
,,,-5.267E-05,0.025600002
,,,-5.266E-05,0.024800001
,,,-5.265E-05,0.023200001
,,,-5.264E-05,0.023200001
,,,-5.263E-05,0.025600002
,,,-5.262E-05,0.024800001
,,,-5.261E-05,0.024800001
,,,-5.26E-05,0.022400001
,,,-5.259E-05,0.024800001
,,,-5.258E-05,0.024800001
,,,-5.257E-05,0.024000001
,,,-5.256E-05,0.022400001
,,,-5.255E-05,0.025600002
,,,-5.254E-05,0.024000001
,,,-5.253E-05,0.024000001
,,,-5.252E-05,0.024800001
,,,-5.251E-05,0.024800001
,,,-5.25E-05,0.024000001
,,,-5.249E-05,0.024800001
,,,-5.248E-05,0.023200001
,,,-5.247E-05,0.024000001
,,,-5.246E-05,0.023200001
,,,-5.245E-05,0.023200001
,,,-5.244E-05,0.024000001
,,,-5.243E-05,0.024000001
,,,-5.242E-05,0.023200001
,,,-5.241E-05,0.024000001
,,,-5.24E-05,0.025600002
,,,-5.239E-05,0.025600002
,,,-5.238E-05,0.024000001
,,,-5.237E-05,0.024000001
,,,-5.236E-05,0.024800001
,,,-5.235E-05,0.024000001
,,,-5.234E-05,0.024000001
,,,-5.233E-05,0.025600002
,,,-5.232E-05,0.023200001
,,,-5.231E-05,0.023200001
,,,-5.23E-05,0.024800001
,,,-5.229E-05,0.023200001
,,,-5.228E-05,0.025600002
,,,-5.227E-05,0.024000001
,,,-5.226E-05,0.024000001
,,,-5.225E-05,0.024000001
,,,-5.224E-05,0.025600002
,,,-5.223E-05,0.024000001
,,,-5.222E-05,0.024800001
,,,-5.221E-05,0.023200001
,,,-5.22E-05,0.024000001
,,,-5.219E-05,0.024800001
,,,-5.218E-05,0.024800001
,,,-5.217E-05,0.024000001
,,,-5.216E-05,0.023200001
,,,-5.215E-05,0.024000001
,,,-5.214E-05,0.024000001
,,,-5.213E-05,0.025600002
,,,-5.212E-05,0.023200001
,,,-5.211E-05,0.024000001
,,,-5.21E-05,0.025600002
,,,-5.209E-05,0.025600002
,,,-5.208E-05,0.024000001
,,,-5.207E-05,0.024000001
,,,-5.206E-05,0.024000001
,,,-5.205E-05,0.024000001
,,,-5.204E-05,0.023200001
,,,-5.203E-05,0.023200001
,,,-5.202E-05,0.024000001
,,,-5.201E-05,0.024800001
,,,-5.2E-05,0.025600002
,,,-5.199E-05,0.022400001
,,,-5.198E-05,0.025600002
,,,-5.197E-05,0.023200001
,,,-5.196E-05,0.025600002
,,,-5.195E-05,0.025600002
,,,-5.194E-05,0.024000001
,,,-5.193E-05,0.024000001
,,,-5.192E-05,0.024000001
,,,-5.191E-05,0.025600002
,,,-5.19E-05,0.025600002
,,,-5.189E-05,0.024000001
,,,-5.188E-05,0.024000001
,,,-5.187E-05,0.024000001
,,,-5.186E-05,0.025600002
,,,-5.185E-05,0.023200001
,,,-5.184E-05,0.025600002
,,,-5.183E-05,0.024000001
,,,-5.182E-05,0.024000001
,,,-5.181E-05,0.024000001
,,,-5.18E-05,0.025600002
,,,-5.179E-05,0.024000001
,,,-5.178E-05,0.023200001
,,,-5.177E-05,0.023200001
,,,-5.176E-05,0.024000001
,,,-5.175E-05,0.023200001
,,,-5.174E-05,0.024800001
,,,-5.173E-05,0.025600002
,,,-5.172E-05,0.024000001
,,,-5.171E-05,0.024800001
,,,-5.17E-05,0.024800001
,,,-5.169E-05,0.024000001
,,,-5.168E-05,0.024800001
,,,-5.167E-05,0.024800001
,,,-5.166E-05,0.023200001
,,,-5.165E-05,0.024000001
,,,-5.164E-05,0.024800001
,,,-5.163E-05,0.024800001
,,,-5.162E-05,0.022400001
,,,-5.161E-05,0.024000001
,,,-5.16E-05,0.024000001
,,,-5.159E-05,0.024000001
,,,-5.158E-05,0.024800001
,,,-5.157E-05,0.024000001
,,,-5.156E-05,0.022400001
,,,-5.155E-05,0.024000001
,,,-5.154E-05,0.022400001
,,,-5.153E-05,0.024800001
,,,-5.152E-05,0.025600002
,,,-5.151E-05,0.024000001
,,,-5.15E-05,0.026400002
,,,-5.149E-05,0.025600002
,,,-5.148E-05,0.023200001
,,,-5.147E-05,0.024800001
,,,-5.146E-05,0.024800001
,,,-5.145E-05,0.024000001
,,,-5.144E-05,0.024800001
,,,-5.143E-05,0.024000001
,,,-5.142E-05,0.024000001
,,,-5.141E-05,0.024000001
,,,-5.14E-05,0.023200001
,,,-5.139E-05,0.024000001
,,,-5.138E-05,0.026400002
,,,-5.137E-05,0.024000001
,,,-5.136E-05,0.024000001
,,,-5.135E-05,0.022400001
,,,-5.134E-05,0.024000001
,,,-5.133E-05,0.023200001
,,,-5.132E-05,0.025600002
,,,-5.131E-05,0.023200001
,,,-5.13E-05,0.024000001
,,,-5.129E-05,0.024000001
,,,-5.128E-05,0.024000001
,,,-5.127E-05,0.024000001
,,,-5.126E-05,0.024000001
,,,-5.125E-05,0.024800001
,,,-5.124E-05,0.024000001
,,,-5.123E-05,0.025600002
,,,-5.122E-05,0.024000001
,,,-5.121E-05,0.020800001
,,,-5.12E-05,0.024800001
,,,-5.119E-05,0.024000001
,,,-5.118E-05,0.024000001
,,,-5.117E-05,0.023200001
,,,-5.116E-05,0.024800001
,,,-5.115E-05,0.022400001
,,,-5.114E-05,0.025600002
,,,-5.113E-05,0.025600002
,,,-5.112E-05,0.022400001
,,,-5.111E-05,0.024000001
,,,-5.11E-05,0.024000001
,,,-5.109E-05,0.024000001
,,,-5.108E-05,0.023200001
,,,-5.107E-05,0.024000001
,,,-5.106E-05,0.024000001
,,,-5.105E-05,0.025600002
,,,-5.104E-05,0.024000001
,,,-5.103E-05,0.024000001
,,,-5.102E-05,0.026400002
,,,-5.101E-05,0.023200001
,,,-5.1E-05,0.024800001
,,,-5.099E-05,0.024800001
,,,-5.098E-05,0.024000001
,,,-5.097E-05,0.024000001
,,,-5.096E-05,0.024800001
,,,-5.095E-05,0.023200001
,,,-5.094E-05,0.023200001
,,,-5.093E-05,0.026400002
,,,-5.092E-05,0.026400002
,,,-5.091E-05,0.024800001
,,,-5.09E-05,0.024800001
,,,-5.089E-05,0.024000001
,,,-5.088E-05,0.024000001
,,,-5.087E-05,0.024000001
,,,-5.086E-05,0.023200001
,,,-5.085E-05,0.024800001
,,,-5.084E-05,0.024800001
,,,-5.083E-05,0.024800001
,,,-5.082E-05,0.024800001
,,,-5.081E-05,0.024000001
,,,-5.08E-05,0.023200001
,,,-5.079E-05,0.024000001
,,,-5.078E-05,0.024800001
,,,-5.077E-05,0.024800001
,,,-5.076E-05,0.024000001
,,,-5.075E-05,0.024800001
,,,-5.074E-05,0.022400001
,,,-5.073E-05,0.024800001
,,,-5.072E-05,0.024000001
,,,-5.071E-05,0.024000001
,,,-5.07E-05,0.024000001
,,,-5.069E-05,0.022400001
,,,-5.068E-05,0.024000001
,,,-5.067E-05,0.024000001
,,,-5.066E-05,0.024000001
,,,-5.065E-05,0.024000001
,,,-5.064E-05,0.024800001
,,,-5.063E-05,0.023200001
,,,-5.062E-05,0.023200001
,,,-5.061E-05,0.023200001
,,,-5.06E-05,0.025600002
,,,-5.059E-05,0.024000001
,,,-5.058E-05,0.024000001
,,,-5.057E-05,0.025600002
,,,-5.056E-05,0.024000001
,,,-5.055E-05,0.022400001
,,,-5.054E-05,0.024800001
,,,-5.053E-05,0.024000001
,,,-5.052E-05,0.023200001
,,,-5.051E-05,0.023200001
,,,-5.05E-05,0.024000001
,,,-5.049E-05,0.024000001
,,,-5.048E-05,0.024800001
,,,-5.047E-05,0.024000001
,,,-5.046E-05,0.024000001
,,,-5.045E-05,0.024000001
,,,-5.044E-05,0.025600002
,,,-5.043E-05,0.024000001
,,,-5.042E-05,0.023200001
,,,-5.041E-05,0.022400001
,,,-5.04E-05,0.024000001
,,,-5.039E-05,0.024000001
,,,-5.038E-05,0.024000001
,,,-5.037E-05,0.026400002
,,,-5.036E-05,0.024000001
,,,-5.035E-05,0.024800001
,,,-5.034E-05,0.024800001
,,,-5.033E-05,0.025600002
,,,-5.032E-05,0.024000001
,,,-5.031E-05,0.023200001
,,,-5.03E-05,0.023200001
,,,-5.029E-05,0.025600002
,,,-5.028E-05,0.024000001
,,,-5.027E-05,0.023200001
,,,-5.026E-05,0.024800001
,,,-5.025E-05,0.025600002
,,,-5.024E-05,0.025600002
,,,-5.023E-05,0.024000001
,,,-5.022E-05,0.023200001
,,,-5.021E-05,0.024000001
,,,-5.02E-05,0.025600002
,,,-5.019E-05,0.024800001
,,,-5.018E-05,0.023200001
,,,-5.017E-05,0.024000001
,,,-5.016E-05,0.024000001
,,,-5.015E-05,0.024000001
,,,-5.014E-05,0.023200001
,,,-5.013E-05,0.024000001
,,,-5.012E-05,0.024800001
,,,-5.011E-05,0.024000001
,,,-5.01E-05,0.024800001
,,,-5.009E-05,0.024000001
,,,-5.008E-05,0.024800001
,,,-5.007E-05,0.024000001
,,,-5.006E-05,0.022400001
,,,-5.005E-05,0.024800001
,,,-5.004E-05,0.024000001
,,,-5.003E-05,0.024800001
,,,-5.002E-05,0.024000001
,,,-5.001E-05,0.024000001
,,,-5E-05,0.025600002
,,,-4.999E-05,0.023200001
,,,-4.998E-05,0.024000001
,,,-4.997E-05,0.024800001
,,,-4.996E-05,0.024000001
,,,-4.995E-05,0.024000001
,,,-4.994E-05,0.024000001
,,,-4.993E-05,0.025600002
,,,-4.992E-05,0.024000001
,,,-4.991E-05,0.024000001
,,,-4.99E-05,0.024000001
,,,-4.989E-05,0.024000001
,,,-4.988E-05,0.024800001
,,,-4.987E-05,0.024000001
,,,-4.986E-05,0.026400002
,,,-4.985E-05,0.024000001
,,,-4.984E-05,0.023200001
,,,-4.983E-05,0.024000001
,,,-4.982E-05,0.023200001
,,,-4.981E-05,0.024000001
,,,-4.98E-05,0.024800001
,,,-4.979E-05,0.022400001
,,,-4.978E-05,0.024000001
,,,-4.977E-05,0.024000001
,,,-4.976E-05,0.024000001
,,,-4.975E-05,0.024000001
,,,-4.974E-05,0.025600002
,,,-4.973E-05,0.026400002
,,,-4.972E-05,0.024800001
,,,-4.971E-05,0.024000001
,,,-4.97E-05,0.024800001
,,,-4.969E-05,0.024000001
,,,-4.968E-05,0.024800001
,,,-4.967E-05,0.024800001
,,,-4.966E-05,0.024000001
,,,-4.965E-05,0.024000001
,,,-4.964E-05,0.024000001
,,,-4.963E-05,0.024000001
,,,-4.962E-05,0.024000001
,,,-4.961E-05,0.027200002
,,,-4.96E-05,0.026400002
,,,-4.959E-05,0.022400001
,,,-4.958E-05,0.023200001
,,,-4.957E-05,0.024800001
,,,-4.956E-05,0.024000001
,,,-4.955E-05,0.023200001
,,,-4.954E-05,0.024800001
,,,-4.953E-05,0.024000001
,,,-4.952E-05,0.024000001
,,,-4.951E-05,0.024800001
,,,-4.95E-05,0.024800001
,,,-4.949E-05,0.024000001
,,,-4.948E-05,0.024000001
,,,-4.947E-05,0.024800001
,,,-4.946E-05,0.024800001
,,,-4.945E-05,0.024000001
,,,-4.944E-05,0.024000001
,,,-4.943E-05,0.025600002
,,,-4.942E-05,0.024800001
,,,-4.941E-05,0.024000001
,,,-4.94E-05,0.024000001
,,,-4.939E-05,0.024000001
,,,-4.938E-05,0.024000001
,,,-4.937E-05,0.024800001
,,,-4.936E-05,0.024000001
,,,-4.935E-05,0.023200001
,,,-4.934E-05,0.024000001
,,,-4.933E-05,0.024000001
,,,-4.932E-05,0.024800001
,,,-4.931E-05,0.024000001
,,,-4.93E-05,0.024000001
,,,-4.929E-05,0.024800001
,,,-4.928E-05,0.024000001
,,,-4.927E-05,0.025600002
,,,-4.926E-05,0.024000001
,,,-4.925E-05,0.024800001
,,,-4.924E-05,0.023200001
,,,-4.923E-05,0.024800001
,,,-4.922E-05,0.024000001
,,,-4.921E-05,0.024000001
,,,-4.92E-05,0.024800001
,,,-4.919E-05,0.025600002
,,,-4.918E-05,0.024000001
,,,-4.917E-05,0.024800001
,,,-4.916E-05,0.024000001
,,,-4.915E-05,0.024800001
,,,-4.914E-05,0.024000001
,,,-4.913E-05,0.024000001
,,,-4.912E-05,0.024000001
,,,-4.911E-05,0.024000001
,,,-4.91E-05,0.024000001
,,,-4.909E-05,0.024800001
,,,-4.908E-05,0.023200001
,,,-4.907E-05,0.023200001
,,,-4.906E-05,0.023200001
,,,-4.905E-05,0.024800001
,,,-4.904E-05,0.024800001
,,,-4.903E-05,0.025600002
,,,-4.902E-05,0.024000001
,,,-4.901E-05,0.024000001
,,,-4.9E-05,0.025600002
,,,-4.899E-05,0.024800001
,,,-4.898E-05,0.024000001
,,,-4.897E-05,0.024000001
,,,-4.896E-05,0.023200001
,,,-4.895E-05,0.025600002
,,,-4.894E-05,0.024800001
,,,-4.893E-05,0.024000001
,,,-4.892E-05,0.024800001
,,,-4.891E-05,0.023200001
,,,-4.89E-05,0.025600002
,,,-4.889E-05,0.024000001
,,,-4.888E-05,0.024000001
,,,-4.887E-05,0.023200001
,,,-4.886E-05,0.024800001
,,,-4.885E-05,0.024000001
,,,-4.884E-05,0.021600001
,,,-4.883E-05,0.024000001
,,,-4.882E-05,0.024800001
,,,-4.881E-05,0.024000001
,,,-4.88E-05,0.024000001
,,,-4.879E-05,0.023200001
,,,-4.878E-05,0.024000001
,,,-4.877E-05,0.024800001
,,,-4.876E-05,0.024000001
,,,-4.875E-05,0.023200001
,,,-4.874E-05,0.022400001
,,,-4.873E-05,0.025600002
,,,-4.872E-05,0.024800001
,,,-4.871E-05,0.023200001
,,,-4.87E-05,0.024000001
,,,-4.869E-05,0.024000001
,,,-4.868E-05,0.024800001
,,,-4.867E-05,0.022400001
,,,-4.866E-05,0.024000001
,,,-4.865E-05,0.024000001
,,,-4.864E-05,0.023200001
,,,-4.863E-05,0.024000001
,,,-4.862E-05,0.025600002
,,,-4.861E-05,0.023200001
,,,-4.86E-05,0.024800001
,,,-4.859E-05,0.025600002
,,,-4.858E-05,0.023200001
,,,-4.857E-05,0.025600002
,,,-4.856E-05,0.024800001
,,,-4.855E-05,0.024800001
,,,-4.854E-05,0.024800001
,,,-4.853E-05,0.024000001
,,,-4.852E-05,0.023200001
,,,-4.851E-05,0.024000001
,,,-4.85E-05,0.025600002
,,,-4.849E-05,0.024000001
,,,-4.848E-05,0.025600002
,,,-4.847E-05,0.024000001
,,,-4.846E-05,0.022400001
,,,-4.845E-05,0.023200001
,,,-4.844E-05,0.024000001
,,,-4.843E-05,0.024000001
,,,-4.842E-05,0.024000001
,,,-4.841E-05,0.024800001
,,,-4.84E-05,0.024800001
,,,-4.839E-05,0.024800001
,,,-4.838E-05,0.024000001
,,,-4.837E-05,0.023200001
,,,-4.836E-05,0.024000001
,,,-4.835E-05,0.024000001
,,,-4.834E-05,0.024000001
,,,-4.833E-05,0.024800001
,,,-4.832E-05,0.024800001
,,,-4.831E-05,0.024800001
,,,-4.83E-05,0.024800001
,,,-4.829E-05,0.024000001
,,,-4.828E-05,0.026400002
,,,-4.827E-05,0.025600002
,,,-4.826E-05,0.024800001
,,,-4.825E-05,0.024800001
,,,-4.824E-05,0.023200001
,,,-4.823E-05,0.024000001
,,,-4.822E-05,0.024800001
,,,-4.821E-05,0.024000001
,,,-4.82E-05,0.025600002
,,,-4.819E-05,0.024800001
,,,-4.818E-05,0.022400001
,,,-4.817E-05,0.023200001
,,,-4.816E-05,0.024800001
,,,-4.815E-05,0.025600002
,,,-4.814E-05,0.024000001
,,,-4.813E-05,0.024800001
,,,-4.812E-05,0.024000001
,,,-4.811E-05,0.024000001
,,,-4.81E-05,0.021600001
,,,-4.809E-05,0.024800001
,,,-4.808E-05,0.024000001
,,,-4.807E-05,0.024000001
,,,-4.806E-05,0.024000001
,,,-4.805E-05,0.024000001
,,,-4.804E-05,0.024000001
,,,-4.803E-05,0.024800001
,,,-4.802E-05,0.023200001
,,,-4.801E-05,0.024800001
,,,-4.8E-05,0.024000001
,,,-4.799E-05,0.023200001
,,,-4.798E-05,0.023200001
,,,-4.797E-05,0.024000001
,,,-4.796E-05,0.024800001
,,,-4.795E-05,0.024000001
,,,-4.794E-05,0.026400002
,,,-4.793E-05,0.024800001
,,,-4.792E-05,0.025600002
,,,-4.791E-05,0.023200001
,,,-4.79E-05,0.024000001
,,,-4.789E-05,0.024800001
,,,-4.788E-05,0.025600002
,,,-4.787E-05,0.023200001
,,,-4.786E-05,0.023200001
,,,-4.785E-05,0.023200001
,,,-4.784E-05,0.025600002
,,,-4.783E-05,0.024000001
,,,-4.782E-05,0.024800001
,,,-4.781E-05,0.023200001
,,,-4.78E-05,0.024000001
,,,-4.779E-05,0.024000001
,,,-4.778E-05,0.025600002
,,,-4.777E-05,0.022400001
,,,-4.776E-05,0.024000001
,,,-4.775E-05,0.024000001
,,,-4.774E-05,0.024000001
,,,-4.773E-05,0.024000001
,,,-4.772E-05,0.024000001
,,,-4.771E-05,0.024000001
,,,-4.77E-05,0.023200001
,,,-4.769E-05,0.024000001
,,,-4.768E-05,0.024000001
,,,-4.767E-05,0.024000001
,,,-4.766E-05,0.024800001
,,,-4.765E-05,0.024000001
,,,-4.764E-05,0.025600002
,,,-4.763E-05,0.024000001
,,,-4.762E-05,0.024000001
,,,-4.761E-05,0.023200001
,,,-4.76E-05,0.024000001
,,,-4.759E-05,0.024000001
,,,-4.758E-05,0.024000001
,,,-4.757E-05,0.024800001
,,,-4.756E-05,0.022400001
,,,-4.755E-05,0.024000001
,,,-4.754E-05,0.024000001
,,,-4.753E-05,0.024000001
,,,-4.752E-05,0.024800001
,,,-4.751E-05,0.024800001
,,,-4.75E-05,0.024000001
,,,-4.749E-05,0.022400001
,,,-4.748E-05,0.024000001
,,,-4.747E-05,0.024000001
,,,-4.746E-05,0.024000001
,,,-4.745E-05,0.023200001
,,,-4.744E-05,0.024800001
,,,-4.743E-05,0.022400001
,,,-4.742E-05,0.024800001
,,,-4.741E-05,0.024000001
,,,-4.74E-05,0.024000001
,,,-4.739E-05,0.024000001
,,,-4.738E-05,0.024000001
,,,-4.737E-05,0.023200001
,,,-4.736E-05,0.025600002
,,,-4.735E-05,0.023200001
,,,-4.734E-05,0.024000001
,,,-4.733E-05,0.022400001
,,,-4.732E-05,0.024000001
,,,-4.731E-05,0.026400002
,,,-4.73E-05,0.024000001
,,,-4.729E-05,0.024000001
,,,-4.728E-05,0.024800001
,,,-4.727E-05,0.025600002
,,,-4.726E-05,0.023200001
,,,-4.725E-05,0.024000001
,,,-4.724E-05,0.024800001
,,,-4.723E-05,0.024800001
,,,-4.722E-05,0.024800001
,,,-4.721E-05,0.024000001
,,,-4.72E-05,0.024000001
,,,-4.719E-05,0.023200001
,,,-4.718E-05,0.024000001
,,,-4.717E-05,0.024800001
,,,-4.716E-05,0.024000001
,,,-4.715E-05,0.024000001
,,,-4.714E-05,0.024800001
,,,-4.713E-05,0.025600002
,,,-4.712E-05,0.024000001
,,,-4.711E-05,0.022400001
,,,-4.71E-05,0.024800001
,,,-4.709E-05,0.025600002
,,,-4.708E-05,0.024800001
,,,-4.707E-05,0.024000001
,,,-4.706E-05,0.023200001
,,,-4.705E-05,0.024000001
,,,-4.704E-05,0.024000001
,,,-4.703E-05,0.024000001
,,,-4.702E-05,0.026400002
,,,-4.701E-05,0.023200001
,,,-4.7E-05,0.024800001
,,,-4.699E-05,0.026400002
,,,-4.698E-05,0.025600002
,,,-4.697E-05,0.024000001
,,,-4.696E-05,0.024000001
,,,-4.695E-05,0.023200001
,,,-4.694E-05,0.024800001
,,,-4.693E-05,0.023200001
,,,-4.692E-05,0.024800001
,,,-4.691E-05,0.024000001
,,,-4.69E-05,0.024000001
,,,-4.689E-05,0.024000001
,,,-4.688E-05,0.024000001
,,,-4.687E-05,0.024000001
,,,-4.686E-05,0.024000001
,,,-4.685E-05,0.024000001
,,,-4.684E-05,0.024800001
,,,-4.683E-05,0.024000001
,,,-4.682E-05,0.025600002
,,,-4.681E-05,0.024000001
,,,-4.68E-05,0.024000001
,,,-4.679E-05,0.024800001
,,,-4.678E-05,0.024000001
,,,-4.677E-05,0.024000001
,,,-4.676E-05,0.024800001
,,,-4.675E-05,0.024000001
,,,-4.674E-05,0.024000001
,,,-4.673E-05,0.024000001
,,,-4.672E-05,0.024000001
,,,-4.671E-05,0.024800001
,,,-4.67E-05,0.023200001
,,,-4.669E-05,0.024000001
,,,-4.668E-05,0.023200001
,,,-4.667E-05,0.023200001
,,,-4.666E-05,0.024000001
,,,-4.665E-05,0.024000001
,,,-4.664E-05,0.024800001
,,,-4.663E-05,0.024800001
,,,-4.662E-05,0.024000001
,,,-4.661E-05,0.024800001
,,,-4.66E-05,0.024000001
,,,-4.659E-05,0.024000001
,,,-4.658E-05,0.024800001
,,,-4.657E-05,0.024800001
,,,-4.656E-05,0.024000001
,,,-4.655E-05,0.024000001
,,,-4.654E-05,0.024000001
,,,-4.653E-05,0.024000001
,,,-4.652E-05,0.024000001
,,,-4.651E-05,0.025600002
,,,-4.65E-05,0.023200001
,,,-4.649E-05,0.023200001
,,,-4.648E-05,0.024000001
,,,-4.647E-05,0.024800001
,,,-4.646E-05,0.024800001
,,,-4.645E-05,0.024000001
,,,-4.644E-05,0.023200001
,,,-4.643E-05,0.024000001
,,,-4.642E-05,0.024800001
,,,-4.641E-05,0.023200001
,,,-4.64E-05,0.024000001
,,,-4.639E-05,0.024000001
,,,-4.638E-05,0.024000001
,,,-4.637E-05,0.023200001
,,,-4.636E-05,0.023200001
,,,-4.635E-05,0.024800001
,,,-4.634E-05,0.024800001
,,,-4.633E-05,0.024800001
,,,-4.632E-05,0.024000001
,,,-4.631E-05,0.024000001
,,,-4.63E-05,0.024000001
,,,-4.629E-05,0.025600002
,,,-4.628E-05,0.025600002
,,,-4.627E-05,0.023200001
,,,-4.626E-05,0.025600002
,,,-4.625E-05,0.023200001
,,,-4.624E-05,0.024000001
,,,-4.623E-05,0.024800001
,,,-4.622E-05,0.024800001
,,,-4.621E-05,0.024000001
,,,-4.62E-05,0.024800001
,,,-4.619E-05,0.024800001
,,,-4.618E-05,0.024000001
,,,-4.617E-05,0.024000001
,,,-4.616E-05,0.024000001
,,,-4.615E-05,0.024000001
,,,-4.614E-05,0.025600002
,,,-4.613E-05,0.022400001
,,,-4.612E-05,0.024800001
,,,-4.611E-05,0.027200002
,,,-4.61E-05,0.024000001
,,,-4.609E-05,0.024000001
,,,-4.608E-05,0.024000001
,,,-4.607E-05,0.024800001
,,,-4.606E-05,0.024000001
,,,-4.605E-05,0.024000001
,,,-4.604E-05,0.024800001
,,,-4.603E-05,0.024000001
,,,-4.602E-05,0.024800001
,,,-4.601E-05,0.024800001
,,,-4.6E-05,0.025600002
,,,-4.599E-05,0.024000001
,,,-4.598E-05,0.021600001
,,,-4.597E-05,0.023200001
,,,-4.596E-05,0.026400002
,,,-4.595E-05,0.024000001
,,,-4.594E-05,0.022400001
,,,-4.593E-05,0.024000001
,,,-4.592E-05,0.024000001
,,,-4.591E-05,0.024000001
,,,-4.59E-05,0.023200001
,,,-4.589E-05,0.023200001
,,,-4.588E-05,0.023200001
,,,-4.587E-05,0.024000001
,,,-4.586E-05,0.023200001
,,,-4.585E-05,0.024000001
,,,-4.584E-05,0.024000001
,,,-4.583E-05,0.025600002
,,,-4.582E-05,0.024000001
,,,-4.581E-05,0.024800001
,,,-4.58E-05,0.025600002
,,,-4.579E-05,0.024000001
,,,-4.578E-05,0.024800001
,,,-4.577E-05,0.024000001
,,,-4.576E-05,0.024800001
,,,-4.575E-05,0.024800001
,,,-4.574E-05,0.024000001
,,,-4.573E-05,0.024000001
,,,-4.572E-05,0.024000001
,,,-4.571E-05,0.025600002
,,,-4.57E-05,0.023200001
,,,-4.569E-05,0.024000001
,,,-4.568E-05,0.023200001
,,,-4.567E-05,0.024000001
,,,-4.566E-05,0.024000001
,,,-4.565E-05,0.024000001
,,,-4.564E-05,0.024000001
,,,-4.563E-05,0.022400001
,,,-4.562E-05,0.025600002
,,,-4.561E-05,0.024000001
,,,-4.56E-05,0.024000001
,,,-4.559E-05,0.024000001
,,,-4.558E-05,0.024000001
,,,-4.557E-05,0.024000001
,,,-4.556E-05,0.024800001
,,,-4.555E-05,0.024800001
,,,-4.554E-05,0.024000001
,,,-4.553E-05,0.025600002
,,,-4.552E-05,0.024000001
,,,-4.551E-05,0.023200001
,,,-4.55E-05,0.024800001
,,,-4.549E-05,0.023200001
,,,-4.548E-05,0.024000001
,,,-4.547E-05,0.024000001
,,,-4.546E-05,0.024800001
,,,-4.545E-05,0.023200001
,,,-4.544E-05,0.024000001
,,,-4.543E-05,0.024800001
,,,-4.542E-05,0.024800001
,,,-4.541E-05,0.024000001
,,,-4.54E-05,0.024000001
,,,-4.539E-05,0.024000001
,,,-4.538E-05,0.024000001
,,,-4.537E-05,0.024000001
,,,-4.536E-05,0.024000001
,,,-4.535E-05,0.024000001
,,,-4.534E-05,0.024800001
,,,-4.533E-05,0.024800001
,,,-4.532E-05,0.023200001
,,,-4.531E-05,0.024000001
,,,-4.53E-05,0.024800001
,,,-4.529E-05,0.025600002
,,,-4.528E-05,0.024000001
,,,-4.527E-05,0.024800001
,,,-4.526E-05,0.024800001
,,,-4.525E-05,0.023200001
,,,-4.524E-05,0.024000001
,,,-4.523E-05,0.023200001
,,,-4.522E-05,0.024000001
,,,-4.521E-05,0.022400001
,,,-4.52E-05,0.024000001
,,,-4.519E-05,0.024800001
,,,-4.518E-05,0.024800001
,,,-4.517E-05,0.024000001
,,,-4.516E-05,0.022400001
,,,-4.515E-05,0.022400001
,,,-4.514E-05,0.023200001
,,,-4.513E-05,0.024000001
,,,-4.512E-05,0.024000001
,,,-4.511E-05,0.023200001
,,,-4.51E-05,0.024000001
,,,-4.509E-05,0.023200001
,,,-4.508E-05,0.024800001
,,,-4.507E-05,0.024000001
,,,-4.506E-05,0.024000001
,,,-4.505E-05,0.024000001
,,,-4.504E-05,0.022400001
,,,-4.503E-05,0.024000001
,,,-4.502E-05,0.024000001
,,,-4.501E-05,0.023200001
,,,-4.5E-05,0.024000001
,,,-4.499E-05,0.023200001
,,,-4.498E-05,0.025600002
,,,-4.497E-05,0.025600002
,,,-4.496E-05,0.024000001
,,,-4.495E-05,0.023200001
,,,-4.494E-05,0.023200001
,,,-4.493E-05,0.024000001
,,,-4.492E-05,0.026400002
,,,-4.491E-05,0.024800001
,,,-4.49E-05,0.024800001
,,,-4.489E-05,0.024800001
,,,-4.488E-05,0.024000001
,,,-4.487E-05,0.024800001
,,,-4.486E-05,0.024000001
,,,-4.485E-05,0.024800001
,,,-4.484E-05,0.024000001
,,,-4.483E-05,0.024000001
,,,-4.482E-05,0.024000001
,,,-4.481E-05,0.025600002
,,,-4.48E-05,0.024800001
,,,-4.479E-05,0.024800001
,,,-4.478E-05,0.024000001
,,,-4.477E-05,0.025600002
,,,-4.476E-05,0.024000001
,,,-4.475E-05,0.025600002
,,,-4.474E-05,0.024000001
,,,-4.473E-05,0.024800001
,,,-4.472E-05,0.024000001
,,,-4.471E-05,0.023200001
,,,-4.47E-05,0.024000001
,,,-4.469E-05,0.024000001
,,,-4.468E-05,0.024000001
,,,-4.467E-05,0.024800001
,,,-4.466E-05,0.024800001
,,,-4.465E-05,0.024000001
,,,-4.464E-05,0.024800001
,,,-4.463E-05,0.024000001
,,,-4.462E-05,0.024000001
,,,-4.461E-05,0.022400001
,,,-4.46E-05,0.024000001
,,,-4.459E-05,0.024800001
,,,-4.458E-05,0.024000001
,,,-4.457E-05,0.024800001
,,,-4.456E-05,0.024000001
,,,-4.455E-05,0.024800001
,,,-4.454E-05,0.024000001
,,,-4.453E-05,0.023200001
,,,-4.452E-05,0.024000001
,,,-4.451E-05,0.024000001
,,,-4.45E-05,0.023200001
,,,-4.449E-05,0.022400001
,,,-4.448E-05,0.024000001
,,,-4.447E-05,0.023200001
,,,-4.446E-05,0.024000001
,,,-4.445E-05,0.025600002
,,,-4.444E-05,0.025600002
,,,-4.443E-05,0.020800001
,,,-4.442E-05,0.025600002
,,,-4.441E-05,0.024000001
,,,-4.44E-05,0.026400002
,,,-4.439E-05,0.024000001
,,,-4.438E-05,0.024800001
,,,-4.437E-05,0.025600002
,,,-4.436E-05,0.024800001
,,,-4.435E-05,0.024800001
,,,-4.434E-05,0.025600002
,,,-4.433E-05,0.024000001
,,,-4.432E-05,0.025600002
,,,-4.431E-05,0.024000001
,,,-4.43E-05,0.024000001
,,,-4.429E-05,0.024000001
,,,-4.428E-05,0.024000001
,,,-4.427E-05,0.024000001
,,,-4.426E-05,0.026400002
,,,-4.425E-05,0.024000001
,,,-4.424E-05,0.025600002
,,,-4.423E-05,0.025600002
,,,-4.422E-05,0.022400001
,,,-4.421E-05,0.023200001
,,,-4.42E-05,0.024800001
,,,-4.419E-05,0.024800001
,,,-4.418E-05,0.024000001
,,,-4.417E-05,0.024000001
,,,-4.416E-05,0.024800001
,,,-4.415E-05,0.022400001
,,,-4.414E-05,0.025600002
,,,-4.413E-05,0.023200001
,,,-4.412E-05,0.024800001
,,,-4.411E-05,0.024000001
,,,-4.41E-05,0.025600002
,,,-4.409E-05,0.024000001
,,,-4.408E-05,0.024000001
,,,-4.407E-05,0.026400002
,,,-4.406E-05,0.024000001
,,,-4.405E-05,0.024000001
,,,-4.404E-05,0.024800001
,,,-4.403E-05,0.024000001
,,,-4.402E-05,0.023200001
,,,-4.401E-05,0.022400001
,,,-4.4E-05,0.024800001
,,,-4.399E-05,0.024000001
,,,-4.398E-05,0.024000001
,,,-4.397E-05,0.022400001
,,,-4.396E-05,0.024800001
,,,-4.395E-05,0.024000001
,,,-4.394E-05,0.024000001
,,,-4.393E-05,0.024000001
,,,-4.392E-05,0.023200001
,,,-4.391E-05,0.024000001
,,,-4.39E-05,0.024000001
,,,-4.389E-05,0.024000001
,,,-4.388E-05,0.022400001
,,,-4.387E-05,0.023200001
,,,-4.386E-05,0.024800001
,,,-4.385E-05,0.024000001
,,,-4.384E-05,0.025600002
,,,-4.383E-05,0.024000001
,,,-4.382E-05,0.026400002
,,,-4.381E-05,0.023200001
,,,-4.38E-05,0.024800001
,,,-4.379E-05,0.024800001
,,,-4.378E-05,0.024000001
,,,-4.377E-05,0.024000001
,,,-4.376E-05,0.024000001
,,,-4.375E-05,0.024000001
,,,-4.374E-05,0.023200001
,,,-4.373E-05,0.024000001
,,,-4.372E-05,0.023200001
,,,-4.371E-05,0.022400001
,,,-4.37E-05,0.024800001
,,,-4.369E-05,0.023200001
,,,-4.368E-05,0.024800001
,,,-4.367E-05,0.024000001
,,,-4.366E-05,0.023200001
,,,-4.365E-05,0.024800001
,,,-4.364E-05,0.025600002
,,,-4.363E-05,0.024000001
,,,-4.362E-05,0.024000001
,,,-4.361E-05,0.024800001
,,,-4.36E-05,0.024000001
,,,-4.359E-05,0.025600002
,,,-4.358E-05,0.024000001
,,,-4.357E-05,0.024800001
,,,-4.356E-05,0.024000001
,,,-4.355E-05,0.024800001
,,,-4.354E-05,0.024000001
,,,-4.353E-05,0.025600002
,,,-4.352E-05,0.024000001
,,,-4.351E-05,0.024800001
,,,-4.35E-05,0.024800001
,,,-4.349E-05,0.024000001
,,,-4.348E-05,0.024000001
,,,-4.347E-05,0.024000001
,,,-4.346E-05,0.024000001
,,,-4.345E-05,0.022400001
,,,-4.344E-05,0.024800001
,,,-4.343E-05,0.024000001
,,,-4.342E-05,0.024800001
,,,-4.341E-05,0.024000001
,,,-4.34E-05,0.025600002
,,,-4.339E-05,0.025600002
,,,-4.338E-05,0.024000001
,,,-4.337E-05,0.024000001
,,,-4.336E-05,0.024000001
,,,-4.335E-05,0.024000001
,,,-4.334E-05,0.024800001
,,,-4.333E-05,0.024800001
,,,-4.332E-05,0.026400002
,,,-4.331E-05,0.023200001
,,,-4.33E-05,0.024000001
,,,-4.329E-05,0.023200001
,,,-4.328E-05,0.024800001
,,,-4.327E-05,0.024000001
,,,-4.326E-05,0.026400002
,,,-4.325E-05,0.024800001
,,,-4.324E-05,0.024000001
,,,-4.323E-05,0.023200001
,,,-4.322E-05,0.025600002
,,,-4.321E-05,0.024000001
,,,-4.32E-05,0.023200001
,,,-4.319E-05,0.024800001
,,,-4.318E-05,0.024000001
,,,-4.317E-05,0.024000001
,,,-4.316E-05,0.024000001
,,,-4.315E-05,0.023200001
,,,-4.314E-05,0.024000001
,,,-4.313E-05,0.024800001
,,,-4.312E-05,0.024000001
,,,-4.311E-05,0.024800001
,,,-4.31E-05,0.024800001
,,,-4.309E-05,0.024000001
,,,-4.308E-05,0.024800001
,,,-4.307E-05,0.024800001
,,,-4.306E-05,0.024000001
,,,-4.305E-05,0.024000001
,,,-4.304E-05,0.024800001
,,,-4.303E-05,0.023200001
,,,-4.302E-05,0.025600002
,,,-4.301E-05,0.023200001
,,,-4.3E-05,0.024800001
,,,-4.299E-05,0.025600002
,,,-4.298E-05,0.025600002
,,,-4.297E-05,0.025600002
,,,-4.296E-05,0.023200001
,,,-4.295E-05,0.024000001
,,,-4.294E-05,0.023200001
,,,-4.293E-05,0.024000001
,,,-4.292E-05,0.024000001
,,,-4.291E-05,0.024000001
,,,-4.29E-05,0.024000001
,,,-4.289E-05,0.024800001
,,,-4.288E-05,0.023200001
,,,-4.287E-05,0.023200001
,,,-4.286E-05,0.024000001
,,,-4.285E-05,0.025600002
,,,-4.284E-05,0.024800001
,,,-4.283E-05,0.024000001
,,,-4.282E-05,0.024000001
,,,-4.281E-05,0.024000001
,,,-4.28E-05,0.023200001
,,,-4.279E-05,0.023200001
,,,-4.278E-05,0.024000001
,,,-4.277E-05,0.024800001
,,,-4.276E-05,0.024000001
,,,-4.275E-05,0.024000001
,,,-4.274E-05,0.025600002
,,,-4.273E-05,0.025600002
,,,-4.272E-05,0.024000001
,,,-4.271E-05,0.025600002
,,,-4.27E-05,0.024800001
,,,-4.269E-05,0.023200001
,,,-4.268E-05,0.025600002
,,,-4.267E-05,0.024000001
,,,-4.266E-05,0.023200001
,,,-4.265E-05,0.024000001
,,,-4.264E-05,0.022400001
,,,-4.263E-05,0.024000001
,,,-4.262E-05,0.023200001
,,,-4.261E-05,0.024000001
,,,-4.26E-05,0.024000001
,,,-4.259E-05,0.024800001
,,,-4.258E-05,0.024800001
,,,-4.257E-05,0.023200001
,,,-4.256E-05,0.024800001
,,,-4.255E-05,0.024000001
,,,-4.254E-05,0.024800001
,,,-4.253E-05,0.024000001
,,,-4.252E-05,0.024800001
,,,-4.251E-05,0.023200001
,,,-4.25E-05,0.024000001
,,,-4.249E-05,0.023200001
,,,-4.248E-05,0.023200001
,,,-4.247E-05,0.024000001
,,,-4.246E-05,0.024000001
,,,-4.245E-05,0.024000001
,,,-4.244E-05,0.025600002
,,,-4.243E-05,0.026400002
,,,-4.242E-05,0.025600002
,,,-4.241E-05,0.021600001
,,,-4.24E-05,0.014400001
,,,-4.239E-05,0.022400001
,,,-4.238E-05,0.032000002
,,,-4.237E-05,0.034400002
,,,-4.236E-05,0.030400002
,,,-4.235E-05,0.020800001
,,,-4.234E-05,0.012000001
,,,-4.233E-05,0.014400001
,,,-4.232E-05,0.025600002
,,,-4.231E-05,0.034400002
,,,-4.23E-05,0.040000003
,,,-4.229E-05,0.028800002
,,,-4.228E-05,0.013600001
,,,-4.227E-05,0.012800001
,,,-4.226E-05,0.018400001
,,,-4.225E-05,0.028000002
,,,-4.224E-05,0.033600002
,,,-4.223E-05,0.032800002
,,,-4.222E-05,0.024000001
,,,-4.221E-05,0.015200001
,,,-4.22E-05,0.016800001
,,,-4.219E-05,0.023200001
,,,-4.218E-05,0.029600002
,,,-4.217E-05,0.032000002
,,,-4.216E-05,0.027200002
,,,-4.215E-05,0.022400001
,,,-4.214E-05,0.019200001
,,,-4.213E-05,0.022400001
,,,-4.212E-05,0.027200002
,,,-4.211E-05,0.028800002
,,,-4.21E-05,0.027200002
,,,-4.209E-05,0.025600002
,,,-4.208E-05,0.023200001
,,,-4.207E-05,0.024000001
,,,-4.206E-05,0.023200001
,,,-4.205E-05,0.025600002
,,,-4.204E-05,0.025600002
,,,-4.203E-05,0.027200002
,,,-4.202E-05,0.027200002
,,,-4.201E-05,0.022400001
,,,-4.2E-05,0.023200001
,,,-4.199E-05,0.023200001
,,,-4.198E-05,0.024000001
,,,-4.197E-05,0.024800001
,,,-4.196E-05,0.026400002
,,,-4.195E-05,0.024000001
,,,-4.194E-05,0.023200001
,,,-4.193E-05,0.022400001
,,,-4.192E-05,0.024000001
,,,-4.191E-05,0.025600002
,,,-4.19E-05,0.025600002
,,,-4.189E-05,0.026400002
,,,-4.188E-05,0.025600002
,,,-4.187E-05,0.023200001
,,,-4.186E-05,0.024000001
,,,-4.185E-05,0.024000001
,,,-4.184E-05,0.024800001
,,,-4.183E-05,0.024800001
,,,-4.182E-05,0.025600002
,,,-4.181E-05,0.024000001
,,,-4.18E-05,0.024800001
,,,-4.179E-05,0.024000001
,,,-4.178E-05,0.024000001
,,,-4.177E-05,0.024000001
,,,-4.176E-05,0.025600002
,,,-4.175E-05,0.025600002
,,,-4.174E-05,0.024800001
,,,-4.173E-05,0.024000001
,,,-4.172E-05,0.024000001
,,,-4.171E-05,0.024000001
,,,-4.17E-05,0.024000001
,,,-4.169E-05,0.025600002
,,,-4.168E-05,0.025600002
,,,-4.167E-05,0.024000001
,,,-4.166E-05,0.023200001
,,,-4.165E-05,0.023200001
,,,-4.164E-05,0.025600002
,,,-4.163E-05,0.024800001
,,,-4.162E-05,0.025600002
,,,-4.161E-05,0.023200001
,,,-4.16E-05,0.024000001
,,,-4.159E-05,0.024000001
,,,-4.158E-05,0.024800001
,,,-4.157E-05,0.024000001
,,,-4.156E-05,0.024000001
,,,-4.155E-05,0.024800001
,,,-4.154E-05,0.026400002
,,,-4.153E-05,0.023200001
,,,-4.152E-05,0.025600002
,,,-4.151E-05,0.024800001
,,,-4.15E-05,0.026400002
,,,-4.149E-05,0.024000001
,,,-4.148E-05,0.022400001
,,,-4.147E-05,0.022400001
,,,-4.146E-05,0.025600002
,,,-4.145E-05,0.023200001
,,,-4.144E-05,0.024000001
,,,-4.143E-05,0.024000001
,,,-4.142E-05,0.025600002
,,,-4.141E-05,0.024000001
,,,-4.14E-05,0.024000001
,,,-4.139E-05,0.024800001
,,,-4.138E-05,0.024800001
,,,-4.137E-05,0.024000001
,,,-4.136E-05,0.025600002
,,,-4.135E-05,0.024000001
,,,-4.134E-05,0.025600002
,,,-4.133E-05,0.024800001
,,,-4.132E-05,0.028000002
,,,-4.131E-05,0.024000001
,,,-4.13E-05,0.024800001
,,,-4.129E-05,0.024000001
,,,-4.128E-05,0.025600002
,,,-4.127E-05,0.024000001
,,,-4.126E-05,0.024800001
,,,-4.125E-05,0.024000001
,,,-4.124E-05,0.025600002
,,,-4.123E-05,0.024000001
,,,-4.122E-05,0.026400002
,,,-4.121E-05,0.025600002
,,,-4.12E-05,0.023200001
,,,-4.119E-05,0.024000001
,,,-4.118E-05,0.022400001
,,,-4.117E-05,0.023200001
,,,-4.116E-05,0.024000001
,,,-4.115E-05,0.023200001
,,,-4.114E-05,0.024000001
,,,-4.113E-05,0.023200001
,,,-4.112E-05,0.024000001
,,,-4.111E-05,0.024000001
,,,-4.11E-05,0.024800001
,,,-4.109E-05,0.024800001
,,,-4.108E-05,0.024000001
,,,-4.107E-05,0.024000001
,,,-4.106E-05,0.024800001
,,,-4.105E-05,0.023200001
,,,-4.104E-05,0.024800001
,,,-4.103E-05,0.025600002
,,,-4.102E-05,0.024000001
,,,-4.101E-05,0.024800001
,,,-4.1E-05,0.024000001
,,,-4.099E-05,0.024000001
,,,-4.098E-05,0.024000001
,,,-4.097E-05,0.024000001
,,,-4.096E-05,0.024000001
,,,-4.095E-05,0.025600002
,,,-4.094E-05,0.024000001
,,,-4.093E-05,0.024000001
,,,-4.092E-05,0.025600002
,,,-4.091E-05,0.023200001
,,,-4.09E-05,0.025600002
,,,-4.089E-05,0.024000001
,,,-4.088E-05,0.025600002
,,,-4.087E-05,0.023200001
,,,-4.086E-05,0.024000001
,,,-4.085E-05,0.022400001
,,,-4.084E-05,0.024800001
,,,-4.083E-05,0.022400001
,,,-4.082E-05,0.024800001
,,,-4.081E-05,0.024800001
,,,-4.08E-05,0.024800001
,,,-4.079E-05,0.023200001
,,,-4.078E-05,0.025600002
,,,-4.077E-05,0.024800001
,,,-4.076E-05,0.023200001
,,,-4.075E-05,0.024800001
,,,-4.074E-05,0.023200001
,,,-4.073E-05,0.024000001
,,,-4.072E-05,0.023200001
,,,-4.071E-05,0.024000001
,,,-4.07E-05,0.023200001
,,,-4.069E-05,0.024000001
,,,-4.068E-05,0.025600002
,,,-4.067E-05,0.024800001
,,,-4.066E-05,0.024800001
,,,-4.065E-05,0.023200001
,,,-4.064E-05,0.024000001
,,,-4.063E-05,0.023200001
,,,-4.062E-05,0.024800001
,,,-4.061E-05,0.024000001
,,,-4.06E-05,0.024000001
,,,-4.059E-05,0.024800001
,,,-4.058E-05,0.024800001
,,,-4.057E-05,0.024800001
,,,-4.056E-05,0.024800001
,,,-4.055E-05,0.024800001
,,,-4.054E-05,0.024000001
,,,-4.053E-05,0.024000001
,,,-4.052E-05,0.025600002
,,,-4.051E-05,0.024000001
,,,-4.05E-05,0.024000001
,,,-4.049E-05,0.024000001
,,,-4.048E-05,0.024000001
,,,-4.047E-05,0.024800001
,,,-4.046E-05,0.023200001
,,,-4.045E-05,0.024000001
,,,-4.044E-05,0.024000001
,,,-4.043E-05,0.025600002
,,,-4.042E-05,0.024000001
,,,-4.041E-05,0.021600001
,,,-4.04E-05,0.023200001
,,,-4.039E-05,0.024000001
,,,-4.038E-05,0.024000001
,,,-4.037E-05,0.025600002
,,,-4.036E-05,0.024800001
,,,-4.035E-05,0.024800001
,,,-4.034E-05,0.024000001
,,,-4.033E-05,0.022400001
,,,-4.032E-05,0.023200001
,,,-4.031E-05,0.024800001
,,,-4.03E-05,0.024000001
,,,-4.029E-05,0.024000001
,,,-4.028E-05,0.026400002
,,,-4.027E-05,0.024800001
,,,-4.026E-05,0.024000001
,,,-4.025E-05,0.024000001
,,,-4.024E-05,0.024000001
,,,-4.023E-05,0.024800001
,,,-4.022E-05,0.024000001
,,,-4.021E-05,0.024000001
,,,-4.02E-05,0.024000001
,,,-4.019E-05,0.024000001
,,,-4.018E-05,0.024000001
,,,-4.017E-05,0.024000001
,,,-4.016E-05,0.023200001
,,,-4.015E-05,0.024000001
,,,-4.014E-05,0.024800001
,,,-4.013E-05,0.023200001
,,,-4.012E-05,0.024000001
,,,-4.011E-05,0.025600002
,,,-4.01E-05,0.024000001
,,,-4.009E-05,0.024800001
,,,-4.008E-05,0.023200001
,,,-4.007E-05,0.024000001
,,,-4.006E-05,0.024000001
,,,-4.005E-05,0.024000001
,,,-4.004E-05,0.024000001
,,,-4.003E-05,0.024000001
,,,-4.002E-05,0.024000001
,,,-4.001E-05,0.024000001
,,,-4E-05,0.024000001
,,,-3.999E-05,0.024000001
,,,-3.998E-05,0.024000001
,,,-3.997E-05,0.024000001
,,,-3.996E-05,0.025600002
,,,-3.995E-05,0.024800001
,,,-3.994E-05,0.024800001
,,,-3.993E-05,0.024000001
,,,-3.992E-05,0.024800001
,,,-3.991E-05,0.024800001
,,,-3.99E-05,0.024800001
,,,-3.989E-05,0.024000001
,,,-3.988E-05,0.024800001
,,,-3.987E-05,0.024000001
,,,-3.986E-05,0.024800001
,,,-3.985E-05,0.023200001
,,,-3.984E-05,0.024000001
,,,-3.983E-05,0.024800001
,,,-3.982E-05,0.023200001
,,,-3.981E-05,0.024800001
,,,-3.98E-05,0.024800001
,,,-3.979E-05,0.022400001
,,,-3.978E-05,0.024000001
,,,-3.977E-05,0.024000001
,,,-3.976E-05,0.024800001
,,,-3.975E-05,0.024000001
,,,-3.974E-05,0.024800001
,,,-3.973E-05,0.024000001
,,,-3.972E-05,0.024000001
,,,-3.971E-05,0.025600002
,,,-3.97E-05,0.024800001
,,,-3.969E-05,0.025600002
,,,-3.968E-05,0.024000001
,,,-3.967E-05,0.023200001
,,,-3.966E-05,0.024000001
,,,-3.965E-05,0.025600002
,,,-3.964E-05,0.024800001
,,,-3.963E-05,0.023200001
,,,-3.962E-05,0.023200001
,,,-3.961E-05,0.021600001
,,,-3.96E-05,0.024800001
,,,-3.959E-05,0.024800001
,,,-3.958E-05,0.026400002
,,,-3.957E-05,0.023200001
,,,-3.956E-05,0.023200001
,,,-3.955E-05,0.024000001
,,,-3.954E-05,0.024000001
,,,-3.953E-05,0.025600002
,,,-3.952E-05,0.024800001
,,,-3.951E-05,0.023200001
,,,-3.95E-05,0.024000001
,,,-3.949E-05,0.024000001
,,,-3.948E-05,0.024000001
,,,-3.947E-05,0.024000001
,,,-3.946E-05,0.024800001
,,,-3.945E-05,0.023200001
,,,-3.944E-05,0.024000001
,,,-3.943E-05,0.024800001
,,,-3.942E-05,0.025600002
,,,-3.941E-05,0.024000001
,,,-3.94E-05,0.024000001
,,,-3.939E-05,0.024800001
,,,-3.938E-05,0.024000001
,,,-3.937E-05,0.024000001
,,,-3.936E-05,0.024000001
,,,-3.935E-05,0.024800001
,,,-3.934E-05,0.025600002
,,,-3.933E-05,0.024000001
,,,-3.932E-05,0.024000001
,,,-3.931E-05,0.024000001
,,,-3.93E-05,0.024000001
,,,-3.929E-05,0.024000001
,,,-3.928E-05,0.023200001
,,,-3.927E-05,0.022400001
,,,-3.926E-05,0.024000001
,,,-3.925E-05,0.024000001
,,,-3.924E-05,0.024800001
,,,-3.923E-05,0.025600002
,,,-3.922E-05,0.024000001
,,,-3.921E-05,0.024000001
,,,-3.92E-05,0.024000001
,,,-3.919E-05,0.024800001
,,,-3.918E-05,0.025600002
,,,-3.917E-05,0.024800001
,,,-3.916E-05,0.024800001
,,,-3.915E-05,0.024000001
,,,-3.914E-05,0.024800001
,,,-3.913E-05,0.025600002
,,,-3.912E-05,0.024000001
,,,-3.911E-05,0.024000001
,,,-3.91E-05,0.024000001
,,,-3.909E-05,0.023200001
,,,-3.908E-05,0.024800001
,,,-3.907E-05,0.024000001
,,,-3.906E-05,0.024800001
,,,-3.905E-05,0.023200001
,,,-3.904E-05,0.024000001
,,,-3.903E-05,0.024000001
,,,-3.902E-05,0.024800001
,,,-3.901E-05,0.024000001
,,,-3.9E-05,0.027200002
,,,-3.899E-05,0.024800001
,,,-3.898E-05,0.024000001
,,,-3.897E-05,0.024000001
,,,-3.896E-05,0.024800001
,,,-3.895E-05,0.025600002
,,,-3.894E-05,0.024800001
,,,-3.893E-05,0.024000001
,,,-3.892E-05,0.024800001
,,,-3.891E-05,0.023200001
,,,-3.89E-05,0.024800001
,,,-3.889E-05,0.024800001
,,,-3.888E-05,0.024800001
,,,-3.887E-05,0.023200001
,,,-3.886E-05,0.024000001
,,,-3.885E-05,0.023200001
,,,-3.884E-05,0.024000001
,,,-3.883E-05,0.024000001
,,,-3.882E-05,0.024000001
,,,-3.881E-05,0.024800001
,,,-3.88E-05,0.023200001
,,,-3.879E-05,0.025600002
,,,-3.878E-05,0.024000001
,,,-3.877E-05,0.024000001
,,,-3.876E-05,0.022400001
,,,-3.875E-05,0.023200001
,,,-3.874E-05,0.024000001
,,,-3.873E-05,0.024000001
,,,-3.872E-05,0.024800001
,,,-3.871E-05,0.022400001
,,,-3.87E-05,0.024000001
,,,-3.869E-05,0.026400002
,,,-3.868E-05,0.023200001
,,,-3.867E-05,0.023200001
,,,-3.866E-05,0.023200001
,,,-3.865E-05,0.024800001
,,,-3.864E-05,0.025600002
,,,-3.863E-05,0.023200001
,,,-3.862E-05,0.024000001
,,,-3.861E-05,0.024000001
,,,-3.86E-05,0.024800001
,,,-3.859E-05,0.023200001
,,,-3.858E-05,0.024000001
,,,-3.857E-05,0.024000001
,,,-3.856E-05,0.023200001
,,,-3.855E-05,0.024000001
,,,-3.854E-05,0.024000001
,,,-3.853E-05,0.024000001
,,,-3.852E-05,0.023200001
,,,-3.851E-05,0.023200001
,,,-3.85E-05,0.024000001
,,,-3.849E-05,0.023200001
,,,-3.848E-05,0.023200001
,,,-3.847E-05,0.024800001
,,,-3.846E-05,0.023200001
,,,-3.845E-05,0.025600002
,,,-3.844E-05,0.023200001
,,,-3.843E-05,0.024000001
,,,-3.842E-05,0.024000001
,,,-3.841E-05,0.025600002
,,,-3.84E-05,0.024800001
,,,-3.839E-05,0.025600002
,,,-3.838E-05,0.025600002
,,,-3.837E-05,0.025600002
,,,-3.836E-05,0.024000001
,,,-3.835E-05,0.023200001
,,,-3.834E-05,0.024000001
,,,-3.833E-05,0.025600002
,,,-3.832E-05,0.024800001
,,,-3.831E-05,0.024800001
,,,-3.83E-05,0.023200001
,,,-3.829E-05,0.024000001
,,,-3.828E-05,0.024800001
,,,-3.827E-05,0.024000001
,,,-3.826E-05,0.024000001
,,,-3.825E-05,0.023200001
,,,-3.824E-05,0.024800001
,,,-3.823E-05,0.025600002
,,,-3.822E-05,0.024000001
,,,-3.821E-05,0.024000001
,,,-3.82E-05,0.025600002
,,,-3.819E-05,0.024000001
,,,-3.818E-05,0.025600002
,,,-3.817E-05,0.024000001
,,,-3.816E-05,0.024000001
,,,-3.815E-05,0.024800001
,,,-3.814E-05,0.024800001
,,,-3.813E-05,0.024800001
,,,-3.812E-05,0.025600002
,,,-3.811E-05,0.024000001
,,,-3.81E-05,0.023200001
,,,-3.809E-05,0.023200001
,,,-3.808E-05,0.025600002
,,,-3.807E-05,0.024000001
,,,-3.806E-05,0.024000001
,,,-3.805E-05,0.024000001
,,,-3.804E-05,0.024000001
,,,-3.803E-05,0.025600002
,,,-3.802E-05,0.024000001
,,,-3.801E-05,0.022400001
,,,-3.8E-05,0.024800001
,,,-3.799E-05,0.024000001
,,,-3.798E-05,0.022400001
,,,-3.797E-05,0.024800001
,,,-3.796E-05,0.024000001
,,,-3.795E-05,0.024800001
,,,-3.794E-05,0.024000001
,,,-3.793E-05,0.024000001
,,,-3.792E-05,0.024000001
,,,-3.791E-05,0.024800001
,,,-3.79E-05,0.024000001
,,,-3.789E-05,0.024000001
,,,-3.788E-05,0.024000001
,,,-3.787E-05,0.028000002
,,,-3.786E-05,0.024000001
,,,-3.785E-05,0.024000001
,,,-3.784E-05,0.024000001
,,,-3.783E-05,0.024000001
,,,-3.782E-05,0.024000001
,,,-3.781E-05,0.024000001
,,,-3.78E-05,0.024000001
,,,-3.779E-05,0.026400002
,,,-3.778E-05,0.024000001
,,,-3.777E-05,0.024800001
,,,-3.776E-05,0.024800001
,,,-3.775E-05,0.023200001
,,,-3.774E-05,0.024000001
,,,-3.773E-05,0.023200001
,,,-3.772E-05,0.024000001
,,,-3.771E-05,0.024800001
,,,-3.77E-05,0.024000001
,,,-3.769E-05,0.022400001
,,,-3.768E-05,0.025600002
,,,-3.767E-05,0.022400001
,,,-3.766E-05,0.023200001
,,,-3.765E-05,0.024800001
,,,-3.764E-05,0.025600002
,,,-3.763E-05,0.022400001
,,,-3.762E-05,0.024800001
,,,-3.761E-05,0.024000001
,,,-3.76E-05,0.024800001
,,,-3.759E-05,0.024000001
,,,-3.758E-05,0.024800001
,,,-3.757E-05,0.026400002
,,,-3.756E-05,0.025600002
,,,-3.755E-05,0.024000001
,,,-3.754E-05,0.024000001
,,,-3.753E-05,0.024800001
,,,-3.752E-05,0.024000001
,,,-3.751E-05,0.024000001
,,,-3.75E-05,0.023200001
,,,-3.749E-05,0.023200001
,,,-3.748E-05,0.024000001
,,,-3.747E-05,0.024000001
,,,-3.746E-05,0.024800001
,,,-3.745E-05,0.023200001
,,,-3.744E-05,0.024000001
,,,-3.743E-05,0.024000001
,,,-3.742E-05,0.024000001
,,,-3.741E-05,0.024000001
,,,-3.74E-05,0.024000001
,,,-3.739E-05,0.024000001
,,,-3.738E-05,0.024800001
,,,-3.737E-05,0.024000001
,,,-3.736E-05,0.023200001
,,,-3.735E-05,0.024000001
,,,-3.734E-05,0.024000001
,,,-3.733E-05,0.024000001
,,,-3.732E-05,0.023200001
,,,-3.731E-05,0.024800001
,,,-3.73E-05,0.024800001
,,,-3.729E-05,0.024000001
,,,-3.728E-05,0.024800001
,,,-3.727E-05,0.026400002
,,,-3.726E-05,0.024000001
,,,-3.725E-05,0.024800001
,,,-3.724E-05,0.024000001
,,,-3.723E-05,0.024800001
,,,-3.722E-05,0.025600002
,,,-3.721E-05,0.024800001
,,,-3.72E-05,0.024000001
,,,-3.719E-05,0.024800001
,,,-3.718E-05,0.024000001
,,,-3.717E-05,0.024800001
,,,-3.716E-05,0.024800001
,,,-3.715E-05,0.022400001
,,,-3.714E-05,0.024800001
,,,-3.713E-05,0.022400001
,,,-3.712E-05,0.024000001
,,,-3.711E-05,0.024000001
,,,-3.71E-05,0.023200001
,,,-3.709E-05,0.024000001
,,,-3.708E-05,0.024000001
,,,-3.707E-05,0.024800001
,,,-3.706E-05,0.025600002
,,,-3.705E-05,0.024000001
,,,-3.704E-05,0.025600002
,,,-3.703E-05,0.022400001
,,,-3.702E-05,0.026400002
,,,-3.701E-05,0.024000001
,,,-3.7E-05,0.023200001
,,,-3.699E-05,0.023200001
,,,-3.698E-05,0.024800001
,,,-3.697E-05,0.024000001
,,,-3.696E-05,0.024800001
,,,-3.695E-05,0.024000001
,,,-3.694E-05,0.024000001
,,,-3.693E-05,0.026400002
,,,-3.692E-05,0.024000001
,,,-3.691E-05,0.024000001
,,,-3.69E-05,0.024800001
,,,-3.689E-05,0.024000001
,,,-3.688E-05,0.025600002
,,,-3.687E-05,0.024000001
,,,-3.686E-05,0.024800001
,,,-3.685E-05,0.024000001
,,,-3.684E-05,0.024000001
,,,-3.683E-05,0.024800001
,,,-3.682E-05,0.024000001
,,,-3.681E-05,0.024000001
,,,-3.68E-05,0.024000001
,,,-3.679E-05,0.024000001
,,,-3.678E-05,0.024000001
,,,-3.677E-05,0.024000001
,,,-3.676E-05,0.021600001
,,,-3.675E-05,0.024000001
,,,-3.674E-05,0.024000001
,,,-3.673E-05,0.024800001
,,,-3.672E-05,0.022400001
,,,-3.671E-05,0.024800001
,,,-3.67E-05,0.022400001
,,,-3.669E-05,0.024000001
,,,-3.668E-05,0.024000001
,,,-3.667E-05,0.024000001
,,,-3.666E-05,0.024800001
,,,-3.665E-05,0.023200001
,,,-3.664E-05,0.024800001
,,,-3.663E-05,0.024000001
,,,-3.662E-05,0.024000001
,,,-3.661E-05,0.023200001
,,,-3.66E-05,0.025600002
,,,-3.659E-05,0.024000001
,,,-3.658E-05,0.023200001
,,,-3.657E-05,0.024800001
,,,-3.656E-05,0.025600002
,,,-3.655E-05,0.023200001
,,,-3.654E-05,0.024000001
,,,-3.653E-05,0.024000001
,,,-3.652E-05,0.025600002
,,,-3.651E-05,0.024000001
,,,-3.65E-05,0.024800001
,,,-3.649E-05,0.024000001
,,,-3.648E-05,0.024000001
,,,-3.647E-05,0.024000001
,,,-3.646E-05,0.024800001
,,,-3.645E-05,0.024000001
,,,-3.644E-05,0.024800001
,,,-3.643E-05,0.024000001
,,,-3.642E-05,0.024800001
,,,-3.641E-05,0.024000001
,,,-3.64E-05,0.025600002
,,,-3.639E-05,0.024000001
,,,-3.638E-05,0.025600002
,,,-3.637E-05,0.024000001
,,,-3.636E-05,0.024000001
,,,-3.635E-05,0.025600002
,,,-3.634E-05,0.024000001
,,,-3.633E-05,0.024000001
,,,-3.632E-05,0.024800001
,,,-3.631E-05,0.024000001
,,,-3.63E-05,0.024000001
,,,-3.629E-05,0.025600002
,,,-3.628E-05,0.023200001
,,,-3.627E-05,0.024000001
,,,-3.626E-05,0.024000001
,,,-3.625E-05,0.024800001
,,,-3.624E-05,0.024000001
,,,-3.623E-05,0.023200001
,,,-3.622E-05,0.024000001
,,,-3.621E-05,0.023200001
,,,-3.62E-05,0.024000001
,,,-3.619E-05,0.024000001
,,,-3.618E-05,0.024800001
,,,-3.617E-05,0.024000001
,,,-3.616E-05,0.024000001
,,,-3.615E-05,0.025600002
,,,-3.614E-05,0.024000001
,,,-3.613E-05,0.023200001
,,,-3.612E-05,0.025600002
,,,-3.611E-05,0.024000001
,,,-3.61E-05,0.024000001
,,,-3.609E-05,0.024000001
,,,-3.608E-05,0.025600002
,,,-3.607E-05,0.024800001
,,,-3.606E-05,0.024800001
,,,-3.605E-05,0.024000001
,,,-3.604E-05,0.024000001
,,,-3.603E-05,0.023200001
,,,-3.602E-05,0.024000001
,,,-3.601E-05,0.023200001
,,,-3.6E-05,0.022400001
,,,-3.599E-05,0.023200001
,,,-3.598E-05,0.024800001
,,,-3.597E-05,0.023200001
,,,-3.596E-05,0.023200001
,,,-3.595E-05,0.023200001
,,,-3.594E-05,0.025600002
,,,-3.593E-05,0.024000001
,,,-3.592E-05,0.023200001
,,,-3.591E-05,0.024000001
,,,-3.59E-05,0.024800001
,,,-3.589E-05,0.023200001
,,,-3.588E-05,0.024800001
,,,-3.587E-05,0.024800001
,,,-3.586E-05,0.023200001
,,,-3.585E-05,0.024000001
,,,-3.584E-05,0.025600002
,,,-3.583E-05,0.024000001
,,,-3.582E-05,0.026400002
,,,-3.581E-05,0.025600002
,,,-3.58E-05,0.025600002
,,,-3.579E-05,0.023200001
,,,-3.578E-05,0.024000001
,,,-3.577E-05,0.024000001
,,,-3.576E-05,0.024800001
,,,-3.575E-05,0.023200001
,,,-3.574E-05,0.024000001
,,,-3.573E-05,0.024000001
,,,-3.572E-05,0.024000001
,,,-3.571E-05,0.024800001
,,,-3.57E-05,0.025600002
,,,-3.569E-05,0.024000001
,,,-3.568E-05,0.025600002
,,,-3.567E-05,0.024800001
,,,-3.566E-05,0.024000001
,,,-3.565E-05,0.024800001
,,,-3.564E-05,0.025600002
,,,-3.563E-05,0.024000001
,,,-3.562E-05,0.024000001
,,,-3.561E-05,0.025600002
,,,-3.56E-05,0.024000001
,,,-3.559E-05,0.024000001
,,,-3.558E-05,0.025600002
,,,-3.557E-05,0.024000001
,,,-3.556E-05,0.022400001
,,,-3.555E-05,0.025600002
,,,-3.554E-05,0.023200001
,,,-3.553E-05,0.024000001
,,,-3.552E-05,0.024000001
,,,-3.551E-05,0.024800001
,,,-3.55E-05,0.024000001
,,,-3.549E-05,0.024800001
,,,-3.548E-05,0.025600002
,,,-3.547E-05,0.024000001
,,,-3.546E-05,0.024000001
,,,-3.545E-05,0.025600002
,,,-3.544E-05,0.024000001
,,,-3.543E-05,0.025600002
,,,-3.542E-05,0.023200001
,,,-3.541E-05,0.024000001
,,,-3.54E-05,0.024000001
,,,-3.539E-05,0.022400001
,,,-3.538E-05,0.023200001
,,,-3.537E-05,0.024000001
,,,-3.536E-05,0.025600002
,,,-3.535E-05,0.024000001
,,,-3.534E-05,0.024000001
,,,-3.533E-05,0.024000001
,,,-3.532E-05,0.024800001
,,,-3.531E-05,0.024800001
,,,-3.53E-05,0.024800001
,,,-3.529E-05,0.024000001
,,,-3.528E-05,0.024800001
,,,-3.527E-05,0.024000001
,,,-3.526E-05,0.024000001
,,,-3.525E-05,0.025600002
,,,-3.524E-05,0.022400001
,,,-3.523E-05,0.024000001
,,,-3.522E-05,0.023200001
,,,-3.521E-05,0.024800001
,,,-3.52E-05,0.023200001
,,,-3.519E-05,0.025600002
,,,-3.518E-05,0.024000001
,,,-3.517E-05,0.023200001
,,,-3.516E-05,0.024000001
,,,-3.515E-05,0.024000001
,,,-3.514E-05,0.024000001
,,,-3.513E-05,0.024000001
,,,-3.512E-05,0.024800001
,,,-3.511E-05,0.026400002
,,,-3.51E-05,0.025600002
,,,-3.509E-05,0.024000001
,,,-3.508E-05,0.024000001
,,,-3.507E-05,0.024000001
,,,-3.506E-05,0.024000001
,,,-3.505E-05,0.024000001
,,,-3.504E-05,0.024800001
,,,-3.503E-05,0.023200001
,,,-3.502E-05,0.024800001
,,,-3.501E-05,0.026400002
,,,-3.5E-05,0.025600002
,,,-3.499E-05,0.024800001
,,,-3.498E-05,0.024000001
,,,-3.497E-05,0.024800001
,,,-3.496E-05,0.024800001
,,,-3.495E-05,0.024000001
,,,-3.494E-05,0.024800001
,,,-3.493E-05,0.025600002
,,,-3.492E-05,0.025600002
,,,-3.491E-05,0.024000001
,,,-3.49E-05,0.024000001
,,,-3.489E-05,0.024000001
,,,-3.488E-05,0.025600002
,,,-3.487E-05,0.024800001
,,,-3.486E-05,0.024000001
,,,-3.485E-05,0.024000001
,,,-3.484E-05,0.022400001
,,,-3.483E-05,0.025600002
,,,-3.482E-05,0.023200001
,,,-3.481E-05,0.026400002
,,,-3.48E-05,0.025600002
,,,-3.479E-05,0.025600002
,,,-3.478E-05,0.024000001
,,,-3.477E-05,0.024000001
,,,-3.476E-05,0.023200001
,,,-3.475E-05,0.026400002
,,,-3.474E-05,0.023200001
,,,-3.473E-05,0.024000001
,,,-3.472E-05,0.024000001
,,,-3.471E-05,0.024000001
,,,-3.47E-05,0.024000001
,,,-3.469E-05,0.023200001
,,,-3.468E-05,0.024800001
,,,-3.467E-05,0.024000001
,,,-3.466E-05,0.024000001
,,,-3.465E-05,0.024000001
,,,-3.464E-05,0.024000001
,,,-3.463E-05,0.025600002
,,,-3.462E-05,0.024000001
,,,-3.461E-05,0.026400002
,,,-3.46E-05,0.024800001
,,,-3.459E-05,0.024800001
,,,-3.458E-05,0.024000001
,,,-3.457E-05,0.024000001
,,,-3.456E-05,0.024800001
,,,-3.455E-05,0.024000001
,,,-3.454E-05,0.023200001
,,,-3.453E-05,0.024000001
,,,-3.452E-05,0.025600002
,,,-3.451E-05,0.024000001
,,,-3.45E-05,0.023200001
,,,-3.449E-05,0.024800001
,,,-3.448E-05,0.024000001
,,,-3.447E-05,0.024000001
,,,-3.446E-05,0.024000001
,,,-3.445E-05,0.023200001
,,,-3.444E-05,0.024000001
,,,-3.443E-05,0.025600002
,,,-3.442E-05,0.024000001
,,,-3.441E-05,0.024000001
,,,-3.44E-05,0.022400001
,,,-3.439E-05,0.025600002
,,,-3.438E-05,0.024000001
,,,-3.437E-05,0.024000001
,,,-3.436E-05,0.024800001
,,,-3.435E-05,0.024000001
,,,-3.434E-05,0.024800001
,,,-3.433E-05,0.024000001
,,,-3.432E-05,0.024000001
,,,-3.431E-05,0.024000001
,,,-3.43E-05,0.024000001
,,,-3.429E-05,0.024800001
,,,-3.428E-05,0.024000001
,,,-3.427E-05,0.024800001
,,,-3.426E-05,0.025600002
,,,-3.425E-05,0.024000001
,,,-3.424E-05,0.024800001
,,,-3.423E-05,0.025600002
,,,-3.422E-05,0.024000001
,,,-3.421E-05,0.024800001
,,,-3.42E-05,0.024800001
,,,-3.419E-05,0.023200001
,,,-3.418E-05,0.024000001
,,,-3.417E-05,0.022400001
,,,-3.416E-05,0.024800001
,,,-3.415E-05,0.024000001
,,,-3.414E-05,0.024000001
,,,-3.413E-05,0.025600002
,,,-3.412E-05,0.024000001
,,,-3.411E-05,0.024800001
,,,-3.41E-05,0.024000001
,,,-3.409E-05,0.023200001
,,,-3.408E-05,0.024000001
,,,-3.407E-05,0.023200001
,,,-3.406E-05,0.024000001
,,,-3.405E-05,0.024000001
,,,-3.404E-05,0.024800001
,,,-3.403E-05,0.022400001
,,,-3.402E-05,0.022400001
,,,-3.401E-05,0.026400002
,,,-3.4E-05,0.024000001
,,,-3.399E-05,0.023200001
,,,-3.398E-05,0.024000001
,,,-3.397E-05,0.023200001
,,,-3.396E-05,0.024000001
,,,-3.395E-05,0.025600002
,,,-3.394E-05,0.024000001
,,,-3.393E-05,0.023200001
,,,-3.392E-05,0.025600002
,,,-3.391E-05,0.024000001
,,,-3.39E-05,0.024800001
,,,-3.389E-05,0.024800001
,,,-3.388E-05,0.023200001
,,,-3.387E-05,0.024800001
,,,-3.386E-05,0.025600002
,,,-3.385E-05,0.024000001
,,,-3.384E-05,0.024800001
,,,-3.383E-05,0.024000001
,,,-3.382E-05,0.024000001
,,,-3.381E-05,0.024800001
,,,-3.38E-05,0.024000001
,,,-3.379E-05,0.024000001
,,,-3.378E-05,0.024000001
,,,-3.377E-05,0.024000001
,,,-3.376E-05,0.024800001
,,,-3.375E-05,0.024000001
,,,-3.374E-05,0.025600002
,,,-3.373E-05,0.025600002
,,,-3.372E-05,0.024000001
,,,-3.371E-05,0.024800001
,,,-3.37E-05,0.025600002
,,,-3.369E-05,0.025600002
,,,-3.368E-05,0.023200001
,,,-3.367E-05,0.022400001
,,,-3.366E-05,0.024800001
,,,-3.365E-05,0.022400001
,,,-3.364E-05,0.024800001
,,,-3.363E-05,0.024000001
,,,-3.362E-05,0.022400001
,,,-3.361E-05,0.025600002
,,,-3.36E-05,0.024800001
,,,-3.359E-05,0.024000001
,,,-3.358E-05,0.024000001
,,,-3.357E-05,0.024800001
,,,-3.356E-05,0.025600002
,,,-3.355E-05,0.024800001
,,,-3.354E-05,0.025600002
,,,-3.353E-05,0.023200001
,,,-3.352E-05,0.023200001
,,,-3.351E-05,0.024000001
,,,-3.35E-05,0.024800001
,,,-3.349E-05,0.024000001
,,,-3.348E-05,0.025600002
,,,-3.347E-05,0.024800001
,,,-3.346E-05,0.024800001
,,,-3.345E-05,0.024800001
,,,-3.344E-05,0.022400001
,,,-3.343E-05,0.024000001
,,,-3.342E-05,0.023200001
,,,-3.341E-05,0.024000001
,,,-3.34E-05,0.024800001
,,,-3.339E-05,0.024000001
,,,-3.338E-05,0.024000001
,,,-3.337E-05,0.022400001
,,,-3.336E-05,0.024000001
,,,-3.335E-05,0.024000001
,,,-3.334E-05,0.027200002
,,,-3.333E-05,0.024000001
,,,-3.332E-05,0.027200002
,,,-3.331E-05,0.024000001
,,,-3.33E-05,0.024000001
,,,-3.329E-05,0.024000001
,,,-3.328E-05,0.024000001
,,,-3.327E-05,0.023200001
,,,-3.326E-05,0.024800001
,,,-3.325E-05,0.024000001
,,,-3.324E-05,0.024800001
,,,-3.323E-05,0.024000001
,,,-3.322E-05,0.025600002
,,,-3.321E-05,0.022400001
,,,-3.32E-05,0.024000001
,,,-3.319E-05,0.024800001
,,,-3.318E-05,0.025600002
,,,-3.317E-05,0.022400001
,,,-3.316E-05,0.024800001
,,,-3.315E-05,0.025600002
,,,-3.314E-05,0.024800001
,,,-3.313E-05,0.025600002
,,,-3.312E-05,0.024800001
,,,-3.311E-05,0.024000001
,,,-3.31E-05,0.024000001
,,,-3.309E-05,0.023200001
,,,-3.308E-05,0.025600002
,,,-3.307E-05,0.024800001
,,,-3.306E-05,0.025600002
,,,-3.305E-05,0.024000001
,,,-3.304E-05,0.023200001
,,,-3.303E-05,0.024800001
,,,-3.302E-05,0.023200001
,,,-3.301E-05,0.024000001
,,,-3.3E-05,0.023200001
,,,-3.299E-05,0.024000001
,,,-3.298E-05,0.024000001
,,,-3.297E-05,0.023200001
,,,-3.296E-05,0.024000001
,,,-3.295E-05,0.023200001
,,,-3.294E-05,0.024000001
,,,-3.293E-05,0.024800001
,,,-3.292E-05,0.024000001
,,,-3.291E-05,0.024000001
,,,-3.29E-05,0.024000001
,,,-3.289E-05,0.024800001
,,,-3.288E-05,0.024000001
,,,-3.287E-05,0.024000001
,,,-3.286E-05,0.024000001
,,,-3.285E-05,0.025600002
,,,-3.284E-05,0.023200001
,,,-3.283E-05,0.024000001
,,,-3.282E-05,0.024800001
,,,-3.281E-05,0.024000001
,,,-3.28E-05,0.024000001
,,,-3.279E-05,0.024000001
,,,-3.278E-05,0.024800001
,,,-3.277E-05,0.024000001
,,,-3.276E-05,0.024000001
,,,-3.275E-05,0.024800001
,,,-3.274E-05,0.024800001
,,,-3.273E-05,0.024800001
,,,-3.272E-05,0.024800001
,,,-3.271E-05,0.023200001
,,,-3.27E-05,0.025600002
,,,-3.269E-05,0.024800001
,,,-3.268E-05,0.024000001
,,,-3.267E-05,0.024000001
,,,-3.266E-05,0.024800001
,,,-3.265E-05,0.024000001
,,,-3.264E-05,0.024000001
,,,-3.263E-05,0.024000001
,,,-3.262E-05,0.024000001
,,,-3.261E-05,0.024000001
,,,-3.26E-05,0.023200001
,,,-3.259E-05,0.024000001
,,,-3.258E-05,0.024000001
,,,-3.257E-05,0.023200001
,,,-3.256E-05,0.024000001
,,,-3.255E-05,0.024000001
,,,-3.254E-05,0.024000001
,,,-3.253E-05,0.024000001
,,,-3.252E-05,0.024000001
,,,-3.251E-05,0.024000001
,,,-3.25E-05,0.025600002
,,,-3.249E-05,0.024800001
,,,-3.248E-05,0.025600002
,,,-3.247E-05,0.025600002
,,,-3.246E-05,0.024800001
,,,-3.245E-05,0.024000001
,,,-3.244E-05,0.024800001
,,,-3.243E-05,0.024000001
,,,-3.242E-05,0.024800001
,,,-3.241E-05,0.024000001
,,,-3.24E-05,0.024000001
,,,-3.239E-05,0.024800001
,,,-3.238E-05,0.024000001
,,,-3.237E-05,0.024000001
,,,-3.236E-05,0.024800001
,,,-3.235E-05,0.023200001
,,,-3.234E-05,0.024000001
,,,-3.233E-05,0.024000001
,,,-3.232E-05,0.025600002
,,,-3.231E-05,0.024000001
,,,-3.23E-05,0.024800001
,,,-3.229E-05,0.024000001
,,,-3.228E-05,0.024800001
,,,-3.227E-05,0.024800001
,,,-3.226E-05,0.024000001
,,,-3.225E-05,0.024800001
,,,-3.224E-05,0.024800001
,,,-3.223E-05,0.023200001
,,,-3.222E-05,0.024000001
,,,-3.221E-05,0.022400001
,,,-3.22E-05,0.024800001
,,,-3.219E-05,0.024000001
,,,-3.218E-05,0.023200001
,,,-3.217E-05,0.024000001
,,,-3.216E-05,0.024000001
,,,-3.215E-05,0.024000001
,,,-3.214E-05,0.024000001
,,,-3.213E-05,0.024800001
,,,-3.212E-05,0.024000001
,,,-3.211E-05,0.024000001
,,,-3.21E-05,0.023200001
,,,-3.209E-05,0.024800001
,,,-3.208E-05,0.024800001
,,,-3.207E-05,0.024800001
,,,-3.206E-05,0.023200001
,,,-3.205E-05,0.024800001
,,,-3.204E-05,0.024000001
,,,-3.203E-05,0.024000001
,,,-3.202E-05,0.024000001
,,,-3.201E-05,0.022400001
,,,-3.2E-05,0.023200001
,,,-3.199E-05,0.025600002
,,,-3.198E-05,0.025600002
,,,-3.197E-05,0.024800001
,,,-3.196E-05,0.024800001
,,,-3.195E-05,0.024800001
,,,-3.194E-05,0.024800001
,,,-3.193E-05,0.023200001
,,,-3.192E-05,0.024800001
,,,-3.191E-05,0.024000001
,,,-3.19E-05,0.024000001
,,,-3.189E-05,0.024000001
,,,-3.188E-05,0.024000001
,,,-3.187E-05,0.025600002
,,,-3.186E-05,0.024000001
,,,-3.185E-05,0.024000001
,,,-3.184E-05,0.024800001
,,,-3.183E-05,0.024000001
,,,-3.182E-05,0.024000001
,,,-3.181E-05,0.025600002
,,,-3.18E-05,0.023200001
,,,-3.179E-05,0.023200001
,,,-3.178E-05,0.024800001
,,,-3.177E-05,0.024000001
,,,-3.176E-05,0.024000001
,,,-3.175E-05,0.025600002
,,,-3.174E-05,0.025600002
,,,-3.173E-05,0.024000001
,,,-3.172E-05,0.024000001
,,,-3.171E-05,0.024000001
,,,-3.17E-05,0.023200001
,,,-3.169E-05,0.024800001
,,,-3.168E-05,0.025600002
,,,-3.167E-05,0.024000001
,,,-3.166E-05,0.024800001
,,,-3.165E-05,0.023200001
,,,-3.164E-05,0.024800001
,,,-3.163E-05,0.024000001
,,,-3.162E-05,0.023200001
,,,-3.161E-05,0.024000001
,,,-3.16E-05,0.024800001
,,,-3.159E-05,0.024000001
,,,-3.158E-05,0.024000001
,,,-3.157E-05,0.024800001
,,,-3.156E-05,0.024800001
,,,-3.155E-05,0.024800001
,,,-3.154E-05,0.024800001
,,,-3.153E-05,0.025600002
,,,-3.152E-05,0.025600002
,,,-3.151E-05,0.024000001
,,,-3.15E-05,0.024800001
,,,-3.149E-05,0.025600002
,,,-3.148E-05,0.024000001
,,,-3.147E-05,0.024000001
,,,-3.146E-05,0.024000001
,,,-3.145E-05,0.023200001
,,,-3.144E-05,0.024800001
,,,-3.143E-05,0.024000001
,,,-3.142E-05,0.024800001
,,,-3.141E-05,0.024000001
,,,-3.14E-05,0.024000001
,,,-3.139E-05,0.024000001
,,,-3.138E-05,0.024800001
,,,-3.137E-05,0.024800001
,,,-3.136E-05,0.024800001
,,,-3.135E-05,0.024000001
,,,-3.134E-05,0.024000001
,,,-3.133E-05,0.023200001
,,,-3.132E-05,0.024800001
,,,-3.131E-05,0.024000001
,,,-3.13E-05,0.025600002
,,,-3.129E-05,0.024000001
,,,-3.128E-05,0.024000001
,,,-3.127E-05,0.024000001
,,,-3.126E-05,0.023200001
,,,-3.125E-05,0.024000001
,,,-3.124E-05,0.024000001
,,,-3.123E-05,0.023200001
,,,-3.122E-05,0.024000001
,,,-3.121E-05,0.024000001
,,,-3.12E-05,0.024000001
,,,-3.119E-05,0.024000001
,,,-3.118E-05,0.024000001
,,,-3.117E-05,0.023200001
,,,-3.116E-05,0.025600002
,,,-3.115E-05,0.024000001
,,,-3.114E-05,0.025600002
,,,-3.113E-05,0.024000001
,,,-3.112E-05,0.024000001
,,,-3.111E-05,0.023200001
,,,-3.11E-05,0.024000001
,,,-3.109E-05,0.024800001
,,,-3.108E-05,0.024000001
,,,-3.107E-05,0.024000001
,,,-3.106E-05,0.023200001
,,,-3.105E-05,0.024000001
,,,-3.104E-05,0.025600002
,,,-3.103E-05,0.024000001
,,,-3.102E-05,0.024000001
,,,-3.101E-05,0.022400001
,,,-3.1E-05,0.024000001
,,,-3.099E-05,0.024000001
,,,-3.098E-05,0.024800001
,,,-3.097E-05,0.024000001
,,,-3.096E-05,0.024800001
,,,-3.095E-05,0.024000001
,,,-3.094E-05,0.024800001
,,,-3.093E-05,0.024000001
,,,-3.092E-05,0.025600002
,,,-3.091E-05,0.024000001
,,,-3.09E-05,0.024000001
,,,-3.089E-05,0.024000001
,,,-3.088E-05,0.024800001
,,,-3.087E-05,0.024000001
,,,-3.086E-05,0.024000001
,,,-3.085E-05,0.025600002
,,,-3.084E-05,0.024000001
,,,-3.083E-05,0.025600002
,,,-3.082E-05,0.023200001
,,,-3.081E-05,0.024000001
,,,-3.08E-05,0.024800001
,,,-3.079E-05,0.023200001
,,,-3.078E-05,0.024000001
,,,-3.077E-05,0.024800001
,,,-3.076E-05,0.024000001
,,,-3.075E-05,0.024800001
,,,-3.074E-05,0.024000001
,,,-3.073E-05,0.024000001
,,,-3.072E-05,0.023200001
,,,-3.071E-05,0.024800001
,,,-3.07E-05,0.024000001
,,,-3.069E-05,0.024000001
,,,-3.068E-05,0.024000001
,,,-3.067E-05,0.023200001
,,,-3.066E-05,0.024000001
,,,-3.065E-05,0.024000001
,,,-3.064E-05,0.024000001
,,,-3.063E-05,0.027200002
,,,-3.062E-05,0.022400001
,,,-3.061E-05,0.024000001
,,,-3.06E-05,0.024800001
,,,-3.059E-05,0.022400001
,,,-3.058E-05,0.024000001
,,,-3.057E-05,0.024000001
,,,-3.056E-05,0.024000001
,,,-3.055E-05,0.024000001
,,,-3.054E-05,0.024000001
,,,-3.053E-05,0.024800001
,,,-3.052E-05,0.024000001
,,,-3.051E-05,0.024000001
,,,-3.05E-05,0.024000001
,,,-3.049E-05,0.025600002
,,,-3.048E-05,0.024800001
,,,-3.047E-05,0.024000001
,,,-3.046E-05,0.024000001
,,,-3.045E-05,0.025600002
,,,-3.044E-05,0.022400001
,,,-3.043E-05,0.023200001
,,,-3.042E-05,0.024800001
,,,-3.041E-05,0.026400002
,,,-3.04E-05,0.025600002
,,,-3.039E-05,0.024000001
,,,-3.038E-05,0.024000001
,,,-3.037E-05,0.024000001
,,,-3.036E-05,0.025600002
,,,-3.035E-05,0.024800001
,,,-3.034E-05,0.023200001
,,,-3.033E-05,0.024000001
,,,-3.032E-05,0.022400001
,,,-3.031E-05,0.024800001
,,,-3.03E-05,0.024000001
,,,-3.029E-05,0.024000001
,,,-3.028E-05,0.024000001
,,,-3.027E-05,0.024800001
,,,-3.026E-05,0.024800001
,,,-3.025E-05,0.023200001
,,,-3.024E-05,0.025600002
,,,-3.023E-05,0.024000001
,,,-3.022E-05,0.024000001
,,,-3.021E-05,0.023200001
,,,-3.02E-05,0.025600002
,,,-3.019E-05,0.022400001
,,,-3.018E-05,0.024000001
,,,-3.017E-05,0.025600002
,,,-3.016E-05,0.023200001
,,,-3.015E-05,0.026400002
,,,-3.014E-05,0.024800001
,,,-3.013E-05,0.022400001
,,,-3.012E-05,0.021600001
,,,-3.011E-05,0.024000001
,,,-3.01E-05,0.024800001
,,,-3.009E-05,0.024800001
,,,-3.008E-05,0.024000001
,,,-3.007E-05,0.024000001
,,,-3.006E-05,0.024000001
,,,-3.005E-05,0.023200001
,,,-3.004E-05,0.024000001
,,,-3.003E-05,0.024000001
,,,-3.002E-05,0.026400002
,,,-3.001E-05,0.024000001
,,,-3E-05,0.024800001
,,,-2.999E-05,0.024800001
,,,-2.998E-05,0.024000001
,,,-2.997E-05,0.024000001
,,,-2.996E-05,0.024000001
,,,-2.995E-05,0.024000001
,,,-2.994E-05,0.024000001
,,,-2.993E-05,0.024000001
,,,-2.992E-05,0.023200001
,,,-2.991E-05,0.023200001
,,,-2.99E-05,0.024800001
,,,-2.989E-05,0.024000001
,,,-2.988E-05,0.024000001
,,,-2.987E-05,0.024800001
,,,-2.986E-05,0.024000001
,,,-2.985E-05,0.024800001
,,,-2.984E-05,0.024000001
,,,-2.983E-05,0.024800001
,,,-2.982E-05,0.025600002
,,,-2.981E-05,0.024000001
,,,-2.98E-05,0.024800001
,,,-2.979E-05,0.024000001
,,,-2.978E-05,0.024000001
,,,-2.977E-05,0.024800001
,,,-2.976E-05,0.024800001
,,,-2.975E-05,0.024800001
,,,-2.974E-05,0.024000001
,,,-2.973E-05,0.024000001
,,,-2.972E-05,0.024800001
,,,-2.971E-05,0.023200001
,,,-2.97E-05,0.024000001
,,,-2.969E-05,0.024800001
,,,-2.968E-05,0.023200001
,,,-2.967E-05,0.024800001
,,,-2.966E-05,0.024000001
,,,-2.965E-05,0.025600002
,,,-2.964E-05,0.024800001
,,,-2.963E-05,0.024000001
,,,-2.962E-05,0.024000001
,,,-2.961E-05,0.024000001
,,,-2.96E-05,0.024800001
,,,-2.959E-05,0.022400001
,,,-2.958E-05,0.024000001
,,,-2.957E-05,0.024000001
,,,-2.956E-05,0.023200001
,,,-2.955E-05,0.024000001
,,,-2.954E-05,0.025600002
,,,-2.953E-05,0.024000001
,,,-2.952E-05,0.024000001
,,,-2.951E-05,0.024000001
,,,-2.95E-05,0.024000001
,,,-2.949E-05,0.023200001
,,,-2.948E-05,0.024000001
,,,-2.947E-05,0.024800001
,,,-2.946E-05,0.024000001
,,,-2.945E-05,0.024000001
,,,-2.944E-05,0.024000001
,,,-2.943E-05,0.026400002
,,,-2.942E-05,0.024000001
,,,-2.941E-05,0.025600002
,,,-2.94E-05,0.024000001
,,,-2.939E-05,0.024800001
,,,-2.938E-05,0.024800001
,,,-2.937E-05,0.024000001
,,,-2.936E-05,0.024800001
,,,-2.935E-05,0.024000001
,,,-2.934E-05,0.024000001
,,,-2.933E-05,0.024000001
,,,-2.932E-05,0.024000001
,,,-2.931E-05,0.024800001
,,,-2.93E-05,0.024000001
,,,-2.929E-05,0.024800001
,,,-2.928E-05,0.024000001
,,,-2.927E-05,0.024000001
,,,-2.926E-05,0.024000001
,,,-2.925E-05,0.024800001
,,,-2.924E-05,0.024000001
,,,-2.923E-05,0.024000001
,,,-2.922E-05,0.024000001
,,,-2.921E-05,0.024000001
,,,-2.92E-05,0.024000001
,,,-2.919E-05,0.024000001
,,,-2.918E-05,0.023200001
,,,-2.917E-05,0.025600002
,,,-2.916E-05,0.024000001
,,,-2.915E-05,0.024000001
,,,-2.914E-05,0.024000001
,,,-2.913E-05,0.025600002
,,,-2.912E-05,0.025600002
,,,-2.911E-05,0.023200001
,,,-2.91E-05,0.024000001
,,,-2.909E-05,0.024000001
,,,-2.908E-05,0.024000001
,,,-2.907E-05,0.024000001
,,,-2.906E-05,0.024000001
,,,-2.905E-05,0.023200001
,,,-2.904E-05,0.024000001
,,,-2.903E-05,0.024000001
,,,-2.902E-05,0.024800001
,,,-2.901E-05,0.024000001
,,,-2.9E-05,0.024800001
,,,-2.899E-05,0.024000001
,,,-2.898E-05,0.023200001
,,,-2.897E-05,0.024800001
,,,-2.896E-05,0.024000001
,,,-2.895E-05,0.024000001
,,,-2.894E-05,0.024000001
,,,-2.893E-05,0.024000001
,,,-2.892E-05,0.025600002
,,,-2.891E-05,0.024800001
,,,-2.89E-05,0.024800001
,,,-2.889E-05,0.025600002
,,,-2.888E-05,0.024000001
,,,-2.887E-05,0.024000001
,,,-2.886E-05,0.024800001
,,,-2.885E-05,0.024000001
,,,-2.884E-05,0.026400002
,,,-2.883E-05,0.024000001
,,,-2.882E-05,0.024000001
,,,-2.881E-05,0.024000001
,,,-2.88E-05,0.024000001
,,,-2.879E-05,0.025600002
,,,-2.878E-05,0.024800001
,,,-2.877E-05,0.025600002
,,,-2.876E-05,0.025600002
,,,-2.875E-05,0.024800001
,,,-2.874E-05,0.024800001
,,,-2.873E-05,0.024000001
,,,-2.872E-05,0.024000001
,,,-2.871E-05,0.023200001
,,,-2.87E-05,0.024800001
,,,-2.869E-05,0.023200001
,,,-2.868E-05,0.024000001
,,,-2.867E-05,0.024000001
,,,-2.866E-05,0.024800001
,,,-2.865E-05,0.023200001
,,,-2.864E-05,0.023200001
,,,-2.863E-05,0.024000001
,,,-2.862E-05,0.025600002
,,,-2.861E-05,0.024800001
,,,-2.86E-05,0.024000001
,,,-2.859E-05,0.024000001
,,,-2.858E-05,0.024000001
,,,-2.857E-05,0.022400001
,,,-2.856E-05,0.026400002
,,,-2.855E-05,0.024000001
,,,-2.854E-05,0.023200001
,,,-2.853E-05,0.024000001
,,,-2.852E-05,0.024000001
,,,-2.851E-05,0.025600002
,,,-2.85E-05,0.023200001
,,,-2.849E-05,0.024000001
,,,-2.848E-05,0.024000001
,,,-2.847E-05,0.024000001
,,,-2.846E-05,0.024800001
,,,-2.845E-05,0.023200001
,,,-2.844E-05,0.024000001
,,,-2.843E-05,0.025600002
,,,-2.842E-05,0.024000001
,,,-2.841E-05,0.025600002
,,,-2.84E-05,0.024800001
,,,-2.839E-05,0.024000001
,,,-2.838E-05,0.024000001
,,,-2.837E-05,0.024000001
,,,-2.836E-05,0.024000001
,,,-2.835E-05,0.024000001
,,,-2.834E-05,0.024000001
,,,-2.833E-05,0.024000001
,,,-2.832E-05,0.025600002
,,,-2.831E-05,0.023200001
,,,-2.83E-05,0.026400002
,,,-2.829E-05,0.024800001
,,,-2.828E-05,0.023200001
,,,-2.827E-05,0.024000001
,,,-2.826E-05,0.024000001
,,,-2.825E-05,0.024000001
,,,-2.824E-05,0.024000001
,,,-2.823E-05,0.024800001
,,,-2.822E-05,0.025600002
,,,-2.821E-05,0.024000001
,,,-2.82E-05,0.023200001
,,,-2.819E-05,0.024000001
,,,-2.818E-05,0.024000001
,,,-2.817E-05,0.024000001
,,,-2.816E-05,0.024000001
,,,-2.815E-05,0.024800001
,,,-2.814E-05,0.023200001
,,,-2.813E-05,0.024800001
,,,-2.812E-05,0.024000001
,,,-2.811E-05,0.024800001
,,,-2.81E-05,0.024000001
,,,-2.809E-05,0.024000001
,,,-2.808E-05,0.024800001
,,,-2.807E-05,0.023200001
,,,-2.806E-05,0.024000001
,,,-2.805E-05,0.024000001
,,,-2.804E-05,0.024000001
,,,-2.803E-05,0.023200001
,,,-2.802E-05,0.024800001
,,,-2.801E-05,0.024000001
,,,-2.8E-05,0.023200001
,,,-2.799E-05,0.024000001
,,,-2.798E-05,0.023200001
,,,-2.797E-05,0.024000001
,,,-2.796E-05,0.024800001
,,,-2.795E-05,0.023200001
,,,-2.794E-05,0.024000001
,,,-2.793E-05,0.024000001
,,,-2.792E-05,0.024000001
,,,-2.791E-05,0.025600002
,,,-2.79E-05,0.024000001
,,,-2.789E-05,0.024000001
,,,-2.788E-05,0.024800001
,,,-2.787E-05,0.024000001
,,,-2.786E-05,0.024800001
,,,-2.785E-05,0.024000001
,,,-2.784E-05,0.024800001
,,,-2.783E-05,0.024000001
,,,-2.782E-05,0.024000001
,,,-2.781E-05,0.023200001
,,,-2.78E-05,0.025600002
,,,-2.779E-05,0.024000001
,,,-2.778E-05,0.025600002
,,,-2.777E-05,0.024000001
,,,-2.776E-05,0.024800001
,,,-2.775E-05,0.025600002
,,,-2.774E-05,0.023200001
,,,-2.773E-05,0.024000001
,,,-2.772E-05,0.024000001
,,,-2.771E-05,0.023200001
,,,-2.77E-05,0.023200001
,,,-2.769E-05,0.024000001
,,,-2.768E-05,0.024800001
,,,-2.767E-05,0.024000001
,,,-2.766E-05,0.026400002
,,,-2.765E-05,0.024000001
,,,-2.764E-05,0.024800001
,,,-2.763E-05,0.024800001
,,,-2.762E-05,0.024800001
,,,-2.761E-05,0.024800001
,,,-2.76E-05,0.024000001
,,,-2.759E-05,0.024000001
,,,-2.758E-05,0.024800001
,,,-2.757E-05,0.024000001
,,,-2.756E-05,0.024000001
,,,-2.755E-05,0.024000001
,,,-2.754E-05,0.024000001
,,,-2.753E-05,0.024000001
,,,-2.752E-05,0.025600002
,,,-2.751E-05,0.024000001
,,,-2.75E-05,0.024800001
,,,-2.749E-05,0.023200001
,,,-2.748E-05,0.024000001
,,,-2.747E-05,0.024000001
,,,-2.746E-05,0.024800001
,,,-2.745E-05,0.024800001
,,,-2.744E-05,0.025600002
,,,-2.743E-05,0.023200001
,,,-2.742E-05,0.024000001
,,,-2.741E-05,0.025600002
,,,-2.74E-05,0.023200001
,,,-2.739E-05,0.024000001
,,,-2.738E-05,0.024800001
,,,-2.737E-05,0.025600002
,,,-2.736E-05,0.024000001
,,,-2.735E-05,0.024000001
,,,-2.734E-05,0.025600002
,,,-2.733E-05,0.024000001
,,,-2.732E-05,0.025600002
,,,-2.731E-05,0.024800001
,,,-2.73E-05,0.024800001
,,,-2.729E-05,0.024000001
,,,-2.728E-05,0.024800001
,,,-2.727E-05,0.021600001
,,,-2.726E-05,0.024000001
,,,-2.725E-05,0.024000001
,,,-2.724E-05,0.025600002
,,,-2.723E-05,0.024000001
,,,-2.722E-05,0.024800001
,,,-2.721E-05,0.023200001
,,,-2.72E-05,0.024000001
,,,-2.719E-05,0.023200001
,,,-2.718E-05,0.024800001
,,,-2.717E-05,0.025600002
,,,-2.716E-05,0.024800001
,,,-2.715E-05,0.024000001
,,,-2.714E-05,0.022400001
,,,-2.713E-05,0.024000001
,,,-2.712E-05,0.024000001
,,,-2.711E-05,0.023200001
,,,-2.71E-05,0.024000001
,,,-2.709E-05,0.024800001
,,,-2.708E-05,0.025600002
,,,-2.707E-05,0.024000001
,,,-2.706E-05,0.024000001
,,,-2.705E-05,0.024800001
,,,-2.704E-05,0.023200001
,,,-2.703E-05,0.024000001
,,,-2.702E-05,0.025600002
,,,-2.701E-05,0.025600002
,,,-2.7E-05,0.023200001
,,,-2.699E-05,0.024000001
,,,-2.698E-05,0.024000001
,,,-2.697E-05,0.024800001
,,,-2.696E-05,0.024800001
,,,-2.695E-05,0.023200001
,,,-2.694E-05,0.024000001
,,,-2.693E-05,0.024000001
,,,-2.692E-05,0.025600002
,,,-2.691E-05,0.024800001
,,,-2.69E-05,0.025600002
,,,-2.689E-05,0.024000001
,,,-2.688E-05,0.026400002
,,,-2.687E-05,0.023200001
,,,-2.686E-05,0.024800001
,,,-2.685E-05,0.024000001
,,,-2.684E-05,0.024000001
,,,-2.683E-05,0.024800001
,,,-2.682E-05,0.024000001
,,,-2.681E-05,0.023200001
,,,-2.68E-05,0.024800001
,,,-2.679E-05,0.024000001
,,,-2.678E-05,0.024000001
,,,-2.677E-05,0.023200001
,,,-2.676E-05,0.024800001
,,,-2.675E-05,0.024800001
,,,-2.674E-05,0.024000001
,,,-2.673E-05,0.024800001
,,,-2.672E-05,0.024000001
,,,-2.671E-05,0.024000001
,,,-2.67E-05,0.025600002
,,,-2.669E-05,0.024000001
,,,-2.668E-05,0.021600001
,,,-2.667E-05,0.024000001
,,,-2.666E-05,0.025600002
,,,-2.665E-05,0.024000001
,,,-2.664E-05,0.024000001
,,,-2.663E-05,0.024000001
,,,-2.662E-05,0.024000001
,,,-2.661E-05,0.024000001
,,,-2.66E-05,0.025600002
,,,-2.659E-05,0.023200001
,,,-2.658E-05,0.024800001
,,,-2.657E-05,0.024000001
,,,-2.656E-05,0.024000001
,,,-2.655E-05,0.023200001
,,,-2.654E-05,0.024800001
,,,-2.653E-05,0.022400001
,,,-2.652E-05,0.024800001
,,,-2.651E-05,0.024800001
,,,-2.65E-05,0.024800001
,,,-2.649E-05,0.025600002
,,,-2.648E-05,0.025600002
,,,-2.647E-05,0.024800001
,,,-2.646E-05,0.024000001
,,,-2.645E-05,0.024000001
,,,-2.644E-05,0.025600002
,,,-2.643E-05,0.024800001
,,,-2.642E-05,0.024800001
,,,-2.641E-05,0.024000001
,,,-2.64E-05,0.025600002
,,,-2.639E-05,0.024800001
,,,-2.638E-05,0.024800001
,,,-2.637E-05,0.024000001
,,,-2.636E-05,0.022400001
,,,-2.635E-05,0.024000001
,,,-2.634E-05,0.024000001
,,,-2.633E-05,0.024000001
,,,-2.632E-05,0.023200001
,,,-2.631E-05,0.024000001
,,,-2.63E-05,0.023200001
,,,-2.629E-05,0.023200001
,,,-2.628E-05,0.024000001
,,,-2.627E-05,0.024800001
,,,-2.626E-05,0.024000001
,,,-2.625E-05,0.024800001
,,,-2.624E-05,0.025600002
,,,-2.623E-05,0.024000001
,,,-2.622E-05,0.025600002
,,,-2.621E-05,0.024000001
,,,-2.62E-05,0.024800001
,,,-2.619E-05,0.024000001
,,,-2.618E-05,0.024800001
,,,-2.617E-05,0.024800001
,,,-2.616E-05,0.024000001
,,,-2.615E-05,0.026400002
,,,-2.614E-05,0.024000001
,,,-2.613E-05,0.023200001
,,,-2.612E-05,0.023200001
,,,-2.611E-05,0.024800001
,,,-2.61E-05,0.024800001
,,,-2.609E-05,0.025600002
,,,-2.608E-05,0.024000001
,,,-2.607E-05,0.023200001
,,,-2.606E-05,0.024000001
,,,-2.605E-05,0.024800001
,,,-2.604E-05,0.024000001
,,,-2.603E-05,0.025600002
,,,-2.602E-05,0.024800001
,,,-2.601E-05,0.021600001
,,,-2.6E-05,0.024800001
,,,-2.599E-05,0.023200001
,,,-2.598E-05,0.024000001
,,,-2.597E-05,0.024000001
,,,-2.596E-05,0.024800001
,,,-2.595E-05,0.024000001
,,,-2.594E-05,0.023200001
,,,-2.593E-05,0.024000001
,,,-2.592E-05,0.024000001
,,,-2.591E-05,0.024000001
,,,-2.59E-05,0.024000001
,,,-2.589E-05,0.024000001
,,,-2.588E-05,0.025600002
,,,-2.587E-05,0.024000001
,,,-2.586E-05,0.022400001
,,,-2.585E-05,0.024000001
,,,-2.584E-05,0.024000001
,,,-2.583E-05,0.024800001
,,,-2.582E-05,0.023200001
,,,-2.581E-05,0.023200001
,,,-2.58E-05,0.024000001
,,,-2.579E-05,0.024800001
,,,-2.578E-05,0.024000001
,,,-2.577E-05,0.024000001
,,,-2.576E-05,0.024800001
,,,-2.575E-05,0.024000001
,,,-2.574E-05,0.024800001
,,,-2.573E-05,0.025600002
,,,-2.572E-05,0.024000001
,,,-2.571E-05,0.025600002
,,,-2.57E-05,0.023200001
,,,-2.569E-05,0.023200001
,,,-2.568E-05,0.025600002
,,,-2.567E-05,0.024000001
,,,-2.566E-05,0.024800001
,,,-2.565E-05,0.024800001
,,,-2.564E-05,0.024000001
,,,-2.563E-05,0.024000001
,,,-2.562E-05,0.024800001
,,,-2.561E-05,0.024800001
,,,-2.56E-05,0.024000001
,,,-2.559E-05,0.023200001
,,,-2.558E-05,0.024800001
,,,-2.557E-05,0.024000001
,,,-2.556E-05,0.023200001
,,,-2.555E-05,0.024800001
,,,-2.554E-05,0.025600002
,,,-2.553E-05,0.024000001
,,,-2.552E-05,0.024000001
,,,-2.551E-05,0.024000001
,,,-2.55E-05,0.024000001
,,,-2.549E-05,0.024800001
,,,-2.548E-05,0.024000001
,,,-2.547E-05,0.025600002
,,,-2.546E-05,0.022400001
,,,-2.545E-05,0.024000001
,,,-2.544E-05,0.023200001
,,,-2.543E-05,0.024000001
,,,-2.542E-05,0.024000001
,,,-2.541E-05,0.024000001
,,,-2.54E-05,0.023200001
,,,-2.539E-05,0.024000001
,,,-2.538E-05,0.025600002
,,,-2.537E-05,0.025600002
,,,-2.536E-05,0.024800001
,,,-2.535E-05,0.022400001
,,,-2.534E-05,0.024800001
,,,-2.533E-05,0.024000001
,,,-2.532E-05,0.024000001
,,,-2.531E-05,0.024800001
,,,-2.53E-05,0.024000001
,,,-2.529E-05,0.024800001
,,,-2.528E-05,0.024000001
,,,-2.527E-05,0.024800001
,,,-2.526E-05,0.023200001
,,,-2.525E-05,0.024000001
,,,-2.524E-05,0.024000001
,,,-2.523E-05,0.024800001
,,,-2.522E-05,0.025600002
,,,-2.521E-05,0.024000001
,,,-2.52E-05,0.024800001
,,,-2.519E-05,0.024800001
,,,-2.518E-05,0.024000001
,,,-2.517E-05,0.023200001
,,,-2.516E-05,0.024000001
,,,-2.515E-05,0.024800001
,,,-2.514E-05,0.024000001
,,,-2.513E-05,0.025600002
,,,-2.512E-05,0.024000001
,,,-2.511E-05,0.024000001
,,,-2.51E-05,0.024800001
,,,-2.509E-05,0.024000001
,,,-2.508E-05,0.026400002
,,,-2.507E-05,0.024800001
,,,-2.506E-05,0.024000001
,,,-2.505E-05,0.023200001
,,,-2.504E-05,0.022400001
,,,-2.503E-05,0.024000001
,,,-2.502E-05,0.022400001
,,,-2.501E-05,0.024000001
,,,-2.5E-05,0.024000001
,,,-2.499E-05,0.024000001
,,,-2.498E-05,0.024000001
,,,-2.497E-05,0.025600002
,,,-2.496E-05,0.024000001
,,,-2.495E-05,0.024800001
,,,-2.494E-05,0.024000001
,,,-2.493E-05,0.024800001
,,,-2.492E-05,0.024800001
,,,-2.491E-05,0.024000001
,,,-2.49E-05,0.024000001
,,,-2.489E-05,0.024800001
,,,-2.488E-05,0.024800001
,,,-2.487E-05,0.024000001
,,,-2.486E-05,0.025600002
,,,-2.485E-05,0.024800001
,,,-2.484E-05,0.025600002
,,,-2.483E-05,0.024000001
,,,-2.482E-05,0.023200001
,,,-2.481E-05,0.024800001
,,,-2.48E-05,0.024000001
,,,-2.479E-05,0.024800001
,,,-2.478E-05,0.023200001
,,,-2.477E-05,0.024000001
,,,-2.476E-05,0.022400001
,,,-2.475E-05,0.022400001
,,,-2.474E-05,0.023200001
,,,-2.473E-05,0.023200001
,,,-2.472E-05,0.024800001
,,,-2.471E-05,0.024000001
,,,-2.47E-05,0.022400001
,,,-2.469E-05,0.024800001
,,,-2.468E-05,0.024000001
,,,-2.467E-05,0.024800001
,,,-2.466E-05,0.024000001
,,,-2.465E-05,0.024000001
,,,-2.464E-05,0.023200001
,,,-2.463E-05,0.024800001
,,,-2.462E-05,0.024000001
,,,-2.461E-05,0.024800001
,,,-2.46E-05,0.024000001
,,,-2.459E-05,0.024000001
,,,-2.458E-05,0.024000001
,,,-2.457E-05,0.024800001
,,,-2.456E-05,0.024800001
,,,-2.455E-05,0.024000001
,,,-2.454E-05,0.023200001
,,,-2.453E-05,0.024000001
,,,-2.452E-05,0.024000001
,,,-2.451E-05,0.024800001
,,,-2.45E-05,0.024000001
,,,-2.449E-05,0.024000001
,,,-2.448E-05,0.023200001
,,,-2.447E-05,0.026400002
,,,-2.446E-05,0.023200001
,,,-2.445E-05,0.026400002
,,,-2.444E-05,0.024000001
,,,-2.443E-05,0.024800001
,,,-2.442E-05,0.026400002
,,,-2.441E-05,0.024800001
,,,-2.44E-05,0.024000001
,,,-2.439E-05,0.024000001
,,,-2.438E-05,0.024800001
,,,-2.437E-05,0.028000002
,,,-2.436E-05,0.025600002
,,,-2.435E-05,0.024000001
,,,-2.434E-05,0.024000001
,,,-2.433E-05,0.024000001
,,,-2.432E-05,0.024000001
,,,-2.431E-05,0.024000001
,,,-2.43E-05,0.024000001
,,,-2.429E-05,0.024800001
,,,-2.428E-05,0.024000001
,,,-2.427E-05,0.024000001
,,,-2.426E-05,0.024000001
,,,-2.425E-05,0.023200001
,,,-2.424E-05,0.023200001
,,,-2.423E-05,0.023200001
,,,-2.422E-05,0.023200001
,,,-2.421E-05,0.024000001
,,,-2.42E-05,0.025600002
,,,-2.419E-05,0.024000001
,,,-2.418E-05,0.024800001
,,,-2.417E-05,0.024000001
,,,-2.416E-05,0.025600002
,,,-2.415E-05,0.024000001
,,,-2.414E-05,0.024800001
,,,-2.413E-05,0.025600002
,,,-2.412E-05,0.024800001
,,,-2.411E-05,0.023200001
,,,-2.41E-05,0.024000001
,,,-2.409E-05,0.024000001
,,,-2.408E-05,0.024000001
,,,-2.407E-05,0.023200001
,,,-2.406E-05,0.024000001
,,,-2.405E-05,0.024800001
,,,-2.404E-05,0.024800001
,,,-2.403E-05,0.025600002
,,,-2.402E-05,0.025600002
,,,-2.401E-05,0.025600002
,,,-2.4E-05,0.024000001
,,,-2.399E-05,0.024800001
,,,-2.398E-05,0.024000001
,,,-2.397E-05,0.024000001
,,,-2.396E-05,0.023200001
,,,-2.395E-05,0.024800001
,,,-2.394E-05,0.022400001
,,,-2.393E-05,0.024800001
,,,-2.392E-05,0.026400002
,,,-2.391E-05,0.024000001
,,,-2.39E-05,0.023200001
,,,-2.389E-05,0.023200001
,,,-2.388E-05,0.024800001
,,,-2.387E-05,0.025600002
,,,-2.386E-05,0.024800001
,,,-2.385E-05,0.025600002
,,,-2.384E-05,0.024800001
,,,-2.383E-05,0.023200001
,,,-2.382E-05,0.023200001
,,,-2.381E-05,0.024800001
,,,-2.38E-05,0.024000001
,,,-2.379E-05,0.024000001
,,,-2.378E-05,0.024000001
,,,-2.377E-05,0.024800001
,,,-2.376E-05,0.024000001
,,,-2.375E-05,0.024000001
,,,-2.374E-05,0.024000001
,,,-2.373E-05,0.024800001
,,,-2.372E-05,0.024000001
,,,-2.371E-05,0.023200001
,,,-2.37E-05,0.024000001
,,,-2.369E-05,0.023200001
,,,-2.368E-05,0.024000001
,,,-2.367E-05,0.024800001
,,,-2.366E-05,0.024000001
,,,-2.365E-05,0.024000001
,,,-2.364E-05,0.024000001
,,,-2.363E-05,0.024000001
,,,-2.362E-05,0.025600002
,,,-2.361E-05,0.025600002
,,,-2.36E-05,0.023200001
,,,-2.359E-05,0.023200001
,,,-2.358E-05,0.023200001
,,,-2.357E-05,0.023200001
,,,-2.356E-05,0.024000001
,,,-2.355E-05,0.024000001
,,,-2.354E-05,0.024000001
,,,-2.353E-05,0.024000001
,,,-2.352E-05,0.023200001
,,,-2.351E-05,0.024800001
,,,-2.35E-05,0.024000001
,,,-2.349E-05,0.023200001
,,,-2.348E-05,0.024800001
,,,-2.347E-05,0.024000001
,,,-2.346E-05,0.024000001
,,,-2.345E-05,0.024000001
,,,-2.344E-05,0.023200001
,,,-2.343E-05,0.023200001
,,,-2.342E-05,0.025600002
,,,-2.341E-05,0.024000001
,,,-2.34E-05,0.023200001
,,,-2.339E-05,0.024800001
,,,-2.338E-05,0.024800001
,,,-2.337E-05,0.024800001
,,,-2.336E-05,0.024000001
,,,-2.335E-05,0.025600002
,,,-2.334E-05,0.023200001
,,,-2.333E-05,0.024000001
,,,-2.332E-05,0.026400002
,,,-2.331E-05,0.024000001
,,,-2.33E-05,0.026400002
,,,-2.329E-05,0.024800001
,,,-2.328E-05,0.024000001
,,,-2.327E-05,0.024000001
,,,-2.326E-05,0.024000001
,,,-2.325E-05,0.024000001
,,,-2.324E-05,0.025600002
,,,-2.323E-05,0.024000001
,,,-2.322E-05,0.024800001
,,,-2.321E-05,0.023200001
,,,-2.32E-05,0.024000001
,,,-2.319E-05,0.024000001
,,,-2.318E-05,0.024000001
,,,-2.317E-05,0.021600001
,,,-2.316E-05,0.024000001
,,,-2.315E-05,0.024000001
,,,-2.314E-05,0.025600002
,,,-2.313E-05,0.023200001
,,,-2.312E-05,0.023200001
,,,-2.311E-05,0.024000001
,,,-2.31E-05,0.025600002
,,,-2.309E-05,0.024000001
,,,-2.308E-05,0.024000001
,,,-2.307E-05,0.024000001
,,,-2.306E-05,0.024800001
,,,-2.305E-05,0.024000001
,,,-2.304E-05,0.022400001
,,,-2.303E-05,0.024000001
,,,-2.302E-05,0.024000001
,,,-2.301E-05,0.024800001
,,,-2.3E-05,0.024000001
,,,-2.299E-05,0.024800001
,,,-2.298E-05,0.024800001
,,,-2.297E-05,0.024800001
,,,-2.296E-05,0.024000001
,,,-2.295E-05,0.022400001
,,,-2.294E-05,0.024000001
,,,-2.293E-05,0.024000001
,,,-2.292E-05,0.024000001
,,,-2.291E-05,0.024000001
,,,-2.29E-05,0.022400001
,,,-2.289E-05,0.024000001
,,,-2.288E-05,0.024800001
,,,-2.287E-05,0.024000001
,,,-2.286E-05,0.022400001
,,,-2.285E-05,0.025600002
,,,-2.284E-05,0.024000001
,,,-2.283E-05,0.025600002
,,,-2.282E-05,0.024000001
,,,-2.281E-05,0.024800001
,,,-2.28E-05,0.024000001
,,,-2.279E-05,0.024000001
,,,-2.278E-05,0.024000001
,,,-2.277E-05,0.023200001
,,,-2.276E-05,0.024000001
,,,-2.275E-05,0.024800001
,,,-2.274E-05,0.023200001
,,,-2.273E-05,0.024000001
,,,-2.272E-05,0.024000001
,,,-2.271E-05,0.024800001
,,,-2.27E-05,0.024800001
,,,-2.269E-05,0.023200001
,,,-2.268E-05,0.025600002
,,,-2.267E-05,0.022400001
,,,-2.266E-05,0.024000001
,,,-2.265E-05,0.022400001
,,,-2.264E-05,0.026400002
,,,-2.263E-05,0.024800001
,,,-2.262E-05,0.024000001
,,,-2.261E-05,0.024000001
,,,-2.26E-05,0.024000001
,,,-2.259E-05,0.024000001
,,,-2.258E-05,0.024000001
,,,-2.257E-05,0.024000001
,,,-2.256E-05,0.024000001
,,,-2.255E-05,0.024000001
,,,-2.254E-05,0.024000001
,,,-2.253E-05,0.024000001
,,,-2.252E-05,0.023200001
,,,-2.251E-05,0.023200001
,,,-2.25E-05,0.024800001
,,,-2.249E-05,0.024000001
,,,-2.248E-05,0.024000001
,,,-2.247E-05,0.025600002
,,,-2.246E-05,0.023200001
,,,-2.245E-05,0.024000001
,,,-2.244E-05,0.024000001
,,,-2.243E-05,0.025600002
,,,-2.242E-05,0.024000001
,,,-2.241E-05,0.024800001
,,,-2.24E-05,0.024800001
,,,-2.239E-05,0.024000001
,,,-2.238E-05,0.023200001
,,,-2.237E-05,0.024000001
,,,-2.236E-05,0.023200001
,,,-2.235E-05,0.023200001
,,,-2.234E-05,0.025600002
,,,-2.233E-05,0.024000001
,,,-2.232E-05,0.025600002
,,,-2.231E-05,0.026400002
,,,-2.23E-05,0.024000001
,,,-2.229E-05,0.024000001
,,,-2.228E-05,0.024000001
,,,-2.227E-05,0.023200001
,,,-2.226E-05,0.025600002
,,,-2.225E-05,0.024000001
,,,-2.224E-05,0.024000001
,,,-2.223E-05,0.024000001
,,,-2.222E-05,0.024000001
,,,-2.221E-05,0.024800001
,,,-2.22E-05,0.024000001
,,,-2.219E-05,0.024800001
,,,-2.218E-05,0.023200001
,,,-2.217E-05,0.024000001
,,,-2.216E-05,0.025600002
,,,-2.215E-05,0.024000001
,,,-2.214E-05,0.025600002
,,,-2.213E-05,0.023200001
,,,-2.212E-05,0.024000001
,,,-2.211E-05,0.024800001
,,,-2.21E-05,0.024000001
,,,-2.209E-05,0.024000001
,,,-2.208E-05,0.024000001
,,,-2.207E-05,0.024000001
,,,-2.206E-05,0.022400001
,,,-2.205E-05,0.023200001
,,,-2.204E-05,0.025600002
,,,-2.203E-05,0.024000001
,,,-2.202E-05,0.025600002
,,,-2.201E-05,0.024000001
,,,-2.2E-05,0.024000001
,,,-2.199E-05,0.024000001
,,,-2.198E-05,0.024000001
,,,-2.197E-05,0.024000001
,,,-2.196E-05,0.023200001
,,,-2.195E-05,0.024800001
,,,-2.194E-05,0.024000001
,,,-2.193E-05,0.024800001
,,,-2.192E-05,0.024000001
,,,-2.191E-05,0.024800001
,,,-2.19E-05,0.024000001
,,,-2.189E-05,0.025600002
,,,-2.188E-05,0.024000001
,,,-2.187E-05,0.023200001
,,,-2.186E-05,0.025600002
,,,-2.185E-05,0.024800001
,,,-2.184E-05,0.024800001
,,,-2.183E-05,0.024800001
,,,-2.182E-05,0.025600002
,,,-2.181E-05,0.023200001
,,,-2.18E-05,0.024000001
,,,-2.179E-05,0.024000001
,,,-2.178E-05,0.024000001
,,,-2.177E-05,0.024800001
,,,-2.176E-05,0.025600002
,,,-2.175E-05,0.022400001
,,,-2.174E-05,0.025600002
,,,-2.173E-05,0.023200001
,,,-2.172E-05,0.024000001
,,,-2.171E-05,0.024800001
,,,-2.17E-05,0.024000001
,,,-2.169E-05,0.024000001
,,,-2.168E-05,0.024800001
,,,-2.167E-05,0.025600002
,,,-2.166E-05,0.024800001
,,,-2.165E-05,0.022400001
,,,-2.164E-05,0.024000001
,,,-2.163E-05,0.024000001
,,,-2.162E-05,0.024000001
,,,-2.161E-05,0.024800001
,,,-2.16E-05,0.024000001
,,,-2.159E-05,0.024800001
,,,-2.158E-05,0.023200001
,,,-2.157E-05,0.022400001
,,,-2.156E-05,0.024000001
,,,-2.155E-05,0.024000001
,,,-2.154E-05,0.023200001
,,,-2.153E-05,0.025600002
,,,-2.152E-05,0.024800001
,,,-2.151E-05,0.025600002
,,,-2.15E-05,0.024800001
,,,-2.149E-05,0.024000001
,,,-2.148E-05,0.024800001
,,,-2.147E-05,0.024000001
,,,-2.146E-05,0.024000001
,,,-2.145E-05,0.024000001
,,,-2.144E-05,0.023200001
,,,-2.143E-05,0.023200001
,,,-2.142E-05,0.024000001
,,,-2.141E-05,0.024000001
,,,-2.14E-05,0.024000001
,,,-2.139E-05,0.023200001
,,,-2.138E-05,0.024000001
,,,-2.137E-05,0.024000001
,,,-2.136E-05,0.024000001
,,,-2.135E-05,0.024000001
,,,-2.134E-05,0.024000001
,,,-2.133E-05,0.024000001
,,,-2.132E-05,0.025600002
,,,-2.131E-05,0.024000001
,,,-2.13E-05,0.025600002
,,,-2.129E-05,0.025600002
,,,-2.128E-05,0.023200001
,,,-2.127E-05,0.024000001
,,,-2.126E-05,0.025600002
,,,-2.125E-05,0.023200001
,,,-2.124E-05,0.024000001
,,,-2.123E-05,0.024800001
,,,-2.122E-05,0.024000001
,,,-2.121E-05,0.025600002
,,,-2.12E-05,0.024000001
,,,-2.119E-05,0.023200001
,,,-2.118E-05,0.023200001
,,,-2.117E-05,0.024800001
,,,-2.116E-05,0.025600002
,,,-2.115E-05,0.024000001
,,,-2.114E-05,0.024800001
,,,-2.113E-05,0.024800001
,,,-2.112E-05,0.024000001
,,,-2.111E-05,0.024000001
,,,-2.11E-05,0.024800001
,,,-2.109E-05,0.023200001
,,,-2.108E-05,0.025600002
,,,-2.107E-05,0.024000001
,,,-2.106E-05,0.023200001
,,,-2.105E-05,0.024000001
,,,-2.104E-05,0.023200001
,,,-2.103E-05,0.024000001
,,,-2.102E-05,0.024000001
,,,-2.101E-05,0.022400001
,,,-2.1E-05,0.024000001
,,,-2.099E-05,0.024800001
,,,-2.098E-05,0.024000001
,,,-2.097E-05,0.024000001
,,,-2.096E-05,0.024800001
,,,-2.095E-05,0.024000001
,,,-2.094E-05,0.024800001
,,,-2.093E-05,0.023200001
,,,-2.092E-05,0.024800001
,,,-2.091E-05,0.024800001
,,,-2.09E-05,0.024800001
,,,-2.089E-05,0.025600002
,,,-2.088E-05,0.024000001
,,,-2.087E-05,0.022400001
,,,-2.086E-05,0.024000001
,,,-2.085E-05,0.024800001
,,,-2.084E-05,0.025600002
,,,-2.083E-05,0.024800001
,,,-2.082E-05,0.024800001
,,,-2.081E-05,0.024000001
,,,-2.08E-05,0.024000001
,,,-2.079E-05,0.024800001
,,,-2.078E-05,0.027200002
,,,-2.077E-05,0.024000001
,,,-2.076E-05,0.023200001
,,,-2.075E-05,0.024000001
,,,-2.074E-05,0.024800001
,,,-2.073E-05,0.025600002
,,,-2.072E-05,0.025600002
,,,-2.071E-05,0.024000001
,,,-2.07E-05,0.022400001
,,,-2.069E-05,0.024000001
,,,-2.068E-05,0.024800001
,,,-2.067E-05,0.025600002
,,,-2.066E-05,0.024800001
,,,-2.065E-05,0.024800001
,,,-2.064E-05,0.024800001
,,,-2.063E-05,0.024000001
,,,-2.062E-05,0.024800001
,,,-2.061E-05,0.022400001
,,,-2.06E-05,0.024000001
,,,-2.059E-05,0.024800001
,,,-2.058E-05,0.025600002
,,,-2.057E-05,0.024800001
,,,-2.056E-05,0.024000001
,,,-2.055E-05,0.024000001
,,,-2.054E-05,0.023200001
,,,-2.053E-05,0.023200001
,,,-2.052E-05,0.024000001
,,,-2.051E-05,0.024800001
,,,-2.05E-05,0.024000001
,,,-2.049E-05,0.022400001
,,,-2.048E-05,0.023200001
,,,-2.047E-05,0.025600002
,,,-2.046E-05,0.024000001
,,,-2.045E-05,0.024000001
,,,-2.044E-05,0.024000001
,,,-2.043E-05,0.024000001
,,,-2.042E-05,0.024800001
,,,-2.041E-05,0.024000001
,,,-2.04E-05,0.024000001
,,,-2.039E-05,0.025600002
,,,-2.038E-05,0.024800001
,,,-2.037E-05,0.024000001
,,,-2.036E-05,0.024800001
,,,-2.035E-05,0.024000001
,,,-2.034E-05,0.024800001
,,,-2.033E-05,0.024000001
,,,-2.032E-05,0.024000001
,,,-2.031E-05,0.023200001
,,,-2.03E-05,0.024800001
,,,-2.029E-05,0.024800001
,,,-2.028E-05,0.024800001
,,,-2.027E-05,0.025600002
,,,-2.026E-05,0.023200001
,,,-2.025E-05,0.023200001
,,,-2.024E-05,0.024000001
,,,-2.023E-05,0.024800001
,,,-2.022E-05,0.024000001
,,,-2.021E-05,0.024800001
,,,-2.02E-05,0.024000001
,,,-2.019E-05,0.024800001
,,,-2.018E-05,0.024000001
,,,-2.017E-05,0.025600002
,,,-2.016E-05,0.022400001
,,,-2.015E-05,0.024800001
,,,-2.014E-05,0.024000001
,,,-2.013E-05,0.024000001
,,,-2.012E-05,0.025600002
,,,-2.011E-05,0.024800001
,,,-2.01E-05,0.025600002
,,,-2.009E-05,0.024800001
,,,-2.008E-05,0.024000001
,,,-2.007E-05,0.024000001
,,,-2.006E-05,0.024000001
,,,-2.005E-05,0.023200001
,,,-2.004E-05,0.024000001
,,,-2.003E-05,0.024000001
,,,-2.002E-05,0.022400001
,,,-2.001E-05,0.022400001
,,,-2E-05,0.026400002
,,,-1.999E-05,0.024000001
,,,-1.998E-05,0.024800001
,,,-1.997E-05,0.026400002
,,,-1.996E-05,0.024000001
,,,-1.995E-05,0.024000001
,,,-1.994E-05,0.025600002
,,,-1.993E-05,0.024000001
,,,-1.992E-05,0.024000001
,,,-1.991E-05,0.024000001
,,,-1.99E-05,0.024000001
,,,-1.989E-05,0.024000001
,,,-1.988E-05,0.025600002
,,,-1.987E-05,0.024800001
,,,-1.986E-05,0.025600002
,,,-1.985E-05,0.025600002
,,,-1.984E-05,0.024800001
,,,-1.983E-05,0.024000001
,,,-1.982E-05,0.024000001
,,,-1.981E-05,0.025600002
,,,-1.98E-05,0.024800001
,,,-1.979E-05,0.023200001
,,,-1.978E-05,0.024000001
,,,-1.977E-05,0.024000001
,,,-1.976E-05,0.025600002
,,,-1.975E-05,0.026400002
,,,-1.974E-05,0.024800001
,,,-1.973E-05,0.025600002
,,,-1.972E-05,0.024000001
,,,-1.971E-05,0.024800001
,,,-1.97E-05,0.024800001
,,,-1.969E-05,0.025600002
,,,-1.968E-05,0.024800001
,,,-1.967E-05,0.024000001
,,,-1.966E-05,0.024000001
,,,-1.965E-05,0.024000001
,,,-1.964E-05,0.024000001
,,,-1.963E-05,0.024000001
,,,-1.962E-05,0.024800001
,,,-1.961E-05,0.024000001
,,,-1.96E-05,0.025600002
,,,-1.959E-05,0.024000001
,,,-1.958E-05,0.024000001
,,,-1.957E-05,0.023200001
,,,-1.956E-05,0.024000001
,,,-1.955E-05,0.024000001
,,,-1.954E-05,0.022400001
,,,-1.953E-05,0.023200001
,,,-1.952E-05,0.024000001
,,,-1.951E-05,0.024000001
,,,-1.95E-05,0.024000001
,,,-1.949E-05,0.023200001
,,,-1.948E-05,0.024800001
,,,-1.947E-05,0.024800001
,,,-1.946E-05,0.022400001
,,,-1.945E-05,0.021600001
,,,-1.944E-05,0.024000001
,,,-1.943E-05,0.022400001
,,,-1.942E-05,0.024000001
,,,-1.941E-05,0.024800001
,,,-1.94E-05,0.024800001
,,,-1.939E-05,0.024800001
,,,-1.938E-05,0.024000001
,,,-1.937E-05,0.023200001
,,,-1.936E-05,0.024800001
,,,-1.935E-05,0.024000001
,,,-1.934E-05,0.023200001
,,,-1.933E-05,0.024000001
,,,-1.932E-05,0.022400001
,,,-1.931E-05,0.024800001
,,,-1.93E-05,0.024000001
,,,-1.929E-05,0.024800001
,,,-1.928E-05,0.024800001
,,,-1.927E-05,0.024000001
,,,-1.926E-05,0.023200001
,,,-1.925E-05,0.024000001
,,,-1.924E-05,0.025600002
,,,-1.923E-05,0.024000001
,,,-1.922E-05,0.023200001
,,,-1.921E-05,0.024800001
,,,-1.92E-05,0.024000001
,,,-1.919E-05,0.025600002
,,,-1.918E-05,0.022400001
,,,-1.917E-05,0.024000001
,,,-1.916E-05,0.024000001
,,,-1.915E-05,0.024000001
,,,-1.914E-05,0.024000001
,,,-1.913E-05,0.026400002
,,,-1.912E-05,0.024000001
,,,-1.911E-05,0.021600001
,,,-1.91E-05,0.024800001
,,,-1.909E-05,0.024800001
,,,-1.908E-05,0.025600002
,,,-1.907E-05,0.024800001
,,,-1.906E-05,0.023200001
,,,-1.905E-05,0.024800001
,,,-1.904E-05,0.024000001
,,,-1.903E-05,0.024000001
,,,-1.902E-05,0.024800001
,,,-1.901E-05,0.024000001
,,,-1.9E-05,0.024000001
,,,-1.899E-05,0.023200001
,,,-1.898E-05,0.024000001
,,,-1.897E-05,0.024000001
,,,-1.896E-05,0.024000001
,,,-1.895E-05,0.024000001
,,,-1.894E-05,0.024800001
,,,-1.893E-05,0.023200001
,,,-1.892E-05,0.025600002
,,,-1.891E-05,0.024000001
,,,-1.89E-05,0.025600002
,,,-1.889E-05,0.023200001
,,,-1.888E-05,0.024000001
,,,-1.887E-05,0.024000001
,,,-1.886E-05,0.025600002
,,,-1.885E-05,0.025600002
,,,-1.884E-05,0.024000001
,,,-1.883E-05,0.024000001
,,,-1.882E-05,0.023200001
,,,-1.881E-05,0.024800001
,,,-1.88E-05,0.024000001
,,,-1.879E-05,0.024000001
,,,-1.878E-05,0.024000001
,,,-1.877E-05,0.024800001
,,,-1.876E-05,0.024800001
,,,-1.875E-05,0.025600002
,,,-1.874E-05,0.024000001
,,,-1.873E-05,0.024000001
,,,-1.872E-05,0.024000001
,,,-1.871E-05,0.025600002
,,,-1.87E-05,0.024000001
,,,-1.869E-05,0.024800001
,,,-1.868E-05,0.024000001
,,,-1.867E-05,0.025600002
,,,-1.866E-05,0.024000001
,,,-1.865E-05,0.024000001
,,,-1.864E-05,0.024000001
,,,-1.863E-05,0.024000001
,,,-1.862E-05,0.023200001
,,,-1.861E-05,0.024800001
,,,-1.86E-05,0.021600001
,,,-1.859E-05,0.024000001
,,,-1.858E-05,0.024000001
,,,-1.857E-05,0.024000001
,,,-1.856E-05,0.022400001
,,,-1.855E-05,0.024000001
,,,-1.854E-05,0.024800001
,,,-1.853E-05,0.024000001
,,,-1.852E-05,0.023200001
,,,-1.851E-05,0.023200001
,,,-1.85E-05,0.024000001
,,,-1.849E-05,0.024800001
,,,-1.848E-05,0.024800001
,,,-1.847E-05,0.025600002
,,,-1.846E-05,0.023200001
,,,-1.845E-05,0.022400001
,,,-1.844E-05,0.025600002
,,,-1.843E-05,0.024000001
,,,-1.842E-05,0.024000001
,,,-1.841E-05,0.024000001
,,,-1.84E-05,0.024000001
,,,-1.839E-05,0.024000001
,,,-1.838E-05,0.024000001
,,,-1.837E-05,0.024000001
,,,-1.836E-05,0.025600002
,,,-1.835E-05,0.025600002
,,,-1.834E-05,0.024000001
,,,-1.833E-05,0.024000001
,,,-1.832E-05,0.024000001
,,,-1.831E-05,0.024800001
,,,-1.83E-05,0.025600002
,,,-1.829E-05,0.024800001
,,,-1.828E-05,0.023200001
,,,-1.827E-05,0.024000001
,,,-1.826E-05,0.024800001
,,,-1.825E-05,0.024000001
,,,-1.824E-05,0.023200001
,,,-1.823E-05,0.024800001
,,,-1.822E-05,0.024000001
,,,-1.821E-05,0.024000001
,,,-1.82E-05,0.023200001
,,,-1.819E-05,0.024800001
,,,-1.818E-05,0.023200001
,,,-1.817E-05,0.024000001
,,,-1.816E-05,0.023200001
,,,-1.815E-05,0.024000001
,,,-1.814E-05,0.026400002
,,,-1.813E-05,0.023200001
,,,-1.812E-05,0.024000001
,,,-1.811E-05,0.024000001
,,,-1.81E-05,0.024000001
,,,-1.809E-05,0.024000001
,,,-1.808E-05,0.024000001
,,,-1.807E-05,0.024000001
,,,-1.806E-05,0.024000001
,,,-1.805E-05,0.024000001
,,,-1.804E-05,0.023200001
,,,-1.803E-05,0.024000001
,,,-1.802E-05,0.025600002
,,,-1.801E-05,0.024000001
,,,-1.8E-05,0.024000001
,,,-1.799E-05,0.024000001
,,,-1.798E-05,0.022400001
,,,-1.797E-05,0.023200001
,,,-1.796E-05,0.026400002
,,,-1.795E-05,0.024000001
,,,-1.794E-05,0.025600002
,,,-1.793E-05,0.022400001
,,,-1.792E-05,0.025600002
,,,-1.791E-05,0.024800001
,,,-1.79E-05,0.024000001
,,,-1.789E-05,0.024000001
,,,-1.788E-05,0.024000001
,,,-1.787E-05,0.024000001
,,,-1.786E-05,0.022400001
,,,-1.785E-05,0.024800001
,,,-1.784E-05,0.024000001
,,,-1.783E-05,0.024800001
,,,-1.782E-05,0.024000001
,,,-1.781E-05,0.024000001
,,,-1.78E-05,0.024000001
,,,-1.779E-05,0.024000001
,,,-1.778E-05,0.024000001
,,,-1.777E-05,0.023200001
,,,-1.776E-05,0.025600002
,,,-1.775E-05,0.023200001
,,,-1.774E-05,0.024800001
,,,-1.773E-05,0.024000001
,,,-1.772E-05,0.024000001
,,,-1.771E-05,0.024000001
,,,-1.77E-05,0.023200001
,,,-1.769E-05,0.024000001
,,,-1.768E-05,0.025600002
,,,-1.767E-05,0.025600002
,,,-1.766E-05,0.026400002
,,,-1.765E-05,0.024000001
,,,-1.764E-05,0.023200001
,,,-1.763E-05,0.023200001
,,,-1.762E-05,0.024800001
,,,-1.761E-05,0.025600002
,,,-1.76E-05,0.024800001
,,,-1.759E-05,0.024000001
,,,-1.758E-05,0.027200002
,,,-1.757E-05,0.024000001
,,,-1.756E-05,0.024800001
,,,-1.755E-05,0.024000001
,,,-1.754E-05,0.025600002
,,,-1.753E-05,0.023200001
,,,-1.752E-05,0.024800001
,,,-1.751E-05,0.022400001
,,,-1.75E-05,0.022400001
,,,-1.749E-05,0.024000001
,,,-1.748E-05,0.024800001
,,,-1.747E-05,0.024800001
,,,-1.746E-05,0.024000001
,,,-1.745E-05,0.023200001
,,,-1.744E-05,0.024000001
,,,-1.743E-05,0.024000001
,,,-1.742E-05,0.024000001
,,,-1.741E-05,0.024000001
,,,-1.74E-05,0.023200001
,,,-1.739E-05,0.024000001
,,,-1.738E-05,0.024000001
,,,-1.737E-05,0.024800001
,,,-1.736E-05,0.024800001
,,,-1.735E-05,0.024000001
,,,-1.734E-05,0.024000001
,,,-1.733E-05,0.024800001
,,,-1.732E-05,0.022400001
,,,-1.731E-05,0.024000001
,,,-1.73E-05,0.024800001
,,,-1.729E-05,0.023200001
,,,-1.728E-05,0.024800001
,,,-1.727E-05,0.026400002
,,,-1.726E-05,0.024000001
,,,-1.725E-05,0.024800001
,,,-1.724E-05,0.024000001
,,,-1.723E-05,0.024000001
,,,-1.722E-05,0.023200001
,,,-1.721E-05,0.024800001
,,,-1.72E-05,0.024800001
,,,-1.719E-05,0.023200001
,,,-1.718E-05,0.024800001
,,,-1.717E-05,0.024000001
,,,-1.716E-05,0.025600002
,,,-1.715E-05,0.024000001
,,,-1.714E-05,0.024000001
,,,-1.713E-05,0.024000001
,,,-1.712E-05,0.025600002
,,,-1.711E-05,0.023200001
,,,-1.71E-05,0.024800001
,,,-1.709E-05,0.024800001
,,,-1.708E-05,0.023200001
,,,-1.707E-05,0.023200001
,,,-1.706E-05,0.024000001
,,,-1.705E-05,0.024000001
,,,-1.704E-05,0.024000001
,,,-1.703E-05,0.025600002
,,,-1.702E-05,0.024000001
,,,-1.701E-05,0.023200001
,,,-1.7E-05,0.024000001
,,,-1.699E-05,0.024000001
,,,-1.698E-05,0.022400001
,,,-1.697E-05,0.023200001
,,,-1.696E-05,0.024000001
,,,-1.695E-05,0.024800001
,,,-1.694E-05,0.023200001
,,,-1.693E-05,0.024800001
,,,-1.692E-05,0.024000001
,,,-1.691E-05,0.022400001
,,,-1.69E-05,0.022400001
,,,-1.689E-05,0.024000001
,,,-1.688E-05,0.024800001
,,,-1.687E-05,0.024000001
,,,-1.686E-05,0.023200001
,,,-1.685E-05,0.025600002
,,,-1.684E-05,0.024000001
,,,-1.683E-05,0.023200001
,,,-1.682E-05,0.023200001
,,,-1.681E-05,0.024000001
,,,-1.68E-05,0.024000001
,,,-1.679E-05,0.024800001
,,,-1.678E-05,0.024000001
,,,-1.677E-05,0.024800001
,,,-1.676E-05,0.024000001
,,,-1.675E-05,0.023200001
,,,-1.674E-05,0.024000001
,,,-1.673E-05,0.024800001
,,,-1.672E-05,0.023200001
,,,-1.671E-05,0.024000001
,,,-1.67E-05,0.024000001
,,,-1.669E-05,0.023200001
,,,-1.668E-05,0.025600002
,,,-1.667E-05,0.024000001
,,,-1.666E-05,0.024000001
,,,-1.665E-05,0.024800001
,,,-1.664E-05,0.024000001
,,,-1.663E-05,0.024800001
,,,-1.662E-05,0.024000001
,,,-1.661E-05,0.023200001
,,,-1.66E-05,0.022400001
,,,-1.659E-05,0.025600002
,,,-1.658E-05,0.022400001
,,,-1.657E-05,0.025600002
,,,-1.656E-05,0.023200001
,,,-1.655E-05,0.024000001
,,,-1.654E-05,0.024000001
,,,-1.653E-05,0.025600002
,,,-1.652E-05,0.024000001
,,,-1.651E-05,0.023200001
,,,-1.65E-05,0.024000001
,,,-1.649E-05,0.024800001
,,,-1.648E-05,0.024800001
,,,-1.647E-05,0.025600002
,,,-1.646E-05,0.024000001
,,,-1.645E-05,0.024000001
,,,-1.644E-05,0.023200001
,,,-1.643E-05,0.023200001
,,,-1.642E-05,0.025600002
,,,-1.641E-05,0.022400001
,,,-1.64E-05,0.024000001
,,,-1.639E-05,0.025600002
,,,-1.638E-05,0.025600002
,,,-1.637E-05,0.024000001
,,,-1.636E-05,0.024000001
,,,-1.635E-05,0.024800001
,,,-1.634E-05,0.024000001
,,,-1.633E-05,0.025600002
,,,-1.632E-05,0.023200001
,,,-1.631E-05,0.023200001
,,,-1.63E-05,0.024000001
,,,-1.629E-05,0.023200001
,,,-1.628E-05,0.023200001
,,,-1.627E-05,0.023200001
,,,-1.626E-05,0.024800001
,,,-1.625E-05,0.025600002
,,,-1.624E-05,0.024000001
,,,-1.623E-05,0.024800001
,,,-1.622E-05,0.024000001
,,,-1.621E-05,0.025600002
,,,-1.62E-05,0.023200001
,,,-1.619E-05,0.024000001
,,,-1.618E-05,0.024800001
,,,-1.617E-05,0.024000001
,,,-1.616E-05,0.025600002
,,,-1.615E-05,0.023200001
,,,-1.614E-05,0.024000001
,,,-1.613E-05,0.024800001
,,,-1.612E-05,0.024000001
,,,-1.611E-05,0.024000001
,,,-1.61E-05,0.023200001
,,,-1.609E-05,0.024000001
,,,-1.608E-05,0.024000001
,,,-1.607E-05,0.025600002
,,,-1.606E-05,0.024800001
,,,-1.605E-05,0.024000001
,,,-1.604E-05,0.024000001
,,,-1.603E-05,0.024000001
,,,-1.602E-05,0.025600002
,,,-1.601E-05,0.023200001
,,,-1.6E-05,0.025600002
,,,-1.599E-05,0.024000001
,,,-1.598E-05,0.024800001
,,,-1.597E-05,0.024800001
,,,-1.596E-05,0.024000001
,,,-1.595E-05,0.024800001
,,,-1.594E-05,0.023200001
,,,-1.593E-05,0.023200001
,,,-1.592E-05,0.024000001
,,,-1.591E-05,0.024000001
,,,-1.59E-05,0.026400002
,,,-1.589E-05,0.024000001
,,,-1.588E-05,0.023200001
,,,-1.587E-05,0.024000001
,,,-1.586E-05,0.022400001
,,,-1.585E-05,0.024000001
,,,-1.584E-05,0.024000001
,,,-1.583E-05,0.024000001
,,,-1.582E-05,0.025600002
,,,-1.581E-05,0.023200001
,,,-1.58E-05,0.025600002
,,,-1.579E-05,0.024000001
,,,-1.578E-05,0.024800001
,,,-1.577E-05,0.024000001
,,,-1.576E-05,0.024000001
,,,-1.575E-05,0.024000001
,,,-1.574E-05,0.024000001
,,,-1.573E-05,0.024000001
,,,-1.572E-05,0.023200001
,,,-1.571E-05,0.024000001
,,,-1.57E-05,0.024000001
,,,-1.569E-05,0.023200001
,,,-1.568E-05,0.024000001
,,,-1.567E-05,0.024000001
,,,-1.566E-05,0.025600002
,,,-1.565E-05,0.024000001
,,,-1.564E-05,0.024000001
,,,-1.563E-05,0.024000001
,,,-1.562E-05,0.024800001
,,,-1.561E-05,0.023200001
,,,-1.56E-05,0.025600002
,,,-1.559E-05,0.024800001
,,,-1.558E-05,0.022400001
,,,-1.557E-05,0.024000001
,,,-1.556E-05,0.025600002
,,,-1.555E-05,0.025600002
,,,-1.554E-05,0.024000001
,,,-1.553E-05,0.024000001
,,,-1.552E-05,0.024000001
,,,-1.551E-05,0.024000001
,,,-1.55E-05,0.024000001
,,,-1.549E-05,0.025600002
,,,-1.548E-05,0.023200001
,,,-1.547E-05,0.025600002
,,,-1.546E-05,0.024000001
,,,-1.545E-05,0.024000001
,,,-1.544E-05,0.024800001
,,,-1.543E-05,0.024000001
,,,-1.542E-05,0.023200001
,,,-1.541E-05,0.025600002
,,,-1.54E-05,0.024800001
,,,-1.539E-05,0.024800001
,,,-1.538E-05,0.024800001
,,,-1.537E-05,0.023200001
,,,-1.536E-05,0.024000001
,,,-1.535E-05,0.024000001
,,,-1.534E-05,0.024800001
,,,-1.533E-05,0.024000001
,,,-1.532E-05,0.024000001
,,,-1.531E-05,0.024000001
,,,-1.53E-05,0.024000001
,,,-1.529E-05,0.025600002
,,,-1.528E-05,0.024000001
,,,-1.527E-05,0.024000001
,,,-1.526E-05,0.024000001
,,,-1.525E-05,0.024800001
,,,-1.524E-05,0.024000001
,,,-1.523E-05,0.023200001
,,,-1.522E-05,0.024800001
,,,-1.521E-05,0.023200001
,,,-1.52E-05,0.024000001
,,,-1.519E-05,0.024800001
,,,-1.518E-05,0.024000001
,,,-1.517E-05,0.023200001
,,,-1.516E-05,0.024000001
,,,-1.515E-05,0.024800001
,,,-1.514E-05,0.024000001
,,,-1.513E-05,0.024000001
,,,-1.512E-05,0.024000001
,,,-1.511E-05,0.024800001
,,,-1.51E-05,0.025600002
,,,-1.509E-05,0.025600002
,,,-1.508E-05,0.024000001
,,,-1.507E-05,0.024000001
,,,-1.506E-05,0.023200001
,,,-1.505E-05,0.023200001
,,,-1.504E-05,0.024000001
,,,-1.503E-05,0.026400002
,,,-1.502E-05,0.024000001
,,,-1.501E-05,0.024800001
,,,-1.5E-05,0.024000001
,,,-1.499E-05,0.024000001
,,,-1.498E-05,0.024800001
,,,-1.497E-05,0.024800001
,,,-1.496E-05,0.024800001
,,,-1.495E-05,0.024000001
,,,-1.494E-05,0.024000001
,,,-1.493E-05,0.024000001
,,,-1.492E-05,0.024000001
,,,-1.491E-05,0.023200001
,,,-1.49E-05,0.024800001
,,,-1.489E-05,0.025600002
,,,-1.488E-05,0.024800001
,,,-1.487E-05,0.024000001
,,,-1.486E-05,0.024000001
,,,-1.485E-05,0.024000001
,,,-1.484E-05,0.024800001
,,,-1.483E-05,0.024000001
,,,-1.482E-05,0.024000001
,,,-1.481E-05,0.024000001
,,,-1.48E-05,0.024000001
,,,-1.479E-05,0.023200001
,,,-1.478E-05,0.024800001
,,,-1.477E-05,0.024000001
,,,-1.476E-05,0.024800001
,,,-1.475E-05,0.024000001
,,,-1.474E-05,0.024000001
,,,-1.473E-05,0.024800001
,,,-1.472E-05,0.024000001
,,,-1.471E-05,0.023200001
,,,-1.47E-05,0.024000001
,,,-1.469E-05,0.024000001
,,,-1.468E-05,0.024000001
,,,-1.467E-05,0.024000001
,,,-1.466E-05,0.023200001
,,,-1.465E-05,0.025600002
,,,-1.464E-05,0.024800001
,,,-1.463E-05,0.024000001
,,,-1.462E-05,0.025600002
,,,-1.461E-05,0.025600002
,,,-1.46E-05,0.024800001
,,,-1.459E-05,0.024800001
,,,-1.458E-05,0.024000001
,,,-1.457E-05,0.024000001
,,,-1.456E-05,0.024800001
,,,-1.455E-05,0.022400001
,,,-1.454E-05,0.026400002
,,,-1.453E-05,0.024800001
,,,-1.452E-05,0.024000001
,,,-1.451E-05,0.024800001
,,,-1.45E-05,0.025600002
,,,-1.449E-05,0.025600002
,,,-1.448E-05,0.024000001
,,,-1.447E-05,0.023200001
,,,-1.446E-05,0.024000001
,,,-1.445E-05,0.024000001
,,,-1.444E-05,0.024000001
,,,-1.443E-05,0.024000001
,,,-1.442E-05,0.026400002
,,,-1.441E-05,0.024000001
,,,-1.44E-05,0.024000001
,,,-1.439E-05,0.024000001
,,,-1.438E-05,0.024800001
,,,-1.437E-05,0.023200001
,,,-1.436E-05,0.025600002
,,,-1.435E-05,0.024800001
,,,-1.434E-05,0.024800001
,,,-1.433E-05,0.024800001
,,,-1.432E-05,0.024000001
,,,-1.431E-05,0.024000001
,,,-1.43E-05,0.024000001
,,,-1.429E-05,0.024000001
,,,-1.428E-05,0.022400001
,,,-1.427E-05,0.025600002
,,,-1.426E-05,0.024800001
,,,-1.425E-05,0.025600002
,,,-1.424E-05,0.024800001
,,,-1.423E-05,0.024800001
,,,-1.422E-05,0.025600002
,,,-1.421E-05,0.024800001
,,,-1.42E-05,0.025600002
,,,-1.419E-05,0.025600002
,,,-1.418E-05,0.024000001
,,,-1.417E-05,0.024000001
,,,-1.416E-05,0.025600002
,,,-1.415E-05,0.024000001
,,,-1.414E-05,0.023200001
,,,-1.413E-05,0.024000001
,,,-1.412E-05,0.024000001
,,,-1.411E-05,0.024000001
,,,-1.41E-05,0.024800001
,,,-1.409E-05,0.025600002
,,,-1.408E-05,0.022400001
,,,-1.407E-05,0.023200001
,,,-1.406E-05,0.024000001
,,,-1.405E-05,0.024000001
,,,-1.404E-05,0.024000001
,,,-1.403E-05,0.024000001
,,,-1.402E-05,0.024000001
,,,-1.401E-05,0.024800001
,,,-1.4E-05,0.025600002
,,,-1.399E-05,0.024800001
,,,-1.398E-05,0.023200001
,,,-1.397E-05,0.023200001
,,,-1.396E-05,0.024000001
,,,-1.395E-05,0.024800001
,,,-1.394E-05,0.026400002
,,,-1.393E-05,0.024000001
,,,-1.392E-05,0.026400002
,,,-1.391E-05,0.023200001
,,,-1.39E-05,0.024000001
,,,-1.389E-05,0.023200001
,,,-1.388E-05,0.023200001
,,,-1.387E-05,0.024000001
,,,-1.386E-05,0.024000001
,,,-1.385E-05,0.024000001
,,,-1.384E-05,0.024000001
,,,-1.383E-05,0.024800001
,,,-1.382E-05,0.024000001
,,,-1.381E-05,0.024000001
,,,-1.38E-05,0.024800001
,,,-1.379E-05,0.022400001
,,,-1.378E-05,0.024000001
,,,-1.377E-05,0.024000001
,,,-1.376E-05,0.024800001
,,,-1.375E-05,0.024000001
,,,-1.374E-05,0.024800001
,,,-1.373E-05,0.024000001
,,,-1.372E-05,0.024800001
,,,-1.371E-05,0.024000001
,,,-1.37E-05,0.024000001
,,,-1.369E-05,0.024000001
,,,-1.368E-05,0.024000001
,,,-1.367E-05,0.025600002
,,,-1.366E-05,0.025600002
,,,-1.365E-05,0.024000001
,,,-1.364E-05,0.023200001
,,,-1.363E-05,0.023200001
,,,-1.362E-05,0.024000001
,,,-1.361E-05,0.024800001
,,,-1.36E-05,0.025600002
,,,-1.359E-05,0.024800001
,,,-1.358E-05,0.024000001
,,,-1.357E-05,0.023200001
,,,-1.356E-05,0.024000001
,,,-1.355E-05,0.024800001
,,,-1.354E-05,0.024800001
,,,-1.353E-05,0.024000001
,,,-1.352E-05,0.024000001
,,,-1.351E-05,0.024000001
,,,-1.35E-05,0.024800001
,,,-1.349E-05,0.024000001
,,,-1.348E-05,0.023200001
,,,-1.347E-05,0.025600002
,,,-1.346E-05,0.024800001
,,,-1.345E-05,0.024000001
,,,-1.344E-05,0.024000001
,,,-1.343E-05,0.025600002
,,,-1.342E-05,0.024000001
,,,-1.341E-05,0.024000001
,,,-1.34E-05,0.024000001
,,,-1.339E-05,0.023200001
,,,-1.338E-05,0.024000001
,,,-1.337E-05,0.024000001
,,,-1.336E-05,0.024000001
,,,-1.335E-05,0.024800001
,,,-1.334E-05,0.027200002
,,,-1.333E-05,0.024800001
,,,-1.332E-05,0.025600002
,,,-1.331E-05,0.023200001
,,,-1.33E-05,0.024000001
,,,-1.329E-05,0.024800001
,,,-1.328E-05,0.022400001
,,,-1.327E-05,0.024000001
,,,-1.326E-05,0.024800001
,,,-1.325E-05,0.024000001
,,,-1.324E-05,0.024000001
,,,-1.323E-05,0.024000001
,,,-1.322E-05,0.024000001
,,,-1.321E-05,0.024000001
,,,-1.32E-05,0.024000001
,,,-1.319E-05,0.024000001
,,,-1.318E-05,0.024000001
,,,-1.317E-05,0.024000001
,,,-1.316E-05,0.026400002
,,,-1.315E-05,0.023200001
,,,-1.314E-05,0.023200001
,,,-1.313E-05,0.024800001
,,,-1.312E-05,0.024000001
,,,-1.311E-05,0.024800001
,,,-1.31E-05,0.024800001
,,,-1.309E-05,0.023200001
,,,-1.308E-05,0.024800001
,,,-1.307E-05,0.024000001
,,,-1.306E-05,0.024800001
,,,-1.305E-05,0.024000001
,,,-1.304E-05,0.024000001
,,,-1.303E-05,0.023200001
,,,-1.302E-05,0.024000001
,,,-1.301E-05,0.024000001
,,,-1.3E-05,0.024000001
,,,-1.299E-05,0.023200001
,,,-1.298E-05,0.024000001
,,,-1.297E-05,0.021600001
,,,-1.296E-05,0.024000001
,,,-1.295E-05,0.024000001
,,,-1.294E-05,0.024800001
,,,-1.293E-05,0.024000001
,,,-1.292E-05,0.024800001
,,,-1.291E-05,0.024800001
,,,-1.29E-05,0.024000001
,,,-1.289E-05,0.022400001
,,,-1.288E-05,0.022400001
,,,-1.287E-05,0.024000001
,,,-1.286E-05,0.025600002
,,,-1.285E-05,0.022400001
,,,-1.284E-05,0.023200001
,,,-1.283E-05,0.024000001
,,,-1.282E-05,0.024000001
,,,-1.281E-05,0.023200001
,,,-1.28E-05,0.024000001
,,,-1.279E-05,0.024000001
,,,-1.278E-05,0.026400002
,,,-1.277E-05,0.024000001
,,,-1.276E-05,0.023200001
,,,-1.275E-05,0.023200001
,,,-1.274E-05,0.023200001
,,,-1.273E-05,0.024000001
,,,-1.272E-05,0.025600002
,,,-1.271E-05,0.024000001
,,,-1.27E-05,0.024800001
,,,-1.269E-05,0.024800001
,,,-1.268E-05,0.024000001
,,,-1.267E-05,0.024000001
,,,-1.266E-05,0.024000001
,,,-1.265E-05,0.024000001
,,,-1.264E-05,0.024000001
,,,-1.263E-05,0.026400002
,,,-1.262E-05,0.024000001
,,,-1.261E-05,0.024000001
,,,-1.26E-05,0.024800001
,,,-1.259E-05,0.024000001
,,,-1.258E-05,0.025600002
,,,-1.257E-05,0.023200001
,,,-1.256E-05,0.024000001
,,,-1.255E-05,0.024000001
,,,-1.254E-05,0.024000001
,,,-1.253E-05,0.024000001
,,,-1.252E-05,0.024800001
,,,-1.251E-05,0.023200001
,,,-1.25E-05,0.024000001
,,,-1.249E-05,0.024000001
,,,-1.248E-05,0.024000001
,,,-1.247E-05,0.024800001
,,,-1.246E-05,0.023200001
,,,-1.245E-05,0.024800001
,,,-1.244E-05,0.025600002
,,,-1.243E-05,0.024000001
,,,-1.242E-05,0.024000001
,,,-1.241E-05,0.025600002
,,,-1.24E-05,0.024000001
,,,-1.239E-05,0.022400001
,,,-1.238E-05,0.025600002
,,,-1.237E-05,0.024000001
,,,-1.236E-05,0.024800001
,,,-1.235E-05,0.024800001
,,,-1.234E-05,0.025600002
,,,-1.233E-05,0.024800001
,,,-1.232E-05,0.024000001
,,,-1.231E-05,0.024000001
,,,-1.23E-05,0.024000001
,,,-1.229E-05,0.025600002
,,,-1.228E-05,0.024800001
,,,-1.227E-05,0.025600002
,,,-1.226E-05,0.023200001
,,,-1.225E-05,0.024800001
,,,-1.224E-05,0.024000001
,,,-1.223E-05,0.023200001
,,,-1.222E-05,0.024000001
,,,-1.221E-05,0.023200001
,,,-1.22E-05,0.024800001
,,,-1.219E-05,0.023200001
,,,-1.218E-05,0.022400001
,,,-1.217E-05,0.022400001
,,,-1.216E-05,0.022400001
,,,-1.215E-05,0.024800001
,,,-1.214E-05,0.024800001
,,,-1.213E-05,0.024000001
,,,-1.212E-05,0.025600002
,,,-1.211E-05,0.024000001
,,,-1.21E-05,0.024800001
,,,-1.209E-05,0.024000001
,,,-1.208E-05,0.024000001
,,,-1.207E-05,0.024800001
,,,-1.206E-05,0.023200001
,,,-1.205E-05,0.024000001
,,,-1.204E-05,0.023200001
,,,-1.203E-05,0.024000001
,,,-1.202E-05,0.025600002
,,,-1.201E-05,0.025600002
,,,-1.2E-05,0.023200001
,,,-1.199E-05,0.024800001
,,,-1.198E-05,0.025600002
,,,-1.197E-05,0.025600002
,,,-1.196E-05,0.025600002
,,,-1.195E-05,0.021600001
,,,-1.194E-05,0.024000001
,,,-1.193E-05,0.024800001
,,,-1.192E-05,0.024800001
,,,-1.191E-05,0.022400001
,,,-1.19E-05,0.024000001
,,,-1.189E-05,0.023200001
,,,-1.188E-05,0.024000001
,,,-1.187E-05,0.022400001
,,,-1.186E-05,0.024000001
,,,-1.185E-05,0.025600002
,,,-1.184E-05,0.024800001
,,,-1.183E-05,0.023200001
,,,-1.182E-05,0.024800001
,,,-1.181E-05,0.024800001
,,,-1.18E-05,0.024000001
,,,-1.179E-05,0.024000001
,,,-1.178E-05,0.024800001
,,,-1.177E-05,0.024800001
,,,-1.176E-05,0.025600002
,,,-1.175E-05,0.025600002
,,,-1.174E-05,0.025600002
,,,-1.173E-05,0.023200001
,,,-1.172E-05,0.025600002
,,,-1.171E-05,0.023200001
,,,-1.17E-05,0.024000001
,,,-1.169E-05,0.024000001
,,,-1.168E-05,0.024800001
,,,-1.167E-05,0.024000001
,,,-1.166E-05,0.025600002
,,,-1.165E-05,0.024800001
,,,-1.164E-05,0.023200001
,,,-1.163E-05,0.024000001
,,,-1.162E-05,0.024000001
,,,-1.161E-05,0.024800001
,,,-1.16E-05,0.024000001
,,,-1.159E-05,0.024000001
,,,-1.158E-05,0.024000001
,,,-1.157E-05,0.024800001
,,,-1.156E-05,0.024000001
,,,-1.155E-05,0.024800001
,,,-1.154E-05,0.024000001
,,,-1.153E-05,0.024000001
,,,-1.152E-05,0.025600002
,,,-1.151E-05,0.024000001
,,,-1.15E-05,0.024000001
,,,-1.149E-05,0.022400001
,,,-1.148E-05,0.023200001
,,,-1.147E-05,0.024000001
,,,-1.146E-05,0.024800001
,,,-1.145E-05,0.023200001
,,,-1.144E-05,0.024000001
,,,-1.143E-05,0.024000001
,,,-1.142E-05,0.024000001
,,,-1.141E-05,0.024000001
,,,-1.14E-05,0.024000001
,,,-1.139E-05,0.024800001
,,,-1.138E-05,0.023200001
,,,-1.137E-05,0.024800001
,,,-1.136E-05,0.024800001
,,,-1.135E-05,0.022400001
,,,-1.134E-05,0.024800001
,,,-1.133E-05,0.025600002
,,,-1.132E-05,0.024000001
,,,-1.131E-05,0.024000001
,,,-1.13E-05,0.022400001
,,,-1.129E-05,0.024000001
,,,-1.128E-05,0.024800001
,,,-1.127E-05,0.025600002
,,,-1.126E-05,0.026400002
,,,-1.125E-05,0.022400001
,,,-1.124E-05,0.023200001
,,,-1.123E-05,0.024800001
,,,-1.122E-05,0.022400001
,,,-1.121E-05,0.024000001
,,,-1.12E-05,0.024800001
,,,-1.119E-05,0.025600002
,,,-1.118E-05,0.023200001
,,,-1.117E-05,0.024000001
,,,-1.116E-05,0.024000001
,,,-1.115E-05,0.024000001
,,,-1.114E-05,0.024000001
,,,-1.113E-05,0.024800001
,,,-1.112E-05,0.024000001
,,,-1.111E-05,0.024000001
,,,-1.11E-05,0.025600002
,,,-1.109E-05,0.024800001
,,,-1.108E-05,0.024000001
,,,-1.107E-05,0.024000001
,,,-1.106E-05,0.023200001
,,,-1.105E-05,0.024000001
,,,-1.104E-05,0.024000001
,,,-1.103E-05,0.024800001
,,,-1.102E-05,0.024800001
,,,-1.101E-05,0.024000001
,,,-1.1E-05,0.025600002
,,,-1.099E-05,0.025600002
,,,-1.098E-05,0.025600002
,,,-1.097E-05,0.026400002
,,,-1.096E-05,0.024000001
,,,-1.095E-05,0.024800001
,,,-1.094E-05,0.026400002
,,,-1.093E-05,0.023200001
,,,-1.092E-05,0.024800001
,,,-1.091E-05,0.024000001
,,,-1.09E-05,0.025600002
,,,-1.089E-05,0.024000001
,,,-1.088E-05,0.024800001
,,,-1.087E-05,0.023200001
,,,-1.086E-05,0.023200001
,,,-1.085E-05,0.024000001
,,,-1.084E-05,0.024800001
,,,-1.083E-05,0.024000001
,,,-1.082E-05,0.024000001
,,,-1.081E-05,0.025600002
,,,-1.08E-05,0.024000001
,,,-1.079E-05,0.024000001
,,,-1.078E-05,0.024000001
,,,-1.077E-05,0.024000001
,,,-1.076E-05,0.025600002
,,,-1.075E-05,0.024000001
,,,-1.074E-05,0.024000001
,,,-1.073E-05,0.024000001
,,,-1.072E-05,0.024000001
,,,-1.071E-05,0.024000001
,,,-1.07E-05,0.024000001
,,,-1.069E-05,0.024800001
,,,-1.068E-05,0.024000001
,,,-1.067E-05,0.023200001
,,,-1.066E-05,0.022400001
,,,-1.065E-05,0.024000001
,,,-1.064E-05,0.025600002
,,,-1.063E-05,0.024000001
,,,-1.062E-05,0.026400002
,,,-1.061E-05,0.024000001
,,,-1.06E-05,0.024000001
,,,-1.059E-05,0.024800001
,,,-1.058E-05,0.024000001
,,,-1.057E-05,0.024000001
,,,-1.056E-05,0.022400001
,,,-1.055E-05,0.024000001
,,,-1.054E-05,0.024800001
,,,-1.053E-05,0.024800001
,,,-1.052E-05,0.024000001
,,,-1.051E-05,0.024000001
,,,-1.05E-05,0.024000001
,,,-1.049E-05,0.024000001
,,,-1.048E-05,0.024000001
,,,-1.047E-05,0.025600002
,,,-1.046E-05,0.024000001
,,,-1.045E-05,0.024000001
,,,-1.044E-05,0.023200001
,,,-1.043E-05,0.024000001
,,,-1.042E-05,0.024800001
,,,-1.041E-05,0.026400002
,,,-1.04E-05,0.024000001
,,,-1.039E-05,0.023200001
,,,-1.038E-05,0.023200001
,,,-1.037E-05,0.024800001
,,,-1.036E-05,0.024000001
,,,-1.035E-05,0.024000001
,,,-1.034E-05,0.025600002
,,,-1.033E-05,0.024000001
,,,-1.032E-05,0.023200001
,,,-1.031E-05,0.024000001
,,,-1.03E-05,0.024800001
,,,-1.029E-05,0.024800001
,,,-1.028E-05,0.024800001
,,,-1.027E-05,0.024000001
,,,-1.026E-05,0.024800001
,,,-1.025E-05,0.024800001
,,,-1.024E-05,0.024800001
,,,-1.023E-05,0.024000001
,,,-1.022E-05,0.025600002
,,,-1.021E-05,0.023200001
,,,-1.02E-05,0.024000001
,,,-1.019E-05,0.024000001
,,,-1.018E-05,0.023200001
,,,-1.017E-05,0.024800001
,,,-1.016E-05,0.024000001
,,,-1.015E-05,0.024000001
,,,-1.014E-05,0.024800001
,,,-1.013E-05,0.024000001
,,,-1.012E-05,0.024800001
,,,-1.011E-05,0.025600002
,,,-1.01E-05,0.024000001
,,,-1.009E-05,0.024000001
,,,-1.008E-05,0.024000001
,,,-1.007E-05,0.024800001
,,,-1.006E-05,0.025600002
,,,-1.005E-05,0.023200001
,,,-1.004E-05,0.024000001
,,,-1.003E-05,0.024000001
,,,-1.002E-05,0.023200001
,,,-1.001E-05,0.024000001
,,,-1E-05,0.024000001
,,,-9.99E-06,0.024000001
,,,-9.98E-06,0.023200001
,,,-9.97E-06,0.023200001
,,,-9.96E-06,0.023200001
,,,-9.95E-06,0.024000001
,,,-9.94E-06,0.024000001
,,,-9.93E-06,0.024800001
,,,-9.92E-06,0.023200001
,,,-9.91E-06,0.024000001
,,,-9.9E-06,0.024000001
,,,-9.89E-06,0.024000001
,,,-9.88E-06,0.025600002
,,,-9.87E-06,0.024800001
,,,-9.86E-06,0.024800001
,,,-9.85E-06,0.024000001
,,,-9.84E-06,0.024800001
,,,-9.83E-06,0.024800001
,,,-9.82E-06,0.025600002
,,,-9.81E-06,0.023200001
,,,-9.8E-06,0.024800001
,,,-9.79E-06,0.024000001
,,,-9.78E-06,0.026400002
,,,-9.77E-06,0.024000001
,,,-9.76E-06,0.024000001
,,,-9.75E-06,0.024000001
,,,-9.74E-06,0.024000001
,,,-9.73E-06,0.024000001
,,,-9.72E-06,0.024800001
,,,-9.71E-06,0.024000001
,,,-9.7E-06,0.024000001
,,,-9.69E-06,0.023200001
,,,-9.68E-06,0.024000001
,,,-9.67E-06,0.025600002
,,,-9.66E-06,0.024000001
,,,-9.65E-06,0.024000001
,,,-9.64E-06,0.024800001
,,,-9.63E-06,0.024000001
,,,-9.62E-06,0.024800001
,,,-9.61E-06,0.023200001
,,,-9.6E-06,0.021600001
,,,-9.59E-06,0.026400002
,,,-9.58E-06,0.023200001
,,,-9.57E-06,0.024000001
,,,-9.56E-06,0.024800001
,,,-9.55E-06,0.023200001
,,,-9.54E-06,0.024800001
,,,-9.53E-06,0.024000001
,,,-9.52E-06,0.024000001
,,,-9.51E-06,0.025600002
,,,-9.5E-06,0.024000001
,,,-9.49E-06,0.022400001
,,,-9.48E-06,0.021600001
,,,-9.47E-06,0.023200001
,,,-9.46E-06,0.024800001
,,,-9.45E-06,0.024000001
,,,-9.44E-06,0.024000001
,,,-9.43E-06,0.024000001
,,,-9.42E-06,0.024800001
,,,-9.41E-06,0.024000001
,,,-9.4E-06,0.024000001
,,,-9.39E-06,0.024000001
,,,-9.38E-06,0.024800001
,,,-9.37E-06,0.024800001
,,,-9.36E-06,0.024800001
,,,-9.35E-06,0.024800001
,,,-9.34E-06,0.024000001
,,,-9.33E-06,0.023200001
,,,-9.32E-06,0.024800001
,,,-9.31E-06,0.024000001
,,,-9.3E-06,0.024800001
,,,-9.29E-06,0.023200001
,,,-9.28E-06,0.024800001
,,,-9.27E-06,0.024000001
,,,-9.26E-06,0.025600002
,,,-9.25E-06,0.024000001
,,,-9.24E-06,0.024000001
,,,-9.23E-06,0.024000001
,,,-9.22E-06,0.024000001
,,,-9.21E-06,0.024800001
,,,-9.2E-06,0.024800001
,,,-9.19E-06,0.024800001
,,,-9.18E-06,0.024800001
,,,-9.17E-06,0.024800001
,,,-9.16E-06,0.024800001
,,,-9.15E-06,0.024000001
,,,-9.14E-06,0.024000001
,,,-9.13E-06,0.025600002
,,,-9.12E-06,0.024000001
,,,-9.11E-06,0.024000001
,,,-9.1E-06,0.024000001
,,,-9.09E-06,0.023200001
,,,-9.08E-06,0.023200001
,,,-9.07E-06,0.023200001
,,,-9.06E-06,0.024000001
,,,-9.05E-06,0.027200002
,,,-9.04E-06,0.024000001
,,,-9.03E-06,0.024000001
,,,-9.02E-06,0.024000001
,,,-9.01E-06,0.023200001
,,,-9E-06,0.025600002
,,,-8.99E-06,0.024800001
,,,-8.98E-06,0.024000001
,,,-8.97E-06,0.024800001
,,,-8.96E-06,0.024000001
,,,-8.95E-06,0.023200001
,,,-8.94E-06,0.023200001
,,,-8.93E-06,0.024000001
,,,-8.92E-06,0.024000001
,,,-8.91E-06,0.024000001
,,,-8.9E-06,0.024000001
,,,-8.89E-06,0.024000001
,,,-8.88E-06,0.024800001
,,,-8.87E-06,0.024800001
,,,-8.86E-06,0.024800001
,,,-8.85E-06,0.024800001
,,,-8.84E-06,0.024800001
,,,-8.83E-06,0.024000001
,,,-8.82E-06,0.024000001
,,,-8.81E-06,0.025600002
,,,-8.8E-06,0.025600002
,,,-8.79E-06,0.022400001
,,,-8.78E-06,0.023200001
,,,-8.77E-06,0.024000001
,,,-8.76E-06,0.025600002
,,,-8.75E-06,0.024000001
,,,-8.74E-06,0.024000001
,,,-8.73E-06,0.024000001
,,,-8.72E-06,0.024000001
,,,-8.71E-06,0.024800001
,,,-8.7E-06,0.024000001
,,,-8.69E-06,0.024000001
,,,-8.68E-06,0.024000001
,,,-8.67E-06,0.024800001
,,,-8.66E-06,0.025600002
,,,-8.65E-06,0.024000001
,,,-8.64E-06,0.024800001
,,,-8.63E-06,0.024000001
,,,-8.62E-06,0.024800001
,,,-8.61E-06,0.024800001
,,,-8.6E-06,0.023200001
,,,-8.59E-06,0.024000001
,,,-8.58E-06,0.024800001
,,,-8.57E-06,0.024800001
,,,-8.56E-06,0.024800001
,,,-8.55E-06,0.023200001
,,,-8.54E-06,0.024800001
,,,-8.53E-06,0.024000001
,,,-8.52E-06,0.024800001
,,,-8.51E-06,0.024800001
,,,-8.5E-06,0.024000001
,,,-8.49E-06,0.024800001
,,,-8.48E-06,0.024000001
,,,-8.47E-06,0.024000001
,,,-8.46E-06,0.025600002
,,,-8.45E-06,0.024000001
,,,-8.44E-06,0.024000001
,,,-8.43E-06,0.024000001
,,,-8.42E-06,0.023200001
,,,-8.41E-06,0.024000001
,,,-8.4E-06,0.024000001
,,,-8.39E-06,0.024000001
,,,-8.38E-06,0.024000001
,,,-8.37E-06,0.024000001
,,,-8.36E-06,0.024000001
,,,-8.35E-06,0.024000001
,,,-8.34E-06,0.024000001
,,,-8.33E-06,0.022400001
,,,-8.32E-06,0.024000001
,,,-8.31E-06,0.024000001
,,,-8.3E-06,0.024800001
,,,-8.29E-06,0.024000001
,,,-8.28E-06,0.024000001
,,,-8.27E-06,0.024800001
,,,-8.26E-06,0.024000001
,,,-8.25E-06,0.024000001
,,,-8.24E-06,0.024000001
,,,-8.23E-06,0.024000001
,,,-8.22E-06,0.024800001
,,,-8.21E-06,0.023200001
,,,-8.2E-06,0.024000001
,,,-8.19E-06,0.024000001
,,,-8.18E-06,0.024000001
,,,-8.17E-06,0.023200001
,,,-8.16E-06,0.024000001
,,,-8.15E-06,0.024000001
,,,-8.14E-06,0.024000001
,,,-8.13E-06,0.025600002
,,,-8.12E-06,0.025600002
,,,-8.11E-06,0.023200001
,,,-8.1E-06,0.024800001
,,,-8.09E-06,0.025600002
,,,-8.08E-06,0.023200001
,,,-8.07E-06,0.024000001
,,,-8.06E-06,0.024800001
,,,-8.05E-06,0.024000001
,,,-8.04E-06,0.024800001
,,,-8.03E-06,0.024800001
,,,-8.02E-06,0.024000001
,,,-8.01E-06,0.024800001
,,,-8E-06,0.024000001
,,,-7.99E-06,0.024800001
,,,-7.98E-06,0.024000001
,,,-7.97E-06,0.024000001
,,,-7.96E-06,0.024800001
,,,-7.95E-06,0.024800001
,,,-7.94E-06,0.024800001
,,,-7.93E-06,0.024000001
,,,-7.92E-06,0.023200001
,,,-7.91E-06,0.024800001
,,,-7.9E-06,0.024800001
,,,-7.89E-06,0.024000001
,,,-7.88E-06,0.022400001
,,,-7.87E-06,0.024000001
,,,-7.86E-06,0.022400001
,,,-7.85E-06,0.024800001
,,,-7.84E-06,0.023200001
,,,-7.83E-06,0.024000001
,,,-7.82E-06,0.024800001
,,,-7.81E-06,0.024000001
,,,-7.8E-06,0.024800001
,,,-7.79E-06,0.025600002
,,,-7.78E-06,0.024000001
,,,-7.77E-06,0.024800001
,,,-7.76E-06,0.024000001
,,,-7.75E-06,0.024000001
,,,-7.74E-06,0.024800001
,,,-7.73E-06,0.023200001
,,,-7.72E-06,0.024800001
,,,-7.71E-06,0.023200001
,,,-7.7E-06,0.024000001
,,,-7.69E-06,0.024000001
,,,-7.68E-06,0.024800001
,,,-7.67E-06,0.024000001
,,,-7.66E-06,0.025600002
,,,-7.65E-06,0.023200001
,,,-7.64E-06,0.024000001
,,,-7.63E-06,0.024000001
,,,-7.62E-06,0.025600002
,,,-7.61E-06,0.024000001
,,,-7.6E-06,0.024000001
,,,-7.59E-06,0.024000001
,,,-7.58E-06,0.024800001
,,,-7.57E-06,0.024800001
,,,-7.56E-06,0.025600002
,,,-7.55E-06,0.024000001
,,,-7.54E-06,0.024000001
,,,-7.53E-06,0.025600002
,,,-7.52E-06,0.023200001
,,,-7.51E-06,0.024000001
,,,-7.5E-06,0.024800001
,,,-7.49E-06,0.024000001
,,,-7.48E-06,0.023200001
,,,-7.47E-06,0.026400002
,,,-7.46E-06,0.024800001
,,,-7.45E-06,0.023200001
,,,-7.44E-06,0.024000001
,,,-7.43E-06,0.024800001
,,,-7.42E-06,0.024000001
,,,-7.41E-06,0.025600002
,,,-7.4E-06,0.024000001
,,,-7.39E-06,0.024000001
,,,-7.38E-06,0.023200001
,,,-7.37E-06,0.022400001
,,,-7.36E-06,0.024000001
,,,-7.35E-06,0.024000001
,,,-7.34E-06,0.024000001
,,,-7.33E-06,0.024800001
,,,-7.32E-06,0.023200001
,,,-7.31E-06,0.024800001
,,,-7.3E-06,0.024800001
,,,-7.29E-06,0.024000001
,,,-7.28E-06,0.024800001
,,,-7.27E-06,0.024000001
,,,-7.26E-06,0.024000001
,,,-7.25E-06,0.024000001
,,,-7.24E-06,0.025600002
,,,-7.23E-06,0.023200001
,,,-7.22E-06,0.024800001
,,,-7.21E-06,0.024800001
,,,-7.2E-06,0.024800001
,,,-7.19E-06,0.025600002
,,,-7.18E-06,0.028000002
,,,-7.17E-06,0.024800001
,,,-7.16E-06,0.025600002
,,,-7.15E-06,0.024800001
,,,-7.14E-06,0.024000001
,,,-7.13E-06,0.024000001
,,,-7.12E-06,0.024000001
,,,-7.11E-06,0.025600002
,,,-7.1E-06,0.024000001
,,,-7.09E-06,0.024000001
,,,-7.08E-06,0.024000001
,,,-7.07E-06,0.024000001
,,,-7.06E-06,0.024800001
,,,-7.05E-06,0.023200001
,,,-7.04E-06,0.024800001
,,,-7.03E-06,0.024000001
,,,-7.02E-06,0.024000001
,,,-7.01E-06,0.023200001
,,,-7E-06,0.023200001
,,,-6.99E-06,0.025600002
,,,-6.98E-06,0.024000001
,,,-6.97E-06,0.024800001
,,,-6.96E-06,0.024800001
,,,-6.95E-06,0.024000001
,,,-6.94E-06,0.024000001
,,,-6.93E-06,0.024000001
,,,-6.92E-06,0.024000001
,,,-6.91E-06,0.023200001
,,,-6.9E-06,0.024800001
,,,-6.89E-06,0.023200001
,,,-6.88E-06,0.023200001
,,,-6.87E-06,0.024000001
,,,-6.86E-06,0.024000001
,,,-6.85E-06,0.023200001
,,,-6.84E-06,0.022400001
,,,-6.83E-06,0.024000001
,,,-6.82E-06,0.024000001
,,,-6.81E-06,0.025600002
,,,-6.8E-06,0.023200001
,,,-6.79E-06,0.024000001
,,,-6.78E-06,0.024800001
,,,-6.77E-06,0.023200001
,,,-6.76E-06,0.024000001
,,,-6.75E-06,0.024800001
,,,-6.74E-06,0.024800001
,,,-6.73E-06,0.022400001
,,,-6.72E-06,0.024000001
,,,-6.71E-06,0.025600002
,,,-6.7E-06,0.023200001
,,,-6.69E-06,0.024000001
,,,-6.68E-06,0.024800001
,,,-6.67E-06,0.024000001
,,,-6.66E-06,0.023200001
,,,-6.65E-06,0.024000001
,,,-6.64E-06,0.024800001
,,,-6.63E-06,0.024000001
,,,-6.62E-06,0.024000001
,,,-6.61E-06,0.024000001
,,,-6.6E-06,0.024000001
,,,-6.59E-06,0.024800001
,,,-6.58E-06,0.024800001
,,,-6.57E-06,0.024000001
,,,-6.56E-06,0.024800001
,,,-6.55E-06,0.024000001
,,,-6.54E-06,0.022400001
,,,-6.53E-06,0.023200001
,,,-6.52E-06,0.024000001
,,,-6.51E-06,0.023200001
,,,-6.5E-06,0.023200001
,,,-6.49E-06,0.023200001
,,,-6.48E-06,0.023200001
,,,-6.47E-06,0.024800001
,,,-6.46E-06,0.024000001
,,,-6.45E-06,0.024000001
,,,-6.44E-06,0.024000001
,,,-6.43E-06,0.023200001
,,,-6.42E-06,0.024000001
,,,-6.41E-06,0.024000001
,,,-6.4E-06,0.023200001
,,,-6.39E-06,0.025600002
,,,-6.38E-06,0.023200001
,,,-6.37E-06,0.023200001
,,,-6.36E-06,0.024800001
,,,-6.35E-06,0.024000001
,,,-6.34E-06,0.024000001
,,,-6.33E-06,0.024800001
,,,-6.32E-06,0.024800001
,,,-6.31E-06,0.024000001
,,,-6.3E-06,0.024000001
,,,-6.29E-06,0.024000001
,,,-6.28E-06,0.024000001
,,,-6.27E-06,0.023200001
,,,-6.26E-06,0.024000001
,,,-6.25E-06,0.023200001
,,,-6.24E-06,0.023200001
,,,-6.23E-06,0.024000001
,,,-6.22E-06,0.024800001
,,,-6.21E-06,0.024000001
,,,-6.2E-06,0.025600002
,,,-6.19E-06,0.023200001
,,,-6.18E-06,0.024000001
,,,-6.17E-06,0.024000001
,,,-6.16E-06,0.024000001
,,,-6.15E-06,0.024800001
,,,-6.14E-06,0.024000001
,,,-6.13E-06,0.024800001
,,,-6.12E-06,0.024800001
,,,-6.11E-06,0.024800001
,,,-6.1E-06,0.024800001
,,,-6.09E-06,0.024000001
,,,-6.08E-06,0.024000001
,,,-6.07E-06,0.024000001
,,,-6.06E-06,0.024800001
,,,-6.05E-06,0.023200001
,,,-6.04E-06,0.024000001
,,,-6.03E-06,0.024000001
,,,-6.02E-06,0.023200001
,,,-6.01E-06,0.024000001
,,,-6E-06,0.024800001
,,,-5.99E-06,0.023200001
,,,-5.98E-06,0.024800001
,,,-5.97E-06,0.024800001
,,,-5.96E-06,0.023200001
,,,-5.95E-06,0.024000001
,,,-5.94E-06,0.024800001
,,,-5.93E-06,0.024000001
,,,-5.92E-06,0.024800001
,,,-5.91E-06,0.024800001
,,,-5.9E-06,0.024000001
,,,-5.89E-06,0.024000001
,,,-5.88E-06,0.025600002
,,,-5.87E-06,0.023200001
,,,-5.86E-06,0.024000001
,,,-5.85E-06,0.024000001
,,,-5.84E-06,0.024000001
,,,-5.83E-06,0.024000001
,,,-5.82E-06,0.024800001
,,,-5.81E-06,0.024000001
,,,-5.8E-06,0.024800001
,,,-5.79E-06,0.024800001
,,,-5.78E-06,0.025600002
,,,-5.77E-06,0.024800001
,,,-5.76E-06,0.024800001
,,,-5.75E-06,0.024000001
,,,-5.74E-06,0.024000001
,,,-5.73E-06,0.022400001
,,,-5.72E-06,0.024000001
,,,-5.71E-06,0.024000001
,,,-5.7E-06,0.025600002
,,,-5.69E-06,0.025600002
,,,-5.68E-06,0.024000001
,,,-5.67E-06,0.027200002
,,,-5.66E-06,0.024000001
,,,-5.65E-06,0.022400001
,,,-5.64E-06,0.024000001
,,,-5.63E-06,0.024000001
,,,-5.62E-06,0.023200001
,,,-5.61E-06,0.024000001
,,,-5.6E-06,0.024000001
,,,-5.59E-06,0.024800001
,,,-5.58E-06,0.024800001
,,,-5.57E-06,0.024000001
,,,-5.56E-06,0.024000001
,,,-5.55E-06,0.025600002
,,,-5.54E-06,0.025600002
,,,-5.53E-06,0.024000001
,,,-5.52E-06,0.024800001
,,,-5.51E-06,0.024000001
,,,-5.5E-06,0.023200001
,,,-5.49E-06,0.024000001
,,,-5.48E-06,0.023200001
,,,-5.47E-06,0.024800001
,,,-5.46E-06,0.024000001
,,,-5.45E-06,0.024800001
,,,-5.44E-06,0.024800001
,,,-5.43E-06,0.023200001
,,,-5.42E-06,0.024000001
,,,-5.41E-06,0.024000001
,,,-5.4E-06,0.024800001
,,,-5.39E-06,0.024000001
,,,-5.38E-06,0.024000001
,,,-5.37E-06,0.023200001
,,,-5.36E-06,0.025600002
,,,-5.35E-06,0.024000001
,,,-5.34E-06,0.023200001
,,,-5.33E-06,0.024000001
,,,-5.32E-06,0.024000001
,,,-5.31E-06,0.024000001
,,,-5.3E-06,0.023200001
,,,-5.29E-06,0.023200001
,,,-5.28E-06,0.024000001
,,,-5.27E-06,0.024000001
,,,-5.26E-06,0.024000001
,,,-5.25E-06,0.024000001
,,,-5.24E-06,0.024800001
,,,-5.23E-06,0.024800001
,,,-5.22E-06,0.022400001
,,,-5.21E-06,0.024800001
,,,-5.2E-06,0.024800001
,,,-5.19E-06,0.024000001
,,,-5.18E-06,0.023200001
,,,-5.17E-06,0.024000001
,,,-5.16E-06,0.024000001
,,,-5.15E-06,0.023200001
,,,-5.14E-06,0.025600002
,,,-5.13E-06,0.025600002
,,,-5.12E-06,0.024000001
,,,-5.11E-06,0.024000001
,,,-5.1E-06,0.025600002
,,,-5.09E-06,0.024000001
,,,-5.08E-06,0.023200001
,,,-5.07E-06,0.024000001
,,,-5.06E-06,0.023200001
,,,-5.05E-06,0.025600002
,,,-5.04E-06,0.024000001
,,,-5.03E-06,0.024000001
,,,-5.02E-06,0.024000001
,,,-5.01E-06,0.024000001
,,,-5E-06,0.024000001
,,,-4.99E-06,0.025600002
,,,-4.98E-06,0.024800001
,,,-4.97E-06,0.024000001
,,,-4.96E-06,0.024000001
,,,-4.95E-06,0.024000001
,,,-4.94E-06,0.024000001
,,,-4.93E-06,0.024800001
,,,-4.92E-06,0.023200001
,,,-4.91E-06,0.024000001
,,,-4.9E-06,0.026400002
,,,-4.89E-06,0.023200001
,,,-4.88E-06,0.024000001
,,,-4.87E-06,0.022400001
,,,-4.86E-06,0.024000001
,,,-4.85E-06,0.025600002
,,,-4.84E-06,0.025600002
,,,-4.83E-06,0.024000001
,,,-4.82E-06,0.024000001
,,,-4.81E-06,0.024000001
,,,-4.8E-06,0.024000001
,,,-4.79E-06,0.024000001
,,,-4.78E-06,0.023200001
,,,-4.77E-06,0.022400001
,,,-4.76E-06,0.024000001
,,,-4.75E-06,0.025600002
,,,-4.74E-06,0.024000001
,,,-4.73E-06,0.024000001
,,,-4.72E-06,0.023200001
,,,-4.71E-06,0.024000001
,,,-4.7E-06,0.024800001
,,,-4.69E-06,0.024800001
,,,-4.68E-06,0.024800001
,,,-4.67E-06,0.024000001
,,,-4.66E-06,0.024000001
,,,-4.65E-06,0.024000001
,,,-4.64E-06,0.024000001
,,,-4.63E-06,0.024000001
,,,-4.62E-06,0.024000001
,,,-4.61E-06,0.025600002
,,,-4.6E-06,0.024800001
,,,-4.59E-06,0.024000001
,,,-4.58E-06,0.024000001
,,,-4.57E-06,0.024800001
,,,-4.56E-06,0.025600002
,,,-4.55E-06,0.023200001
,,,-4.54E-06,0.024000001
,,,-4.53E-06,0.024800001
,,,-4.52E-06,0.024800001
,,,-4.51E-06,0.024000001
,,,-4.5E-06,0.024800001
,,,-4.49E-06,0.024000001
,,,-4.48E-06,0.023200001
,,,-4.47E-06,0.024800001
,,,-4.46E-06,0.024000001
,,,-4.45E-06,0.024000001
,,,-4.44E-06,0.024800001
,,,-4.43E-06,0.024000001
,,,-4.42E-06,0.026400002
,,,-4.41E-06,0.024000001
,,,-4.4E-06,0.024000001
,,,-4.39E-06,0.024000001
,,,-4.38E-06,0.024000001
,,,-4.37E-06,0.024000001
,,,-4.36E-06,0.024000001
,,,-4.35E-06,0.022400001
,,,-4.34E-06,0.023200001
,,,-4.33E-06,0.024000001
,,,-4.32E-06,0.024000001
,,,-4.31E-06,0.024800001
,,,-4.3E-06,0.022400001
,,,-4.29E-06,0.024800001
,,,-4.28E-06,0.024800001
,,,-4.27E-06,0.024000001
,,,-4.26E-06,0.023200001
,,,-4.25E-06,0.024800001
,,,-4.24E-06,0.025600002
,,,-4.23E-06,0.024800001
,,,-4.22E-06,0.024800001
,,,-4.21E-06,0.024800001
,,,-4.2E-06,0.023200001
,,,-4.19E-06,0.023200001
,,,-4.18E-06,0.023200001
,,,-4.17E-06,0.024800001
,,,-4.16E-06,0.024000001
,,,-4.15E-06,0.025600002
,,,-4.14E-06,0.025600002
,,,-4.13E-06,0.023200001
,,,-4.12E-06,0.025600002
,,,-4.11E-06,0.024000001
,,,-4.1E-06,0.025600002
,,,-4.09E-06,0.024000001
,,,-4.08E-06,0.020800001
,,,-4.07E-06,0.024000001
,,,-4.06E-06,0.025600002
,,,-4.05E-06,0.026400002
,,,-4.04E-06,0.024000001
,,,-4.03E-06,0.024000001
,,,-4.02E-06,0.024000001
,,,-4.01E-06,0.024800001
,,,-4E-06,0.024800001
,,,-3.99E-06,0.025600002
,,,-3.98E-06,0.024000001
,,,-3.97E-06,0.024000001
,,,-3.96E-06,0.024000001
,,,-3.95E-06,0.023200001
,,,-3.94E-06,0.025600002
,,,-3.93E-06,0.024000001
,,,-3.92E-06,0.024800001
,,,-3.91E-06,0.024800001
,,,-3.9E-06,0.025600002
,,,-3.89E-06,0.024800001
,,,-3.88E-06,0.024800001
,,,-3.87E-06,0.024800001
,,,-3.86E-06,0.022400001
,,,-3.85E-06,0.022400001
,,,-3.84E-06,0.024000001
,,,-3.83E-06,0.024000001
,,,-3.82E-06,0.025600002
,,,-3.81E-06,0.025600002
,,,-3.8E-06,0.025600002
,,,-3.79E-06,0.023200001
,,,-3.78E-06,0.022400001
,,,-3.77E-06,0.024000001
,,,-3.76E-06,0.024000001
,,,-3.75E-06,0.024800001
,,,-3.74E-06,0.023200001
,,,-3.73E-06,0.023200001
,,,-3.72E-06,0.022400001
,,,-3.71E-06,0.023200001
,,,-3.7E-06,0.023200001
,,,-3.69E-06,0.023200001
,,,-3.68E-06,0.025600002
,,,-3.67E-06,0.024000001
,,,-3.66E-06,0.024000001
,,,-3.65E-06,0.025600002
,,,-3.64E-06,0.024000001
,,,-3.63E-06,0.024000001
,,,-3.62E-06,0.022400001
,,,-3.61E-06,0.024000001
,,,-3.6E-06,0.024800001
,,,-3.59E-06,0.024000001
,,,-3.58E-06,0.024800001
,,,-3.57E-06,0.024000001
,,,-3.56E-06,0.024800001
,,,-3.55E-06,0.024800001
,,,-3.54E-06,0.024800001
,,,-3.53E-06,0.024000001
,,,-3.52E-06,0.024800001
,,,-3.51E-06,0.024000001
,,,-3.5E-06,0.024000001
,,,-3.49E-06,0.024000001
,,,-3.48E-06,0.024000001
,,,-3.47E-06,0.024800001
,,,-3.46E-06,0.024000001
,,,-3.45E-06,0.025600002
,,,-3.44E-06,0.024000001
,,,-3.43E-06,0.024000001
,,,-3.42E-06,0.024000001
,,,-3.41E-06,0.024000001
,,,-3.4E-06,0.023200001
,,,-3.39E-06,0.023200001
,,,-3.38E-06,0.024800001
,,,-3.37E-06,0.024000001
,,,-3.36E-06,0.024800001
,,,-3.35E-06,0.025600002
,,,-3.34E-06,0.024000001
,,,-3.33E-06,0.024000001
,,,-3.32E-06,0.024000001
,,,-3.31E-06,0.022400001
,,,-3.3E-06,0.024000001
,,,-3.29E-06,0.024000001
,,,-3.28E-06,0.025600002
,,,-3.27E-06,0.023200001
,,,-3.26E-06,0.024800001
,,,-3.25E-06,0.024000001
,,,-3.24E-06,0.024800001
,,,-3.23E-06,0.024800001
,,,-3.22E-06,0.024000001
,,,-3.21E-06,0.024000001
,,,-3.2E-06,0.024000001
,,,-3.19E-06,0.023200001
,,,-3.18E-06,0.023200001
,,,-3.17E-06,0.023200001
,,,-3.16E-06,0.024000001
,,,-3.15E-06,0.024000001
,,,-3.14E-06,0.025600002
,,,-3.13E-06,0.024000001
,,,-3.12E-06,0.024800001
,,,-3.11E-06,0.025600002
,,,-3.1E-06,0.024000001
,,,-3.09E-06,0.024000001
,,,-3.08E-06,0.024000001
,,,-3.07E-06,0.024000001
,,,-3.06E-06,0.024000001
,,,-3.05E-06,0.024800001
,,,-3.04E-06,0.024000001
,,,-3.03E-06,0.023200001
,,,-3.02E-06,0.024800001
,,,-3.01E-06,0.022400001
,,,-3E-06,0.024000001
,,,-2.99E-06,0.024000001
,,,-2.98E-06,0.024000001
,,,-2.97E-06,0.024800001
,,,-2.96E-06,0.024800001
,,,-2.95E-06,0.024000001
,,,-2.94E-06,0.025600002
,,,-2.93E-06,0.023200001
,,,-2.92E-06,0.025600002
,,,-2.91E-06,0.023200001
,,,-2.9E-06,0.023200001
,,,-2.89E-06,0.022400001
,,,-2.88E-06,0.024000001
,,,-2.87E-06,0.024800001
,,,-2.86E-06,0.024800001
,,,-2.85E-06,0.025600002
,,,-2.84E-06,0.024800001
,,,-2.83E-06,0.024000001
,,,-2.82E-06,0.024000001
,,,-2.81E-06,0.023200001
,,,-2.8E-06,0.024800001
,,,-2.79E-06,0.024000001
,,,-2.78E-06,0.024000001
,,,-2.77E-06,0.024800001
,,,-2.76E-06,0.024800001
,,,-2.75E-06,0.024800001
,,,-2.74E-06,0.023200001
,,,-2.73E-06,0.023200001
,,,-2.72E-06,0.024000001
,,,-2.71E-06,0.024000001
,,,-2.7E-06,0.024000001
,,,-2.69E-06,0.024000001
,,,-2.68E-06,0.024000001
,,,-2.67E-06,0.024800001
,,,-2.66E-06,0.024000001
,,,-2.65E-06,0.023200001
,,,-2.64E-06,0.023200001
,,,-2.63E-06,0.024800001
,,,-2.62E-06,0.024800001
,,,-2.61E-06,0.022400001
,,,-2.6E-06,0.025600002
,,,-2.59E-06,0.023200001
,,,-2.58E-06,0.024000001
,,,-2.57E-06,0.025600002
,,,-2.56E-06,0.024000001
,,,-2.55E-06,0.024000001
,,,-2.54E-06,0.025600002
,,,-2.53E-06,0.023200001
,,,-2.52E-06,0.024800001
,,,-2.51E-06,0.024000001
,,,-2.5E-06,0.024800001
,,,-2.49E-06,0.022400001
,,,-2.48E-06,0.023200001
,,,-2.47E-06,0.024000001
,,,-2.46E-06,0.025600002
,,,-2.45E-06,0.024000001
,,,-2.44E-06,0.024000001
,,,-2.43E-06,0.024000001
,,,-2.42E-06,0.025600002
,,,-2.41E-06,0.024000001
,,,-2.4E-06,0.022400001
,,,-2.39E-06,0.024000001
,,,-2.38E-06,0.024000001
,,,-2.37E-06,0.024000001
,,,-2.36E-06,0.024800001
,,,-2.35E-06,0.024000001
,,,-2.34E-06,0.024000001
,,,-2.33E-06,0.023200001
,,,-2.32E-06,0.024000001
,,,-2.31E-06,0.024800001
,,,-2.3E-06,0.023200001
,,,-2.29E-06,0.024000001
,,,-2.28E-06,0.024000001
,,,-2.27E-06,0.024800001
,,,-2.26E-06,0.023200001
,,,-2.25E-06,0.024000001
,,,-2.24E-06,0.024800001
,,,-2.23E-06,0.024000001
,,,-2.22E-06,0.024000001
,,,-2.21E-06,0.024800001
,,,-2.2E-06,0.023200001
,,,-2.19E-06,0.024000001
,,,-2.18E-06,0.024800001
,,,-2.17E-06,0.024000001
,,,-2.16E-06,0.025600002
,,,-2.15E-06,0.024000001
,,,-2.14E-06,0.024800001
,,,-2.13E-06,0.024800001
,,,-2.12E-06,0.025600002
,,,-2.11E-06,0.023200001
,,,-2.1E-06,0.023200001
,,,-2.09E-06,0.023200001
,,,-2.08E-06,0.024800001
,,,-2.07E-06,0.024000001
,,,-2.06E-06,0.023200001
,,,-2.05E-06,0.024000001
,,,-2.04E-06,0.024000001
,,,-2.03E-06,0.023200001
,,,-2.02E-06,0.024000001
,,,-2.01E-06,0.024000001
,,,-2E-06,0.024000001
,,,-1.99E-06,0.024800001
,,,-1.98E-06,0.024000001
,,,-1.97E-06,0.025600002
,,,-1.96E-06,0.024000001
,,,-1.95E-06,0.024800001
,,,-1.94E-06,0.024800001
,,,-1.93E-06,0.024000001
,,,-1.92E-06,0.024000001
,,,-1.91E-06,0.023200001
,,,-1.9E-06,0.024000001
,,,-1.89E-06,0.024000001
,,,-1.88E-06,0.024000001
,,,-1.87E-06,0.024000001
,,,-1.86E-06,0.024000001
,,,-1.85E-06,0.025600002
,,,-1.84E-06,0.024800001
,,,-1.83E-06,0.024000001
,,,-1.82E-06,0.024000001
,,,-1.81E-06,0.024800001
,,,-1.8E-06,0.024000001
,,,-1.79E-06,0.023200001
,,,-1.78E-06,0.026400002
,,,-1.77E-06,0.024000001
,,,-1.76E-06,0.024000001
,,,-1.75E-06,0.024800001
,,,-1.74E-06,0.024000001
,,,-1.73E-06,0.024000001
,,,-1.72E-06,0.024800001
,,,-1.71E-06,0.024000001
,,,-1.7E-06,0.024000001
,,,-1.69E-06,0.024800001
,,,-1.68E-06,0.025600002
,,,-1.67E-06,0.024000001
,,,-1.66E-06,0.024000001
,,,-1.65E-06,0.024000001
,,,-1.64E-06,0.024800001
,,,-1.63E-06,0.024800001
,,,-1.62E-06,0.025600002
,,,-1.61E-06,0.025600002
,,,-1.6E-06,0.024000001
,,,-1.59E-06,0.023200001
,,,-1.58E-06,0.024800001
,,,-1.57E-06,0.024800001
,,,-1.56E-06,0.024800001
,,,-1.55E-06,0.023200001
,,,-1.54E-06,0.024800001
,,,-1.53E-06,0.024000001
,,,-1.52E-06,0.024800001
,,,-1.51E-06,0.024000001
,,,-1.5E-06,0.024800001
,,,-1.49E-06,0.022400001
,,,-1.48E-06,0.025600002
,,,-1.47E-06,0.024800001
,,,-1.46E-06,0.023200001
,,,-1.45E-06,0.024000001
,,,-1.44E-06,0.024000001
,,,-1.43E-06,0.026400002
,,,-1.42E-06,0.024000001
,,,-1.41E-06,0.025600002
,,,-1.4E-06,0.022400001
,,,-1.39E-06,0.023200001
,,,-1.38E-06,0.025600002
,,,-1.37E-06,0.023200001
,,,-1.36E-06,0.024000001
,,,-1.35E-06,0.025600002
,,,-1.34E-06,0.025600002
,,,-1.33E-06,0.024000001
,,,-1.32E-06,0.025600002
,,,-1.31E-06,0.024800001
,,,-1.3E-06,0.024000001
,,,-1.29E-06,0.024800001
,,,-1.28E-06,0.024800001
,,,-1.27E-06,0.023200001
,,,-1.26E-06,0.024800001
,,,-1.25E-06,0.024800001
,,,-1.24E-06,0.024000001
,,,-1.23E-06,0.024800001
,,,-1.22E-06,0.024000001
,,,-1.21E-06,0.024800001
,,,-1.2E-06,0.024800001
,,,-1.19E-06,0.024000001
,,,-1.18E-06,0.025600002
,,,-1.17E-06,0.022400001
,,,-1.16E-06,0.024000001
,,,-1.15E-06,0.024000001
,,,-1.14E-06,0.024000001
,,,-1.13E-06,0.024000001
,,,-1.12E-06,0.022400001
,,,-1.11E-06,0.024000001
,,,-1.1E-06,0.024000001
,,,-1.09E-06,0.024800001
,,,-1.08E-06,0.025600002
,,,-1.07E-06,0.024000001
,,,-1.06E-06,0.024000001
,,,-1.05E-06,0.024000001
,,,-1.04E-06,0.024000001
,,,-1.03E-06,0.024000001
,,,-1.02E-06,0.024000001
,,,-1.01E-06,0.024800001
,,,-1E-06,0.024800001
,,,-9.9E-07,0.024000001
,,,-9.8E-07,0.024800001
,,,-9.7E-07,0.023200001
,,,-9.6E-07,0.024800001
,,,-9.5E-07,0.025600002
,,,-9.4E-07,0.023200001
,,,-9.3E-07,0.024800001
,,,-9.2E-07,0.023200001
,,,-9.1E-07,0.023200001
,,,-9E-07,0.024000001
,,,-8.9E-07,0.026400002
,,,-8.8E-07,0.023200001
,,,-8.7E-07,0.024000001
,,,-8.6E-07,0.024000001
,,,-8.5E-07,0.024000001
,,,-8.4E-07,0.024800001
,,,-8.3E-07,0.024000001
,,,-8.2E-07,0.024800001
,,,-8.1E-07,0.024800001
,,,-8E-07,0.024800001
,,,-7.9E-07,0.024800001
,,,-7.8E-07,0.024800001
,,,-7.7E-07,0.025600002
,,,-7.6E-07,0.024000001
,,,-7.5E-07,0.023200001
,,,-7.4E-07,0.024000001
,,,-7.3E-07,0.024000001
,,,-7.2E-07,0.023200001
,,,-7.1E-07,0.024800001
,,,-7E-07,0.024800001
,,,-6.9E-07,0.022400001
,,,-6.8E-07,0.024000001
,,,-6.7E-07,0.022400001
,,,-6.6E-07,0.024800001
,,,-6.5E-07,0.024000001
,,,-6.4E-07,0.024000001
,,,-6.3E-07,0.024800001
,,,-6.2E-07,0.025600002
,,,-6.1E-07,0.023200001
,,,-6E-07,0.024000001
,,,-5.9E-07,0.026400002
,,,-5.8E-07,0.025600002
,,,-5.7E-07,0.022400001
,,,-5.6E-07,0.024000001
,,,-5.5E-07,0.023200001
,,,-5.4E-07,0.024000001
,,,-5.3E-07,0.025600002
,,,-5.2E-07,0.024000001
,,,-5.1E-07,0.024800001
,,,-5E-07,0.024000001
,,,-4.9E-07,0.024000001
,,,-4.8E-07,0.024000001
,,,-4.7E-07,0.023200001
,,,-4.6E-07,0.024000001
,,,-4.5E-07,0.023200001
,,,-4.4E-07,0.024000001
,,,-4.3E-07,0.024800001
,,,-4.2E-07,0.024000001
,,,-4.1E-07,0.025600002
,,,-4E-07,0.024000001
,,,-3.9E-07,0.024000001
,,,-3.8E-07,0.025600002
,,,-3.7E-07,0.024800001
,,,-3.6E-07,0.023200001
,,,-3.5E-07,0.024000001
,,,-3.4E-07,0.024000001
,,,-3.3E-07,0.024000001
,,,-3.2E-07,0.024000001
,,,-3.1E-07,0.023200001
,,,-3E-07,0.024800001
,,,-2.9E-07,0.024000001
,,,-2.8E-07,0.024000001
,,,-2.7E-07,0.024800001
,,,-2.6E-07,0.024000001
,,,-2.5E-07,0.022400001
,,,-2.4E-07,0.023200001
,,,-2.3E-07,0.024000001
,,,-2.2E-07,0.023200001
,,,-2.1E-07,0.024800001
,,,-2E-07,0.023200001
,,,-1.9E-07,0.024800001
,,,-1.8E-07,0.024000001
,,,-1.7E-07,0.024000001
,,,-1.6E-07,0.025600002
,,,-1.5E-07,0.024000001
,,,-1.4E-07,0.024800001
,,,-1.3E-07,0.024000001
,,,-1.2E-07,0.024800001
,,,-1.1E-07,0.024800001
,,,-1E-07,0.024000001
,,,-9E-08,0.024800001
,,,-8E-08,0.024800001
,,,-7E-08,0.024000001
,,,-6E-08,0.023200001
,,,-5E-08,0.025600002
,,,-4E-08,0.024000001
,,,-3E-08,0.024000001
,,,-2E-08,0.025600002
,,,-1E-08,0.024000001
,,,0,0.025600002
,,,1E-08,0.023200001
,,,2E-08,0.023200001
,,,3E-08,0.024000001
,,,4E-08,0.023200001
,,,5E-08,0.024800001
,,,6E-08,0.024000001
,,,7E-08,0.024000001
,,,8E-08,0.024800001
,,,9E-08,0.024800001
,,,1E-07,0.024000001
,,,1.1E-07,0.023200001
,,,1.2E-07,0.025600002
,,,1.3E-07,0.023200001
,,,1.4E-07,0.024000001
,,,1.5E-07,0.022400001
,,,1.6E-07,0.025600002
,,,1.7E-07,0.024000001
,,,1.8E-07,0.024000001
,,,1.9E-07,0.022400001
,,,2E-07,0.024000001
,,,2.1E-07,0.023200001
,,,2.2E-07,0.023200001
,,,2.3E-07,0.024000001
,,,2.4E-07,0.024800001
,,,2.5E-07,0.023200001
,,,2.6E-07,0.024800001
,,,2.7E-07,0.024800001
,,,2.8E-07,0.025600002
,,,2.9E-07,0.024800001
,,,3E-07,0.024800001
,,,3.1E-07,0.023200001
,,,3.2E-07,0.026400002
,,,3.3E-07,0.024800001
,,,3.4E-07,0.025600002
,,,3.5E-07,0.024000001
,,,3.6E-07,0.024000001
,,,3.7E-07,0.024000001
,,,3.8E-07,0.024000001
,,,3.9E-07,0.024800001
,,,4E-07,0.024000001
,,,4.1E-07,0.023200001
,,,4.2E-07,0.025600002
,,,4.3E-07,0.023200001
,,,4.4E-07,0.024000001
,,,4.5E-07,0.024800001
,,,4.6E-07,0.023200001
,,,4.7E-07,0.024000001
,,,4.8E-07,0.024000001
,,,4.9E-07,0.024000001
,,,5E-07,0.023200001
,,,5.1E-07,0.025600002
,,,5.2E-07,0.024000001
,,,5.3E-07,0.024800001
,,,5.4E-07,0.024000001
,,,5.5E-07,0.024800001
,,,5.6E-07,0.024000001
,,,5.7E-07,0.023200001
,,,5.8E-07,0.024000001
,,,5.9E-07,0.024000001
,,,6E-07,0.025600002
,,,6.1E-07,0.024000001
,,,6.2E-07,0.024000001
,,,6.3E-07,0.023200001
,,,6.4E-07,0.024800001
,,,6.5E-07,0.024800001
,,,6.6E-07,0.024800001
,,,6.7E-07,0.024800001
,,,6.8E-07,0.024000001
,,,6.9E-07,0.024800001
,,,7E-07,0.025600002
,,,7.1E-07,0.023200001
,,,7.2E-07,0.024000001
,,,7.3E-07,0.024000001
,,,7.4E-07,0.024000001
,,,7.5E-07,0.024000001
,,,7.6E-07,0.024800001
,,,7.7E-07,0.024000001
,,,7.8E-07,0.024000001
,,,7.9E-07,0.024000001
,,,8E-07,0.025600002
,,,8.1E-07,0.023200001
,,,8.2E-07,0.023200001
,,,8.3E-07,0.024000001
,,,8.4E-07,0.026400002
,,,8.5E-07,0.026400002
,,,8.6E-07,0.022400001
,,,8.7E-07,0.024800001
,,,8.8E-07,0.024800001
,,,8.9E-07,0.023200001
,,,9E-07,0.021600001
,,,9.1E-07,0.024000001
,,,9.2E-07,0.023200001
,,,9.3E-07,0.025600002
,,,9.4E-07,0.026400002
,,,9.5E-07,0.023200001
,,,9.6E-07,0.024000001
,,,9.7E-07,0.024000001
,,,9.8E-07,0.022400001
,,,9.9E-07,0.024800001
,,,1E-06,0.026400002
,,,1.01E-06,0.024800001
,,,1.02E-06,0.024800001
,,,1.03E-06,0.024000001
,,,1.04E-06,0.024800001
,,,1.05E-06,0.024000001
,,,1.06E-06,0.025600002
,,,1.07E-06,0.024000001
,,,1.08E-06,0.023200001
,,,1.09E-06,0.023200001
,,,1.1E-06,0.024000001
,,,1.11E-06,0.024800001
,,,1.12E-06,0.023200001
,,,1.13E-06,0.024000001
,,,1.14E-06,0.023200001
,,,1.15E-06,0.024000001
,,,1.16E-06,0.024000001
,,,1.17E-06,0.024000001
,,,1.18E-06,0.024000001
,,,1.19E-06,0.024000001
,,,1.2E-06,0.024000001
,,,1.21E-06,0.024000001
,,,1.22E-06,0.023200001
,,,1.23E-06,0.024000001
,,,1.24E-06,0.023200001
,,,1.25E-06,0.024000001
,,,1.26E-06,0.024000001
,,,1.27E-06,0.024000001
,,,1.28E-06,0.023200001
,,,1.29E-06,0.024800001
,,,1.3E-06,0.023200001
,,,1.31E-06,0.023200001
,,,1.32E-06,0.024000001
,,,1.33E-06,0.023200001
,,,1.34E-06,0.025600002
,,,1.35E-06,0.024800001
,,,1.36E-06,0.024800001
,,,1.37E-06,0.025600002
,,,1.38E-06,0.024000001
,,,1.39E-06,0.024000001
,,,1.4E-06,0.024000001
,,,1.41E-06,0.024000001
,,,1.42E-06,0.024000001
,,,1.43E-06,0.022400001
,,,1.44E-06,0.024000001
,,,1.45E-06,0.024000001
,,,1.46E-06,0.023200001
,,,1.47E-06,0.024800001
,,,1.48E-06,0.024000001
,,,1.49E-06,0.022400001
,,,1.5E-06,0.024000001
,,,1.51E-06,0.024000001
,,,1.52E-06,0.025600002
,,,1.53E-06,0.024000001
,,,1.54E-06,0.024800001
,,,1.55E-06,0.024000001
,,,1.56E-06,0.024000001
,,,1.57E-06,0.023200001
,,,1.58E-06,0.024800001
,,,1.59E-06,0.024800001
,,,1.6E-06,0.024000001
,,,1.61E-06,0.024800001
,,,1.62E-06,0.024000001
,,,1.63E-06,0.024800001
,,,1.64E-06,0.023200001
,,,1.65E-06,0.024000001
,,,1.66E-06,0.024000001
,,,1.67E-06,0.024800001
,,,1.68E-06,0.024000001
,,,1.69E-06,0.023200001
,,,1.7E-06,0.023200001
,,,1.71E-06,0.025600002
,,,1.72E-06,0.025600002
,,,1.73E-06,0.022400001
,,,1.74E-06,0.024000001
,,,1.75E-06,0.024000001
,,,1.76E-06,0.024000001
,,,1.77E-06,0.024800001
,,,1.78E-06,0.024000001
,,,1.79E-06,0.024000001
,,,1.8E-06,0.025600002
,,,1.81E-06,0.025600002
,,,1.82E-06,0.023200001
,,,1.83E-06,0.023200001
,,,1.84E-06,0.025600002
,,,1.85E-06,0.024800001
,,,1.86E-06,0.022400001
,,,1.87E-06,0.024000001
,,,1.88E-06,0.023200001
,,,1.89E-06,0.024000001
,,,1.9E-06,0.023200001
,,,1.91E-06,0.024000001
,,,1.92E-06,0.024800001
,,,1.93E-06,0.024000001
,,,1.94E-06,0.024800001
,,,1.95E-06,0.024000001
,,,1.96E-06,0.024800001
,,,1.97E-06,0.024000001
,,,1.98E-06,0.025600002
,,,1.99E-06,0.023200001
,,,2E-06,0.024000001
,,,2.01E-06,0.024800001
,,,2.02E-06,0.024000001
,,,2.03E-06,0.024000001
,,,2.04E-06,0.024000001
,,,2.05E-06,0.024800001
,,,2.06E-06,0.025600002
,,,2.07E-06,0.023200001
,,,2.08E-06,0.025600002
,,,2.09E-06,0.024000001
,,,2.1E-06,0.023200001
,,,2.11E-06,0.024000001
,,,2.12E-06,0.024000001
,,,2.13E-06,0.026400002
,,,2.14E-06,0.024000001
,,,2.15E-06,0.024000001
,,,2.16E-06,0.025600002
,,,2.17E-06,0.024000001
,,,2.18E-06,0.023200001
,,,2.19E-06,0.024000001
,,,2.2E-06,0.024800001
,,,2.21E-06,0.024000001
,,,2.22E-06,0.025600002
,,,2.23E-06,0.024800001
,,,2.24E-06,0.023200001
,,,2.25E-06,0.024000001
,,,2.26E-06,0.025600002
,,,2.27E-06,0.024800001
,,,2.28E-06,0.024000001
,,,2.29E-06,0.025600002
,,,2.3E-06,0.024000001
,,,2.31E-06,0.024800001
,,,2.32E-06,0.023200001
,,,2.33E-06,0.024800001
,,,2.34E-06,0.024800001
,,,2.35E-06,0.024000001
,,,2.36E-06,0.024000001
,,,2.37E-06,0.024000001
,,,2.38E-06,0.024000001
,,,2.39E-06,0.023200001
,,,2.4E-06,0.024800001
,,,2.41E-06,0.024800001
,,,2.42E-06,0.024800001
,,,2.43E-06,0.024800001
,,,2.44E-06,0.025600002
,,,2.45E-06,0.024000001
,,,2.46E-06,0.024000001
,,,2.47E-06,0.025600002
,,,2.48E-06,0.024000001
,,,2.49E-06,0.024800001
,,,2.5E-06,0.025600002
,,,2.51E-06,0.023200001
,,,2.52E-06,0.022400001
,,,2.53E-06,0.024800001
,,,2.54E-06,0.025600002
,,,2.55E-06,0.024000001
,,,2.56E-06,0.024000001
,,,2.57E-06,0.024800001
,,,2.58E-06,0.023200001
,,,2.59E-06,0.024800001
,,,2.6E-06,0.024800001
,,,2.61E-06,0.024000001
,,,2.62E-06,0.024000001
,,,2.63E-06,0.024000001
,,,2.64E-06,0.024800001
,,,2.65E-06,0.024000001
,,,2.66E-06,0.023200001
,,,2.67E-06,0.023200001
,,,2.68E-06,0.023200001
,,,2.69E-06,0.024000001
,,,2.7E-06,0.023200001
,,,2.71E-06,0.022400001
,,,2.72E-06,0.024000001
,,,2.73E-06,0.023200001
,,,2.74E-06,0.025600002
,,,2.75E-06,0.024000001
,,,2.76E-06,0.024000001
,,,2.77E-06,0.024800001
,,,2.78E-06,0.024800001
,,,2.79E-06,0.024000001
,,,2.8E-06,0.024000001
,,,2.81E-06,0.024000001
,,,2.82E-06,0.024800001
,,,2.83E-06,0.024000001
,,,2.84E-06,0.024000001
,,,2.85E-06,0.024000001
,,,2.86E-06,0.024000001
,,,2.87E-06,0.024000001
,,,2.88E-06,0.024800001
,,,2.89E-06,0.026400002
,,,2.9E-06,0.024000001
,,,2.91E-06,0.024000001
,,,2.92E-06,0.024800001
,,,2.93E-06,0.024000001
,,,2.94E-06,0.024000001
,,,2.95E-06,0.025600002
,,,2.96E-06,0.024000001
,,,2.97E-06,0.024800001
,,,2.98E-06,0.024000001
,,,2.99E-06,0.022400001
,,,3E-06,0.024800001
,,,3.01E-06,0.024000001
,,,3.02E-06,0.024000001
,,,3.03E-06,0.024000001
,,,3.04E-06,0.022400001
,,,3.05E-06,0.021600001
,,,3.06E-06,0.024000001
,,,3.07E-06,0.024800001
,,,3.08E-06,0.025600002
,,,3.09E-06,0.024000001
,,,3.1E-06,0.024000001
,,,3.11E-06,0.024000001
,,,3.12E-06,0.024800001
,,,3.13E-06,0.024800001
,,,3.14E-06,0.022400001
,,,3.15E-06,0.024000001
,,,3.16E-06,0.023200001
,,,3.17E-06,0.023200001
,,,3.18E-06,0.023200001
,,,3.19E-06,0.024800001
,,,3.2E-06,0.024800001
,,,3.21E-06,0.025600002
,,,3.22E-06,0.024800001
,,,3.23E-06,0.024800001
,,,3.24E-06,0.024000001
,,,3.25E-06,0.024800001
,,,3.26E-06,0.024800001
,,,3.27E-06,0.024000001
,,,3.28E-06,0.024800001
,,,3.29E-06,0.024800001
,,,3.3E-06,0.024800001
,,,3.31E-06,0.023200001
,,,3.32E-06,0.024000001
,,,3.33E-06,0.023200001
,,,3.34E-06,0.025600002
,,,3.35E-06,0.024000001
,,,3.36E-06,0.023200001
,,,3.37E-06,0.025600002
,,,3.38E-06,0.024000001
,,,3.39E-06,0.024000001
,,,3.4E-06,0.024000001
,,,3.41E-06,0.022400001
,,,3.42E-06,0.023200001
,,,3.43E-06,0.024000001
,,,3.44E-06,0.024000001
,,,3.45E-06,0.024800001
,,,3.46E-06,0.024000001
,,,3.47E-06,0.023200001
,,,3.48E-06,0.026400002
,,,3.49E-06,0.022400001
,,,3.5E-06,0.024000001
,,,3.51E-06,0.024800001
,,,3.52E-06,0.023200001
,,,3.53E-06,0.024000001
,,,3.54E-06,0.025600002
,,,3.55E-06,0.024000001
,,,3.56E-06,0.024000001
,,,3.57E-06,0.023200001
,,,3.58E-06,0.024000001
,,,3.59E-06,0.024800001
,,,3.6E-06,0.024800001
,,,3.61E-06,0.024000001
,,,3.62E-06,0.024000001
,,,3.63E-06,0.023200001
,,,3.64E-06,0.024800001
,,,3.65E-06,0.023200001
,,,3.66E-06,0.024800001
,,,3.67E-06,0.025600002
,,,3.68E-06,0.024800001
,,,3.69E-06,0.024000001
,,,3.7E-06,0.024800001
,,,3.71E-06,0.024800001
,,,3.72E-06,0.025600002
,,,3.73E-06,0.024000001
,,,3.74E-06,0.024000001
,,,3.75E-06,0.023200001
,,,3.76E-06,0.025600002
,,,3.77E-06,0.024000001
,,,3.78E-06,0.024800001
,,,3.79E-06,0.024000001
,,,3.8E-06,0.024800001
,,,3.81E-06,0.024000001
,,,3.82E-06,0.024000001
,,,3.83E-06,0.023200001
,,,3.84E-06,0.024000001
,,,3.85E-06,0.024000001
,,,3.86E-06,0.024000001
,,,3.87E-06,0.024800001
,,,3.88E-06,0.024000001
,,,3.89E-06,0.024000001
,,,3.9E-06,0.024000001
,,,3.91E-06,0.023200001
,,,3.92E-06,0.024800001
,,,3.93E-06,0.024000001
,,,3.94E-06,0.025600002
,,,3.95E-06,0.024000001
,,,3.96E-06,0.024000001
,,,3.97E-06,0.021600001
,,,3.98E-06,0.024000001
,,,3.99E-06,0.024000001
,,,4E-06,0.023200001
,,,4.01E-06,0.023200001
,,,4.02E-06,0.025600002
,,,4.03E-06,0.023200001
,,,4.04E-06,0.024000001
,,,4.05E-06,0.023200001
,,,4.06E-06,0.024000001
,,,4.07E-06,0.024800001
,,,4.08E-06,0.024000001
,,,4.09E-06,0.024800001
,,,4.1E-06,0.024000001
,,,4.11E-06,0.024800001
,,,4.12E-06,0.024000001
,,,4.13E-06,0.024800001
,,,4.14E-06,0.023200001
,,,4.15E-06,0.024000001
,,,4.16E-06,0.024800001
,,,4.17E-06,0.024000001
,,,4.18E-06,0.024000001
,,,4.19E-06,0.024000001
,,,4.2E-06,0.024800001
,,,4.21E-06,0.023200001
,,,4.22E-06,0.025600002
,,,4.23E-06,0.024800001
,,,4.24E-06,0.025600002
,,,4.25E-06,0.023200001
,,,4.26E-06,0.024000001
,,,4.27E-06,0.024000001
,,,4.28E-06,0.024000001
,,,4.29E-06,0.024800001
,,,4.3E-06,0.023200001
,,,4.31E-06,0.023200001
,,,4.32E-06,0.024800001
,,,4.33E-06,0.024000001
,,,4.34E-06,0.023200001
,,,4.35E-06,0.023200001
,,,4.36E-06,0.024000001
,,,4.37E-06,0.024000001
,,,4.38E-06,0.024000001
,,,4.39E-06,0.025600002
,,,4.4E-06,0.025600002
,,,4.41E-06,0.024800001
,,,4.42E-06,0.024800001
,,,4.43E-06,0.023200001
,,,4.44E-06,0.024000001
,,,4.45E-06,0.022400001
,,,4.46E-06,0.024000001
,,,4.47E-06,0.024800001
,,,4.48E-06,0.024800001
,,,4.49E-06,0.022400001
,,,4.5E-06,0.024000001
,,,4.51E-06,0.025600002
,,,4.52E-06,0.025600002
,,,4.53E-06,0.024000001
,,,4.54E-06,0.024800001
,,,4.55E-06,0.023200001
,,,4.56E-06,0.024000001
,,,4.57E-06,0.024000001
,,,4.58E-06,0.023200001
,,,4.59E-06,0.024000001
,,,4.6E-06,0.024000001
,,,4.61E-06,0.024000001
,,,4.62E-06,0.024800001
,,,4.63E-06,0.024800001
,,,4.64E-06,0.023200001
,,,4.65E-06,0.024000001
,,,4.66E-06,0.024800001
,,,4.67E-06,0.024000001
,,,4.68E-06,0.024000001
,,,4.69E-06,0.024000001
,,,4.7E-06,0.024000001
,,,4.71E-06,0.024000001
,,,4.72E-06,0.024000001
,,,4.73E-06,0.024000001
,,,4.74E-06,0.024000001
,,,4.75E-06,0.024800001
,,,4.76E-06,0.024800001
,,,4.77E-06,0.023200001
,,,4.78E-06,0.024800001
,,,4.79E-06,0.024800001
,,,4.8E-06,0.024000001
,,,4.81E-06,0.024000001
,,,4.82E-06,0.025600002
,,,4.83E-06,0.024000001
,,,4.84E-06,0.025600002
,,,4.85E-06,0.024800001
,,,4.86E-06,0.024000001
,,,4.87E-06,0.024000001
,,,4.88E-06,0.024000001
,,,4.89E-06,0.024800001
,,,4.9E-06,0.024000001
,,,4.91E-06,0.024000001
,,,4.92E-06,0.024800001
,,,4.93E-06,0.024000001
,,,4.94E-06,0.024800001
,,,4.95E-06,0.022400001
,,,4.96E-06,0.024000001
,,,4.97E-06,0.024800001
,,,4.98E-06,0.024000001
,,,4.99E-06,0.023200001
,,,5E-06,0.024800001
,,,5.01E-06,0.024000001
,,,5.02E-06,0.024000001
,,,5.03E-06,0.024000001
,,,5.04E-06,0.023200001
,,,5.05E-06,0.024000001
,,,5.06E-06,0.024800001
,,,5.07E-06,0.024000001
,,,5.08E-06,0.025600002
,,,5.09E-06,0.024800001
,,,5.1E-06,0.024800001
,,,5.11E-06,0.024000001
,,,5.12E-06,0.024000001
,,,5.13E-06,0.023200001
,,,5.14E-06,0.024000001
,,,5.15E-06,0.024800001
,,,5.16E-06,0.024000001
,,,5.17E-06,0.025600002
,,,5.18E-06,0.024800001
,,,5.19E-06,0.024000001
,,,5.2E-06,0.024800001
,,,5.21E-06,0.024000001
,,,5.22E-06,0.024800001
,,,5.23E-06,0.024000001
,,,5.24E-06,0.024000001
,,,5.25E-06,0.025600002
,,,5.26E-06,0.024000001
,,,5.27E-06,0.024000001
,,,5.28E-06,0.024000001
,,,5.29E-06,0.024000001
,,,5.3E-06,0.024000001
,,,5.31E-06,0.024000001
,,,5.32E-06,0.024000001
,,,5.33E-06,0.025600002
,,,5.34E-06,0.024000001
,,,5.35E-06,0.024800001
,,,5.36E-06,0.022400001
,,,5.37E-06,0.024800001
,,,5.38E-06,0.024000001
,,,5.39E-06,0.024000001
,,,5.4E-06,0.026400002
,,,5.41E-06,0.024000001
,,,5.42E-06,0.024000001
,,,5.43E-06,0.023200001
,,,5.44E-06,0.024000001
,,,5.45E-06,0.024000001
,,,5.46E-06,0.024000001
,,,5.47E-06,0.023200001
,,,5.48E-06,0.023200001
,,,5.49E-06,0.024800001
,,,5.5E-06,0.024000001
,,,5.51E-06,0.024000001
,,,5.52E-06,0.024800001
,,,5.53E-06,0.024800001
,,,5.54E-06,0.024000001
,,,5.55E-06,0.024000001
,,,5.56E-06,0.024000001
,,,5.57E-06,0.022400001
,,,5.58E-06,0.023200001
,,,5.59E-06,0.021600001
,,,5.6E-06,0.024000001
,,,5.61E-06,0.024800001
,,,5.62E-06,0.024000001
,,,5.63E-06,0.024000001
,,,5.64E-06,0.023200001
,,,5.65E-06,0.025600002
,,,5.66E-06,0.024000001
,,,5.67E-06,0.024800001
,,,5.68E-06,0.024800001
,,,5.69E-06,0.025600002
,,,5.7E-06,0.025600002
,,,5.71E-06,0.024800001
,,,5.72E-06,0.024000001
,,,5.73E-06,0.025600002
,,,5.74E-06,0.026400002
,,,5.75E-06,0.024800001
,,,5.76E-06,0.022400001
,,,5.77E-06,0.024000001
,,,5.78E-06,0.024800001
,,,5.79E-06,0.025600002
,,,5.8E-06,0.024800001
,,,5.81E-06,0.024000001
,,,5.82E-06,0.024800001
,,,5.83E-06,0.024000001
,,,5.84E-06,0.025600002
,,,5.85E-06,0.024000001
,,,5.86E-06,0.023200001
,,,5.87E-06,0.022400001
,,,5.88E-06,0.024000001
,,,5.89E-06,0.024800001
,,,5.9E-06,0.024000001
,,,5.91E-06,0.024000001
,,,5.92E-06,0.023200001
,,,5.93E-06,0.024800001
,,,5.94E-06,0.023200001
,,,5.95E-06,0.024000001
,,,5.96E-06,0.024000001
,,,5.97E-06,0.024000001
,,,5.98E-06,0.024800001
,,,5.99E-06,0.024000001
,,,6E-06,0.023200001
,,,6.01E-06,0.024800001
,,,6.02E-06,0.025600002
,,,6.03E-06,0.024800001
,,,6.04E-06,0.024800001
,,,6.05E-06,0.024800001
,,,6.06E-06,0.024000001
,,,6.07E-06,0.024800001
,,,6.08E-06,0.023200001
,,,6.09E-06,0.023200001
,,,6.1E-06,0.024800001
,,,6.11E-06,0.025600002
,,,6.12E-06,0.024800001
,,,6.13E-06,0.024000001
,,,6.14E-06,0.025600002
,,,6.15E-06,0.025600002
,,,6.16E-06,0.026400002
,,,6.17E-06,0.024000001
,,,6.18E-06,0.023200001
,,,6.19E-06,0.024000001
,,,6.2E-06,0.023200001
,,,6.21E-06,0.024000001
,,,6.22E-06,0.024000001
,,,6.23E-06,0.025600002
,,,6.24E-06,0.024000001
,,,6.25E-06,0.024000001
,,,6.26E-06,0.024000001
,,,6.27E-06,0.023200001
,,,6.28E-06,0.024800001
,,,6.29E-06,0.024000001
,,,6.3E-06,0.024800001
,,,6.31E-06,0.024800001
,,,6.32E-06,0.024000001
,,,6.33E-06,0.024000001
,,,6.34E-06,0.023200001
,,,6.35E-06,0.024000001
,,,6.36E-06,0.024800001
,,,6.37E-06,0.023200001
,,,6.38E-06,0.025600002
,,,6.39E-06,0.024800001
,,,6.4E-06,0.024800001
,,,6.41E-06,0.024800001
,,,6.42E-06,0.025600002
,,,6.43E-06,0.024000001
,,,6.44E-06,0.024000001
,,,6.45E-06,0.024800001
,,,6.46E-06,0.024000001
,,,6.47E-06,0.024000001
,,,6.48E-06,0.023200001
,,,6.49E-06,0.024000001
,,,6.5E-06,0.025600002
,,,6.51E-06,0.024000001
,,,6.52E-06,0.022400001
,,,6.53E-06,0.024000001
,,,6.54E-06,0.024800001
,,,6.55E-06,0.024000001
,,,6.56E-06,0.024000001
,,,6.57E-06,0.024800001
,,,6.58E-06,0.024800001
,,,6.59E-06,0.022400001
,,,6.6E-06,0.025600002
,,,6.61E-06,0.024000001
,,,6.62E-06,0.024800001
,,,6.63E-06,0.024000001
,,,6.64E-06,0.025600002
,,,6.65E-06,0.024000001
,,,6.66E-06,0.023200001
,,,6.67E-06,0.024000001
,,,6.68E-06,0.024000001
,,,6.69E-06,0.025600002
,,,6.7E-06,0.024000001
,,,6.71E-06,0.024000001
,,,6.72E-06,0.021600001
,,,6.73E-06,0.025600002
,,,6.74E-06,0.024800001
,,,6.75E-06,0.025600002
,,,6.76E-06,0.023200001
,,,6.77E-06,0.024000001
,,,6.78E-06,0.024000001
,,,6.79E-06,0.022400001
,,,6.8E-06,0.024000001
,,,6.81E-06,0.024000001
,,,6.82E-06,0.024000001
,,,6.83E-06,0.024000001
,,,6.84E-06,0.024800001
,,,6.85E-06,0.023200001
,,,6.86E-06,0.023200001
,,,6.87E-06,0.025600002
,,,6.88E-06,0.024000001
,,,6.89E-06,0.024000001
,,,6.9E-06,0.023200001
,,,6.91E-06,0.024000001
,,,6.92E-06,0.024000001
,,,6.93E-06,0.024000001
,,,6.94E-06,0.023200001
,,,6.95E-06,0.024000001
,,,6.96E-06,0.024000001
,,,6.97E-06,0.024000001
,,,6.98E-06,0.023200001
,,,6.99E-06,0.024000001
,,,7E-06,0.024800001
,,,7.01E-06,0.023200001
,,,7.02E-06,0.024800001
,,,7.03E-06,0.024000001
,,,7.04E-06,0.024000001
,,,7.05E-06,0.025600002
,,,7.06E-06,0.022400001
,,,7.07E-06,0.024800001
,,,7.08E-06,0.023200001
,,,7.09E-06,0.026400002
,,,7.1E-06,0.024000001
,,,7.11E-06,0.024000001
,,,7.12E-06,0.024000001
,,,7.13E-06,0.023200001
,,,7.14E-06,0.025600002
,,,7.15E-06,0.024800001
,,,7.16E-06,0.024000001
,,,7.17E-06,0.023200001
,,,7.18E-06,0.023200001
,,,7.19E-06,0.024000001
,,,7.2E-06,0.024800001
,,,7.21E-06,0.024800001
,,,7.22E-06,0.025600002
,,,7.23E-06,0.024800001
,,,7.24E-06,0.024800001
,,,7.25E-06,0.024000001
,,,7.26E-06,0.023200001
,,,7.27E-06,0.024800001
,,,7.28E-06,0.023200001
,,,7.29E-06,0.023200001
,,,7.3E-06,0.024800001
,,,7.31E-06,0.024800001
,,,7.32E-06,0.024000001
,,,7.33E-06,0.024000001
,,,7.34E-06,0.025600002
,,,7.35E-06,0.024800001
,,,7.36E-06,0.024000001
,,,7.37E-06,0.023200001
,,,7.38E-06,0.023200001
,,,7.39E-06,0.023200001
,,,7.4E-06,0.023200001
,,,7.41E-06,0.024800001
,,,7.42E-06,0.024000001
,,,7.43E-06,0.022400001
,,,7.44E-06,0.024000001
,,,7.45E-06,0.024000001
,,,7.46E-06,0.024000001
,,,7.47E-06,0.024000001
,,,7.48E-06,0.024000001
,,,7.49E-06,0.024000001
,,,7.5E-06,0.025600002
,,,7.51E-06,0.024000001
,,,7.52E-06,0.025600002
,,,7.53E-06,0.023200001
,,,7.54E-06,0.024800001
,,,7.55E-06,0.024000001
,,,7.56E-06,0.024800001
,,,7.57E-06,0.024800001
,,,7.58E-06,0.024000001
,,,7.59E-06,0.024800001
,,,7.6E-06,0.023200001
,,,7.61E-06,0.023200001
,,,7.62E-06,0.023200001
,,,7.63E-06,0.024800001
,,,7.64E-06,0.025600002
,,,7.65E-06,0.024000001
,,,7.66E-06,0.024000001
,,,7.67E-06,0.024000001
,,,7.68E-06,0.024000001
,,,7.69E-06,0.023200001
,,,7.7E-06,0.024800001
,,,7.71E-06,0.026400002
,,,7.72E-06,0.024000001
,,,7.73E-06,0.023200001
,,,7.74E-06,0.023200001
,,,7.75E-06,0.023200001
,,,7.76E-06,0.024800001
,,,7.77E-06,0.025600002
,,,7.78E-06,0.024000001
,,,7.79E-06,0.024000001
,,,7.8E-06,0.024000001
,,,7.81E-06,0.024000001
,,,7.82E-06,0.024000001
,,,7.83E-06,0.024000001
,,,7.84E-06,0.024000001
,,,7.85E-06,0.024000001
,,,7.86E-06,0.023200001
,,,7.87E-06,0.024000001
,,,7.88E-06,0.024000001
,,,7.89E-06,0.024000001
,,,7.9E-06,0.024800001
,,,7.91E-06,0.024000001
,,,7.92E-06,0.024000001
,,,7.93E-06,0.024000001
,,,7.94E-06,0.024800001
,,,7.95E-06,0.023200001
,,,7.96E-06,0.025600002
,,,7.97E-06,0.024800001
,,,7.98E-06,0.024800001
,,,7.99E-06,0.025600002
,,,8E-06,0.024000001
,,,8.01E-06,0.023200001
,,,8.02E-06,0.025600002
,,,8.03E-06,0.024000001
,,,8.04E-06,0.024800001
,,,8.05E-06,0.024000001
,,,8.06E-06,0.023200001
,,,8.07E-06,0.024800001
,,,8.08E-06,0.024000001
,,,8.09E-06,0.024000001
,,,8.1E-06,0.024800001
,,,8.11E-06,0.025600002
,,,8.12E-06,0.024800001
,,,8.13E-06,0.024800001
,,,8.14E-06,0.023200001
,,,8.15E-06,0.023200001
,,,8.16E-06,0.024800001
,,,8.17E-06,0.025600002
,,,8.18E-06,0.025600002
,,,8.19E-06,0.024000001
,,,8.2E-06,0.024000001
,,,8.21E-06,0.024000001
,,,8.22E-06,0.024000001
,,,8.23E-06,0.024800001
,,,8.24E-06,0.026400002
,,,8.25E-06,0.024800001
,,,8.26E-06,0.023200001
,,,8.27E-06,0.023200001
,,,8.28E-06,0.024000001
,,,8.29E-06,0.024000001
,,,8.3E-06,0.023200001
,,,8.31E-06,0.024000001
,,,8.32E-06,0.024000001
,,,8.33E-06,0.025600002
,,,8.34E-06,0.024000001
,,,8.35E-06,0.024000001
,,,8.36E-06,0.025600002
,,,8.37E-06,0.024000001
,,,8.38E-06,0.024000001
,,,8.39E-06,0.024000001
,,,8.4E-06,0.024000001
,,,8.41E-06,0.024000001
,,,8.42E-06,0.026400002
,,,8.43E-06,0.023200001
,,,8.44E-06,0.024000001
,,,8.45E-06,0.024800001
,,,8.46E-06,0.025600002
,,,8.47E-06,0.024000001
,,,8.48E-06,0.024000001
,,,8.49E-06,0.024000001
,,,8.5E-06,0.025600002
,,,8.51E-06,0.024000001
,,,8.52E-06,0.025600002
,,,8.53E-06,0.023200001
,,,8.54E-06,0.024800001
,,,8.55E-06,0.024000001
,,,8.56E-06,0.024800001
,,,8.57E-06,0.025600002
,,,8.58E-06,0.024000001
,,,8.59E-06,0.024000001
,,,8.6E-06,0.024000001
,,,8.61E-06,0.024000001
,,,8.62E-06,0.024800001
,,,8.63E-06,0.024000001
,,,8.64E-06,0.024800001
,,,8.65E-06,0.023200001
,,,8.66E-06,0.024800001
,,,8.67E-06,0.023200001
,,,8.68E-06,0.024800001
,,,8.69E-06,0.024800001
,,,8.7E-06,0.024000001
,,,8.71E-06,0.024000001
,,,8.72E-06,0.023200001
,,,8.73E-06,0.024000001
,,,8.74E-06,0.026400002
,,,8.75E-06,0.024800001
,,,8.76E-06,0.024800001
,,,8.77E-06,0.023200001
,,,8.78E-06,0.024000001
,,,8.79E-06,0.024800001
,,,8.8E-06,0.025600002
,,,8.81E-06,0.024000001
,,,8.82E-06,0.024000001
,,,8.83E-06,0.024000001
,,,8.84E-06,0.024000001
,,,8.85E-06,0.024000001
,,,8.86E-06,0.025600002
,,,8.87E-06,0.024000001
,,,8.88E-06,0.023200001
,,,8.89E-06,0.024000001
,,,8.9E-06,0.024000001
,,,8.91E-06,0.024000001
,,,8.92E-06,0.023200001
,,,8.93E-06,0.023200001
,,,8.94E-06,0.024000001
,,,8.95E-06,0.024000001
,,,8.96E-06,0.024000001
,,,8.97E-06,0.024000001
,,,8.98E-06,0.023200001
,,,8.99E-06,0.024000001
,,,9E-06,0.020800001
,,,9.01E-06,0.023200001
,,,9.02E-06,0.024000001
,,,9.03E-06,0.024000001
,,,9.04E-06,0.025600002
,,,9.05E-06,0.024000001
,,,9.06E-06,0.024000001
,,,9.07E-06,0.024000001
,,,9.08E-06,0.024000001
,,,9.09E-06,0.024000001
,,,9.1E-06,0.023200001
,,,9.11E-06,0.023200001
,,,9.12E-06,0.024000001
,,,9.13E-06,0.024000001
,,,9.14E-06,0.024000001
,,,9.15E-06,0.024800001
,,,9.16E-06,0.024000001
,,,9.17E-06,0.023200001
,,,9.18E-06,0.025600002
,,,9.19E-06,0.022400001
,,,9.2E-06,0.024000001
,,,9.21E-06,0.024000001
,,,9.22E-06,0.024000001
,,,9.23E-06,0.024800001
,,,9.24E-06,0.023200001
,,,9.25E-06,0.025600002
,,,9.26E-06,0.024000001
,,,9.27E-06,0.025600002
,,,9.28E-06,0.024800001
,,,9.29E-06,0.024000001
,,,9.3E-06,0.024800001
,,,9.31E-06,0.024800001
,,,9.32E-06,0.024000001
,,,9.33E-06,0.024000001
,,,9.34E-06,0.025600002
,,,9.35E-06,0.022400001
,,,9.36E-06,0.025600002
,,,9.37E-06,0.026400002
,,,9.38E-06,0.024800001
,,,9.39E-06,0.024000001
,,,9.4E-06,0.024000001
,,,9.41E-06,0.023200001
,,,9.42E-06,0.024000001
,,,9.43E-06,0.024800001
,,,9.44E-06,0.024000001
,,,9.45E-06,0.024800001
,,,9.46E-06,0.024000001
,,,9.47E-06,0.024800001
,,,9.48E-06,0.024000001
,,,9.49E-06,0.025600002
,,,9.5E-06,0.024800001
,,,9.51E-06,0.025600002
,,,9.52E-06,0.024000001
,,,9.53E-06,0.023200001
,,,9.54E-06,0.023200001
,,,9.55E-06,0.024000001
,,,9.56E-06,0.024800001
,,,9.57E-06,0.024000001
,,,9.58E-06,0.024000001
,,,9.59E-06,0.022400001
,,,9.6E-06,0.023200001
,,,9.61E-06,0.024000001
,,,9.62E-06,0.023200001
,,,9.63E-06,0.023200001
,,,9.64E-06,0.024000001
,,,9.65E-06,0.023200001
,,,9.66E-06,0.022400001
,,,9.67E-06,0.025600002
,,,9.68E-06,0.024000001
,,,9.69E-06,0.024800001
,,,9.7E-06,0.025600002
,,,9.71E-06,0.024000001
,,,9.72E-06,0.025600002
,,,9.73E-06,0.024000001
,,,9.74E-06,0.023200001
,,,9.75E-06,0.024000001
,,,9.76E-06,0.024000001
,,,9.77E-06,0.024000001
,,,9.78E-06,0.024000001
,,,9.79E-06,0.024000001
,,,9.8E-06,0.024000001
,,,9.81E-06,0.024000001
,,,9.82E-06,0.024800001
,,,9.83E-06,0.024800001
,,,9.84E-06,0.024000001
,,,9.85E-06,0.024800001
,,,9.86E-06,0.024000001
,,,9.87E-06,0.024000001
,,,9.88E-06,0.025600002
,,,9.89E-06,0.023200001
,,,9.9E-06,0.025600002
,,,9.91E-06,0.024000001
,,,9.92E-06,0.024000001
,,,9.93E-06,0.023200001
,,,9.94E-06,0.024800001
,,,9.95E-06,0.024000001
,,,9.96E-06,0.024000001
,,,9.97E-06,0.024800001
,,,9.98E-06,0.024000001
,,,9.99E-06,0.025600002
,,,1E-05,0.025600002
,,,1.001E-05,0.024000001
,,,1.002E-05,0.024800001
,,,1.003E-05,0.024000001
,,,1.004E-05,0.024000001
,,,1.005E-05,0.024000001
,,,1.006E-05,0.025600002
,,,1.007E-05,0.025600002
,,,1.008E-05,0.024800001
,,,1.009E-05,0.024000001
,,,1.01E-05,0.023200001
,,,1.011E-05,0.024800001
,,,1.012E-05,0.023200001
,,,1.013E-05,0.024000001
,,,1.014E-05,0.023200001
,,,1.015E-05,0.024000001
,,,1.016E-05,0.022400001
,,,1.017E-05,0.024000001
,,,1.018E-05,0.024000001
,,,1.019E-05,0.022400001
,,,1.02E-05,0.024000001
,,,1.021E-05,0.024800001
,,,1.022E-05,0.024000001
,,,1.023E-05,0.023200001
,,,1.024E-05,0.023200001
,,,1.025E-05,0.024000001
,,,1.026E-05,0.024800001
,,,1.027E-05,0.024800001
,,,1.028E-05,0.024800001
,,,1.029E-05,0.024000001
,,,1.03E-05,0.024000001
,,,1.031E-05,0.024800001
,,,1.032E-05,0.024000001
,,,1.033E-05,0.024800001
,,,1.034E-05,0.024000001
,,,1.035E-05,0.025600002
,,,1.036E-05,0.023200001
,,,1.037E-05,0.024000001
,,,1.038E-05,0.023200001
,,,1.039E-05,0.024800001
,,,1.04E-05,0.024000001
,,,1.041E-05,0.024000001
,,,1.042E-05,0.024800001
,,,1.043E-05,0.023200001
,,,1.044E-05,0.024000001
,,,1.045E-05,0.024000001
,,,1.046E-05,0.024000001
,,,1.047E-05,0.024000001
,,,1.048E-05,0.025600002
,,,1.049E-05,0.024000001
,,,1.05E-05,0.024000001
,,,1.051E-05,0.023200001
,,,1.052E-05,0.024000001
,,,1.053E-05,0.024000001
,,,1.054E-05,0.024800001
,,,1.055E-05,0.024000001
,,,1.056E-05,0.024000001
,,,1.057E-05,0.024000001
,,,1.058E-05,0.023200001
,,,1.059E-05,0.025600002
,,,1.06E-05,0.025600002
,,,1.061E-05,0.024000001
,,,1.062E-05,0.024000001
,,,1.063E-05,0.024000001
,,,1.064E-05,0.025600002
,,,1.065E-05,0.024000001
,,,1.066E-05,0.024800001
,,,1.067E-05,0.023200001
,,,1.068E-05,0.024800001
,,,1.069E-05,0.025600002
,,,1.07E-05,0.026400002
,,,1.071E-05,0.023200001
,,,1.072E-05,0.023200001
,,,1.073E-05,0.024000001
,,,1.074E-05,0.024800001
,,,1.075E-05,0.025600002
,,,1.076E-05,0.024800001
,,,1.077E-05,0.024800001
,,,1.078E-05,0.026400002
,,,1.079E-05,0.023200001
,,,1.08E-05,0.023200001
,,,1.081E-05,0.024000001
,,,1.082E-05,0.024800001
,,,1.083E-05,0.024000001
,,,1.084E-05,0.025600002
,,,1.085E-05,0.023200001
,,,1.086E-05,0.024000001
,,,1.087E-05,0.024000001
,,,1.088E-05,0.024000001
,,,1.089E-05,0.024000001
,,,1.09E-05,0.024800001
,,,1.091E-05,0.024800001
,,,1.092E-05,0.025600002
,,,1.093E-05,0.024000001
,,,1.094E-05,0.024800001
,,,1.095E-05,0.024000001
,,,1.096E-05,0.023200001
,,,1.097E-05,0.024000001
,,,1.098E-05,0.023200001
,,,1.099E-05,0.024800001
,,,1.1E-05,0.024800001
,,,1.101E-05,0.024000001
,,,1.102E-05,0.023200001
,,,1.103E-05,0.025600002
,,,1.104E-05,0.023200001
,,,1.105E-05,0.023200001
,,,1.106E-05,0.024000001
,,,1.107E-05,0.024800001
,,,1.108E-05,0.024000001
,,,1.109E-05,0.024000001
,,,1.11E-05,0.024000001
,,,1.111E-05,0.024000001
,,,1.112E-05,0.024000001
,,,1.113E-05,0.024000001
,,,1.114E-05,0.024000001
,,,1.115E-05,0.023200001
,,,1.116E-05,0.024000001
,,,1.117E-05,0.024000001
,,,1.118E-05,0.022400001
,,,1.119E-05,0.024000001
,,,1.12E-05,0.024000001
,,,1.121E-05,0.024000001
,,,1.122E-05,0.024000001
,,,1.123E-05,0.024000001
,,,1.124E-05,0.024000001
,,,1.125E-05,0.024800001
,,,1.126E-05,0.024000001
,,,1.127E-05,0.024000001
,,,1.128E-05,0.024000001
,,,1.129E-05,0.024000001
,,,1.13E-05,0.024000001
,,,1.131E-05,0.024000001
,,,1.132E-05,0.024800001
,,,1.133E-05,0.024000001
,,,1.134E-05,0.025600002
,,,1.135E-05,0.023200001
,,,1.136E-05,0.024000001
,,,1.137E-05,0.024000001
,,,1.138E-05,0.024000001
,,,1.139E-05,0.024000001
,,,1.14E-05,0.023200001
,,,1.141E-05,0.023200001
,,,1.142E-05,0.024800001
,,,1.143E-05,0.023200001
,,,1.144E-05,0.022400001
,,,1.145E-05,0.024000001
,,,1.146E-05,0.023200001
,,,1.147E-05,0.024000001
,,,1.148E-05,0.023200001
,,,1.149E-05,0.024000001
,,,1.15E-05,0.023200001
,,,1.151E-05,0.024000001
,,,1.152E-05,0.025600002
,,,1.153E-05,0.024000001
,,,1.154E-05,0.024800001
,,,1.155E-05,0.023200001
,,,1.156E-05,0.024000001
,,,1.157E-05,0.023200001
,,,1.158E-05,0.021600001
,,,1.159E-05,0.024800001
,,,1.16E-05,0.024800001
,,,1.161E-05,0.024000001
,,,1.162E-05,0.025600002
,,,1.163E-05,0.024000001
,,,1.164E-05,0.024800001
,,,1.165E-05,0.024000001
,,,1.166E-05,0.024000001
,,,1.167E-05,0.024800001
,,,1.168E-05,0.025600002
,,,1.169E-05,0.022400001
,,,1.17E-05,0.024000001
,,,1.171E-05,0.024000001
,,,1.172E-05,0.023200001
,,,1.173E-05,0.024800001
,,,1.174E-05,0.024000001
,,,1.175E-05,0.024000001
,,,1.176E-05,0.024000001
,,,1.177E-05,0.024800001
,,,1.178E-05,0.023200001
,,,1.179E-05,0.022400001
,,,1.18E-05,0.021600001
,,,1.181E-05,0.024000001
,,,1.182E-05,0.023200001
,,,1.183E-05,0.023200001
,,,1.184E-05,0.024000001
,,,1.185E-05,0.023200001
,,,1.186E-05,0.025600002
,,,1.187E-05,0.024000001
,,,1.188E-05,0.024000001
,,,1.189E-05,0.022400001
,,,1.19E-05,0.023200001
,,,1.191E-05,0.024000001
,,,1.192E-05,0.024000001
,,,1.193E-05,0.024000001
,,,1.194E-05,0.024000001
,,,1.195E-05,0.023200001
,,,1.196E-05,0.024000001
,,,1.197E-05,0.024000001
,,,1.198E-05,0.024800001
,,,1.199E-05,0.024000001
,,,1.2E-05,0.024000001
,,,1.201E-05,0.024800001
,,,1.202E-05,0.023200001
,,,1.203E-05,0.024000001
,,,1.204E-05,0.023200001
,,,1.205E-05,0.024000001
,,,1.206E-05,0.025600002
,,,1.207E-05,0.024000001
,,,1.208E-05,0.023200001
,,,1.209E-05,0.024800001
,,,1.21E-05,0.024000001
,,,1.211E-05,0.025600002
,,,1.212E-05,0.024000001
,,,1.213E-05,0.024000001
,,,1.214E-05,0.024000001
,,,1.215E-05,0.024800001
,,,1.216E-05,0.024800001
,,,1.217E-05,0.024000001
,,,1.218E-05,0.024000001
,,,1.219E-05,0.023200001
,,,1.22E-05,0.024800001
,,,1.221E-05,0.023200001
,,,1.222E-05,0.024000001
,,,1.223E-05,0.024000001
,,,1.224E-05,0.024000001
,,,1.225E-05,0.024800001
,,,1.226E-05,0.024800001
,,,1.227E-05,0.021600001
,,,1.228E-05,0.024000001
,,,1.229E-05,0.024000001
,,,1.23E-05,0.024000001
,,,1.231E-05,0.023200001
,,,1.232E-05,0.024800001
,,,1.233E-05,0.024000001
,,,1.234E-05,0.024000001
,,,1.235E-05,0.024000001
,,,1.236E-05,0.024000001
,,,1.237E-05,0.024000001
,,,1.238E-05,0.024000001
,,,1.239E-05,0.024000001
,,,1.24E-05,0.024000001
,,,1.241E-05,0.025600002
,,,1.242E-05,0.024800001
,,,1.243E-05,0.024000001
,,,1.244E-05,0.026400002
,,,1.245E-05,0.024000001
,,,1.246E-05,0.025600002
,,,1.247E-05,0.022400001
,,,1.248E-05,0.024000001
,,,1.249E-05,0.024000001
,,,1.25E-05,0.024000001
,,,1.251E-05,0.024800001
,,,1.252E-05,0.025600002
,,,1.253E-05,0.024000001
,,,1.254E-05,0.024000001
,,,1.255E-05,0.024800001
,,,1.256E-05,0.024800001
,,,1.257E-05,0.024800001
,,,1.258E-05,0.024000001
,,,1.259E-05,0.023200001
,,,1.26E-05,0.024800001
,,,1.261E-05,0.024000001
,,,1.262E-05,0.024800001
,,,1.263E-05,0.025600002
,,,1.264E-05,0.024800001
,,,1.265E-05,0.024800001
,,,1.266E-05,0.023200001
,,,1.267E-05,0.024800001
,,,1.268E-05,0.025600002
,,,1.269E-05,0.024000001
,,,1.27E-05,0.024800001
,,,1.271E-05,0.023200001
,,,1.272E-05,0.024000001
,,,1.273E-05,0.023200001
,,,1.274E-05,0.026400002
,,,1.275E-05,0.024000001
,,,1.276E-05,0.023200001
,,,1.277E-05,0.024000001
,,,1.278E-05,0.025600002
,,,1.279E-05,0.024000001
,,,1.28E-05,0.024000001
,,,1.281E-05,0.024000001
,,,1.282E-05,0.023200001
,,,1.283E-05,0.023200001
,,,1.284E-05,0.025600002
,,,1.285E-05,0.024000001
,,,1.286E-05,0.025600002
,,,1.287E-05,0.024000001
,,,1.288E-05,0.024000001
,,,1.289E-05,0.024800001
,,,1.29E-05,0.024000001
,,,1.291E-05,0.024000001
,,,1.292E-05,0.024800001
,,,1.293E-05,0.024000001
,,,1.294E-05,0.024000001
,,,1.295E-05,0.024000001
,,,1.296E-05,0.024000001
,,,1.297E-05,0.024800001
,,,1.298E-05,0.024800001
,,,1.299E-05,0.024000001
,,,1.3E-05,0.024000001
,,,1.301E-05,0.024000001
,,,1.302E-05,0.024800001
,,,1.303E-05,0.024000001
,,,1.304E-05,0.022400001
,,,1.305E-05,0.024000001
,,,1.306E-05,0.023200001
,,,1.307E-05,0.024000001
,,,1.308E-05,0.024800001
,,,1.309E-05,0.025600002
,,,1.31E-05,0.024000001
,,,1.311E-05,0.024000001
,,,1.312E-05,0.024000001
,,,1.313E-05,0.023200001
,,,1.314E-05,0.022400001
,,,1.315E-05,0.021600001
,,,1.316E-05,0.025600002
,,,1.317E-05,0.025600002
,,,1.318E-05,0.023200001
,,,1.319E-05,0.024800001
,,,1.32E-05,0.024000001
,,,1.321E-05,0.023200001
,,,1.322E-05,0.024800001
,,,1.323E-05,0.024800001
,,,1.324E-05,0.024000001
,,,1.325E-05,0.024800001
,,,1.326E-05,0.024000001
,,,1.327E-05,0.024000001
,,,1.328E-05,0.023200001
,,,1.329E-05,0.024000001
,,,1.33E-05,0.024000001
,,,1.331E-05,0.024000001
,,,1.332E-05,0.023200001
,,,1.333E-05,0.024000001
,,,1.334E-05,0.024800001
,,,1.335E-05,0.024000001
,,,1.336E-05,0.024000001
,,,1.337E-05,0.025600002
,,,1.338E-05,0.024800001
,,,1.339E-05,0.024800001
,,,1.34E-05,0.024800001
,,,1.341E-05,0.024800001
,,,1.342E-05,0.024000001
,,,1.343E-05,0.024000001
,,,1.344E-05,0.024000001
,,,1.345E-05,0.024000001
,,,1.346E-05,0.024000001
,,,1.347E-05,0.024000001
,,,1.348E-05,0.024000001
,,,1.349E-05,0.024800001
,,,1.35E-05,0.025600002
,,,1.351E-05,0.022400001
,,,1.352E-05,0.024000001
,,,1.353E-05,0.024000001
,,,1.354E-05,0.024800001
,,,1.355E-05,0.022400001
,,,1.356E-05,0.025600002
,,,1.357E-05,0.023200001
,,,1.358E-05,0.024000001
,,,1.359E-05,0.024800001
,,,1.36E-05,0.024000001
,,,1.361E-05,0.023200001
,,,1.362E-05,0.024800001
,,,1.363E-05,0.022400001
,,,1.364E-05,0.024800001
,,,1.365E-05,0.024000001
,,,1.366E-05,0.025600002
,,,1.367E-05,0.024000001
,,,1.368E-05,0.025600002
,,,1.369E-05,0.023200001
,,,1.37E-05,0.024000001
,,,1.371E-05,0.024000001
,,,1.372E-05,0.024000001
,,,1.373E-05,0.024800001
,,,1.374E-05,0.023200001
,,,1.375E-05,0.025600002
,,,1.376E-05,0.024800001
,,,1.377E-05,0.024000001
,,,1.378E-05,0.025600002
,,,1.379E-05,0.024800001
,,,1.38E-05,0.024800001
,,,1.381E-05,0.023200001
,,,1.382E-05,0.024000001
,,,1.383E-05,0.024000001
,,,1.384E-05,0.026400002
,,,1.385E-05,0.024800001
,,,1.386E-05,0.024800001
,,,1.387E-05,0.024000001
,,,1.388E-05,0.025600002
,,,1.389E-05,0.024000001
,,,1.39E-05,0.025600002
,,,1.391E-05,0.023200001
,,,1.392E-05,0.024800001
,,,1.393E-05,0.024000001
,,,1.394E-05,0.024000001
,,,1.395E-05,0.024000001
,,,1.396E-05,0.024000001
,,,1.397E-05,0.024000001
,,,1.398E-05,0.024800001
,,,1.399E-05,0.024000001
,,,1.4E-05,0.023200001
,,,1.401E-05,0.023200001
,,,1.402E-05,0.024800001
,,,1.403E-05,0.023200001
,,,1.404E-05,0.023200001
,,,1.405E-05,0.022400001
,,,1.406E-05,0.024000001
,,,1.407E-05,0.024000001
,,,1.408E-05,0.023200001
,,,1.409E-05,0.024000001
,,,1.41E-05,0.024000001
,,,1.411E-05,0.024000001
,,,1.412E-05,0.025600002
,,,1.413E-05,0.024000001
,,,1.414E-05,0.024000001
,,,1.415E-05,0.025600002
,,,1.416E-05,0.025600002
,,,1.417E-05,0.024000001
,,,1.418E-05,0.024000001
,,,1.419E-05,0.025600002
,,,1.42E-05,0.023200001
,,,1.421E-05,0.024000001
,,,1.422E-05,0.023200001
,,,1.423E-05,0.025600002
,,,1.424E-05,0.024000001
,,,1.425E-05,0.024800001
,,,1.426E-05,0.022400001
,,,1.427E-05,0.024800001
,,,1.428E-05,0.025600002
,,,1.429E-05,0.023200001
,,,1.43E-05,0.025600002
,,,1.431E-05,0.023200001
,,,1.432E-05,0.024000001
,,,1.433E-05,0.024000001
,,,1.434E-05,0.024800001
,,,1.435E-05,0.024800001
,,,1.436E-05,0.023200001
,,,1.437E-05,0.024000001
,,,1.438E-05,0.024800001
,,,1.439E-05,0.025600002
,,,1.44E-05,0.024800001
,,,1.441E-05,0.024000001
,,,1.442E-05,0.024000001
,,,1.443E-05,0.024000001
,,,1.444E-05,0.025600002
,,,1.445E-05,0.024000001
,,,1.446E-05,0.024000001
,,,1.447E-05,0.022400001
,,,1.448E-05,0.024000001
,,,1.449E-05,0.024800001
,,,1.45E-05,0.024800001
,,,1.451E-05,0.024000001
,,,1.452E-05,0.025600002
,,,1.453E-05,0.024000001
,,,1.454E-05,0.024800001
,,,1.455E-05,0.024000001
,,,1.456E-05,0.024000001
,,,1.457E-05,0.024800001
,,,1.458E-05,0.024800001
,,,1.459E-05,0.024000001
,,,1.46E-05,0.024000001
,,,1.461E-05,0.024000001
,,,1.462E-05,0.024000001
,,,1.463E-05,0.024000001
,,,1.464E-05,0.023200001
,,,1.465E-05,0.024800001
,,,1.466E-05,0.024800001
,,,1.467E-05,0.024800001
,,,1.468E-05,0.024800001
,,,1.469E-05,0.023200001
,,,1.47E-05,0.024000001
,,,1.471E-05,0.024000001
,,,1.472E-05,0.024000001
,,,1.473E-05,0.025600002
,,,1.474E-05,0.024000001
,,,1.475E-05,0.024000001
,,,1.476E-05,0.025600002
,,,1.477E-05,0.024000001
,,,1.478E-05,0.024000001
,,,1.479E-05,0.023200001
,,,1.48E-05,0.024800001
,,,1.481E-05,0.023200001
,,,1.482E-05,0.024000001
,,,1.483E-05,0.024000001
,,,1.484E-05,0.026400002
,,,1.485E-05,0.024000001
,,,1.486E-05,0.025600002
,,,1.487E-05,0.023200001
,,,1.488E-05,0.025600002
,,,1.489E-05,0.022400001
,,,1.49E-05,0.025600002
,,,1.491E-05,0.024000001
,,,1.492E-05,0.025600002
,,,1.493E-05,0.023200001
,,,1.494E-05,0.024000001
,,,1.495E-05,0.024000001
,,,1.496E-05,0.024000001
,,,1.497E-05,0.024000001
,,,1.498E-05,0.024800001
,,,1.499E-05,0.024000001
,,,1.5E-05,0.024800001
,,,1.501E-05,0.024800001
,,,1.502E-05,0.024800001
,,,1.503E-05,0.024800001
,,,1.504E-05,0.024000001
,,,1.505E-05,0.023200001
,,,1.506E-05,0.024000001
,,,1.507E-05,0.024800001
,,,1.508E-05,0.024000001
,,,1.509E-05,0.024800001
,,,1.51E-05,0.024000001
,,,1.511E-05,0.023200001
,,,1.512E-05,0.024000001
,,,1.513E-05,0.024800001
,,,1.514E-05,0.025600002
,,,1.515E-05,0.024800001
,,,1.516E-05,0.026400002
,,,1.517E-05,0.024000001
,,,1.518E-05,0.024000001
,,,1.519E-05,0.023200001
,,,1.52E-05,0.022400001
,,,1.521E-05,0.024000001
,,,1.522E-05,0.024000001
,,,1.523E-05,0.024000001
,,,1.524E-05,0.024000001
,,,1.525E-05,0.022400001
,,,1.526E-05,0.024000001
,,,1.527E-05,0.023200001
,,,1.528E-05,0.024800001
,,,1.529E-05,0.024800001
,,,1.53E-05,0.025600002
,,,1.531E-05,0.022400001
,,,1.532E-05,0.024000001
,,,1.533E-05,0.024800001
,,,1.534E-05,0.024000001
,,,1.535E-05,0.024000001
,,,1.536E-05,0.024000001
,,,1.537E-05,0.024800001
,,,1.538E-05,0.024000001
,,,1.539E-05,0.024000001
,,,1.54E-05,0.024000001
,,,1.541E-05,0.024000001
,,,1.542E-05,0.024000001
,,,1.543E-05,0.025600002
,,,1.544E-05,0.024000001
,,,1.545E-05,0.024800001
,,,1.546E-05,0.023200001
,,,1.547E-05,0.024000001
,,,1.548E-05,0.024000001
,,,1.549E-05,0.022400001
,,,1.55E-05,0.024000001
,,,1.551E-05,0.022400001
,,,1.552E-05,0.024000001
,,,1.553E-05,0.025600002
,,,1.554E-05,0.025600002
,,,1.555E-05,0.024000001
,,,1.556E-05,0.025600002
,,,1.557E-05,0.025600002
,,,1.558E-05,0.022400001
,,,1.559E-05,0.025600002
,,,1.56E-05,0.025600002
,,,1.561E-05,0.024000001
,,,1.562E-05,0.024800001
,,,1.563E-05,0.023200001
,,,1.564E-05,0.024000001
,,,1.565E-05,0.024000001
,,,1.566E-05,0.024000001
,,,1.567E-05,0.024000001
,,,1.568E-05,0.024800001
,,,1.569E-05,0.023200001
,,,1.57E-05,0.024800001
,,,1.571E-05,0.024000001
,,,1.572E-05,0.025600002
,,,1.573E-05,0.023200001
,,,1.574E-05,0.024000001
,,,1.575E-05,0.025600002
,,,1.576E-05,0.022400001
,,,1.577E-05,0.024000001
,,,1.578E-05,0.022400001
,,,1.579E-05,0.022400001
,,,1.58E-05,0.024000001
,,,1.581E-05,0.024000001
,,,1.582E-05,0.024000001
,,,1.583E-05,0.025600002
,,,1.584E-05,0.024800001
,,,1.585E-05,0.024000001
,,,1.586E-05,0.023200001
,,,1.587E-05,0.024000001
,,,1.588E-05,0.025600002
,,,1.589E-05,0.023200001
,,,1.59E-05,0.022400001
,,,1.591E-05,0.023200001
,,,1.592E-05,0.024000001
,,,1.593E-05,0.024000001
,,,1.594E-05,0.022400001
,,,1.595E-05,0.024000001
,,,1.596E-05,0.024000001
,,,1.597E-05,0.024000001
,,,1.598E-05,0.024800001
,,,1.599E-05,0.024800001
,,,1.6E-05,0.024000001
,,,1.601E-05,0.024000001
,,,1.602E-05,0.024800001
,,,1.603E-05,0.023200001
,,,1.604E-05,0.024000001
,,,1.605E-05,0.024000001
,,,1.606E-05,0.024000001
,,,1.607E-05,0.024000001
,,,1.608E-05,0.024800001
,,,1.609E-05,0.024800001
,,,1.61E-05,0.026400002
,,,1.611E-05,0.024800001
,,,1.612E-05,0.024000001
,,,1.613E-05,0.024000001
,,,1.614E-05,0.024800001
,,,1.615E-05,0.024800001
,,,1.616E-05,0.024000001
,,,1.617E-05,0.024000001
,,,1.618E-05,0.025600002
,,,1.619E-05,0.023200001
,,,1.62E-05,0.024800001
,,,1.621E-05,0.024000001
,,,1.622E-05,0.024000001
,,,1.623E-05,0.024800001
,,,1.624E-05,0.024000001
,,,1.625E-05,0.024000001
,,,1.626E-05,0.025600002
,,,1.627E-05,0.023200001
,,,1.628E-05,0.024000001
,,,1.629E-05,0.023200001
,,,1.63E-05,0.024000001
,,,1.631E-05,0.024000001
,,,1.632E-05,0.024000001
,,,1.633E-05,0.024800001
,,,1.634E-05,0.024800001
,,,1.635E-05,0.025600002
,,,1.636E-05,0.024800001
,,,1.637E-05,0.024000001
,,,1.638E-05,0.024000001
,,,1.639E-05,0.023200001
,,,1.64E-05,0.025600002
,,,1.641E-05,0.024000001
,,,1.642E-05,0.024000001
,,,1.643E-05,0.024000001
,,,1.644E-05,0.024000001
,,,1.645E-05,0.025600002
,,,1.646E-05,0.024000001
,,,1.647E-05,0.024000001
,,,1.648E-05,0.024000001
,,,1.649E-05,0.024000001
,,,1.65E-05,0.024000001
,,,1.651E-05,0.024000001
,,,1.652E-05,0.024800001
,,,1.653E-05,0.023200001
,,,1.654E-05,0.024800001
,,,1.655E-05,0.024000001
,,,1.656E-05,0.023200001
,,,1.657E-05,0.024800001
,,,1.658E-05,0.024000001
,,,1.659E-05,0.023200001
,,,1.66E-05,0.024000001
,,,1.661E-05,0.024000001
,,,1.662E-05,0.024000001
,,,1.663E-05,0.024800001
,,,1.664E-05,0.024000001
,,,1.665E-05,0.025600002
,,,1.666E-05,0.024000001
,,,1.667E-05,0.026400002
,,,1.668E-05,0.024000001
,,,1.669E-05,0.025600002
,,,1.67E-05,0.024000001
,,,1.671E-05,0.026400002
,,,1.672E-05,0.024000001
,,,1.673E-05,0.024800001
,,,1.674E-05,0.024000001
,,,1.675E-05,0.024800001
,,,1.676E-05,0.024000001
,,,1.677E-05,0.024000001
,,,1.678E-05,0.024000001
,,,1.679E-05,0.025600002
,,,1.68E-05,0.024800001
,,,1.681E-05,0.024800001
,,,1.682E-05,0.024800001
,,,1.683E-05,0.026400002
,,,1.684E-05,0.024800001
,,,1.685E-05,0.024000001
,,,1.686E-05,0.022400001
,,,1.687E-05,0.024800001
,,,1.688E-05,0.024800001
,,,1.689E-05,0.023200001
,,,1.69E-05,0.024000001
,,,1.691E-05,0.024000001
,,,1.692E-05,0.024000001
,,,1.693E-05,0.024000001
,,,1.694E-05,0.024800001
,,,1.695E-05,0.024000001
,,,1.696E-05,0.024800001
,,,1.697E-05,0.023200001
,,,1.698E-05,0.024000001
,,,1.699E-05,0.024000001
,,,1.7E-05,0.023200001
,,,1.701E-05,0.024800001
,,,1.702E-05,0.024000001
,,,1.703E-05,0.024000001
,,,1.704E-05,0.024000001
,,,1.705E-05,0.024000001
,,,1.706E-05,0.024800001
,,,1.707E-05,0.024000001
,,,1.708E-05,0.025600002
,,,1.709E-05,0.023200001
,,,1.71E-05,0.024000001
,,,1.711E-05,0.023200001
,,,1.712E-05,0.024000001
,,,1.713E-05,0.022400001
,,,1.714E-05,0.024800001
,,,1.715E-05,0.023200001
,,,1.716E-05,0.024800001
,,,1.717E-05,0.024000001
,,,1.718E-05,0.024000001
,,,1.719E-05,0.024800001
,,,1.72E-05,0.024800001
,,,1.721E-05,0.024800001
,,,1.722E-05,0.024000001
,,,1.723E-05,0.024000001
,,,1.724E-05,0.024800001
,,,1.725E-05,0.024000001
,,,1.726E-05,0.024800001
,,,1.727E-05,0.024000001
,,,1.728E-05,0.024800001
,,,1.729E-05,0.023200001
,,,1.73E-05,0.024000001
,,,1.731E-05,0.024800001
,,,1.732E-05,0.023200001
,,,1.733E-05,0.024000001
,,,1.734E-05,0.022400001
,,,1.735E-05,0.024000001
,,,1.736E-05,0.025600002
,,,1.737E-05,0.023200001
,,,1.738E-05,0.024000001
,,,1.739E-05,0.023200001
,,,1.74E-05,0.024000001
,,,1.741E-05,0.024000001
,,,1.742E-05,0.024800001
,,,1.743E-05,0.024800001
,,,1.744E-05,0.024000001
,,,1.745E-05,0.024000001
,,,1.746E-05,0.024000001
,,,1.747E-05,0.024800001
,,,1.748E-05,0.024000001
,,,1.749E-05,0.024000001
,,,1.75E-05,0.024000001
,,,1.751E-05,0.024800001
,,,1.752E-05,0.024000001
,,,1.753E-05,0.024000001
,,,1.754E-05,0.024800001
,,,1.755E-05,0.024000001
,,,1.756E-05,0.023200001
,,,1.757E-05,0.023200001
,,,1.758E-05,0.024800001
,,,1.759E-05,0.024000001
,,,1.76E-05,0.024800001
,,,1.761E-05,0.024800001
,,,1.762E-05,0.024800001
,,,1.763E-05,0.024000001
,,,1.764E-05,0.024000001
,,,1.765E-05,0.024000001
,,,1.766E-05,0.023200001
,,,1.767E-05,0.024000001
,,,1.768E-05,0.024000001
,,,1.769E-05,0.024000001
,,,1.77E-05,0.024000001
,,,1.771E-05,0.024800001
,,,1.772E-05,0.024000001
,,,1.773E-05,0.024000001
,,,1.774E-05,0.024800001
,,,1.775E-05,0.024000001
,,,1.776E-05,0.024800001
,,,1.777E-05,0.024000001
,,,1.778E-05,0.025600002
,,,1.779E-05,0.024000001
,,,1.78E-05,0.024800001
,,,1.781E-05,0.024000001
,,,1.782E-05,0.025600002
,,,1.783E-05,0.024000001
,,,1.784E-05,0.024000001
,,,1.785E-05,0.024000001
,,,1.786E-05,0.024000001
,,,1.787E-05,0.024000001
,,,1.788E-05,0.024000001
,,,1.789E-05,0.023200001
,,,1.79E-05,0.024000001
,,,1.791E-05,0.025600002
,,,1.792E-05,0.024000001
,,,1.793E-05,0.024800001
,,,1.794E-05,0.023200001
,,,1.795E-05,0.023200001
,,,1.796E-05,0.024000001
,,,1.797E-05,0.024000001
,,,1.798E-05,0.023200001
,,,1.799E-05,0.023200001
,,,1.8E-05,0.023200001
,,,1.801E-05,0.024800001
,,,1.802E-05,0.021600001
,,,1.803E-05,0.024000001
,,,1.804E-05,0.024000001
,,,1.805E-05,0.023200001
,,,1.806E-05,0.024000001
,,,1.807E-05,0.024000001
,,,1.808E-05,0.025600002
,,,1.809E-05,0.024800001
,,,1.81E-05,0.025600002
,,,1.811E-05,0.023200001
,,,1.812E-05,0.024000001
,,,1.813E-05,0.024000001
,,,1.814E-05,0.024800001
,,,1.815E-05,0.024000001
,,,1.816E-05,0.024000001
,,,1.817E-05,0.024000001
,,,1.818E-05,0.023200001
,,,1.819E-05,0.024000001
,,,1.82E-05,0.025600002
,,,1.821E-05,0.024000001
,,,1.822E-05,0.024800001
,,,1.823E-05,0.022400001
,,,1.824E-05,0.024800001
,,,1.825E-05,0.024000001
,,,1.826E-05,0.023200001
,,,1.827E-05,0.024000001
,,,1.828E-05,0.024000001
,,,1.829E-05,0.024800001
,,,1.83E-05,0.023200001
,,,1.831E-05,0.024000001
,,,1.832E-05,0.025600002
,,,1.833E-05,0.024000001
,,,1.834E-05,0.024000001
,,,1.835E-05,0.024000001
,,,1.836E-05,0.025600002
,,,1.837E-05,0.024000001
,,,1.838E-05,0.024000001
,,,1.839E-05,0.024000001
,,,1.84E-05,0.024800001
,,,1.841E-05,0.024000001
,,,1.842E-05,0.024800001
,,,1.843E-05,0.024000001
,,,1.844E-05,0.024800001
,,,1.845E-05,0.024000001
,,,1.846E-05,0.023200001
,,,1.847E-05,0.024800001
,,,1.848E-05,0.022400001
,,,1.849E-05,0.022400001
,,,1.85E-05,0.024800001
,,,1.851E-05,0.023200001
,,,1.852E-05,0.024800001
,,,1.853E-05,0.022400001
,,,1.854E-05,0.024000001
,,,1.855E-05,0.025600002
,,,1.856E-05,0.024000001
,,,1.857E-05,0.024000001
,,,1.858E-05,0.022400001
,,,1.859E-05,0.024000001
,,,1.86E-05,0.024000001
,,,1.861E-05,0.024000001
,,,1.862E-05,0.024000001
,,,1.863E-05,0.025600002
,,,1.864E-05,0.024000001
,,,1.865E-05,0.024000001
,,,1.866E-05,0.024000001
,,,1.867E-05,0.024800001
,,,1.868E-05,0.025600002
,,,1.869E-05,0.023200001
,,,1.87E-05,0.024000001
,,,1.871E-05,0.024000001
,,,1.872E-05,0.024800001
,,,1.873E-05,0.024000001
,,,1.874E-05,0.025600002
,,,1.875E-05,0.024000001
,,,1.876E-05,0.024000001
,,,1.877E-05,0.024800001
,,,1.878E-05,0.023200001
,,,1.879E-05,0.024000001
,,,1.88E-05,0.023200001
,,,1.881E-05,0.024800001
,,,1.882E-05,0.024000001
,,,1.883E-05,0.025600002
,,,1.884E-05,0.025600002
,,,1.885E-05,0.024800001
,,,1.886E-05,0.024800001
,,,1.887E-05,0.024000001
,,,1.888E-05,0.024800001
,,,1.889E-05,0.024000001
,,,1.89E-05,0.024000001
,,,1.891E-05,0.023200001
,,,1.892E-05,0.025600002
,,,1.893E-05,0.024000001
,,,1.894E-05,0.024000001
,,,1.895E-05,0.023200001
,,,1.896E-05,0.024800001
,,,1.897E-05,0.023200001
,,,1.898E-05,0.024800001
,,,1.899E-05,0.024000001
,,,1.9E-05,0.024000001
,,,1.901E-05,0.024000001
,,,1.902E-05,0.025600002
,,,1.903E-05,0.024800001
,,,1.904E-05,0.025600002
,,,1.905E-05,0.022400001
,,,1.906E-05,0.024800001
,,,1.907E-05,0.024000001
,,,1.908E-05,0.023200001
,,,1.909E-05,0.024000001
,,,1.91E-05,0.023200001
,,,1.911E-05,0.024000001
,,,1.912E-05,0.024000001
,,,1.913E-05,0.023200001
,,,1.914E-05,0.025600002
,,,1.915E-05,0.024000001
,,,1.916E-05,0.024000001
,,,1.917E-05,0.024800001
,,,1.918E-05,0.024800001
,,,1.919E-05,0.024000001
,,,1.92E-05,0.023200001
,,,1.921E-05,0.025600002
,,,1.922E-05,0.024000001
,,,1.923E-05,0.023200001
,,,1.924E-05,0.024800001
,,,1.925E-05,0.023200001
,,,1.926E-05,0.024000001
,,,1.927E-05,0.024000001
,,,1.928E-05,0.023200001
,,,1.929E-05,0.024000001
,,,1.93E-05,0.024800001
,,,1.931E-05,0.024000001
,,,1.932E-05,0.024000001
,,,1.933E-05,0.024800001
,,,1.934E-05,0.024000001
,,,1.935E-05,0.024800001
,,,1.936E-05,0.024000001
,,,1.937E-05,0.024000001
,,,1.938E-05,0.024800001
,,,1.939E-05,0.024000001
,,,1.94E-05,0.021600001
,,,1.941E-05,0.023200001
,,,1.942E-05,0.024000001
,,,1.943E-05,0.024000001
,,,1.944E-05,0.024000001
,,,1.945E-05,0.024000001
,,,1.946E-05,0.024800001
,,,1.947E-05,0.024000001
,,,1.948E-05,0.023200001
,,,1.949E-05,0.023200001
,,,1.95E-05,0.025600002
,,,1.951E-05,0.024000001
,,,1.952E-05,0.023200001
,,,1.953E-05,0.024000001
,,,1.954E-05,0.023200001
,,,1.955E-05,0.024000001
,,,1.956E-05,0.024000001
,,,1.957E-05,0.024000001
,,,1.958E-05,0.025600002
,,,1.959E-05,0.024000001
,,,1.96E-05,0.024800001
,,,1.961E-05,0.024000001
,,,1.962E-05,0.024800001
,,,1.963E-05,0.024000001
,,,1.964E-05,0.024000001
,,,1.965E-05,0.024000001
,,,1.966E-05,0.026400002
,,,1.967E-05,0.024000001
,,,1.968E-05,0.024000001
,,,1.969E-05,0.023200001
,,,1.97E-05,0.024000001
,,,1.971E-05,0.024800001
,,,1.972E-05,0.023200001
,,,1.973E-05,0.023200001
,,,1.974E-05,0.025600002
,,,1.975E-05,0.023200001
,,,1.976E-05,0.024000001
,,,1.977E-05,0.026400002
,,,1.978E-05,0.024000001
,,,1.979E-05,0.024000001
,,,1.98E-05,0.023200001
,,,1.981E-05,0.024800001
,,,1.982E-05,0.022400001
,,,1.983E-05,0.023200001
,,,1.984E-05,0.024000001
,,,1.985E-05,0.023200001
,,,1.986E-05,0.024800001
,,,1.987E-05,0.024000001
,,,1.988E-05,0.024000001
,,,1.989E-05,0.024000001
,,,1.99E-05,0.024800001
,,,1.991E-05,0.025600002
,,,1.992E-05,0.024000001
,,,1.993E-05,0.023200001
,,,1.994E-05,0.025600002
,,,1.995E-05,0.024000001
,,,1.996E-05,0.025600002
,,,1.997E-05,0.025600002
,,,1.998E-05,0.025600002
,,,1.999E-05,0.024800001
,,,2E-05,0.024000001
,,,2.001E-05,0.024800001
,,,2.002E-05,0.024800001
,,,2.003E-05,0.024000001
,,,2.004E-05,0.025600002
,,,2.005E-05,0.023200001
,,,2.006E-05,0.024000001
,,,2.007E-05,0.024000001
,,,2.008E-05,0.024800001
,,,2.009E-05,0.024000001
,,,2.01E-05,0.024000001
,,,2.011E-05,0.024000001
,,,2.012E-05,0.025600002
,,,2.013E-05,0.024800001
,,,2.014E-05,0.024000001
,,,2.015E-05,0.024000001
,,,2.016E-05,0.024000001
,,,2.017E-05,0.024800001
,,,2.018E-05,0.025600002
,,,2.019E-05,0.022400001
,,,2.02E-05,0.024000001
,,,2.021E-05,0.024000001
,,,2.022E-05,0.024000001
,,,2.023E-05,0.024800001
,,,2.024E-05,0.024000001
,,,2.025E-05,0.025600002
,,,2.026E-05,0.024000001
,,,2.027E-05,0.024000001
,,,2.028E-05,0.023200001
,,,2.029E-05,0.024000001
,,,2.03E-05,0.024000001
,,,2.031E-05,0.024800001
,,,2.032E-05,0.024800001
,,,2.033E-05,0.024000001
,,,2.034E-05,0.023200001
,,,2.035E-05,0.023200001
,,,2.036E-05,0.024000001
,,,2.037E-05,0.023200001
,,,2.038E-05,0.024000001
,,,2.039E-05,0.025600002
,,,2.04E-05,0.024800001
,,,2.041E-05,0.023200001
,,,2.042E-05,0.024800001
,,,2.043E-05,0.024000001
,,,2.044E-05,0.025600002
,,,2.045E-05,0.024000001
,,,2.046E-05,0.023200001
,,,2.047E-05,0.023200001
,,,2.048E-05,0.024000001
,,,2.049E-05,0.023200001
,,,2.05E-05,0.024800001
,,,2.051E-05,0.023200001
,,,2.052E-05,0.026400002
,,,2.053E-05,0.025600002
,,,2.054E-05,0.025600002
,,,2.055E-05,0.025600002
,,,2.056E-05,0.023200001
,,,2.057E-05,0.024800001
,,,2.058E-05,0.025600002
,,,2.059E-05,0.024800001
,,,2.06E-05,0.022400001
,,,2.061E-05,0.024800001
,,,2.062E-05,0.025600002
,,,2.063E-05,0.022400001
,,,2.064E-05,0.024000001
,,,2.065E-05,0.024800001
,,,2.066E-05,0.024000001
,,,2.067E-05,0.024000001
,,,2.068E-05,0.024800001
,,,2.069E-05,0.024000001
,,,2.07E-05,0.024800001
,,,2.071E-05,0.024000001
,,,2.072E-05,0.024000001
,,,2.073E-05,0.024000001
,,,2.074E-05,0.024000001
,,,2.075E-05,0.024000001
,,,2.076E-05,0.024800001
,,,2.077E-05,0.024800001
,,,2.078E-05,0.024000001
,,,2.079E-05,0.024000001
,,,2.08E-05,0.024000001
,,,2.081E-05,0.024000001
,,,2.082E-05,0.022400001
,,,2.083E-05,0.023200001
,,,2.084E-05,0.024000001
,,,2.085E-05,0.024000001
,,,2.086E-05,0.025600002
,,,2.087E-05,0.025600002
,,,2.088E-05,0.024800001
,,,2.089E-05,0.025600002
,,,2.09E-05,0.024800001
,,,2.091E-05,0.024000001
,,,2.092E-05,0.024800001
,,,2.093E-05,0.024000001
,,,2.094E-05,0.024000001
,,,2.095E-05,0.024800001
,,,2.096E-05,0.024000001
,,,2.097E-05,0.024800001
,,,2.098E-05,0.024000001
,,,2.099E-05,0.024000001
,,,2.1E-05,0.023200001
,,,2.101E-05,0.024000001
,,,2.102E-05,0.025600002
,,,2.103E-05,0.024800001
,,,2.104E-05,0.024000001
,,,2.105E-05,0.025600002
,,,2.106E-05,0.024000001
,,,2.107E-05,0.024000001
,,,2.108E-05,0.024000001
,,,2.109E-05,0.024000001
,,,2.11E-05,0.024800001
,,,2.111E-05,0.024000001
,,,2.112E-05,0.024000001
,,,2.113E-05,0.024000001
,,,2.114E-05,0.025600002
,,,2.115E-05,0.024800001
,,,2.116E-05,0.025600002
,,,2.117E-05,0.024000001
,,,2.118E-05,0.024000001
,,,2.119E-05,0.024000001
,,,2.12E-05,0.023200001
,,,2.121E-05,0.023200001
,,,2.122E-05,0.024000001
,,,2.123E-05,0.025600002
,,,2.124E-05,0.023200001
,,,2.125E-05,0.024000001
,,,2.126E-05,0.024800001
,,,2.127E-05,0.024000001
,,,2.128E-05,0.024000001
,,,2.129E-05,0.024000001
,,,2.13E-05,0.025600002
,,,2.131E-05,0.023200001
,,,2.132E-05,0.024800001
,,,2.133E-05,0.023200001
,,,2.134E-05,0.024800001
,,,2.135E-05,0.023200001
,,,2.136E-05,0.024800001
,,,2.137E-05,0.026400002
,,,2.138E-05,0.023200001
,,,2.139E-05,0.024000001
,,,2.14E-05,0.025600002
,,,2.141E-05,0.024000001
,,,2.142E-05,0.025600002
,,,2.143E-05,0.024000001
,,,2.144E-05,0.023200001
,,,2.145E-05,0.025600002
,,,2.146E-05,0.024000001
,,,2.147E-05,0.025600002
,,,2.148E-05,0.024800001
,,,2.149E-05,0.024000001
,,,2.15E-05,0.024800001
,,,2.151E-05,0.024000001
,,,2.152E-05,0.024800001
,,,2.153E-05,0.024000001
,,,2.154E-05,0.022400001
,,,2.155E-05,0.024000001
,,,2.156E-05,0.024800001
,,,2.157E-05,0.024800001
,,,2.158E-05,0.024000001
,,,2.159E-05,0.024000001
,,,2.16E-05,0.025600002
,,,2.161E-05,0.024000001
,,,2.162E-05,0.024000001
,,,2.163E-05,0.026400002
,,,2.164E-05,0.024000001
,,,2.165E-05,0.024800001
,,,2.166E-05,0.024800001
,,,2.167E-05,0.023200001
,,,2.168E-05,0.024000001
,,,2.169E-05,0.023200001
,,,2.17E-05,0.024800001
,,,2.171E-05,0.024000001
,,,2.172E-05,0.024800001
,,,2.173E-05,0.024000001
,,,2.174E-05,0.024800001
,,,2.175E-05,0.024000001
,,,2.176E-05,0.025600002
,,,2.177E-05,0.024800001
,,,2.178E-05,0.024000001
,,,2.179E-05,0.024000001
,,,2.18E-05,0.024000001
,,,2.181E-05,0.024000001
,,,2.182E-05,0.024000001
,,,2.183E-05,0.024800001
,,,2.184E-05,0.024800001
,,,2.185E-05,0.024800001
,,,2.186E-05,0.022400001
,,,2.187E-05,0.023200001
,,,2.188E-05,0.024000001
,,,2.189E-05,0.026400002
,,,2.19E-05,0.024800001
,,,2.191E-05,0.025600002
,,,2.192E-05,0.024000001
,,,2.193E-05,0.023200001
,,,2.194E-05,0.025600002
,,,2.195E-05,0.024000001
,,,2.196E-05,0.024000001
,,,2.197E-05,0.024000001
,,,2.198E-05,0.024000001
,,,2.199E-05,0.024000001
,,,2.2E-05,0.024800001
,,,2.201E-05,0.023200001
,,,2.202E-05,0.024800001
,,,2.203E-05,0.024800001
,,,2.204E-05,0.024000001
,,,2.205E-05,0.024800001
,,,2.206E-05,0.024800001
,,,2.207E-05,0.024000001
,,,2.208E-05,0.024000001
,,,2.209E-05,0.023200001
,,,2.21E-05,0.024800001
,,,2.211E-05,0.024000001
,,,2.212E-05,0.024800001
,,,2.213E-05,0.023200001
,,,2.214E-05,0.024800001
,,,2.215E-05,0.026400002
,,,2.216E-05,0.024000001
,,,2.217E-05,0.023200001
,,,2.218E-05,0.025600002
,,,2.219E-05,0.024000001
,,,2.22E-05,0.023200001
,,,2.221E-05,0.024000001
,,,2.222E-05,0.024000001
,,,2.223E-05,0.024000001
,,,2.224E-05,0.022400001
,,,2.225E-05,0.024800001
,,,2.226E-05,0.024000001
,,,2.227E-05,0.024000001
,,,2.228E-05,0.025600002
,,,2.229E-05,0.024000001
,,,2.23E-05,0.024000001
,,,2.231E-05,0.024000001
,,,2.232E-05,0.023200001
,,,2.233E-05,0.024800001
,,,2.234E-05,0.023200001
,,,2.235E-05,0.024000001
,,,2.236E-05,0.024000001
,,,2.237E-05,0.024000001
,,,2.238E-05,0.024800001
,,,2.239E-05,0.025600002
,,,2.24E-05,0.024000001
,,,2.241E-05,0.024800001
,,,2.242E-05,0.024000001
,,,2.243E-05,0.024800001
,,,2.244E-05,0.024000001
,,,2.245E-05,0.024000001
,,,2.246E-05,0.024000001
,,,2.247E-05,0.024000001
,,,2.248E-05,0.024000001
,,,2.249E-05,0.024000001
,,,2.25E-05,0.023200001
,,,2.251E-05,0.022400001
,,,2.252E-05,0.024800001
,,,2.253E-05,0.023200001
,,,2.254E-05,0.023200001
,,,2.255E-05,0.024000001
,,,2.256E-05,0.023200001
,,,2.257E-05,0.022400001
,,,2.258E-05,0.024800001
,,,2.259E-05,0.024800001
,,,2.26E-05,0.024000001
,,,2.261E-05,0.024800001
,,,2.262E-05,0.024800001
,,,2.263E-05,0.024800001
,,,2.264E-05,0.025600002
,,,2.265E-05,0.024000001
,,,2.266E-05,0.024800001
,,,2.267E-05,0.023200001
,,,2.268E-05,0.024000001
,,,2.269E-05,0.024000001
,,,2.27E-05,0.024000001
,,,2.271E-05,0.025600002
,,,2.272E-05,0.024000001
,,,2.273E-05,0.022400001
,,,2.274E-05,0.023200001
,,,2.275E-05,0.023200001
,,,2.276E-05,0.024000001
,,,2.277E-05,0.024000001
,,,2.278E-05,0.025600002
,,,2.279E-05,0.024000001
,,,2.28E-05,0.023200001
,,,2.281E-05,0.023200001
,,,2.282E-05,0.024800001
,,,2.283E-05,0.024000001
,,,2.284E-05,0.024800001
,,,2.285E-05,0.024000001
,,,2.286E-05,0.024800001
,,,2.287E-05,0.024800001
,,,2.288E-05,0.027200002
,,,2.289E-05,0.024000001
,,,2.29E-05,0.024800001
,,,2.291E-05,0.023200001
,,,2.292E-05,0.024000001
,,,2.293E-05,0.023200001
,,,2.294E-05,0.024800001
,,,2.295E-05,0.025600002
,,,2.296E-05,0.024000001
,,,2.297E-05,0.024800001
,,,2.298E-05,0.024000001
,,,2.299E-05,0.024000001
,,,2.3E-05,0.022400001
,,,2.301E-05,0.025600002
,,,2.302E-05,0.024000001
,,,2.303E-05,0.024000001
,,,2.304E-05,0.022400001
,,,2.305E-05,0.024000001
,,,2.306E-05,0.025600002
,,,2.307E-05,0.022400001
,,,2.308E-05,0.025600002
,,,2.309E-05,0.024000001
,,,2.31E-05,0.025600002
,,,2.311E-05,0.024000001
,,,2.312E-05,0.024000001
,,,2.313E-05,0.024800001
,,,2.314E-05,0.024000001
,,,2.315E-05,0.024000001
,,,2.316E-05,0.024800001
,,,2.317E-05,0.025600002
,,,2.318E-05,0.023200001
,,,2.319E-05,0.024800001
,,,2.32E-05,0.022400001
,,,2.321E-05,0.024000001
,,,2.322E-05,0.024000001
,,,2.323E-05,0.024000001
,,,2.324E-05,0.024800001
,,,2.325E-05,0.024000001
,,,2.326E-05,0.025600002
,,,2.327E-05,0.024000001
,,,2.328E-05,0.024800001
,,,2.329E-05,0.023200001
,,,2.33E-05,0.024000001
,,,2.331E-05,0.024000001
,,,2.332E-05,0.024000001
,,,2.333E-05,0.024000001
,,,2.334E-05,0.024800001
,,,2.335E-05,0.024000001
,,,2.336E-05,0.024000001
,,,2.337E-05,0.024800001
,,,2.338E-05,0.024000001
,,,2.339E-05,0.024000001
,,,2.34E-05,0.024000001
,,,2.341E-05,0.024800001
,,,2.342E-05,0.025600002
,,,2.343E-05,0.024000001
,,,2.344E-05,0.025600002
,,,2.345E-05,0.024000001
,,,2.346E-05,0.024000001
,,,2.347E-05,0.024000001
,,,2.348E-05,0.024000001
,,,2.349E-05,0.024000001
,,,2.35E-05,0.024800001
,,,2.351E-05,0.022400001
,,,2.352E-05,0.025600002
,,,2.353E-05,0.024000001
,,,2.354E-05,0.023200001
,,,2.355E-05,0.024000001
,,,2.356E-05,0.024000001
,,,2.357E-05,0.024800001
,,,2.358E-05,0.024000001
,,,2.359E-05,0.024000001
,,,2.36E-05,0.024000001
,,,2.361E-05,0.024000001
,,,2.362E-05,0.024800001
,,,2.363E-05,0.024000001
,,,2.364E-05,0.025600002
,,,2.365E-05,0.023200001
,,,2.366E-05,0.024800001
,,,2.367E-05,0.025600002
,,,2.368E-05,0.024000001
,,,2.369E-05,0.024000001
,,,2.37E-05,0.024000001
,,,2.371E-05,0.024000001
,,,2.372E-05,0.023200001
,,,2.373E-05,0.024000001
,,,2.374E-05,0.025600002
,,,2.375E-05,0.024800001
,,,2.376E-05,0.024800001
,,,2.377E-05,0.024800001
,,,2.378E-05,0.024800001
,,,2.379E-05,0.024000001
,,,2.38E-05,0.024000001
,,,2.381E-05,0.025600002
,,,2.382E-05,0.024000001
,,,2.383E-05,0.024000001
,,,2.384E-05,0.022400001
,,,2.385E-05,0.024000001
,,,2.386E-05,0.024000001
,,,2.387E-05,0.024000001
,,,2.388E-05,0.022400001
,,,2.389E-05,0.023200001
,,,2.39E-05,0.024000001
,,,2.391E-05,0.024000001
,,,2.392E-05,0.024000001
,,,2.393E-05,0.024000001
,,,2.394E-05,0.023200001
,,,2.395E-05,0.024000001
,,,2.396E-05,0.024000001
,,,2.397E-05,0.023200001
,,,2.398E-05,0.024000001
,,,2.399E-05,0.023200001
,,,2.4E-05,0.024000001
,,,2.401E-05,0.025600002
,,,2.402E-05,0.024800001
,,,2.403E-05,0.024000001
,,,2.404E-05,0.025600002
,,,2.405E-05,0.024000001
,,,2.406E-05,0.025600002
,,,2.407E-05,0.024800001
,,,2.408E-05,0.024000001
,,,2.409E-05,0.024000001
,,,2.41E-05,0.024000001
,,,2.411E-05,0.025600002
,,,2.412E-05,0.025600002
,,,2.413E-05,0.024000001
,,,2.414E-05,0.024000001
,,,2.415E-05,0.024000001
,,,2.416E-05,0.024800001
,,,2.417E-05,0.024800001
,,,2.418E-05,0.024000001
,,,2.419E-05,0.024800001
,,,2.42E-05,0.024800001
,,,2.421E-05,0.025600002
,,,2.422E-05,0.024000001
,,,2.423E-05,0.024000001
,,,2.424E-05,0.024000001
,,,2.425E-05,0.024800001
,,,2.426E-05,0.024800001
,,,2.427E-05,0.021600001
,,,2.428E-05,0.024000001
,,,2.429E-05,0.024000001
,,,2.43E-05,0.023200001
,,,2.431E-05,0.024800001
,,,2.432E-05,0.024000001
,,,2.433E-05,0.023200001
,,,2.434E-05,0.024000001
,,,2.435E-05,0.024000001
,,,2.436E-05,0.024000001
,,,2.437E-05,0.023200001
,,,2.438E-05,0.024000001
,,,2.439E-05,0.024000001
,,,2.44E-05,0.023200001
,,,2.441E-05,0.024800001
,,,2.442E-05,0.024000001
,,,2.443E-05,0.024000001
,,,2.444E-05,0.023200001
,,,2.445E-05,0.024000001
,,,2.446E-05,0.024000001
,,,2.447E-05,0.024800001
,,,2.448E-05,0.024000001
,,,2.449E-05,0.023200001
,,,2.45E-05,0.024000001
,,,2.451E-05,0.023200001
,,,2.452E-05,0.024000001
,,,2.453E-05,0.023200001
,,,2.454E-05,0.024000001
,,,2.455E-05,0.022400001
,,,2.456E-05,0.024800001
,,,2.457E-05,0.024000001
,,,2.458E-05,0.024000001
,,,2.459E-05,0.023200001
,,,2.46E-05,0.024000001
,,,2.461E-05,0.024000001
,,,2.462E-05,0.023200001
,,,2.463E-05,0.023200001
,,,2.464E-05,0.024000001
,,,2.465E-05,0.024000001
,,,2.466E-05,0.024000001
,,,2.467E-05,0.024000001
,,,2.468E-05,0.024000001
,,,2.469E-05,0.024000001
,,,2.47E-05,0.024800001
,,,2.471E-05,0.024800001
,,,2.472E-05,0.024000001
,,,2.473E-05,0.024800001
,,,2.474E-05,0.024800001
,,,2.475E-05,0.024000001
,,,2.476E-05,0.025600002
,,,2.477E-05,0.024000001
,,,2.478E-05,0.024000001
,,,2.479E-05,0.023200001
,,,2.48E-05,0.024800001
,,,2.481E-05,0.024000001
,,,2.482E-05,0.024000001
,,,2.483E-05,0.024800001
,,,2.484E-05,0.025600002
,,,2.485E-05,0.024000001
,,,2.486E-05,0.024800001
,,,2.487E-05,0.024000001
,,,2.488E-05,0.024800001
,,,2.489E-05,0.024800001
,,,2.49E-05,0.025600002
,,,2.491E-05,0.024000001
,,,2.492E-05,0.024000001
,,,2.493E-05,0.024800001
,,,2.494E-05,0.024800001
,,,2.495E-05,0.024800001
,,,2.496E-05,0.024000001
,,,2.497E-05,0.024800001
,,,2.498E-05,0.023200001
,,,2.499E-05,0.023200001
,,,2.5E-05,0.024800001
,,,2.501E-05,0.024000001
,,,2.502E-05,0.024000001
,,,2.503E-05,0.024000001
,,,2.504E-05,0.023200001
,,,2.505E-05,0.022400001
,,,2.506E-05,0.024000001
,,,2.507E-05,0.024000001
,,,2.508E-05,0.024800001
,,,2.509E-05,0.024000001
,,,2.51E-05,0.024800001
,,,2.511E-05,0.025600002
,,,2.512E-05,0.023200001
,,,2.513E-05,0.022400001
,,,2.514E-05,0.024000001
,,,2.515E-05,0.024800001
,,,2.516E-05,0.025600002
,,,2.517E-05,0.024800001
,,,2.518E-05,0.024800001
,,,2.519E-05,0.025600002
,,,2.52E-05,0.024000001
,,,2.521E-05,0.025600002
,,,2.522E-05,0.024000001
,,,2.523E-05,0.023200001
,,,2.524E-05,0.023200001
,,,2.525E-05,0.024000001
,,,2.526E-05,0.024000001
,,,2.527E-05,0.025600002
,,,2.528E-05,0.024000001
,,,2.529E-05,0.023200001
,,,2.53E-05,0.021600001
,,,2.531E-05,0.024000001
,,,2.532E-05,0.024000001
,,,2.533E-05,0.024800001
,,,2.534E-05,0.024000001
,,,2.535E-05,0.024800001
,,,2.536E-05,0.022400001
,,,2.537E-05,0.024000001
,,,2.538E-05,0.024000001
,,,2.539E-05,0.025600002
,,,2.54E-05,0.024000001
,,,2.541E-05,0.024000001
,,,2.542E-05,0.025600002
,,,2.543E-05,0.024800001
,,,2.544E-05,0.023200001
,,,2.545E-05,0.023200001
,,,2.546E-05,0.025600002
,,,2.547E-05,0.023200001
,,,2.548E-05,0.025600002
,,,2.549E-05,0.023200001
,,,2.55E-05,0.024000001
,,,2.551E-05,0.024000001
,,,2.552E-05,0.024000001
,,,2.553E-05,0.024800001
,,,2.554E-05,0.024800001
,,,2.555E-05,0.024000001
,,,2.556E-05,0.025600002
,,,2.557E-05,0.024000001
,,,2.558E-05,0.024800001
,,,2.559E-05,0.025600002
,,,2.56E-05,0.024000001
,,,2.561E-05,0.024000001
,,,2.562E-05,0.024000001
,,,2.563E-05,0.024000001
,,,2.564E-05,0.024000001
,,,2.565E-05,0.024000001
,,,2.566E-05,0.025600002
,,,2.567E-05,0.025600002
,,,2.568E-05,0.024800001
,,,2.569E-05,0.024000001
,,,2.57E-05,0.022400001
,,,2.571E-05,0.023200001
,,,2.572E-05,0.023200001
,,,2.573E-05,0.024800001
,,,2.574E-05,0.027200002
,,,2.575E-05,0.024000001
,,,2.576E-05,0.024000001
,,,2.577E-05,0.024000001
,,,2.578E-05,0.024800001
,,,2.579E-05,0.024000001
,,,2.58E-05,0.023200001
,,,2.581E-05,0.025600002
,,,2.582E-05,0.024800001
,,,2.583E-05,0.023200001
,,,2.584E-05,0.024000001
,,,2.585E-05,0.024800001
,,,2.586E-05,0.024000001
,,,2.587E-05,0.024800001
,,,2.588E-05,0.024000001
,,,2.589E-05,0.025600002
,,,2.59E-05,0.024800001
,,,2.591E-05,0.024800001
,,,2.592E-05,0.024800001
,,,2.593E-05,0.025600002
,,,2.594E-05,0.024000001
,,,2.595E-05,0.023200001
,,,2.596E-05,0.023200001
,,,2.597E-05,0.024000001
,,,2.598E-05,0.024000001
,,,2.599E-05,0.023200001
,,,2.6E-05,0.024000001
,,,2.601E-05,0.024000001
,,,2.602E-05,0.024800001
,,,2.603E-05,0.024000001
,,,2.604E-05,0.024000001
,,,2.605E-05,0.024800001
,,,2.606E-05,0.024800001
,,,2.607E-05,0.024000001
,,,2.608E-05,0.024800001
,,,2.609E-05,0.023200001
,,,2.61E-05,0.024000001
,,,2.611E-05,0.024000001
,,,2.612E-05,0.025600002
,,,2.613E-05,0.023200001
,,,2.614E-05,0.024000001
,,,2.615E-05,0.024000001
,,,2.616E-05,0.024800001
,,,2.617E-05,0.024000001
,,,2.618E-05,0.024000001
,,,2.619E-05,0.024800001
,,,2.62E-05,0.024000001
,,,2.621E-05,0.024800001
,,,2.622E-05,0.022400001
,,,2.623E-05,0.025600002
,,,2.624E-05,0.023200001
,,,2.625E-05,0.024800001
,,,2.626E-05,0.024000001
,,,2.627E-05,0.024000001
,,,2.628E-05,0.024000001
,,,2.629E-05,0.026400002
,,,2.63E-05,0.024800001
,,,2.631E-05,0.024000001
,,,2.632E-05,0.025600002
,,,2.633E-05,0.024000001
,,,2.634E-05,0.025600002
,,,2.635E-05,0.023200001
,,,2.636E-05,0.024000001
,,,2.637E-05,0.024000001
,,,2.638E-05,0.025600002
,,,2.639E-05,0.024000001
,,,2.64E-05,0.024800001
,,,2.641E-05,0.024800001
,,,2.642E-05,0.024000001
,,,2.643E-05,0.024000001
,,,2.644E-05,0.023200001
,,,2.645E-05,0.023200001
,,,2.646E-05,0.024000001
,,,2.647E-05,0.025600002
,,,2.648E-05,0.025600002
,,,2.649E-05,0.024800001
,,,2.65E-05,0.023200001
,,,2.651E-05,0.024800001
,,,2.652E-05,0.024000001
,,,2.653E-05,0.024000001
,,,2.654E-05,0.022400001
,,,2.655E-05,0.024800001
,,,2.656E-05,0.025600002
,,,2.657E-05,0.024800001
,,,2.658E-05,0.023200001
,,,2.659E-05,0.023200001
,,,2.66E-05,0.024000001
,,,2.661E-05,0.023200001
,,,2.662E-05,0.025600002
,,,2.663E-05,0.021600001
,,,2.664E-05,0.024800001
,,,2.665E-05,0.023200001
,,,2.666E-05,0.024800001
,,,2.667E-05,0.022400001
,,,2.668E-05,0.024000001
,,,2.669E-05,0.024000001
,,,2.67E-05,0.024000001
,,,2.671E-05,0.024800001
,,,2.672E-05,0.024000001
,,,2.673E-05,0.024800001
,,,2.674E-05,0.024800001
,,,2.675E-05,0.024000001
,,,2.676E-05,0.024000001
,,,2.677E-05,0.023200001
,,,2.678E-05,0.024000001
,,,2.679E-05,0.024800001
,,,2.68E-05,0.022400001
,,,2.681E-05,0.024000001
,,,2.682E-05,0.024800001
,,,2.683E-05,0.024000001
,,,2.684E-05,0.024000001
,,,2.685E-05,0.025600002
,,,2.686E-05,0.024000001
,,,2.687E-05,0.024000001
,,,2.688E-05,0.023200001
,,,2.689E-05,0.024000001
,,,2.69E-05,0.022400001
,,,2.691E-05,0.024000001
,,,2.692E-05,0.024800001
,,,2.693E-05,0.023200001
,,,2.694E-05,0.024800001
,,,2.695E-05,0.024000001
,,,2.696E-05,0.024000001
,,,2.697E-05,0.024000001
,,,2.698E-05,0.024800001
,,,2.699E-05,0.024000001
,,,2.7E-05,0.024800001
,,,2.701E-05,0.024800001
,,,2.702E-05,0.024000001
,,,2.703E-05,0.024000001
,,,2.704E-05,0.024800001
,,,2.705E-05,0.024000001
,,,2.706E-05,0.024800001
,,,2.707E-05,0.024800001
,,,2.708E-05,0.024800001
,,,2.709E-05,0.023200001
,,,2.71E-05,0.023200001
,,,2.711E-05,0.024000001
,,,2.712E-05,0.022400001
,,,2.713E-05,0.025600002
,,,2.714E-05,0.024000001
,,,2.715E-05,0.022400001
,,,2.716E-05,0.024800001
,,,2.717E-05,0.024000001
,,,2.718E-05,0.024000001
,,,2.719E-05,0.024800001
,,,2.72E-05,0.022400001
,,,2.721E-05,0.025600002
,,,2.722E-05,0.024800001
,,,2.723E-05,0.024800001
,,,2.724E-05,0.024000001
,,,2.725E-05,0.023200001
,,,2.726E-05,0.024800001
,,,2.727E-05,0.024000001
,,,2.728E-05,0.023200001
,,,2.729E-05,0.024800001
,,,2.73E-05,0.024800001
,,,2.731E-05,0.024000001
,,,2.732E-05,0.024800001
,,,2.733E-05,0.023200001
,,,2.734E-05,0.024000001
,,,2.735E-05,0.024000001
,,,2.736E-05,0.024000001
,,,2.737E-05,0.023200001
,,,2.738E-05,0.023200001
,,,2.739E-05,0.024800001
,,,2.74E-05,0.025600002
,,,2.741E-05,0.023200001
,,,2.742E-05,0.024800001
,,,2.743E-05,0.023200001
,,,2.744E-05,0.025600002
,,,2.745E-05,0.024800001
,,,2.746E-05,0.024800001
,,,2.747E-05,0.024800001
,,,2.748E-05,0.025600002
,,,2.749E-05,0.024800001
,,,2.75E-05,0.024800001
,,,2.751E-05,0.024000001
,,,2.752E-05,0.024000001
,,,2.753E-05,0.024000001
,,,2.754E-05,0.024000001
,,,2.755E-05,0.024800001
,,,2.756E-05,0.024000001
,,,2.757E-05,0.021600001
,,,2.758E-05,0.025600002
,,,2.759E-05,0.024000001
,,,2.76E-05,0.024000001
,,,2.761E-05,0.024000001
,,,2.762E-05,0.022400001
,,,2.763E-05,0.024000001
,,,2.764E-05,0.024800001
,,,2.765E-05,0.024000001
,,,2.766E-05,0.024000001
,,,2.767E-05,0.025600002
,,,2.768E-05,0.024000001
,,,2.769E-05,0.024800001
,,,2.77E-05,0.023200001
,,,2.771E-05,0.025600002
,,,2.772E-05,0.024800001
,,,2.773E-05,0.024800001
,,,2.774E-05,0.024800001
,,,2.775E-05,0.024000001
,,,2.776E-05,0.024000001
,,,2.777E-05,0.023200001
,,,2.778E-05,0.025600002
,,,2.779E-05,0.024800001
,,,2.78E-05,0.024000001
,,,2.781E-05,0.023200001
,,,2.782E-05,0.024800001
,,,2.783E-05,0.025600002
,,,2.784E-05,0.025600002
,,,2.785E-05,0.023200001
,,,2.786E-05,0.024000001
,,,2.787E-05,0.026400002
,,,2.788E-05,0.024000001
,,,2.789E-05,0.022400001
,,,2.79E-05,0.024000001
,,,2.791E-05,0.023200001
,,,2.792E-05,0.024000001
,,,2.793E-05,0.024000001
,,,2.794E-05,0.024000001
,,,2.795E-05,0.022400001
,,,2.796E-05,0.023200001
,,,2.797E-05,0.024000001
,,,2.798E-05,0.024000001
,,,2.799E-05,0.024800001
,,,2.8E-05,0.023200001
,,,2.801E-05,0.024800001
,,,2.802E-05,0.024000001
,,,2.803E-05,0.024000001
,,,2.804E-05,0.024000001
,,,2.805E-05,0.024000001
,,,2.806E-05,0.024800001
,,,2.807E-05,0.024800001
,,,2.808E-05,0.024800001
,,,2.809E-05,0.024000001
,,,2.81E-05,0.022400001
,,,2.811E-05,0.024000001
,,,2.812E-05,0.025600002
,,,2.813E-05,0.023200001
,,,2.814E-05,0.024800001
,,,2.815E-05,0.025600002
,,,2.816E-05,0.024000001
,,,2.817E-05,0.024000001
,,,2.818E-05,0.024000001
,,,2.819E-05,0.024800001
,,,2.82E-05,0.024000001
,,,2.821E-05,0.024000001
,,,2.822E-05,0.022400001
,,,2.823E-05,0.024000001
,,,2.824E-05,0.023200001
,,,2.825E-05,0.022400001
,,,2.826E-05,0.025600002
,,,2.827E-05,0.023200001
,,,2.828E-05,0.025600002
,,,2.829E-05,0.023200001
,,,2.83E-05,0.024000001
,,,2.831E-05,0.024000001
,,,2.832E-05,0.023200001
,,,2.833E-05,0.025600002
,,,2.834E-05,0.023200001
,,,2.835E-05,0.024800001
,,,2.836E-05,0.023200001
,,,2.837E-05,0.024000001
,,,2.838E-05,0.023200001
,,,2.839E-05,0.024000001
,,,2.84E-05,0.024000001
,,,2.841E-05,0.023200001
,,,2.842E-05,0.023200001
,,,2.843E-05,0.024000001
,,,2.844E-05,0.024000001
,,,2.845E-05,0.024000001
,,,2.846E-05,0.024000001
,,,2.847E-05,0.024800001
,,,2.848E-05,0.025600002
,,,2.849E-05,0.022400001
,,,2.85E-05,0.024000001
,,,2.851E-05,0.024000001
,,,2.852E-05,0.024800001
,,,2.853E-05,0.024800001
,,,2.854E-05,0.024000001
,,,2.855E-05,0.025600002
,,,2.856E-05,0.024000001
,,,2.857E-05,0.024800001
,,,2.858E-05,0.023200001
,,,2.859E-05,0.022400001
,,,2.86E-05,0.024800001
,,,2.861E-05,0.024800001
,,,2.862E-05,0.024000001
,,,2.863E-05,0.024000001
,,,2.864E-05,0.024000001
,,,2.865E-05,0.024000001
,,,2.866E-05,0.025600002
,,,2.867E-05,0.022400001
,,,2.868E-05,0.024800001
,,,2.869E-05,0.024000001
,,,2.87E-05,0.025600002
,,,2.871E-05,0.024000001
,,,2.872E-05,0.025600002
,,,2.873E-05,0.025600002
,,,2.874E-05,0.024000001
,,,2.875E-05,0.024000001
,,,2.876E-05,0.024000001
,,,2.877E-05,0.024000001
,,,2.878E-05,0.022400001
,,,2.879E-05,0.023200001
,,,2.88E-05,0.024800001
,,,2.881E-05,0.025600002
,,,2.882E-05,0.024800001
,,,2.883E-05,0.024800001
,,,2.884E-05,0.024800001
,,,2.885E-05,0.024000001
,,,2.886E-05,0.024000001
,,,2.887E-05,0.024000001
,,,2.888E-05,0.025600002
,,,2.889E-05,0.024000001
,,,2.89E-05,0.023200001
,,,2.891E-05,0.024000001
,,,2.892E-05,0.025600002
,,,2.893E-05,0.024800001
,,,2.894E-05,0.024000001
,,,2.895E-05,0.024000001
,,,2.896E-05,0.025600002
,,,2.897E-05,0.023200001
,,,2.898E-05,0.023200001
,,,2.899E-05,0.025600002
,,,2.9E-05,0.024800001
,,,2.901E-05,0.024000001
,,,2.902E-05,0.024000001
,,,2.903E-05,0.023200001
,,,2.904E-05,0.024000001
,,,2.905E-05,0.024000001
,,,2.906E-05,0.023200001
,,,2.907E-05,0.024800001
,,,2.908E-05,0.023200001
,,,2.909E-05,0.024000001
,,,2.91E-05,0.025600002
,,,2.911E-05,0.024000001
,,,2.912E-05,0.026400002
,,,2.913E-05,0.024000001
,,,2.914E-05,0.023200001
,,,2.915E-05,0.024000001
,,,2.916E-05,0.025600002
,,,2.917E-05,0.023200001
,,,2.918E-05,0.024000001
,,,2.919E-05,0.024000001
,,,2.92E-05,0.024000001
,,,2.921E-05,0.023200001
,,,2.922E-05,0.024800001
,,,2.923E-05,0.024000001
,,,2.924E-05,0.024000001
,,,2.925E-05,0.024000001
,,,2.926E-05,0.024000001
,,,2.927E-05,0.024000001
,,,2.928E-05,0.024000001
,,,2.929E-05,0.025600002
,,,2.93E-05,0.023200001
,,,2.931E-05,0.024800001
,,,2.932E-05,0.024000001
,,,2.933E-05,0.024000001
,,,2.934E-05,0.024800001
,,,2.935E-05,0.025600002
,,,2.936E-05,0.024000001
,,,2.937E-05,0.024800001
,,,2.938E-05,0.023200001
,,,2.939E-05,0.023200001
,,,2.94E-05,0.022400001
,,,2.941E-05,0.024800001
,,,2.942E-05,0.024800001
,,,2.943E-05,0.024000001
,,,2.944E-05,0.025600002
,,,2.945E-05,0.024800001
,,,2.946E-05,0.024000001
,,,2.947E-05,0.024800001
,,,2.948E-05,0.024800001
,,,2.949E-05,0.024000001
,,,2.95E-05,0.024000001
,,,2.951E-05,0.024000001
,,,2.952E-05,0.024000001
,,,2.953E-05,0.024000001
,,,2.954E-05,0.024000001
,,,2.955E-05,0.026400002
,,,2.956E-05,0.025600002
,,,2.957E-05,0.024000001
,,,2.958E-05,0.024800001
,,,2.959E-05,0.024800001
,,,2.96E-05,0.024800001
,,,2.961E-05,0.024800001
,,,2.962E-05,0.024000001
,,,2.963E-05,0.024800001
,,,2.964E-05,0.024000001
,,,2.965E-05,0.024000001
,,,2.966E-05,0.024000001
,,,2.967E-05,0.024800001
,,,2.968E-05,0.025600002
,,,2.969E-05,0.024800001
,,,2.97E-05,0.024000001
,,,2.971E-05,0.024000001
,,,2.972E-05,0.024000001
,,,2.973E-05,0.024000001
,,,2.974E-05,0.024000001
,,,2.975E-05,0.023200001
,,,2.976E-05,0.025600002
,,,2.977E-05,0.022400001
,,,2.978E-05,0.024000001
,,,2.979E-05,0.023200001
,,,2.98E-05,0.024000001
,,,2.981E-05,0.024000001
,,,2.982E-05,0.024000001
,,,2.983E-05,0.024800001
,,,2.984E-05,0.023200001
,,,2.985E-05,0.024000001
,,,2.986E-05,0.024800001
,,,2.987E-05,0.023200001
,,,2.988E-05,0.024800001
,,,2.989E-05,0.023200001
,,,2.99E-05,0.025600002
,,,2.991E-05,0.024000001
,,,2.992E-05,0.024000001
,,,2.993E-05,0.024800001
,,,2.994E-05,0.024800001
,,,2.995E-05,0.024800001
,,,2.996E-05,0.024000001
,,,2.997E-05,0.023200001
,,,2.998E-05,0.024000001
,,,2.999E-05,0.022400001
,,,3E-05,0.025600002
,,,3.001E-05,0.024000001
,,,3.002E-05,0.024000001
,,,3.003E-05,0.024000001
,,,3.004E-05,0.024000001
,,,3.005E-05,0.024800001
,,,3.006E-05,0.022400001
,,,3.007E-05,0.023200001
,,,3.008E-05,0.023200001
,,,3.009E-05,0.024000001
,,,3.01E-05,0.023200001
,,,3.011E-05,0.024000001
,,,3.012E-05,0.025600002
,,,3.013E-05,0.024000001
,,,3.014E-05,0.024000001
,,,3.015E-05,0.023200001
,,,3.016E-05,0.024800001
,,,3.017E-05,0.023200001
,,,3.018E-05,0.024000001
,,,3.019E-05,0.024000001
,,,3.02E-05,0.023200001
,,,3.021E-05,0.024000001
,,,3.022E-05,0.024000001
,,,3.023E-05,0.024000001
,,,3.024E-05,0.024000001
,,,3.025E-05,0.024800001
,,,3.026E-05,0.024800001
,,,3.027E-05,0.025600002
,,,3.028E-05,0.024000001
,,,3.029E-05,0.024000001
,,,3.03E-05,0.024000001
,,,3.031E-05,0.024000001
,,,3.032E-05,0.024000001
,,,3.033E-05,0.024000001
,,,3.034E-05,0.024800001
,,,3.035E-05,0.022400001
,,,3.036E-05,0.025600002
,,,3.037E-05,0.021600001
,,,3.038E-05,0.024000001
,,,3.039E-05,0.024000001
,,,3.04E-05,0.024000001
,,,3.041E-05,0.024000001
,,,3.042E-05,0.024000001
,,,3.043E-05,0.024800001
,,,3.044E-05,0.024000001
,,,3.045E-05,0.024000001
,,,3.046E-05,0.024800001
,,,3.047E-05,0.022400001
,,,3.048E-05,0.024000001
,,,3.049E-05,0.023200001
,,,3.05E-05,0.024800001
,,,3.051E-05,0.023200001
,,,3.052E-05,0.024800001
,,,3.053E-05,0.024000001
,,,3.054E-05,0.024000001
,,,3.055E-05,0.024800001
,,,3.056E-05,0.023200001
,,,3.057E-05,0.023200001
,,,3.058E-05,0.023200001
,,,3.059E-05,0.024000001
,,,3.06E-05,0.024800001
,,,3.061E-05,0.025600002
,,,3.062E-05,0.024800001
,,,3.063E-05,0.024000001
,,,3.064E-05,0.025600002
,,,3.065E-05,0.022400001
,,,3.066E-05,0.022400001
,,,3.067E-05,0.024000001
,,,3.068E-05,0.023200001
,,,3.069E-05,0.025600002
,,,3.07E-05,0.024800001
,,,3.071E-05,0.024000001
,,,3.072E-05,0.023200001
,,,3.073E-05,0.024000001
,,,3.074E-05,0.024000001
,,,3.075E-05,0.025600002
,,,3.076E-05,0.024800001
,,,3.077E-05,0.024000001
,,,3.078E-05,0.023200001
,,,3.079E-05,0.023200001
,,,3.08E-05,0.024000001
,,,3.081E-05,0.024000001
,,,3.082E-05,0.024800001
,,,3.083E-05,0.024000001
,,,3.084E-05,0.022400001
,,,3.085E-05,0.024800001
,,,3.086E-05,0.023200001
,,,3.087E-05,0.024000001
,,,3.088E-05,0.024800001
,,,3.089E-05,0.025600002
,,,3.09E-05,0.024000001
,,,3.091E-05,0.024000001
,,,3.092E-05,0.024000001
,,,3.093E-05,0.022400001
,,,3.094E-05,0.024000001
,,,3.095E-05,0.024000001
,,,3.096E-05,0.023200001
,,,3.097E-05,0.024000001
,,,3.098E-05,0.023200001
,,,3.099E-05,0.024000001
,,,3.1E-05,0.025600002
,,,3.101E-05,0.022400001
,,,3.102E-05,0.026400002
,,,3.103E-05,0.024800001
,,,3.104E-05,0.024800001
,,,3.105E-05,0.022400001
,,,3.106E-05,0.024000001
,,,3.107E-05,0.024800001
,,,3.108E-05,0.023200001
,,,3.109E-05,0.025600002
,,,3.11E-05,0.024800001
,,,3.111E-05,0.024800001
,,,3.112E-05,0.024000001
,,,3.113E-05,0.022400001
,,,3.114E-05,0.024800001
,,,3.115E-05,0.025600002
,,,3.116E-05,0.024000001
,,,3.117E-05,0.024800001
,,,3.118E-05,0.023200001
,,,3.119E-05,0.024800001
,,,3.12E-05,0.024000001
,,,3.121E-05,0.024000001
,,,3.122E-05,0.023200001
,,,3.123E-05,0.024000001
,,,3.124E-05,0.024000001
,,,3.125E-05,0.024800001
,,,3.126E-05,0.024000001
,,,3.127E-05,0.024000001
,,,3.128E-05,0.024000001
,,,3.129E-05,0.024800001
,,,3.13E-05,0.024000001
,,,3.131E-05,0.023200001
,,,3.132E-05,0.023200001
,,,3.133E-05,0.024000001
,,,3.134E-05,0.023200001
,,,3.135E-05,0.024000001
,,,3.136E-05,0.023200001
,,,3.137E-05,0.024800001
,,,3.138E-05,0.024000001
,,,3.139E-05,0.024800001
,,,3.14E-05,0.025600002
,,,3.141E-05,0.024000001
,,,3.142E-05,0.025600002
,,,3.143E-05,0.024800001
,,,3.144E-05,0.024000001
,,,3.145E-05,0.024000001
,,,3.146E-05,0.023200001
,,,3.147E-05,0.024000001
,,,3.148E-05,0.024000001
,,,3.149E-05,0.022400001
,,,3.15E-05,0.024000001
,,,3.151E-05,0.024000001
,,,3.152E-05,0.024000001
,,,3.153E-05,0.024000001
,,,3.154E-05,0.025600002
,,,3.155E-05,0.024000001
,,,3.156E-05,0.024800001
,,,3.157E-05,0.023200001
,,,3.158E-05,0.024800001
,,,3.159E-05,0.025600002
,,,3.16E-05,0.024800001
,,,3.161E-05,0.024800001
,,,3.162E-05,0.023200001
,,,3.163E-05,0.024000001
,,,3.164E-05,0.024000001
,,,3.165E-05,0.025600002
,,,3.166E-05,0.024000001
,,,3.167E-05,0.023200001
,,,3.168E-05,0.023200001
,,,3.169E-05,0.024000001
,,,3.17E-05,0.024000001
,,,3.171E-05,0.024000001
,,,3.172E-05,0.024000001
,,,3.173E-05,0.024000001
,,,3.174E-05,0.024800001
,,,3.175E-05,0.024000001
,,,3.176E-05,0.024800001
,,,3.177E-05,0.024000001
,,,3.178E-05,0.024000001
,,,3.179E-05,0.022400001
,,,3.18E-05,0.024800001
,,,3.181E-05,0.025600002
,,,3.182E-05,0.024800001
,,,3.183E-05,0.023200001
,,,3.184E-05,0.024800001
,,,3.185E-05,0.023200001
,,,3.186E-05,0.024000001
,,,3.187E-05,0.024000001
,,,3.188E-05,0.024000001
,,,3.189E-05,0.024000001
,,,3.19E-05,0.024800001
,,,3.191E-05,0.025600002
,,,3.192E-05,0.022400001
,,,3.193E-05,0.024800001
,,,3.194E-05,0.024800001
,,,3.195E-05,0.024000001
,,,3.196E-05,0.023200001
,,,3.197E-05,0.024000001
,,,3.198E-05,0.024000001
,,,3.199E-05,0.023200001
,,,3.2E-05,0.024800001
,,,3.201E-05,0.024800001
,,,3.202E-05,0.024000001
,,,3.203E-05,0.024000001
,,,3.204E-05,0.023200001
,,,3.205E-05,0.024800001
,,,3.206E-05,0.024800001
,,,3.207E-05,0.023200001
,,,3.208E-05,0.024000001
,,,3.209E-05,0.025600002
,,,3.21E-05,0.024000001
,,,3.211E-05,0.021600001
,,,3.212E-05,0.024800001
,,,3.213E-05,0.024000001
,,,3.214E-05,0.024000001
,,,3.215E-05,0.023200001
,,,3.216E-05,0.024000001
,,,3.217E-05,0.024800001
,,,3.218E-05,0.024800001
,,,3.219E-05,0.025600002
,,,3.22E-05,0.024000001
,,,3.221E-05,0.024000001
,,,3.222E-05,0.025600002
,,,3.223E-05,0.024000001
,,,3.224E-05,0.024000001
,,,3.225E-05,0.024800001
,,,3.226E-05,0.024000001
,,,3.227E-05,0.024000001
,,,3.228E-05,0.024800001
,,,3.229E-05,0.023200001
,,,3.23E-05,0.024000001
,,,3.231E-05,0.024000001
,,,3.232E-05,0.024000001
,,,3.233E-05,0.024800001
,,,3.234E-05,0.024000001
,,,3.235E-05,0.024000001
,,,3.236E-05,0.025600002
,,,3.237E-05,0.024000001
,,,3.238E-05,0.024800001
,,,3.239E-05,0.023200001
,,,3.24E-05,0.026400002
,,,3.241E-05,0.022400001
,,,3.242E-05,0.024000001
,,,3.243E-05,0.023200001
,,,3.244E-05,0.023200001
,,,3.245E-05,0.023200001
,,,3.246E-05,0.023200001
,,,3.247E-05,0.024000001
,,,3.248E-05,0.024000001
,,,3.249E-05,0.022400001
,,,3.25E-05,0.024000001
,,,3.251E-05,0.024800001
,,,3.252E-05,0.024000001
,,,3.253E-05,0.025600002
,,,3.254E-05,0.023200001
,,,3.255E-05,0.024800001
,,,3.256E-05,0.023200001
,,,3.257E-05,0.024000001
,,,3.258E-05,0.023200001
,,,3.259E-05,0.024000001
,,,3.26E-05,0.026400002
,,,3.261E-05,0.022400001
,,,3.262E-05,0.024000001
,,,3.263E-05,0.023200001
,,,3.264E-05,0.024000001
,,,3.265E-05,0.024000001
,,,3.266E-05,0.024000001
,,,3.267E-05,0.024000001
,,,3.268E-05,0.024800001
,,,3.269E-05,0.024800001
,,,3.27E-05,0.024000001
,,,3.271E-05,0.024000001
,,,3.272E-05,0.024800001
,,,3.273E-05,0.023200001
,,,3.274E-05,0.024800001
,,,3.275E-05,0.023200001
,,,3.276E-05,0.024000001
,,,3.277E-05,0.024000001
,,,3.278E-05,0.024800001
,,,3.279E-05,0.024000001
,,,3.28E-05,0.025600002
,,,3.281E-05,0.023200001
,,,3.282E-05,0.024800001
,,,3.283E-05,0.024000001
,,,3.284E-05,0.024800001
,,,3.285E-05,0.025600002
,,,3.286E-05,0.024000001
,,,3.287E-05,0.025600002
,,,3.288E-05,0.024800001
,,,3.289E-05,0.023200001
,,,3.29E-05,0.024000001
,,,3.291E-05,0.024000001
,,,3.292E-05,0.024000001
,,,3.293E-05,0.025600002
,,,3.294E-05,0.024800001
,,,3.295E-05,0.024000001
,,,3.296E-05,0.024800001
,,,3.297E-05,0.025600002
,,,3.298E-05,0.024000001
,,,3.299E-05,0.023200001
,,,3.3E-05,0.024000001
,,,3.301E-05,0.025600002
,,,3.302E-05,0.024000001
,,,3.303E-05,0.023200001
,,,3.304E-05,0.023200001
,,,3.305E-05,0.024800001
,,,3.306E-05,0.024000001
,,,3.307E-05,0.025600002
,,,3.308E-05,0.025600002
,,,3.309E-05,0.024000001
,,,3.31E-05,0.026400002
,,,3.311E-05,0.024000001
,,,3.312E-05,0.024800001
,,,3.313E-05,0.024800001
,,,3.314E-05,0.024000001
,,,3.315E-05,0.024000001
,,,3.316E-05,0.024800001
,,,3.317E-05,0.024800001
,,,3.318E-05,0.023200001
,,,3.319E-05,0.024000001
,,,3.32E-05,0.024800001
,,,3.321E-05,0.023200001
,,,3.322E-05,0.023200001
,,,3.323E-05,0.023200001
,,,3.324E-05,0.024000001
,,,3.325E-05,0.024800001
,,,3.326E-05,0.024000001
,,,3.327E-05,0.024000001
,,,3.328E-05,0.024000001
,,,3.329E-05,0.023200001
,,,3.33E-05,0.024800001
,,,3.331E-05,0.024000001
,,,3.332E-05,0.023200001
,,,3.333E-05,0.023200001
,,,3.334E-05,0.024000001
,,,3.335E-05,0.024000001
,,,3.336E-05,0.025600002
,,,3.337E-05,0.024800001
,,,3.338E-05,0.024000001
,,,3.339E-05,0.025600002
,,,3.34E-05,0.025600002
,,,3.341E-05,0.024800001
,,,3.342E-05,0.023200001
,,,3.343E-05,0.024000001
,,,3.344E-05,0.023200001
,,,3.345E-05,0.024800001
,,,3.346E-05,0.023200001
,,,3.347E-05,0.024000001
,,,3.348E-05,0.025600002
,,,3.349E-05,0.024000001
,,,3.35E-05,0.025600002
,,,3.351E-05,0.023200001
,,,3.352E-05,0.024000001
,,,3.353E-05,0.024000001
,,,3.354E-05,0.026400002
,,,3.355E-05,0.024800001
,,,3.356E-05,0.023200001
,,,3.357E-05,0.024800001
,,,3.358E-05,0.023200001
,,,3.359E-05,0.024000001
,,,3.36E-05,0.022400001
,,,3.361E-05,0.024000001
,,,3.362E-05,0.025600002
,,,3.363E-05,0.023200001
,,,3.364E-05,0.024800001
,,,3.365E-05,0.024000001
,,,3.366E-05,0.022400001
,,,3.367E-05,0.024000001
,,,3.368E-05,0.024000001
,,,3.369E-05,0.025600002
,,,3.37E-05,0.024000001
,,,3.371E-05,0.023200001
,,,3.372E-05,0.025600002
,,,3.373E-05,0.024800001
,,,3.374E-05,0.024800001
,,,3.375E-05,0.024000001
,,,3.376E-05,0.024000001
,,,3.377E-05,0.023200001
,,,3.378E-05,0.024000001
,,,3.379E-05,0.024800001
,,,3.38E-05,0.025600002
,,,3.381E-05,0.024800001
,,,3.382E-05,0.025600002
,,,3.383E-05,0.024000001
,,,3.384E-05,0.024000001
,,,3.385E-05,0.024800001
,,,3.386E-05,0.024000001
,,,3.387E-05,0.024000001
,,,3.388E-05,0.024800001
,,,3.389E-05,0.023200001
,,,3.39E-05,0.022400001
,,,3.391E-05,0.024000001
,,,3.392E-05,0.023200001
,,,3.393E-05,0.024000001
,,,3.394E-05,0.024800001
,,,3.395E-05,0.024000001
,,,3.396E-05,0.024000001
,,,3.397E-05,0.023200001
,,,3.398E-05,0.024800001
,,,3.399E-05,0.024800001
,,,3.4E-05,0.025600002
,,,3.401E-05,0.024000001
,,,3.402E-05,0.024800001
,,,3.403E-05,0.024800001
,,,3.404E-05,0.024800001
,,,3.405E-05,0.023200001
,,,3.406E-05,0.024000001
,,,3.407E-05,0.023200001
,,,3.408E-05,0.024000001
,,,3.409E-05,0.024000001
,,,3.41E-05,0.024800001
,,,3.411E-05,0.024000001
,,,3.412E-05,0.026400002
,,,3.413E-05,0.024000001
,,,3.414E-05,0.024800001
,,,3.415E-05,0.023200001
,,,3.416E-05,0.024800001
,,,3.417E-05,0.024000001
,,,3.418E-05,0.024000001
,,,3.419E-05,0.024800001
,,,3.42E-05,0.025600002
,,,3.421E-05,0.024800001
,,,3.422E-05,0.023200001
,,,3.423E-05,0.024000001
,,,3.424E-05,0.024800001
,,,3.425E-05,0.022400001
,,,3.426E-05,0.024800001
,,,3.427E-05,0.024000001
,,,3.428E-05,0.025600002
,,,3.429E-05,0.024800001
,,,3.43E-05,0.027200002
,,,3.431E-05,0.024800001
,,,3.432E-05,0.024800001
,,,3.433E-05,0.024800001
,,,3.434E-05,0.024000001
,,,3.435E-05,0.024000001
,,,3.436E-05,0.024000001
,,,3.437E-05,0.023200001
,,,3.438E-05,0.024000001
,,,3.439E-05,0.024800001
,,,3.44E-05,0.024800001
,,,3.441E-05,0.023200001
,,,3.442E-05,0.023200001
,,,3.443E-05,0.024800001
,,,3.444E-05,0.024800001
,,,3.445E-05,0.024000001
,,,3.446E-05,0.025600002
,,,3.447E-05,0.024000001
,,,3.448E-05,0.024800001
,,,3.449E-05,0.024000001
,,,3.45E-05,0.026400002
,,,3.451E-05,0.024800001
,,,3.452E-05,0.024000001
,,,3.453E-05,0.024000001
,,,3.454E-05,0.024800001
,,,3.455E-05,0.026400002
,,,3.456E-05,0.024800001
,,,3.457E-05,0.024000001
,,,3.458E-05,0.024000001
,,,3.459E-05,0.024000001
,,,3.46E-05,0.024800001
,,,3.461E-05,0.025600002
,,,3.462E-05,0.025600002
,,,3.463E-05,0.025600002
,,,3.464E-05,0.024000001
,,,3.465E-05,0.023200001
,,,3.466E-05,0.024800001
,,,3.467E-05,0.023200001
,,,3.468E-05,0.024000001
,,,3.469E-05,0.024000001
,,,3.47E-05,0.024800001
,,,3.471E-05,0.025600002
,,,3.472E-05,0.023200001
,,,3.473E-05,0.023200001
,,,3.474E-05,0.023200001
,,,3.475E-05,0.023200001
,,,3.476E-05,0.024000001
,,,3.477E-05,0.024000001
,,,3.478E-05,0.024000001
,,,3.479E-05,0.024000001
,,,3.48E-05,0.024000001
,,,3.481E-05,0.024800001
,,,3.482E-05,0.026400002
,,,3.483E-05,0.024800001
,,,3.484E-05,0.024800001
,,,3.485E-05,0.024000001
,,,3.486E-05,0.024800001
,,,3.487E-05,0.022400001
,,,3.488E-05,0.024000001
,,,3.489E-05,0.026400002
,,,3.49E-05,0.026400002
,,,3.491E-05,0.023200001
,,,3.492E-05,0.024000001
,,,3.493E-05,0.024000001
,,,3.494E-05,0.024000001
,,,3.495E-05,0.026400002
,,,3.496E-05,0.024000001
,,,3.497E-05,0.025600002
,,,3.498E-05,0.024800001
,,,3.499E-05,0.024000001
,,,3.5E-05,0.024000001
,,,3.501E-05,0.025600002
,,,3.502E-05,0.024000001
,,,3.503E-05,0.023200001
,,,3.504E-05,0.024000001
,,,3.505E-05,0.024800001
,,,3.506E-05,0.024800001
,,,3.507E-05,0.023200001
,,,3.508E-05,0.024000001
,,,3.509E-05,0.024000001
,,,3.51E-05,0.023200001
,,,3.511E-05,0.024000001
,,,3.512E-05,0.022400001
,,,3.513E-05,0.024000001
,,,3.514E-05,0.023200001
,,,3.515E-05,0.024800001
,,,3.516E-05,0.024800001
,,,3.517E-05,0.024000001
,,,3.518E-05,0.024000001
,,,3.519E-05,0.023200001
,,,3.52E-05,0.024800001
,,,3.521E-05,0.023200001
,,,3.522E-05,0.023200001
,,,3.523E-05,0.022400001
,,,3.524E-05,0.024000001
,,,3.525E-05,0.022400001
,,,3.526E-05,0.024000001
,,,3.527E-05,0.024000001
,,,3.528E-05,0.024000001
,,,3.529E-05,0.024000001
,,,3.53E-05,0.024800001
,,,3.531E-05,0.024000001
,,,3.532E-05,0.023200001
,,,3.533E-05,0.024000001
,,,3.534E-05,0.023200001
,,,3.535E-05,0.025600002
,,,3.536E-05,0.024000001
,,,3.537E-05,0.025600002
,,,3.538E-05,0.025600002
,,,3.539E-05,0.023200001
,,,3.54E-05,0.024000001
,,,3.541E-05,0.024800001
,,,3.542E-05,0.024000001
,,,3.543E-05,0.024000001
,,,3.544E-05,0.024000001
,,,3.545E-05,0.024800001
,,,3.546E-05,0.023200001
,,,3.547E-05,0.022400001
,,,3.548E-05,0.023200001
,,,3.549E-05,0.025600002
,,,3.55E-05,0.024800001
,,,3.551E-05,0.024800001
,,,3.552E-05,0.024000001
,,,3.553E-05,0.024000001
,,,3.554E-05,0.024000001
,,,3.555E-05,0.024000001
,,,3.556E-05,0.024800001
,,,3.557E-05,0.023200001
,,,3.558E-05,0.024800001
,,,3.559E-05,0.024000001
,,,3.56E-05,0.023200001
,,,3.561E-05,0.024000001
,,,3.562E-05,0.025600002
,,,3.563E-05,0.023200001
,,,3.564E-05,0.024000001
,,,3.565E-05,0.024800001
,,,3.566E-05,0.024000001
,,,3.567E-05,0.024800001
,,,3.568E-05,0.024800001
,,,3.569E-05,0.023200001
,,,3.57E-05,0.025600002
,,,3.571E-05,0.024000001
,,,3.572E-05,0.024800001
,,,3.573E-05,0.025600002
,,,3.574E-05,0.024800001
,,,3.575E-05,0.024800001
,,,3.576E-05,0.024000001
,,,3.577E-05,0.023200001
,,,3.578E-05,0.024800001
,,,3.579E-05,0.023200001
,,,3.58E-05,0.024800001
,,,3.581E-05,0.025600002
,,,3.582E-05,0.021600001
,,,3.583E-05,0.024000001
,,,3.584E-05,0.025600002
,,,3.585E-05,0.024000001
,,,3.586E-05,0.025600002
,,,3.587E-05,0.023200001
,,,3.588E-05,0.023200001
,,,3.589E-05,0.023200001
,,,3.59E-05,0.024800001
,,,3.591E-05,0.024000001
,,,3.592E-05,0.024000001
,,,3.593E-05,0.025600002
,,,3.594E-05,0.024800001
,,,3.595E-05,0.024000001
,,,3.596E-05,0.024800001
,,,3.597E-05,0.024000001
,,,3.598E-05,0.024000001
,,,3.599E-05,0.025600002
,,,3.6E-05,0.024800001
,,,3.601E-05,0.025600002
,,,3.602E-05,0.024000001
,,,3.603E-05,0.025600002
,,,3.604E-05,0.024000001
,,,3.605E-05,0.024000001
,,,3.606E-05,0.025600002
,,,3.607E-05,0.024000001
,,,3.608E-05,0.025600002
,,,3.609E-05,0.024000001
,,,3.61E-05,0.023200001
,,,3.611E-05,0.023200001
,,,3.612E-05,0.025600002
,,,3.613E-05,0.024000001
,,,3.614E-05,0.024800001
,,,3.615E-05,0.024000001
,,,3.616E-05,0.023200001
,,,3.617E-05,0.023200001
,,,3.618E-05,0.024800001
,,,3.619E-05,0.024800001
,,,3.62E-05,0.024800001
,,,3.621E-05,0.024000001
,,,3.622E-05,0.023200001
,,,3.623E-05,0.024800001
,,,3.624E-05,0.024000001
,,,3.625E-05,0.024800001
,,,3.626E-05,0.024800001
,,,3.627E-05,0.024800001
,,,3.628E-05,0.023200001
,,,3.629E-05,0.022400001
,,,3.63E-05,0.024800001
,,,3.631E-05,0.024000001
,,,3.632E-05,0.023200001
,,,3.633E-05,0.024000001
,,,3.634E-05,0.024000001
,,,3.635E-05,0.024000001
,,,3.636E-05,0.024000001
,,,3.637E-05,0.024800001
,,,3.638E-05,0.024000001
,,,3.639E-05,0.024800001
,,,3.64E-05,0.025600002
,,,3.641E-05,0.023200001
,,,3.642E-05,0.025600002
,,,3.643E-05,0.024000001
,,,3.644E-05,0.023200001
,,,3.645E-05,0.024000001
,,,3.646E-05,0.024000001
,,,3.647E-05,0.024000001
,,,3.648E-05,0.024800001
,,,3.649E-05,0.024800001
,,,3.65E-05,0.024000001
,,,3.651E-05,0.024000001
,,,3.652E-05,0.025600002
,,,3.653E-05,0.024800001
,,,3.654E-05,0.024000001
,,,3.655E-05,0.024800001
,,,3.656E-05,0.024000001
,,,3.657E-05,0.024000001
,,,3.658E-05,0.025600002
,,,3.659E-05,0.024000001
,,,3.66E-05,0.024800001
,,,3.661E-05,0.024000001
,,,3.662E-05,0.023200001
,,,3.663E-05,0.025600002
,,,3.664E-05,0.024000001
,,,3.665E-05,0.024000001
,,,3.666E-05,0.024800001
,,,3.667E-05,0.023200001
,,,3.668E-05,0.024800001
,,,3.669E-05,0.024000001
,,,3.67E-05,0.024800001
,,,3.671E-05,0.025600002
,,,3.672E-05,0.023200001
,,,3.673E-05,0.024800001
,,,3.674E-05,0.024000001
,,,3.675E-05,0.024800001
,,,3.676E-05,0.024800001
,,,3.677E-05,0.023200001
,,,3.678E-05,0.025600002
,,,3.679E-05,0.024800001
,,,3.68E-05,0.024800001
,,,3.681E-05,0.024800001
,,,3.682E-05,0.023200001
,,,3.683E-05,0.023200001
,,,3.684E-05,0.024800001
,,,3.685E-05,0.024800001
,,,3.686E-05,0.024000001
,,,3.687E-05,0.025600002
,,,3.688E-05,0.024000001
,,,3.689E-05,0.024800001
,,,3.69E-05,0.023200001
,,,3.691E-05,0.024000001
,,,3.692E-05,0.024000001
,,,3.693E-05,0.023200001
,,,3.694E-05,0.024000001
,,,3.695E-05,0.023200001
,,,3.696E-05,0.023200001
,,,3.697E-05,0.024000001
,,,3.698E-05,0.025600002
,,,3.699E-05,0.024000001
,,,3.7E-05,0.024000001
,,,3.701E-05,0.024000001
,,,3.702E-05,0.024000001
,,,3.703E-05,0.024000001
,,,3.704E-05,0.024800001
,,,3.705E-05,0.024800001
,,,3.706E-05,0.024000001
,,,3.707E-05,0.024800001
,,,3.708E-05,0.023200001
,,,3.709E-05,0.024000001
,,,3.71E-05,0.023200001
,,,3.711E-05,0.024000001
,,,3.712E-05,0.026400002
,,,3.713E-05,0.023200001
,,,3.714E-05,0.024000001
,,,3.715E-05,0.024800001
,,,3.716E-05,0.024800001
,,,3.717E-05,0.024800001
,,,3.718E-05,0.023200001
,,,3.719E-05,0.024800001
,,,3.72E-05,0.024000001
,,,3.721E-05,0.024000001
,,,3.722E-05,0.024800001
,,,3.723E-05,0.024000001
,,,3.724E-05,0.024000001
,,,3.725E-05,0.023200001
,,,3.726E-05,0.024000001
,,,3.727E-05,0.024800001
,,,3.728E-05,0.024000001
,,,3.729E-05,0.024800001
,,,3.73E-05,0.024800001
,,,3.731E-05,0.024800001
,,,3.732E-05,0.023200001
,,,3.733E-05,0.024800001
,,,3.734E-05,0.024000001
,,,3.735E-05,0.024000001
,,,3.736E-05,0.024000001
,,,3.737E-05,0.023200001
,,,3.738E-05,0.024800001
,,,3.739E-05,0.024000001
,,,3.74E-05,0.024000001
,,,3.741E-05,0.023200001
,,,3.742E-05,0.023200001
,,,3.743E-05,0.024000001
,,,3.744E-05,0.024800001
,,,3.745E-05,0.025600002
,,,3.746E-05,0.024000001
,,,3.747E-05,0.024800001
,,,3.748E-05,0.024800001
,,,3.749E-05,0.024000001
,,,3.75E-05,0.024000001
,,,3.751E-05,0.024000001
,,,3.752E-05,0.024800001
,,,3.753E-05,0.024000001
,,,3.754E-05,0.024800001
,,,3.755E-05,0.023200001
,,,3.756E-05,0.024800001
,,,3.757E-05,0.024000001
,,,3.758E-05,0.023200001
,,,3.759E-05,0.022400001
,,,3.76E-05,0.024800001
,,,3.761E-05,0.024000001
,,,3.762E-05,0.024800001
,,,3.763E-05,0.024000001
,,,3.764E-05,0.024000001
,,,3.765E-05,0.024000001
,,,3.766E-05,0.025600002
,,,3.767E-05,0.023200001
,,,3.768E-05,0.025600002
,,,3.769E-05,0.022400001
,,,3.77E-05,0.026400002
,,,3.771E-05,0.023200001
,,,3.772E-05,0.024800001
,,,3.773E-05,0.024800001
,,,3.774E-05,0.024800001
,,,3.775E-05,0.024000001
,,,3.776E-05,0.024800001
,,,3.777E-05,0.024000001
,,,3.778E-05,0.024800001
,,,3.779E-05,0.025600002
,,,3.78E-05,0.024000001
,,,3.781E-05,0.024000001
,,,3.782E-05,0.024000001
,,,3.783E-05,0.023200001
,,,3.784E-05,0.025600002
,,,3.785E-05,0.024000001
,,,3.786E-05,0.024000001
,,,3.787E-05,0.024800001
,,,3.788E-05,0.025600002
,,,3.789E-05,0.024000001
,,,3.79E-05,0.024000001
,,,3.791E-05,0.024000001
,,,3.792E-05,0.024000001
,,,3.793E-05,0.024000001
,,,3.794E-05,0.023200001
,,,3.795E-05,0.024800001
,,,3.796E-05,0.024800001
,,,3.797E-05,0.026400002
,,,3.798E-05,0.024800001
,,,3.799E-05,0.024800001
,,,3.8E-05,0.023200001
,,,3.801E-05,0.024000001
,,,3.802E-05,0.024800001
,,,3.803E-05,0.024000001
,,,3.804E-05,0.024800001
,,,3.805E-05,0.022400001
,,,3.806E-05,0.024000001
,,,3.807E-05,0.024800001
,,,3.808E-05,0.024800001
,,,3.809E-05,0.025600002
,,,3.81E-05,0.026400002
,,,3.811E-05,0.021600001
,,,3.812E-05,0.024000001
,,,3.813E-05,0.025600002
,,,3.814E-05,0.024000001
,,,3.815E-05,0.024000001
,,,3.816E-05,0.023200001
,,,3.817E-05,0.025600002
,,,3.818E-05,0.023200001
,,,3.819E-05,0.024800001
,,,3.82E-05,0.025600002
,,,3.821E-05,0.024000001
,,,3.822E-05,0.024000001
,,,3.823E-05,0.026400002
,,,3.824E-05,0.024000001
,,,3.825E-05,0.024800001
,,,3.826E-05,0.024800001
,,,3.827E-05,0.024000001
,,,3.828E-05,0.022400001
,,,3.829E-05,0.024800001
,,,3.83E-05,0.024000001
,,,3.831E-05,0.024800001
,,,3.832E-05,0.023200001
,,,3.833E-05,0.024000001
,,,3.834E-05,0.021600001
,,,3.835E-05,0.024000001
,,,3.836E-05,0.025600002
,,,3.837E-05,0.024000001
,,,3.838E-05,0.023200001
,,,3.839E-05,0.024800001
,,,3.84E-05,0.021600001
,,,3.841E-05,0.024800001
,,,3.842E-05,0.024800001
,,,3.843E-05,0.024000001
,,,3.844E-05,0.025600002
,,,3.845E-05,0.024800001
,,,3.846E-05,0.024000001
,,,3.847E-05,0.024000001
,,,3.848E-05,0.024800001
,,,3.849E-05,0.024000001
,,,3.85E-05,0.022400001
,,,3.851E-05,0.023200001
,,,3.852E-05,0.022400001
,,,3.853E-05,0.024800001
,,,3.854E-05,0.022400001
,,,3.855E-05,0.025600002
,,,3.856E-05,0.024000001
,,,3.857E-05,0.024000001
,,,3.858E-05,0.023200001
,,,3.859E-05,0.025600002
,,,3.86E-05,0.024000001
,,,3.861E-05,0.023200001
,,,3.862E-05,0.024000001
,,,3.863E-05,0.022400001
,,,3.864E-05,0.024000001
,,,3.865E-05,0.024000001
,,,3.866E-05,0.024000001
,,,3.867E-05,0.023200001
,,,3.868E-05,0.024000001
,,,3.869E-05,0.024000001
,,,3.87E-05,0.024000001
,,,3.871E-05,0.024000001
,,,3.872E-05,0.024800001
,,,3.873E-05,0.024800001
,,,3.874E-05,0.024000001
,,,3.875E-05,0.024000001
,,,3.876E-05,0.024800001
,,,3.877E-05,0.024000001
,,,3.878E-05,0.024800001
,,,3.879E-05,0.024000001
,,,3.88E-05,0.024000001
,,,3.881E-05,0.024000001
,,,3.882E-05,0.024800001
,,,3.883E-05,0.023200001
,,,3.884E-05,0.025600002
,,,3.885E-05,0.024800001
,,,3.886E-05,0.024000001
,,,3.887E-05,0.026400002
,,,3.888E-05,0.024800001
,,,3.889E-05,0.024800001
,,,3.89E-05,0.024000001
,,,3.891E-05,0.024000001
,,,3.892E-05,0.026400002
,,,3.893E-05,0.024000001
,,,3.894E-05,0.024000001
,,,3.895E-05,0.024800001
,,,3.896E-05,0.024000001
,,,3.897E-05,0.024000001
,,,3.898E-05,0.024000001
,,,3.899E-05,0.024000001
,,,3.9E-05,0.024000001
,,,3.901E-05,0.024000001
,,,3.902E-05,0.024000001
,,,3.903E-05,0.024800001
,,,3.904E-05,0.024000001
,,,3.905E-05,0.024000001
,,,3.906E-05,0.024800001
,,,3.907E-05,0.025600002
,,,3.908E-05,0.024000001
,,,3.909E-05,0.024000001
,,,3.91E-05,0.024000001
,,,3.911E-05,0.025600002
,,,3.912E-05,0.025600002
,,,3.913E-05,0.024000001
,,,3.914E-05,0.024800001
,,,3.915E-05,0.024800001
,,,3.916E-05,0.025600002
,,,3.917E-05,0.024000001
,,,3.918E-05,0.025600002
,,,3.919E-05,0.023200001
,,,3.92E-05,0.024800001
,,,3.921E-05,0.023200001
,,,3.922E-05,0.024800001
,,,3.923E-05,0.024000001
,,,3.924E-05,0.023200001
,,,3.925E-05,0.023200001
,,,3.926E-05,0.023200001
,,,3.927E-05,0.024800001
,,,3.928E-05,0.024000001
,,,3.929E-05,0.024000001
,,,3.93E-05,0.026400002
,,,3.931E-05,0.024000001
,,,3.932E-05,0.024000001
,,,3.933E-05,0.024800001
,,,3.934E-05,0.025600002
,,,3.935E-05,0.024000001
,,,3.936E-05,0.024800001
,,,3.937E-05,0.023200001
,,,3.938E-05,0.024000001
,,,3.939E-05,0.023200001
,,,3.94E-05,0.024000001
,,,3.941E-05,0.024800001
,,,3.942E-05,0.024000001
,,,3.943E-05,0.023200001
,,,3.944E-05,0.024000001
,,,3.945E-05,0.024000001
,,,3.946E-05,0.024800001
,,,3.947E-05,0.024000001
,,,3.948E-05,0.024000001
,,,3.949E-05,0.024800001
,,,3.95E-05,0.024800001
,,,3.951E-05,0.023200001
,,,3.952E-05,0.024000001
,,,3.953E-05,0.024800001
,,,3.954E-05,0.024000001
,,,3.955E-05,0.026400002
,,,3.956E-05,0.024800001
,,,3.957E-05,0.024000001
,,,3.958E-05,0.024000001
,,,3.959E-05,0.024800001
,,,3.96E-05,0.024800001
,,,3.961E-05,0.024000001
,,,3.962E-05,0.025600002
,,,3.963E-05,0.022400001
,,,3.964E-05,0.024000001
,,,3.965E-05,0.022400001
,,,3.966E-05,0.024000001
,,,3.967E-05,0.024000001
,,,3.968E-05,0.023200001
,,,3.969E-05,0.024000001
,,,3.97E-05,0.024800001
,,,3.971E-05,0.024800001
,,,3.972E-05,0.023200001
,,,3.973E-05,0.024000001
,,,3.974E-05,0.024000001
,,,3.975E-05,0.025600002
,,,3.976E-05,0.025600002
,,,3.977E-05,0.024000001
,,,3.978E-05,0.024800001
,,,3.979E-05,0.024800001
,,,3.98E-05,0.024000001
,,,3.981E-05,0.023200001
,,,3.982E-05,0.024800001
,,,3.983E-05,0.024000001
,,,3.984E-05,0.024000001
,,,3.985E-05,0.023200001
,,,3.986E-05,0.025600002
,,,3.987E-05,0.023200001
,,,3.988E-05,0.024000001
,,,3.989E-05,0.023200001
,,,3.99E-05,0.025600002
,,,3.991E-05,0.024000001
,,,3.992E-05,0.024800001
,,,3.993E-05,0.024800001
,,,3.994E-05,0.024000001
,,,3.995E-05,0.024000001
,,,3.996E-05,0.024000001
,,,3.997E-05,0.021600001
,,,3.998E-05,0.024800001
,,,3.999E-05,0.023200001
,,,4E-05,0.024000001
,,,4.001E-05,0.024000001
,,,4.002E-05,0.024000001
,,,4.003E-05,0.024000001
,,,4.004E-05,0.026400002
,,,4.005E-05,0.024800001
,,,4.006E-05,0.024800001
,,,4.007E-05,0.024000001
,,,4.008E-05,0.025600002
,,,4.009E-05,0.024000001
,,,4.01E-05,0.024000001
,,,4.011E-05,0.024000001
,,,4.012E-05,0.024800001
,,,4.013E-05,0.024000001
,,,4.014E-05,0.024000001
,,,4.015E-05,0.024800001
,,,4.016E-05,0.025600002
,,,4.017E-05,0.023200001
,,,4.018E-05,0.022400001
,,,4.019E-05,0.023200001
,,,4.02E-05,0.024000001
,,,4.021E-05,0.025600002
,,,4.022E-05,0.024000001
,,,4.023E-05,0.023200001
,,,4.024E-05,0.023200001
,,,4.025E-05,0.024800001
,,,4.026E-05,0.024800001
,,,4.027E-05,0.024000001
,,,4.028E-05,0.025600002
,,,4.029E-05,0.024000001
,,,4.03E-05,0.024800001
,,,4.031E-05,0.024800001
,,,4.032E-05,0.024000001
,,,4.033E-05,0.024800001
,,,4.034E-05,0.024800001
,,,4.035E-05,0.024800001
,,,4.036E-05,0.025600002
,,,4.037E-05,0.024800001
,,,4.038E-05,0.024000001
,,,4.039E-05,0.024000001
,,,4.04E-05,0.023200001
,,,4.041E-05,0.024800001
,,,4.042E-05,0.024800001
,,,4.043E-05,0.022400001
,,,4.044E-05,0.024800001
,,,4.045E-05,0.023200001
,,,4.046E-05,0.025600002
,,,4.047E-05,0.024800001
,,,4.048E-05,0.023200001
,,,4.049E-05,0.024800001
,,,4.05E-05,0.023200001
,,,4.051E-05,0.024000001
,,,4.052E-05,0.024800001
,,,4.053E-05,0.024000001
,,,4.054E-05,0.024000001
,,,4.055E-05,0.023200001
,,,4.056E-05,0.024800001
,,,4.057E-05,0.024000001
,,,4.058E-05,0.024800001
,,,4.059E-05,0.023200001
,,,4.06E-05,0.024000001
,,,4.061E-05,0.024800001
,,,4.062E-05,0.024800001
,,,4.063E-05,0.024800001
,,,4.064E-05,0.024800001
,,,4.065E-05,0.024000001
,,,4.066E-05,0.024800001
,,,4.067E-05,0.025600002
,,,4.068E-05,0.024000001
,,,4.069E-05,0.024800001
,,,4.07E-05,0.024000001
,,,4.071E-05,0.024800001
,,,4.072E-05,0.024000001
,,,4.073E-05,0.023200001
,,,4.074E-05,0.026400002
,,,4.075E-05,0.025600002
,,,4.076E-05,0.024800001
,,,4.077E-05,0.025600002
,,,4.078E-05,0.025600002
,,,4.079E-05,0.022400001
,,,4.08E-05,0.024800001
,,,4.081E-05,0.024000001
,,,4.082E-05,0.024000001
,,,4.083E-05,0.024800001
,,,4.084E-05,0.024800001
,,,4.085E-05,0.024800001
,,,4.086E-05,0.024000001
,,,4.087E-05,0.024000001
,,,4.088E-05,0.024000001
,,,4.089E-05,0.023200001
,,,4.09E-05,0.024000001
,,,4.091E-05,0.024800001
,,,4.092E-05,0.024000001
,,,4.093E-05,0.023200001
,,,4.094E-05,0.023200001
,,,4.095E-05,0.024000001
,,,4.096E-05,0.024800001
,,,4.097E-05,0.023200001
,,,4.098E-05,0.024000001
,,,4.099E-05,0.024800001
,,,4.1E-05,0.023200001
,,,4.101E-05,0.024000001
,,,4.102E-05,0.024000001
,,,4.103E-05,0.023200001
,,,4.104E-05,0.024000001
,,,4.105E-05,0.024000001
,,,4.106E-05,0.024800001
,,,4.107E-05,0.023200001
,,,4.108E-05,0.025600002
,,,4.109E-05,0.024000001
,,,4.11E-05,0.024000001
,,,4.111E-05,0.024000001
,,,4.112E-05,0.023200001
,,,4.113E-05,0.024000001
,,,4.114E-05,0.024000001
,,,4.115E-05,0.024000001
,,,4.116E-05,0.025600002
,,,4.117E-05,0.024000001
,,,4.118E-05,0.022400001
,,,4.119E-05,0.024000001
,,,4.12E-05,0.024000001
,,,4.121E-05,0.024000001
,,,4.122E-05,0.024800001
,,,4.123E-05,0.024800001
,,,4.124E-05,0.024000001
,,,4.125E-05,0.024000001
,,,4.126E-05,0.025600002
,,,4.127E-05,0.025600002
,,,4.128E-05,0.024000001
,,,4.129E-05,0.024000001
,,,4.13E-05,0.024800001
,,,4.131E-05,0.024000001
,,,4.132E-05,0.024800001
,,,4.133E-05,0.024000001
,,,4.134E-05,0.024800001
,,,4.135E-05,0.024000001
,,,4.136E-05,0.023200001
,,,4.137E-05,0.024000001
,,,4.138E-05,0.025600002
,,,4.139E-05,0.024800001
,,,4.14E-05,0.023200001
,,,4.141E-05,0.024000001
,,,4.142E-05,0.024800001
,,,4.143E-05,0.024000001
,,,4.144E-05,0.024000001
,,,4.145E-05,0.023200001
,,,4.146E-05,0.024800001
,,,4.147E-05,0.024000001
,,,4.148E-05,0.024000001
,,,4.149E-05,0.024000001
,,,4.15E-05,0.024800001
,,,4.151E-05,0.021600001
,,,4.152E-05,0.023200001
,,,4.153E-05,0.026400002
,,,4.154E-05,0.021600001
,,,4.155E-05,0.024800001
,,,4.156E-05,0.024800001
,,,4.157E-05,0.023200001
,,,4.158E-05,0.023200001
,,,4.159E-05,0.024000001
,,,4.16E-05,0.024000001
,,,4.161E-05,0.023200001
,,,4.162E-05,0.024800001
,,,4.163E-05,0.024000001
,,,4.164E-05,0.024000001
,,,4.165E-05,0.024000001
,,,4.166E-05,0.024000001
,,,4.167E-05,0.024800001
,,,4.168E-05,0.024800001
,,,4.169E-05,0.024800001
,,,4.17E-05,0.025600002
,,,4.171E-05,0.024800001
,,,4.172E-05,0.024000001
,,,4.173E-05,0.024000001
,,,4.174E-05,0.024800001
,,,4.175E-05,0.024000001
,,,4.176E-05,0.024000001
,,,4.177E-05,0.028000002
,,,4.178E-05,0.024800001
,,,4.179E-05,0.021600001
,,,4.18E-05,0.024000001
,,,4.181E-05,0.024000001
,,,4.182E-05,0.025600002
,,,4.183E-05,0.024800001
,,,4.184E-05,0.024000001
,,,4.185E-05,0.022400001
,,,4.186E-05,0.024000001
,,,4.187E-05,0.025600002
,,,4.188E-05,0.024800001
,,,4.189E-05,0.025600002
,,,4.19E-05,0.024800001
,,,4.191E-05,0.023200001
,,,4.192E-05,0.025600002
,,,4.193E-05,0.024000001
,,,4.194E-05,0.024000001
,,,4.195E-05,0.024800001
,,,4.196E-05,0.024000001
,,,4.197E-05,0.024000001
,,,4.198E-05,0.021600001
,,,4.199E-05,0.024000001
,,,4.2E-05,0.024800001
,,,4.201E-05,0.023200001
,,,4.202E-05,0.024800001
,,,4.203E-05,0.024000001
,,,4.204E-05,0.024000001
,,,4.205E-05,0.024800001
,,,4.206E-05,0.023200001
,,,4.207E-05,0.024000001
,,,4.208E-05,0.024000001
,,,4.209E-05,0.024000001
,,,4.21E-05,0.024000001
,,,4.211E-05,0.025600002
,,,4.212E-05,0.025600002
,,,4.213E-05,0.022400001
,,,4.214E-05,0.024000001
,,,4.215E-05,0.022400001
,,,4.216E-05,0.025600002
,,,4.217E-05,0.024000001
,,,4.218E-05,0.024000001
,,,4.219E-05,0.025600002
,,,4.22E-05,0.024800001
,,,4.221E-05,0.024000001
,,,4.222E-05,0.024000001
,,,4.223E-05,0.024000001
,,,4.224E-05,0.021600001
,,,4.225E-05,0.023200001
,,,4.226E-05,0.023200001
,,,4.227E-05,0.024000001
,,,4.228E-05,0.024800001
,,,4.229E-05,0.024800001
,,,4.23E-05,0.022400001
,,,4.231E-05,0.024000001
,,,4.232E-05,0.024000001
,,,4.233E-05,0.025600002
,,,4.234E-05,0.024800001
,,,4.235E-05,0.024000001
,,,4.236E-05,0.025600002
,,,4.237E-05,0.024000001
,,,4.238E-05,0.024800001
,,,4.239E-05,0.024000001
,,,4.24E-05,0.025600002
,,,4.241E-05,0.023200001
,,,4.242E-05,0.023200001
,,,4.243E-05,0.026400002
,,,4.244E-05,0.024000001
,,,4.245E-05,0.024000001
,,,4.246E-05,0.022400001
,,,4.247E-05,0.024800001
,,,4.248E-05,0.023200001
,,,4.249E-05,0.023200001
,,,4.25E-05,0.024000001
,,,4.251E-05,0.024000001
,,,4.252E-05,0.024000001
,,,4.253E-05,0.024000001
,,,4.254E-05,0.024000001
,,,4.255E-05,0.022400001
,,,4.256E-05,0.024000001
,,,4.257E-05,0.024000001
,,,4.258E-05,0.024000001
,,,4.259E-05,0.023200001
,,,4.26E-05,0.024000001
,,,4.261E-05,0.023200001
,,,4.262E-05,0.024000001
,,,4.263E-05,0.024000001
,,,4.264E-05,0.024000001
,,,4.265E-05,0.024000001
,,,4.266E-05,0.022400001
,,,4.267E-05,0.024000001
,,,4.268E-05,0.023200001
,,,4.269E-05,0.024800001
,,,4.27E-05,0.024800001
,,,4.271E-05,0.024800001
,,,4.272E-05,0.024000001
,,,4.273E-05,0.024000001
,,,4.274E-05,0.024800001
,,,4.275E-05,0.024800001
,,,4.276E-05,0.024000001
,,,4.277E-05,0.024000001
,,,4.278E-05,0.025600002
,,,4.279E-05,0.024000001
,,,4.28E-05,0.024000001
,,,4.281E-05,0.024000001
,,,4.282E-05,0.024000001
,,,4.283E-05,0.024800001
,,,4.284E-05,0.024000001
,,,4.285E-05,0.023200001
,,,4.286E-05,0.024800001
,,,4.287E-05,0.024000001
,,,4.288E-05,0.024000001
,,,4.289E-05,0.022400001
,,,4.29E-05,0.024800001
,,,4.291E-05,0.024000001
,,,4.292E-05,0.024000001
,,,4.293E-05,0.024000001
,,,4.294E-05,0.024800001
,,,4.295E-05,0.024000001
,,,4.296E-05,0.024000001
,,,4.297E-05,0.024000001
,,,4.298E-05,0.024000001
,,,4.299E-05,0.024000001
,,,4.3E-05,0.024000001
,,,4.301E-05,0.025600002
,,,4.302E-05,0.024000001
,,,4.303E-05,0.023200001
,,,4.304E-05,0.023200001
,,,4.305E-05,0.024000001
,,,4.306E-05,0.025600002
,,,4.307E-05,0.025600002
,,,4.308E-05,0.024800001
,,,4.309E-05,0.022400001
,,,4.31E-05,0.025600002
,,,4.311E-05,0.023200001
,,,4.312E-05,0.024800001
,,,4.313E-05,0.024000001
,,,4.314E-05,0.024000001
,,,4.315E-05,0.023200001
,,,4.316E-05,0.024000001
,,,4.317E-05,0.023200001
,,,4.318E-05,0.024000001
,,,4.319E-05,0.024000001
,,,4.32E-05,0.024800001
,,,4.321E-05,0.024000001
,,,4.322E-05,0.022400001
,,,4.323E-05,0.024000001
,,,4.324E-05,0.024800001
,,,4.325E-05,0.025600002
,,,4.326E-05,0.025600002
,,,4.327E-05,0.024000001
,,,4.328E-05,0.024000001
,,,4.329E-05,0.025600002
,,,4.33E-05,0.024800001
,,,4.331E-05,0.024000001
,,,4.332E-05,0.024800001
,,,4.333E-05,0.024000001
,,,4.334E-05,0.023200001
,,,4.335E-05,0.024800001
,,,4.336E-05,0.025600002
,,,4.337E-05,0.024000001
,,,4.338E-05,0.023200001
,,,4.339E-05,0.024800001
,,,4.34E-05,0.024800001
,,,4.341E-05,0.024800001
,,,4.342E-05,0.024800001
,,,4.343E-05,0.024000001
,,,4.344E-05,0.024000001
,,,4.345E-05,0.024800001
,,,4.346E-05,0.024800001
,,,4.347E-05,0.024000001
,,,4.348E-05,0.024000001
,,,4.349E-05,0.024000001
,,,4.35E-05,0.024000001
,,,4.351E-05,0.024000001
,,,4.352E-05,0.022400001
,,,4.353E-05,0.025600002
,,,4.354E-05,0.024800001
,,,4.355E-05,0.024800001
,,,4.356E-05,0.025600002
,,,4.357E-05,0.024800001
,,,4.358E-05,0.023200001
,,,4.359E-05,0.024000001
,,,4.36E-05,0.024000001
,,,4.361E-05,0.024000001
,,,4.362E-05,0.024800001
,,,4.363E-05,0.023200001
,,,4.364E-05,0.023200001
,,,4.365E-05,0.024000001
,,,4.366E-05,0.024000001
,,,4.367E-05,0.024800001
,,,4.368E-05,0.024000001
,,,4.369E-05,0.024000001
,,,4.37E-05,0.024000001
,,,4.371E-05,0.024000001
,,,4.372E-05,0.024000001
,,,4.373E-05,0.024000001
,,,4.374E-05,0.023200001
,,,4.375E-05,0.023200001
,,,4.376E-05,0.024000001
,,,4.377E-05,0.024000001
,,,4.378E-05,0.024800001
,,,4.379E-05,0.024000001
,,,4.38E-05,0.023200001
,,,4.381E-05,0.023200001
,,,4.382E-05,0.024000001
,,,4.383E-05,0.024800001
,,,4.384E-05,0.025600002
,,,4.385E-05,0.024800001
,,,4.386E-05,0.023200001
,,,4.387E-05,0.024000001
,,,4.388E-05,0.023200001
,,,4.389E-05,0.024000001
,,,4.39E-05,0.024000001
,,,4.391E-05,0.025600002
,,,4.392E-05,0.024800001
,,,4.393E-05,0.024000001
,,,4.394E-05,0.024000001
,,,4.395E-05,0.024000001
,,,4.396E-05,0.023200001
,,,4.397E-05,0.023200001
,,,4.398E-05,0.024800001
,,,4.399E-05,0.024000001
,,,4.4E-05,0.024000001
,,,4.401E-05,0.023200001
,,,4.402E-05,0.026400002
,,,4.403E-05,0.024000001
,,,4.404E-05,0.024000001
,,,4.405E-05,0.024000001
,,,4.406E-05,0.024800001
,,,4.407E-05,0.024800001
,,,4.408E-05,0.024000001
,,,4.409E-05,0.024000001
,,,4.41E-05,0.024800001
,,,4.411E-05,0.024000001
,,,4.412E-05,0.024800001
,,,4.413E-05,0.024000001
,,,4.414E-05,0.024800001
,,,4.415E-05,0.023200001
,,,4.416E-05,0.023200001
,,,4.417E-05,0.024000001
,,,4.418E-05,0.022400001
,,,4.419E-05,0.022400001
,,,4.42E-05,0.024800001
,,,4.421E-05,0.024800001
,,,4.422E-05,0.024800001
,,,4.423E-05,0.024000001
,,,4.424E-05,0.025600002
,,,4.425E-05,0.025600002
,,,4.426E-05,0.024800001
,,,4.427E-05,0.024000001
,,,4.428E-05,0.024000001
,,,4.429E-05,0.024000001
,,,4.43E-05,0.025600002
,,,4.431E-05,0.023200001
,,,4.432E-05,0.022400001
,,,4.433E-05,0.024800001
,,,4.434E-05,0.025600002
,,,4.435E-05,0.024000001
,,,4.436E-05,0.023200001
,,,4.437E-05,0.024800001
,,,4.438E-05,0.024000001
,,,4.439E-05,0.024000001
,,,4.44E-05,0.024800001
,,,4.441E-05,0.024000001
,,,4.442E-05,0.024000001
,,,4.443E-05,0.024000001
,,,4.444E-05,0.024800001
,,,4.445E-05,0.024000001
,,,4.446E-05,0.024800001
,,,4.447E-05,0.024800001
,,,4.448E-05,0.024000001
,,,4.449E-05,0.024000001
,,,4.45E-05,0.024800001
,,,4.451E-05,0.024000001
,,,4.452E-05,0.025600002
,,,4.453E-05,0.024000001
,,,4.454E-05,0.024000001
,,,4.455E-05,0.023200001
,,,4.456E-05,0.025600002
,,,4.457E-05,0.024000001
,,,4.458E-05,0.023200001
,,,4.459E-05,0.024800001
,,,4.46E-05,0.024000001
,,,4.461E-05,0.023200001
,,,4.462E-05,0.024800001
,,,4.463E-05,0.024000001
,,,4.464E-05,0.024000001
,,,4.465E-05,0.023200001
,,,4.466E-05,0.024000001
,,,4.467E-05,0.023200001
,,,4.468E-05,0.024000001
,,,4.469E-05,0.024000001
,,,4.47E-05,0.023200001
,,,4.471E-05,0.024800001
,,,4.472E-05,0.024800001
,,,4.473E-05,0.023200001
,,,4.474E-05,0.024800001
,,,4.475E-05,0.024000001
,,,4.476E-05,0.024800001
,,,4.477E-05,0.024000001
,,,4.478E-05,0.024000001
,,,4.479E-05,0.024000001
,,,4.48E-05,0.025600002
,,,4.481E-05,0.024000001
,,,4.482E-05,0.024000001
,,,4.483E-05,0.025600002
,,,4.484E-05,0.023200001
,,,4.485E-05,0.024000001
,,,4.486E-05,0.024800001
,,,4.487E-05,0.024800001
,,,4.488E-05,0.024000001
,,,4.489E-05,0.024000001
,,,4.49E-05,0.024000001
,,,4.491E-05,0.024000001
,,,4.492E-05,0.024000001
,,,4.493E-05,0.023200001
,,,4.494E-05,0.024800001
,,,4.495E-05,0.023200001
,,,4.496E-05,0.023200001
,,,4.497E-05,0.024000001
,,,4.498E-05,0.025600002
,,,4.499E-05,0.024000001
,,,4.5E-05,0.025600002
,,,4.501E-05,0.023200001
,,,4.502E-05,0.024000001
,,,4.503E-05,0.024000001
,,,4.504E-05,0.023200001
,,,4.505E-05,0.024800001
,,,4.506E-05,0.024800001
,,,4.507E-05,0.024000001
,,,4.508E-05,0.024000001
,,,4.509E-05,0.024000001
,,,4.51E-05,0.023200001
,,,4.511E-05,0.024000001
,,,4.512E-05,0.024800001
,,,4.513E-05,0.023200001
,,,4.514E-05,0.024800001
,,,4.515E-05,0.024000001
,,,4.516E-05,0.024000001
,,,4.517E-05,0.024000001
,,,4.518E-05,0.024800001
,,,4.519E-05,0.024800001
,,,4.52E-05,0.023200001
,,,4.521E-05,0.024000001
,,,4.522E-05,0.024800001
,,,4.523E-05,0.023200001
,,,4.524E-05,0.023200001
,,,4.525E-05,0.024000001
,,,4.526E-05,0.024800001
,,,4.527E-05,0.024000001
,,,4.528E-05,0.023200001
,,,4.529E-05,0.023200001
,,,4.53E-05,0.024800001
,,,4.531E-05,0.025600002
,,,4.532E-05,0.024000001
,,,4.533E-05,0.023200001
,,,4.534E-05,0.024800001
,,,4.535E-05,0.023200001
,,,4.536E-05,0.024000001
,,,4.537E-05,0.025600002
,,,4.538E-05,0.024800001
,,,4.539E-05,0.024800001
,,,4.54E-05,0.024000001
,,,4.541E-05,0.024000001
,,,4.542E-05,0.024000001
,,,4.543E-05,0.024000001
,,,4.544E-05,0.024000001
,,,4.545E-05,0.023200001
,,,4.546E-05,0.024000001
,,,4.547E-05,0.024000001
,,,4.548E-05,0.023200001
,,,4.549E-05,0.025600002
,,,4.55E-05,0.024000001
,,,4.551E-05,0.024800001
,,,4.552E-05,0.024000001
,,,4.553E-05,0.024800001
,,,4.554E-05,0.024000001
,,,4.555E-05,0.024800001
,,,4.556E-05,0.024800001
,,,4.557E-05,0.025600002
,,,4.558E-05,0.024800001
,,,4.559E-05,0.024000001
,,,4.56E-05,0.024000001
,,,4.561E-05,0.023200001
,,,4.562E-05,0.024000001
,,,4.563E-05,0.024000001
,,,4.564E-05,0.024800001
,,,4.565E-05,0.022400001
,,,4.566E-05,0.023200001
,,,4.567E-05,0.024000001
,,,4.568E-05,0.024800001
,,,4.569E-05,0.024000001
,,,4.57E-05,0.023200001
,,,4.571E-05,0.024000001
,,,4.572E-05,0.024000001
,,,4.573E-05,0.024000001
,,,4.574E-05,0.024000001
,,,4.575E-05,0.024000001
,,,4.576E-05,0.024000001
,,,4.577E-05,0.024000001
,,,4.578E-05,0.025600002
,,,4.579E-05,0.024000001
,,,4.58E-05,0.025600002
,,,4.581E-05,0.024000001
,,,4.582E-05,0.024000001
,,,4.583E-05,0.024000001
,,,4.584E-05,0.024800001
,,,4.585E-05,0.024800001
,,,4.586E-05,0.024000001
,,,4.587E-05,0.023200001
,,,4.588E-05,0.024000001
,,,4.589E-05,0.024800001
,,,4.59E-05,0.025600002
,,,4.591E-05,0.024800001
,,,4.592E-05,0.024000001
,,,4.593E-05,0.023200001
,,,4.594E-05,0.022400001
,,,4.595E-05,0.024000001
,,,4.596E-05,0.024800001
,,,4.597E-05,0.024000001
,,,4.598E-05,0.024000001
,,,4.599E-05,0.024000001
,,,4.6E-05,0.024800001
,,,4.601E-05,0.023200001
,,,4.602E-05,0.024000001
,,,4.603E-05,0.024800001
,,,4.604E-05,0.024000001
,,,4.605E-05,0.024000001
,,,4.606E-05,0.024000001
,,,4.607E-05,0.024800001
,,,4.608E-05,0.024800001
,,,4.609E-05,0.025600002
,,,4.61E-05,0.024000001
,,,4.611E-05,0.024000001
,,,4.612E-05,0.023200001
,,,4.613E-05,0.024000001
,,,4.614E-05,0.022400001
,,,4.615E-05,0.024000001
,,,4.616E-05,0.024000001
,,,4.617E-05,0.024000001
,,,4.618E-05,0.025600002
,,,4.619E-05,0.023200001
,,,4.62E-05,0.024000001
,,,4.621E-05,0.024000001
,,,4.622E-05,0.024000001
,,,4.623E-05,0.023200001
,,,4.624E-05,0.024000001
,,,4.625E-05,0.024000001
,,,4.626E-05,0.024800001
,,,4.627E-05,0.024800001
,,,4.628E-05,0.023200001
,,,4.629E-05,0.024000001
,,,4.63E-05,0.023200001
,,,4.631E-05,0.024000001
,,,4.632E-05,0.024000001
,,,4.633E-05,0.023200001
,,,4.634E-05,0.023200001
,,,4.635E-05,0.023200001
,,,4.636E-05,0.024800001
,,,4.637E-05,0.023200001
,,,4.638E-05,0.027200002
,,,4.639E-05,0.024000001
,,,4.64E-05,0.022400001
,,,4.641E-05,0.025600002
,,,4.642E-05,0.024000001
,,,4.643E-05,0.024800001
,,,4.644E-05,0.024000001
,,,4.645E-05,0.024000001
,,,4.646E-05,0.024000001
,,,4.647E-05,0.023200001
,,,4.648E-05,0.024000001
,,,4.649E-05,0.025600002
,,,4.65E-05,0.025600002
,,,4.651E-05,0.024000001
,,,4.652E-05,0.022400001
,,,4.653E-05,0.024800001
,,,4.654E-05,0.024000001
,,,4.655E-05,0.023200001
,,,4.656E-05,0.024000001
,,,4.657E-05,0.025600002
,,,4.658E-05,0.024800001
,,,4.659E-05,0.024800001
,,,4.66E-05,0.023200001
,,,4.661E-05,0.021600001
,,,4.662E-05,0.023200001
,,,4.663E-05,0.024000001
,,,4.664E-05,0.022400001
,,,4.665E-05,0.024800001
,,,4.666E-05,0.025600002
,,,4.667E-05,0.024000001
,,,4.668E-05,0.025600002
,,,4.669E-05,0.026400002
,,,4.67E-05,0.025600002
,,,4.671E-05,0.024000001
,,,4.672E-05,0.024000001
,,,4.673E-05,0.024000001
,,,4.674E-05,0.024000001
,,,4.675E-05,0.024000001
,,,4.676E-05,0.024000001
,,,4.677E-05,0.024000001
,,,4.678E-05,0.024000001
,,,4.679E-05,0.024800001
,,,4.68E-05,0.024800001
,,,4.681E-05,0.025600002
,,,4.682E-05,0.023200001
,,,4.683E-05,0.023200001
,,,4.684E-05,0.024000001
,,,4.685E-05,0.025600002
,,,4.686E-05,0.024000001
,,,4.687E-05,0.024800001
,,,4.688E-05,0.024000001
,,,4.689E-05,0.024000001
,,,4.69E-05,0.024000001
,,,4.691E-05,0.024000001
,,,4.692E-05,0.024000001
,,,4.693E-05,0.025600002
,,,4.694E-05,0.024000001
,,,4.695E-05,0.024000001
,,,4.696E-05,0.024000001
,,,4.697E-05,0.023200001
,,,4.698E-05,0.024800001
,,,4.699E-05,0.023200001
,,,4.7E-05,0.021600001
,,,4.701E-05,0.024000001
,,,4.702E-05,0.024000001
,,,4.703E-05,0.024000001
,,,4.704E-05,0.024000001
,,,4.705E-05,0.023200001
,,,4.706E-05,0.024800001
,,,4.707E-05,0.022400001
,,,4.708E-05,0.024000001
,,,4.709E-05,0.025600002
,,,4.71E-05,0.024000001
,,,4.711E-05,0.026400002
,,,4.712E-05,0.024800001
,,,4.713E-05,0.023200001
,,,4.714E-05,0.024000001
,,,4.715E-05,0.024000001
,,,4.716E-05,0.023200001
,,,4.717E-05,0.024800001
,,,4.718E-05,0.024800001
,,,4.719E-05,0.024000001
,,,4.72E-05,0.024000001
,,,4.721E-05,0.022400001
,,,4.722E-05,0.024000001
,,,4.723E-05,0.024000001
,,,4.724E-05,0.024000001
,,,4.725E-05,0.025600002
,,,4.726E-05,0.025600002
,,,4.727E-05,0.022400001
,,,4.728E-05,0.024000001
,,,4.729E-05,0.024800001
,,,4.73E-05,0.023200001
,,,4.731E-05,0.023200001
,,,4.732E-05,0.024800001
,,,4.733E-05,0.023200001
,,,4.734E-05,0.024000001
,,,4.735E-05,0.023200001
,,,4.736E-05,0.024800001
,,,4.737E-05,0.024000001
,,,4.738E-05,0.024000001
,,,4.739E-05,0.024800001
,,,4.74E-05,0.024000001
,,,4.741E-05,0.023200001
,,,4.742E-05,0.024800001
,,,4.743E-05,0.024000001
,,,4.744E-05,0.025600002
,,,4.745E-05,0.023200001
,,,4.746E-05,0.025600002
,,,4.747E-05,0.023200001
,,,4.748E-05,0.024000001
,,,4.749E-05,0.024000001
,,,4.75E-05,0.024800001
,,,4.751E-05,0.023200001
,,,4.752E-05,0.024000001
,,,4.753E-05,0.024000001
,,,4.754E-05,0.024000001
,,,4.755E-05,0.024000001
,,,4.756E-05,0.024000001
,,,4.757E-05,0.025600002
,,,4.758E-05,0.025600002
,,,4.759E-05,0.024000001
,,,4.76E-05,0.024800001
,,,4.761E-05,0.024000001
,,,4.762E-05,0.024000001
,,,4.763E-05,0.024800001
,,,4.764E-05,0.024000001
,,,4.765E-05,0.024800001
,,,4.766E-05,0.023200001
,,,4.767E-05,0.024000001
,,,4.768E-05,0.024000001
,,,4.769E-05,0.024000001
,,,4.77E-05,0.024800001
,,,4.771E-05,0.024800001
,,,4.772E-05,0.024000001
,,,4.773E-05,0.024000001
,,,4.774E-05,0.024800001
,,,4.775E-05,0.023200001
,,,4.776E-05,0.023200001
,,,4.777E-05,0.024800001
,,,4.778E-05,0.024000001
,,,4.779E-05,0.024800001
,,,4.78E-05,0.024000001
,,,4.781E-05,0.023200001
,,,4.782E-05,0.024000001
,,,4.783E-05,0.024800001
,,,4.784E-05,0.023200001
,,,4.785E-05,0.024000001
,,,4.786E-05,0.024000001
,,,4.787E-05,0.024000001
,,,4.788E-05,0.024000001
,,,4.789E-05,0.024800001
,,,4.79E-05,0.024000001
,,,4.791E-05,0.024000001
,,,4.792E-05,0.024000001
,,,4.793E-05,0.022400001
,,,4.794E-05,0.024800001
,,,4.795E-05,0.024000001
,,,4.796E-05,0.025600002
,,,4.797E-05,0.024800001
,,,4.798E-05,0.024000001
,,,4.799E-05,0.024800001
,,,4.8E-05,0.024000001
,,,4.801E-05,0.023200001
,,,4.802E-05,0.024000001
,,,4.803E-05,0.024800001
,,,4.804E-05,0.024000001
,,,4.805E-05,0.024000001
,,,4.806E-05,0.024000001
,,,4.807E-05,0.024800001
,,,4.808E-05,0.025600002
,,,4.809E-05,0.024000001
,,,4.81E-05,0.026400002
,,,4.811E-05,0.024800001
,,,4.812E-05,0.024800001
,,,4.813E-05,0.024000001
,,,4.814E-05,0.024000001
,,,4.815E-05,0.023200001
,,,4.816E-05,0.024000001
,,,4.817E-05,0.024000001
,,,4.818E-05,0.024000001
,,,4.819E-05,0.024800001
,,,4.82E-05,0.024800001
,,,4.821E-05,0.024000001
,,,4.822E-05,0.024000001
,,,4.823E-05,0.024800001
,,,4.824E-05,0.024000001
,,,4.825E-05,0.023200001
,,,4.826E-05,0.024800001
,,,4.827E-05,0.024000001
,,,4.828E-05,0.024800001
,,,4.829E-05,0.024000001
,,,4.83E-05,0.025600002
,,,4.831E-05,0.024000001
,,,4.832E-05,0.025600002
,,,4.833E-05,0.024000001
,,,4.834E-05,0.024800001
,,,4.835E-05,0.024000001
,,,4.836E-05,0.025600002
,,,4.837E-05,0.024000001
,,,4.838E-05,0.024000001
,,,4.839E-05,0.023200001
,,,4.84E-05,0.024800001
,,,4.841E-05,0.023200001
,,,4.842E-05,0.023200001
,,,4.843E-05,0.024000001
,,,4.844E-05,0.024000001
,,,4.845E-05,0.024000001
,,,4.846E-05,0.024800001
,,,4.847E-05,0.024000001
,,,4.848E-05,0.024000001
,,,4.849E-05,0.024000001
,,,4.85E-05,0.024000001
,,,4.851E-05,0.025600002
,,,4.852E-05,0.024000001
,,,4.853E-05,0.024000001
,,,4.854E-05,0.024800001
,,,4.855E-05,0.024000001
,,,4.856E-05,0.023200001
,,,4.857E-05,0.023200001
,,,4.858E-05,0.024000001
,,,4.859E-05,0.024000001
,,,4.86E-05,0.024000001
,,,4.861E-05,0.024000001
,,,4.862E-05,0.025600002
,,,4.863E-05,0.024000001
,,,4.864E-05,0.027200002
,,,4.865E-05,0.024000001
,,,4.866E-05,0.024000001
,,,4.867E-05,0.024800001
,,,4.868E-05,0.023200001
,,,4.869E-05,0.023200001
,,,4.87E-05,0.024000001
,,,4.871E-05,0.023200001
,,,4.872E-05,0.025600002
,,,4.873E-05,0.024000001
,,,4.874E-05,0.024000001
,,,4.875E-05,0.025600002
,,,4.876E-05,0.024800001
,,,4.877E-05,0.024000001
,,,4.878E-05,0.024000001
,,,4.879E-05,0.024800001
,,,4.88E-05,0.024000001
,,,4.881E-05,0.024800001
,,,4.882E-05,0.024800001
,,,4.883E-05,0.024000001
,,,4.884E-05,0.025600002
,,,4.885E-05,0.024000001
,,,4.886E-05,0.024800001
,,,4.887E-05,0.024000001
,,,4.888E-05,0.024000001
,,,4.889E-05,0.023200001
,,,4.89E-05,0.024800001
,,,4.891E-05,0.024800001
,,,4.892E-05,0.024800001
,,,4.893E-05,0.024000001
,,,4.894E-05,0.024800001
,,,4.895E-05,0.024000001
,,,4.896E-05,0.024000001
,,,4.897E-05,0.024800001
,,,4.898E-05,0.025600002
,,,4.899E-05,0.023200001
,,,4.9E-05,0.024800001
,,,4.901E-05,0.024800001
,,,4.902E-05,0.023200001
,,,4.903E-05,0.024000001
,,,4.904E-05,0.024800001
,,,4.905E-05,0.024000001
,,,4.906E-05,0.024000001
,,,4.907E-05,0.023200001
,,,4.908E-05,0.023200001
,,,4.909E-05,0.023200001
,,,4.91E-05,0.024800001
,,,4.911E-05,0.024000001
,,,4.912E-05,0.025600002
,,,4.913E-05,0.024000001
,,,4.914E-05,0.024800001
,,,4.915E-05,0.024000001
,,,4.916E-05,0.025600002
,,,4.917E-05,0.024000001
,,,4.918E-05,0.024800001
,,,4.919E-05,0.024000001
,,,4.92E-05,0.024800001
,,,4.921E-05,0.024000001
,,,4.922E-05,0.024000001
,,,4.923E-05,0.025600002
,,,4.924E-05,0.025600002
,,,4.925E-05,0.024800001
,,,4.926E-05,0.024800001
,,,4.927E-05,0.024000001
,,,4.928E-05,0.024000001
,,,4.929E-05,0.022400001
,,,4.93E-05,0.024000001
,,,4.931E-05,0.024800001
,,,4.932E-05,0.024800001
,,,4.933E-05,0.024800001
,,,4.934E-05,0.023200001
,,,4.935E-05,0.024000001
,,,4.936E-05,0.024000001
,,,4.937E-05,0.024800001
,,,4.938E-05,0.024000001
,,,4.939E-05,0.024000001
,,,4.94E-05,0.024800001
,,,4.941E-05,0.024000001
,,,4.942E-05,0.024000001
,,,4.943E-05,0.024800001
,,,4.944E-05,0.024800001
,,,4.945E-05,0.024000001
,,,4.946E-05,0.024000001
,,,4.947E-05,0.024000001
,,,4.948E-05,0.024000001
,,,4.949E-05,0.024000001
,,,4.95E-05,0.023200001
,,,4.951E-05,0.024000001
,,,4.952E-05,0.024000001
,,,4.953E-05,0.024000001
,,,4.954E-05,0.024800001
,,,4.955E-05,0.023200001
,,,4.956E-05,0.024000001
,,,4.957E-05,0.024000001
,,,4.958E-05,0.024800001
,,,4.959E-05,0.023200001
,,,4.96E-05,0.024000001
,,,4.961E-05,0.022400001
,,,4.962E-05,0.024800001
,,,4.963E-05,0.024800001
,,,4.964E-05,0.025600002
,,,4.965E-05,0.022400001
,,,4.966E-05,0.025600002
,,,4.967E-05,0.026400002
,,,4.968E-05,0.024000001
,,,4.969E-05,0.024000001
,,,4.97E-05,0.025600002
,,,4.971E-05,0.024000001
,,,4.972E-05,0.024000001
,,,4.973E-05,0.024000001
,,,4.974E-05,0.024000001
,,,4.975E-05,0.024000001
,,,4.976E-05,0.024000001
,,,4.977E-05,0.025600002
,,,4.978E-05,0.024000001
,,,4.979E-05,0.023200001
,,,4.98E-05,0.024000001
,,,4.981E-05,0.024000001
,,,4.982E-05,0.024000001
,,,4.983E-05,0.024800001
,,,4.984E-05,0.023200001
,,,4.985E-05,0.024000001
,,,4.986E-05,0.023200001
,,,4.987E-05,0.024800001
,,,4.988E-05,0.022400001
,,,4.989E-05,0.024000001
,,,4.99E-05,0.024000001
,,,4.991E-05,0.023200001
,,,4.992E-05,0.024800001
,,,4.993E-05,0.025600002
,,,4.994E-05,0.024800001
,,,4.995E-05,0.024000001
,,,4.996E-05,0.024800001
,,,4.997E-05,0.024000001
,,,4.998E-05,0.024000001
,,,4.999E-05,0.024800001
,,,5E-05,0.024800001
,,,5.001E-05,0.024800001
,,,5.002E-05,0.024800001
,,,5.003E-05,0.024000001
,,,5.004E-05,0.023200001
,,,5.005E-05,0.024000001
,,,5.006E-05,0.023200001
,,,5.007E-05,0.024000001
,,,5.008E-05,0.024000001
,,,5.009E-05,0.023200001
,,,5.01E-05,0.025600002
,,,5.011E-05,0.024000001
,,,5.012E-05,0.024000001
,,,5.013E-05,0.022400001
,,,5.014E-05,0.024000001
,,,5.015E-05,0.026400002
,,,5.016E-05,0.023200001
,,,5.017E-05,0.024800001
,,,5.018E-05,0.024000001
,,,5.019E-05,0.024000001
,,,5.02E-05,0.023200001
,,,5.021E-05,0.024000001
,,,5.022E-05,0.024000001
,,,5.023E-05,0.024000001
,,,5.024E-05,0.024000001
,,,5.025E-05,0.024800001
,,,5.026E-05,0.023200001
,,,5.027E-05,0.024000001
,,,5.028E-05,0.025600002
,,,5.029E-05,0.024000001
,,,5.03E-05,0.024800001
,,,5.031E-05,0.024000001
,,,5.032E-05,0.023200001
,,,5.033E-05,0.024000001
,,,5.034E-05,0.024800001
,,,5.035E-05,0.024000001
,,,5.036E-05,0.025600002
,,,5.037E-05,0.024000001
,,,5.038E-05,0.024800001
,,,5.039E-05,0.024000001
,,,5.04E-05,0.024800001
,,,5.041E-05,0.024800001
,,,5.042E-05,0.023200001
,,,5.043E-05,0.023200001
,,,5.044E-05,0.024000001
,,,5.045E-05,0.025600002
,,,5.046E-05,0.024000001
,,,5.047E-05,0.025600002
,,,5.048E-05,0.023200001
,,,5.049E-05,0.025600002
,,,5.05E-05,0.024000001
,,,5.051E-05,0.025600002
,,,5.052E-05,0.024000001
,,,5.053E-05,0.025600002
,,,5.054E-05,0.023200001
,,,5.055E-05,0.025600002
,,,5.056E-05,0.024000001
,,,5.057E-05,0.024000001
,,,5.058E-05,0.024800001
,,,5.059E-05,0.024000001
,,,5.06E-05,0.024000001
,,,5.061E-05,0.024800001
,,,5.062E-05,0.023200001
,,,5.063E-05,0.024000001
,,,5.064E-05,0.024800001
,,,5.065E-05,0.024000001
,,,5.066E-05,0.024000001
,,,5.067E-05,0.023200001
,,,5.068E-05,0.024000001
,,,5.069E-05,0.024000001
,,,5.07E-05,0.024000001
,,,5.071E-05,0.024000001
,,,5.072E-05,0.024000001
,,,5.073E-05,0.024800001
,,,5.074E-05,0.024000001
,,,5.075E-05,0.024800001
,,,5.076E-05,0.024000001
,,,5.077E-05,0.024800001
,,,5.078E-05,0.024000001
,,,5.079E-05,0.024000001
,,,5.08E-05,0.026400002
,,,5.081E-05,0.024000001
,,,5.082E-05,0.024000001
,,,5.083E-05,0.024800001
,,,5.084E-05,0.024000001
,,,5.085E-05,0.023200001
,,,5.086E-05,0.023200001
,,,5.087E-05,0.024000001
,,,5.088E-05,0.024800001
,,,5.089E-05,0.026400002
,,,5.09E-05,0.023200001
,,,5.091E-05,0.022400001
,,,5.092E-05,0.024000001
,,,5.093E-05,0.024000001
,,,5.094E-05,0.025600002
,,,5.095E-05,0.024000001
,,,5.096E-05,0.024800001
,,,5.097E-05,0.024000001
,,,5.098E-05,0.023200001
,,,5.099E-05,0.024000001
,,,5.1E-05,0.024800001
,,,5.101E-05,0.024000001
,,,5.102E-05,0.024000001
,,,5.103E-05,0.025600002
,,,5.104E-05,0.024000001
,,,5.105E-05,0.022400001
,,,5.106E-05,0.024800001
,,,5.107E-05,0.024800001
,,,5.108E-05,0.024000001
,,,5.109E-05,0.023200001
,,,5.11E-05,0.024800001
,,,5.111E-05,0.024000001
,,,5.112E-05,0.024800001
,,,5.113E-05,0.024800001
,,,5.114E-05,0.024000001
,,,5.115E-05,0.023200001
,,,5.116E-05,0.024000001
,,,5.117E-05,0.024800001
,,,5.118E-05,0.023200001
,,,5.119E-05,0.025600002
,,,5.12E-05,0.024000001
,,,5.121E-05,0.023200001
,,,5.122E-05,0.024800001
,,,5.123E-05,0.024000001
,,,5.124E-05,0.024000001
,,,5.125E-05,0.024000001
,,,5.126E-05,0.025600002
,,,5.127E-05,0.024000001
,,,5.128E-05,0.025600002
,,,5.129E-05,0.024000001
,,,5.13E-05,0.024000001
,,,5.131E-05,0.023200001
,,,5.132E-05,0.024800001
,,,5.133E-05,0.024000001
,,,5.134E-05,0.024000001
,,,5.135E-05,0.023200001
,,,5.136E-05,0.023200001
,,,5.137E-05,0.024800001
,,,5.138E-05,0.024000001
,,,5.139E-05,0.024000001
,,,5.14E-05,0.024000001
,,,5.141E-05,0.026400002
,,,5.142E-05,0.024800001
,,,5.143E-05,0.024000001
,,,5.144E-05,0.024800001
,,,5.145E-05,0.024000001
,,,5.146E-05,0.024000001
,,,5.147E-05,0.022400001
,,,5.148E-05,0.024000001
,,,5.149E-05,0.024000001
,,,5.15E-05,0.024000001
,,,5.151E-05,0.024000001
,,,5.152E-05,0.024000001
,,,5.153E-05,0.023200001
,,,5.154E-05,0.024000001
,,,5.155E-05,0.023200001
,,,5.156E-05,0.024000001
,,,5.157E-05,0.024000001
,,,5.158E-05,0.025600002
,,,5.159E-05,0.024000001
,,,5.16E-05,0.025600002
,,,5.161E-05,0.024800001
,,,5.162E-05,0.024800001
,,,5.163E-05,0.025600002
,,,5.164E-05,0.024800001
,,,5.165E-05,0.024000001
,,,5.166E-05,0.024000001
,,,5.167E-05,0.024800001
,,,5.168E-05,0.023200001
,,,5.169E-05,0.024800001
,,,5.17E-05,0.024000001
,,,5.171E-05,0.024000001
,,,5.172E-05,0.024000001
,,,5.173E-05,0.024800001
,,,5.174E-05,0.024000001
,,,5.175E-05,0.024800001
,,,5.176E-05,0.023200001
,,,5.177E-05,0.025600002
,,,5.178E-05,0.023200001
,,,5.179E-05,0.024800001
,,,5.18E-05,0.024000001
,,,5.181E-05,0.024800001
,,,5.182E-05,0.024000001
,,,5.183E-05,0.024000001
,,,5.184E-05,0.025600002
,,,5.185E-05,0.024000001
,,,5.186E-05,0.023200001
,,,5.187E-05,0.023200001
,,,5.188E-05,0.024000001
,,,5.189E-05,0.025600002
,,,5.19E-05,0.024000001
,,,5.191E-05,0.025600002
,,,5.192E-05,0.023200001
,,,5.193E-05,0.024800001
,,,5.194E-05,0.022400001
,,,5.195E-05,0.023200001
,,,5.196E-05,0.024000001
,,,5.197E-05,0.024000001
,,,5.198E-05,0.024000001
,,,5.199E-05,0.023200001
,,,5.2E-05,0.024800001
,,,5.201E-05,0.023200001
,,,5.202E-05,0.023200001
,,,5.203E-05,0.024000001
,,,5.204E-05,0.023200001
,,,5.205E-05,0.024000001
,,,5.206E-05,0.024000001
,,,5.207E-05,0.024800001
,,,5.208E-05,0.026400002
,,,5.209E-05,0.024800001
,,,5.21E-05,0.023200001
,,,5.211E-05,0.024000001
,,,5.212E-05,0.024000001
,,,5.213E-05,0.023200001
,,,5.214E-05,0.024000001
,,,5.215E-05,0.024000001
,,,5.216E-05,0.024000001
,,,5.217E-05,0.024800001
,,,5.218E-05,0.022400001
,,,5.219E-05,0.024800001
,,,5.22E-05,0.024800001
,,,5.221E-05,0.023200001
,,,5.222E-05,0.023200001
,,,5.223E-05,0.024000001
,,,5.224E-05,0.024000001
,,,5.225E-05,0.023200001
,,,5.226E-05,0.024000001
,,,5.227E-05,0.024000001
,,,5.228E-05,0.024000001
,,,5.229E-05,0.023200001
,,,5.23E-05,0.024000001
,,,5.231E-05,0.025600002
,,,5.232E-05,0.024000001
,,,5.233E-05,0.024800001
,,,5.234E-05,0.024800001
,,,5.235E-05,0.024800001
,,,5.236E-05,0.024800001
,,,5.237E-05,0.024800001
,,,5.238E-05,0.024000001
,,,5.239E-05,0.023200001
,,,5.24E-05,0.024800001
,,,5.241E-05,0.025600002
,,,5.242E-05,0.025600002
,,,5.243E-05,0.024800001
,,,5.244E-05,0.024800001
,,,5.245E-05,0.024000001
,,,5.246E-05,0.024000001
,,,5.247E-05,0.024000001
,,,5.248E-05,0.024000001
,,,5.249E-05,0.024000001
,,,5.25E-05,0.024000001
,,,5.251E-05,0.024000001
,,,5.252E-05,0.024000001
,,,5.253E-05,0.024800001
,,,5.254E-05,0.025600002
,,,5.255E-05,0.024800001
,,,5.256E-05,0.024000001
,,,5.257E-05,0.024000001
,,,5.258E-05,0.023200001
,,,5.259E-05,0.024000001
,,,5.26E-05,0.024800001
,,,5.261E-05,0.024800001
,,,5.262E-05,0.023200001
,,,5.263E-05,0.023200001
,,,5.264E-05,0.022400001
,,,5.265E-05,0.024800001
,,,5.266E-05,0.025600002
,,,5.267E-05,0.023200001
,,,5.268E-05,0.023200001
,,,5.269E-05,0.024000001
,,,5.27E-05,0.023200001
,,,5.271E-05,0.024800001
,,,5.272E-05,0.024800001
,,,5.273E-05,0.024800001
,,,5.274E-05,0.023200001
,,,5.275E-05,0.023200001
,,,5.276E-05,0.024800001
,,,5.277E-05,0.024000001
,,,5.278E-05,0.024800001
,,,5.279E-05,0.024000001
,,,5.28E-05,0.025600002
,,,5.281E-05,0.024800001
,,,5.282E-05,0.024000001
,,,5.283E-05,0.024800001
,,,5.284E-05,0.024800001
,,,5.285E-05,0.024800001
,,,5.286E-05,0.024000001
,,,5.287E-05,0.024000001
,,,5.288E-05,0.024800001
,,,5.289E-05,0.023200001
,,,5.29E-05,0.024000001
,,,5.291E-05,0.024000001
,,,5.292E-05,0.023200001
,,,5.293E-05,0.024000001
,,,5.294E-05,0.023200001
,,,5.295E-05,0.024000001
,,,5.296E-05,0.024000001
,,,5.297E-05,0.024800001
,,,5.298E-05,0.024000001
,,,5.299E-05,0.024000001
,,,5.3E-05,0.023200001
,,,5.301E-05,0.023200001
,,,5.302E-05,0.024000001
,,,5.303E-05,0.024800001
,,,5.304E-05,0.024000001
,,,5.305E-05,0.024800001
,,,5.306E-05,0.026400002
,,,5.307E-05,0.024800001
,,,5.308E-05,0.024000001
,,,5.309E-05,0.024800001
,,,5.31E-05,0.025600002
,,,5.311E-05,0.024800001
,,,5.312E-05,0.023200001
,,,5.313E-05,0.023200001
,,,5.314E-05,0.023200001
,,,5.315E-05,0.024000001
,,,5.316E-05,0.024000001
,,,5.317E-05,0.025600002
,,,5.318E-05,0.024800001
,,,5.319E-05,0.024000001
,,,5.32E-05,0.024800001
,,,5.321E-05,0.024000001
,,,5.322E-05,0.024000001
,,,5.323E-05,0.024800001
,,,5.324E-05,0.025600002
,,,5.325E-05,0.024000001
,,,5.326E-05,0.024800001
,,,5.327E-05,0.024000001
,,,5.328E-05,0.024000001
,,,5.329E-05,0.024000001
,,,5.33E-05,0.024000001
,,,5.331E-05,0.024000001
,,,5.332E-05,0.024000001
,,,5.333E-05,0.023200001
,,,5.334E-05,0.023200001
,,,5.335E-05,0.024800001
,,,5.336E-05,0.024800001
,,,5.337E-05,0.024000001
,,,5.338E-05,0.024000001
,,,5.339E-05,0.024800001
,,,5.34E-05,0.025600002
,,,5.341E-05,0.024000001
,,,5.342E-05,0.023200001
,,,5.343E-05,0.024000001
,,,5.344E-05,0.024800001
,,,5.345E-05,0.025600002
,,,5.346E-05,0.024000001
,,,5.347E-05,0.025600002
,,,5.348E-05,0.024000001
,,,5.349E-05,0.024800001
,,,5.35E-05,0.024000001
,,,5.351E-05,0.022400001
,,,5.352E-05,0.025600002
,,,5.353E-05,0.024000001
,,,5.354E-05,0.025600002
,,,5.355E-05,0.025600002
,,,5.356E-05,0.024000001
,,,5.357E-05,0.024000001
,,,5.358E-05,0.024800001
,,,5.359E-05,0.023200001
,,,5.36E-05,0.024800001
,,,5.361E-05,0.022400001
,,,5.362E-05,0.024000001
,,,5.363E-05,0.024800001
,,,5.364E-05,0.024800001
,,,5.365E-05,0.025600002
,,,5.366E-05,0.024000001
,,,5.367E-05,0.024800001
,,,5.368E-05,0.023200001
,,,5.369E-05,0.024800001
,,,5.37E-05,0.024800001
,,,5.371E-05,0.024000001
,,,5.372E-05,0.024000001
,,,5.373E-05,0.025600002
,,,5.374E-05,0.024800001
,,,5.375E-05,0.024800001
,,,5.376E-05,0.024000001
,,,5.377E-05,0.023200001
,,,5.378E-05,0.024000001
,,,5.379E-05,0.024000001
,,,5.38E-05,0.022400001
,,,5.381E-05,0.024800001
,,,5.382E-05,0.024800001
,,,5.383E-05,0.025600002
,,,5.384E-05,0.024000001
,,,5.385E-05,0.024800001
,,,5.386E-05,0.024000001
,,,5.387E-05,0.024000001
,,,5.388E-05,0.022400001
,,,5.389E-05,0.025600002
,,,5.39E-05,0.024000001
,,,5.391E-05,0.023200001
,,,5.392E-05,0.024000001
,,,5.393E-05,0.024000001
,,,5.394E-05,0.022400001
,,,5.395E-05,0.023200001
,,,5.396E-05,0.024000001
,,,5.397E-05,0.024000001
,,,5.398E-05,0.024000001
,,,5.399E-05,0.024000001
,,,5.4E-05,0.024000001
,,,5.401E-05,0.024000001
,,,5.402E-05,0.024000001
,,,5.403E-05,0.024000001
,,,5.404E-05,0.024000001
,,,5.405E-05,0.024000001
,,,5.406E-05,0.024800001
,,,5.407E-05,0.026400002
,,,5.408E-05,0.024000001
,,,5.409E-05,0.024000001
,,,5.41E-05,0.023200001
,,,5.411E-05,0.024000001
,,,5.412E-05,0.024000001
,,,5.413E-05,0.025600002
,,,5.414E-05,0.024000001
,,,5.415E-05,0.023200001
,,,5.416E-05,0.024800001
,,,5.417E-05,0.024000001
,,,5.418E-05,0.024000001
,,,5.419E-05,0.024000001
,,,5.42E-05,0.024000001
,,,5.421E-05,0.024800001
,,,5.422E-05,0.024800001
,,,5.423E-05,0.024000001
,,,5.424E-05,0.024000001
,,,5.425E-05,0.026400002
,,,5.426E-05,0.024000001
,,,5.427E-05,0.024000001
,,,5.428E-05,0.024800001
,,,5.429E-05,0.024000001
,,,5.43E-05,0.024000001
,,,5.431E-05,0.024800001
,,,5.432E-05,0.024000001
,,,5.433E-05,0.024800001
,,,5.434E-05,0.023200001
,,,5.435E-05,0.024000001
,,,5.436E-05,0.024800001
,,,5.437E-05,0.024000001
,,,5.438E-05,0.022400001
,,,5.439E-05,0.022400001
,,,5.44E-05,0.024800001
,,,5.441E-05,0.024000001
,,,5.442E-05,0.023200001
,,,5.443E-05,0.024800001
,,,5.444E-05,0.024000001
,,,5.445E-05,0.023200001
,,,5.446E-05,0.024800001
,,,5.447E-05,0.024000001
,,,5.448E-05,0.024800001
,,,5.449E-05,0.024000001
,,,5.45E-05,0.024000001
,,,5.451E-05,0.022400001
,,,5.452E-05,0.023200001
,,,5.453E-05,0.023200001
,,,5.454E-05,0.024000001
,,,5.455E-05,0.024800001
,,,5.456E-05,0.025600002
,,,5.457E-05,0.024000001
,,,5.458E-05,0.025600002
,,,5.459E-05,0.025600002
,,,5.46E-05,0.024000001
,,,5.461E-05,0.026400002
,,,5.462E-05,0.025600002
,,,5.463E-05,0.024000001
,,,5.464E-05,0.024800001
,,,5.465E-05,0.023200001
,,,5.466E-05,0.024000001
,,,5.467E-05,0.024000001
,,,5.468E-05,0.024000001
,,,5.469E-05,0.024000001
,,,5.47E-05,0.024000001
,,,5.471E-05,0.024000001
,,,5.472E-05,0.024000001
,,,5.473E-05,0.024000001
,,,5.474E-05,0.024000001
,,,5.475E-05,0.024800001
,,,5.476E-05,0.024000001
,,,5.477E-05,0.024000001
,,,5.478E-05,0.024000001
,,,5.479E-05,0.023200001
,,,5.48E-05,0.024000001
,,,5.481E-05,0.025600002
,,,5.482E-05,0.024000001
,,,5.483E-05,0.023200001
,,,5.484E-05,0.024800001
,,,5.485E-05,0.024800001
,,,5.486E-05,0.024800001
,,,5.487E-05,0.024000001
,,,5.488E-05,0.024800001
,,,5.489E-05,0.024800001
,,,5.49E-05,0.024000001
,,,5.491E-05,0.024000001
,,,5.492E-05,0.022400001
,,,5.493E-05,0.024000001
,,,5.494E-05,0.024000001
,,,5.495E-05,0.023200001
,,,5.496E-05,0.024000001
,,,5.497E-05,0.025600002
,,,5.498E-05,0.025600002
,,,5.499E-05,0.024000001
,,,5.5E-05,0.024000001
,,,5.501E-05,0.025600002
,,,5.502E-05,0.025600002
,,,5.503E-05,0.024000001
,,,5.504E-05,0.024000001
,,,5.505E-05,0.024000001
,,,5.506E-05,0.024000001
,,,5.507E-05,0.021600001
,,,5.508E-05,0.024800001
,,,5.509E-05,0.022400001
,,,5.51E-05,0.024000001
,,,5.511E-05,0.024000001
,,,5.512E-05,0.024000001
,,,5.513E-05,0.024000001
,,,5.514E-05,0.025600002
,,,5.515E-05,0.024000001
,,,5.516E-05,0.023200001
,,,5.517E-05,0.023200001
,,,5.518E-05,0.023200001
,,,5.519E-05,0.025600002
,,,5.52E-05,0.024000001
,,,5.521E-05,0.022400001
,,,5.522E-05,0.026400002
,,,5.523E-05,0.023200001
,,,5.524E-05,0.024800001
,,,5.525E-05,0.024000001
,,,5.526E-05,0.024000001
,,,5.527E-05,0.024000001
,,,5.528E-05,0.024000001
,,,5.529E-05,0.024000001
,,,5.53E-05,0.025600002
,,,5.531E-05,0.025600002
,,,5.532E-05,0.023200001
,,,5.533E-05,0.025600002
,,,5.534E-05,0.024000001
,,,5.535E-05,0.024000001
,,,5.536E-05,0.024000001
,,,5.537E-05,0.024000001
,,,5.538E-05,0.024800001
,,,5.539E-05,0.024000001
,,,5.54E-05,0.024000001
,,,5.541E-05,0.024000001
,,,5.542E-05,0.022400001
,,,5.543E-05,0.024800001
,,,5.544E-05,0.025600002
,,,5.545E-05,0.024000001
,,,5.546E-05,0.024800001
,,,5.547E-05,0.022400001
,,,5.548E-05,0.027200002
,,,5.549E-05,0.026400002
,,,5.55E-05,0.022400001
,,,5.551E-05,0.024000001
,,,5.552E-05,0.024000001
,,,5.553E-05,0.023200001
,,,5.554E-05,0.024000001
,,,5.555E-05,0.023200001
,,,5.556E-05,0.022400001
,,,5.557E-05,0.025600002
,,,5.558E-05,0.025600002
,,,5.559E-05,0.023200001
,,,5.56E-05,0.023200001
,,,5.561E-05,0.024000001
,,,5.562E-05,0.024000001
,,,5.563E-05,0.024000001
,,,5.564E-05,0.024000001
,,,5.565E-05,0.024800001
,,,5.566E-05,0.025600002
,,,5.567E-05,0.021600001
,,,5.568E-05,0.024000001
,,,5.569E-05,0.022400001
,,,5.57E-05,0.023200001
,,,5.571E-05,0.024800001
,,,5.572E-05,0.024000001
,,,5.573E-05,0.024000001
,,,5.574E-05,0.024000001
,,,5.575E-05,0.024000001
,,,5.576E-05,0.026400002
,,,5.577E-05,0.024800001
,,,5.578E-05,0.025600002
,,,5.579E-05,0.024000001
,,,5.58E-05,0.023200001
,,,5.581E-05,0.024000001
,,,5.582E-05,0.024000001
,,,5.583E-05,0.024800001
,,,5.584E-05,0.024000001
,,,5.585E-05,0.024000001
,,,5.586E-05,0.024000001
,,,5.587E-05,0.024000001
,,,5.588E-05,0.023200001
,,,5.589E-05,0.024000001
,,,5.59E-05,0.024000001
,,,5.591E-05,0.024000001
,,,5.592E-05,0.024000001
,,,5.593E-05,0.023200001
,,,5.594E-05,0.024000001
,,,5.595E-05,0.024000001
,,,5.596E-05,0.026400002
,,,5.597E-05,0.026400002
,,,5.598E-05,0.024800001
,,,5.599E-05,0.024000001
,,,5.6E-05,0.024000001
,,,5.601E-05,0.024000001
,,,5.602E-05,0.024800001
,,,5.603E-05,0.024000001
,,,5.604E-05,0.024800001
,,,5.605E-05,0.024800001
,,,5.606E-05,0.024000001
,,,5.607E-05,0.024000001
,,,5.608E-05,0.025600002
,,,5.609E-05,0.024800001
,,,5.61E-05,0.024000001
,,,5.611E-05,0.023200001
,,,5.612E-05,0.024800001
,,,5.613E-05,0.024800001
,,,5.614E-05,0.024800001
,,,5.615E-05,0.025600002
,,,5.616E-05,0.024000001
,,,5.617E-05,0.024000001
,,,5.618E-05,0.023200001
,,,5.619E-05,0.023200001
,,,5.62E-05,0.024000001
,,,5.621E-05,0.025600002
,,,5.622E-05,0.023200001
,,,5.623E-05,0.024000001
,,,5.624E-05,0.025600002
,,,5.625E-05,0.025600002
,,,5.626E-05,0.024000001
,,,5.627E-05,0.024000001
,,,5.628E-05,0.024000001
,,,5.629E-05,0.025600002
,,,5.63E-05,0.022400001
,,,5.631E-05,0.025600002
,,,5.632E-05,0.024000001
,,,5.633E-05,0.024000001
,,,5.634E-05,0.024800001
,,,5.635E-05,0.024800001
,,,5.636E-05,0.025600002
,,,5.637E-05,0.023200001
,,,5.638E-05,0.025600002
,,,5.639E-05,0.024000001
,,,5.64E-05,0.024800001
,,,5.641E-05,0.024000001
,,,5.642E-05,0.024000001
,,,5.643E-05,0.022400001
,,,5.644E-05,0.024800001
,,,5.645E-05,0.024000001
,,,5.646E-05,0.024000001
,,,5.647E-05,0.024000001
,,,5.648E-05,0.024000001
,,,5.649E-05,0.024000001
,,,5.65E-05,0.024800001
,,,5.651E-05,0.024000001
,,,5.652E-05,0.024800001
,,,5.653E-05,0.025600002
,,,5.654E-05,0.023200001
,,,5.655E-05,0.024000001
,,,5.656E-05,0.025600002
,,,5.657E-05,0.024000001
,,,5.658E-05,0.024000001
,,,5.659E-05,0.024800001
,,,5.66E-05,0.024800001
,,,5.661E-05,0.024000001
,,,5.662E-05,0.024800001
,,,5.663E-05,0.024800001
,,,5.664E-05,0.024000001
,,,5.665E-05,0.024800001
,,,5.666E-05,0.026400002
,,,5.667E-05,0.024000001
,,,5.668E-05,0.024000001
,,,5.669E-05,0.024800001
,,,5.67E-05,0.024000001
,,,5.671E-05,0.024000001
,,,5.672E-05,0.024000001
,,,5.673E-05,0.023200001
,,,5.674E-05,0.024000001
,,,5.675E-05,0.024800001
,,,5.676E-05,0.024000001
,,,5.677E-05,0.024000001
,,,5.678E-05,0.024000001
,,,5.679E-05,0.024800001
,,,5.68E-05,0.024800001
,,,5.681E-05,0.024000001
,,,5.682E-05,0.024000001
,,,5.683E-05,0.024000001
,,,5.684E-05,0.024800001
,,,5.685E-05,0.024000001
,,,5.686E-05,0.026400002
,,,5.687E-05,0.024000001
,,,5.688E-05,0.024000001
,,,5.689E-05,0.024000001
,,,5.69E-05,0.024000001
,,,5.691E-05,0.024800001
,,,5.692E-05,0.024000001
,,,5.693E-05,0.024000001
,,,5.694E-05,0.024800001
,,,5.695E-05,0.024000001
,,,5.696E-05,0.024800001
,,,5.697E-05,0.024000001
,,,5.698E-05,0.024000001
,,,5.699E-05,0.025600002
,,,5.7E-05,0.024000001
,,,5.701E-05,0.025600002
,,,5.702E-05,0.024800001
,,,5.703E-05,0.024800001
,,,5.704E-05,0.023200001
,,,5.705E-05,0.024800001
,,,5.706E-05,0.025600002
,,,5.707E-05,0.023200001
,,,5.708E-05,0.024000001
,,,5.709E-05,0.024800001
,,,5.71E-05,0.024000001
,,,5.711E-05,0.024000001
,,,5.712E-05,0.025600002
,,,5.713E-05,0.024000001
,,,5.714E-05,0.024000001
,,,5.715E-05,0.023200001
,,,5.716E-05,0.024000001
,,,5.717E-05,0.024800001
,,,5.718E-05,0.024000001
,,,5.719E-05,0.024000001
,,,5.72E-05,0.024800001
,,,5.721E-05,0.023200001
,,,5.722E-05,0.024800001
,,,5.723E-05,0.024800001
,,,5.724E-05,0.024000001
,,,5.725E-05,0.024000001
,,,5.726E-05,0.024000001
,,,5.727E-05,0.025600002
,,,5.728E-05,0.024000001
,,,5.729E-05,0.023200001
,,,5.73E-05,0.024000001
,,,5.731E-05,0.024000001
,,,5.732E-05,0.024800001
,,,5.733E-05,0.024000001
,,,5.734E-05,0.024000001
,,,5.735E-05,0.024000001
,,,5.736E-05,0.024000001
,,,5.737E-05,0.024000001
,,,5.738E-05,0.024000001
,,,5.739E-05,0.025600002
,,,5.74E-05,0.024000001
,,,5.741E-05,0.024800001
,,,5.742E-05,0.024800001
,,,5.743E-05,0.023200001
,,,5.744E-05,0.023200001
,,,5.745E-05,0.024800001
,,,5.746E-05,0.024000001
,,,5.747E-05,0.024000001
,,,5.748E-05,0.024000001
,,,5.749E-05,0.024000001
,,,5.75E-05,0.023200001
,,,5.751E-05,0.025600002
,,,5.752E-05,0.025600002
,,,5.753E-05,0.024000001
,,,5.754E-05,0.026400002
,,,5.755E-05,0.024800001
,,,5.756E-05,0.023200001
,,,5.757E-05,0.023200001
,,,5.758E-05,0.024000001
,,,5.759E-05,0.024000001
,,,5.76E-05,0.024000001
,,,5.761E-05,0.024800001
,,,5.762E-05,0.024800001
,,,5.763E-05,0.024000001
,,,5.764E-05,0.025600002
,,,5.765E-05,0.024000001
,,,5.766E-05,0.022400001
,,,5.767E-05,0.024000001
,,,5.768E-05,0.022400001
,,,5.769E-05,0.024000001
,,,5.77E-05,0.024000001
,,,5.771E-05,0.025600002
,,,5.772E-05,0.024000001
,,,5.773E-05,0.024000001
,,,5.774E-05,0.024800001
,,,5.775E-05,0.024000001
,,,5.776E-05,0.024000001
,,,5.777E-05,0.023200001
,,,5.778E-05,0.024000001
,,,5.779E-05,0.025600002
,,,5.78E-05,0.024000001
,,,5.781E-05,0.024000001
,,,5.782E-05,0.025600002
,,,5.783E-05,0.024000001
,,,5.784E-05,0.024000001
,,,5.785E-05,0.023200001
,,,5.786E-05,0.025600002
,,,5.787E-05,0.024800001
,,,5.788E-05,0.024000001
,,,5.789E-05,0.024000001
,,,5.79E-05,0.025600002
,,,5.791E-05,0.024800001
,,,5.792E-05,0.024000001
,,,5.793E-05,0.024000001
,,,5.794E-05,0.024000001
,,,5.795E-05,0.024000001
,,,5.796E-05,0.024800001
,,,5.797E-05,0.022400001
,,,5.798E-05,0.024000001
,,,5.799E-05,0.024000001
,,,5.8E-05,0.025600002
,,,5.801E-05,0.023200001
,,,5.802E-05,0.025600002
,,,5.803E-05,0.024000001
,,,5.804E-05,0.024000001
,,,5.805E-05,0.024800001
,,,5.806E-05,0.024800001
,,,5.807E-05,0.024800001
,,,5.808E-05,0.022400001
,,,5.809E-05,0.024000001
,,,5.81E-05,0.024000001
,,,5.811E-05,0.023200001
,,,5.812E-05,0.024800001
,,,5.813E-05,0.024000001
,,,5.814E-05,0.024800001
,,,5.815E-05,0.024000001
,,,5.816E-05,0.023200001
,,,5.817E-05,0.024000001
,,,5.818E-05,0.024800001
,,,5.819E-05,0.024000001
,,,5.82E-05,0.024000001
,,,5.821E-05,0.024800001
,,,5.822E-05,0.024000001
,,,5.823E-05,0.024000001
,,,5.824E-05,0.021600001
,,,5.825E-05,0.024000001
,,,5.826E-05,0.025600002
,,,5.827E-05,0.024000001
,,,5.828E-05,0.024000001
,,,5.829E-05,0.024000001
,,,5.83E-05,0.023200001
,,,5.831E-05,0.025600002
,,,5.832E-05,0.024000001
,,,5.833E-05,0.024000001
,,,5.834E-05,0.024800001
,,,5.835E-05,0.024000001
,,,5.836E-05,0.024800001
,,,5.837E-05,0.024800001
,,,5.838E-05,0.024000001
,,,5.839E-05,0.024000001
,,,5.84E-05,0.023200001
,,,5.841E-05,0.023200001
,,,5.842E-05,0.024000001
,,,5.843E-05,0.022400001
,,,5.844E-05,0.024000001
,,,5.845E-05,0.024000001
,,,5.846E-05,0.026400002
,,,5.847E-05,0.024000001
,,,5.848E-05,0.024000001
,,,5.849E-05,0.024800001
,,,5.85E-05,0.023200001
,,,5.851E-05,0.024000001
,,,5.852E-05,0.024800001
,,,5.853E-05,0.025600002
,,,5.854E-05,0.024000001
,,,5.855E-05,0.022400001
,,,5.856E-05,0.025600002
,,,5.857E-05,0.023200001
,,,5.858E-05,0.022400001
,,,5.859E-05,0.022400001
,,,5.86E-05,0.024000001
,,,5.861E-05,0.024800001
,,,5.862E-05,0.024000001
,,,5.863E-05,0.023200001
,,,5.864E-05,0.024800001
,,,5.865E-05,0.022400001
,,,5.866E-05,0.026400002
,,,5.867E-05,0.025600002
,,,5.868E-05,0.025600002
,,,5.869E-05,0.024000001
,,,5.87E-05,0.023200001
,,,5.871E-05,0.024000001
,,,5.872E-05,0.023200001
,,,5.873E-05,0.024000001
,,,5.874E-05,0.024000001
,,,5.875E-05,0.024000001
,,,5.876E-05,0.025600002
,,,5.877E-05,0.024800001
,,,5.878E-05,0.023200001
,,,5.879E-05,0.024000001
,,,5.88E-05,0.026400002
,,,5.881E-05,0.024800001
,,,5.882E-05,0.025600002
,,,5.883E-05,0.024000001
,,,5.884E-05,0.024000001
,,,5.885E-05,0.024800001
,,,5.886E-05,0.024000001
,,,5.887E-05,0.023200001
,,,5.888E-05,0.024000001
,,,5.889E-05,0.024800001
,,,5.89E-05,0.024000001
,,,5.891E-05,0.024000001
,,,5.892E-05,0.024000001
,,,5.893E-05,0.024800001
,,,5.894E-05,0.024800001
,,,5.895E-05,0.024000001
,,,5.896E-05,0.023200001
,,,5.897E-05,0.025600002
,,,5.898E-05,0.024800001
,,,5.899E-05,0.024800001
,,,5.9E-05,0.024800001
,,,5.901E-05,0.024000001
,,,5.902E-05,0.024000001
,,,5.903E-05,0.023200001
,,,5.904E-05,0.023200001
,,,5.905E-05,0.024000001
,,,5.906E-05,0.024000001
,,,5.907E-05,0.024000001
,,,5.908E-05,0.025600002
,,,5.909E-05,0.024800001
,,,5.91E-05,0.025600002
,,,5.911E-05,0.024000001
,,,5.912E-05,0.024000001
,,,5.913E-05,0.024000001
,,,5.914E-05,0.023200001
,,,5.915E-05,0.024800001
,,,5.916E-05,0.024000001
,,,5.917E-05,0.024000001
,,,5.918E-05,0.024000001
,,,5.919E-05,0.024800001
,,,5.92E-05,0.024800001
,,,5.921E-05,0.023200001
,,,5.922E-05,0.024800001
,,,5.923E-05,0.024800001
,,,5.924E-05,0.024000001
,,,5.925E-05,0.024000001
,,,5.926E-05,0.024800001
,,,5.927E-05,0.024800001
,,,5.928E-05,0.024800001
,,,5.929E-05,0.024000001
,,,5.93E-05,0.024000001
,,,5.931E-05,0.024800001
,,,5.932E-05,0.024800001
,,,5.933E-05,0.024000001
,,,5.934E-05,0.024800001
,,,5.935E-05,0.022400001
,,,5.936E-05,0.024800001
,,,5.937E-05,0.024800001
,,,5.938E-05,0.025600002
,,,5.939E-05,0.024000001
,,,5.94E-05,0.023200001
,,,5.941E-05,0.024000001
,,,5.942E-05,0.024000001
,,,5.943E-05,0.023200001
,,,5.944E-05,0.024000001
,,,5.945E-05,0.024000001
,,,5.946E-05,0.024000001
,,,5.947E-05,0.022400001
,,,5.948E-05,0.025600002
,,,5.949E-05,0.024000001
,,,5.95E-05,0.023200001
,,,5.951E-05,0.024000001
,,,5.952E-05,0.025600002
,,,5.953E-05,0.024000001
,,,5.954E-05,0.024000001
,,,5.955E-05,0.025600002
,,,5.956E-05,0.026400002
,,,5.957E-05,0.024000001
,,,5.958E-05,0.024800001
,,,5.959E-05,0.024800001
,,,5.96E-05,0.025600002
,,,5.961E-05,0.025600002
,,,5.962E-05,0.024000001
,,,5.963E-05,0.024000001
,,,5.964E-05,0.024800001
,,,5.965E-05,0.024000001
,,,5.966E-05,0.024800001
,,,5.967E-05,0.024000001
,,,5.968E-05,0.024000001
,,,5.969E-05,0.024000001
,,,5.97E-05,0.023200001
,,,5.971E-05,0.024000001
,,,5.972E-05,0.023200001
,,,5.973E-05,0.023200001
,,,5.974E-05,0.024000001
,,,5.975E-05,0.025600002
,,,5.976E-05,0.024000001
,,,5.977E-05,0.024800001
,,,5.978E-05,0.024800001
,,,5.979E-05,0.024000001
,,,5.98E-05,0.024000001
,,,5.981E-05,0.024000001
,,,5.982E-05,0.023200001
,,,5.983E-05,0.023200001
,,,5.984E-05,0.025600002
,,,5.985E-05,0.022400001
,,,5.986E-05,0.024800001
,,,5.987E-05,0.023200001
,,,5.988E-05,0.024000001
,,,5.989E-05,0.024000001
,,,5.99E-05,0.024000001
,,,5.991E-05,0.024000001
,,,5.992E-05,0.023200001
,,,5.993E-05,0.025600002
,,,5.994E-05,0.024000001
,,,5.995E-05,0.024800001
,,,5.996E-05,0.024000001
,,,5.997E-05,0.024800001
,,,5.998E-05,0.024000001
,,,5.999E-05,0.024000001
,,,6E-05,0.024000001
,,,6.001E-05,0.024000001
,,,6.002E-05,0.024000001
,,,6.003E-05,0.024000001
,,,6.004E-05,0.026400002
,,,6.005E-05,0.024000001
,,,6.006E-05,0.025600002
,,,6.007E-05,0.024800001
,,,6.008E-05,0.023200001
,,,6.009E-05,0.023200001
,,,6.01E-05,0.024000001
,,,6.011E-05,0.024800001
,,,6.012E-05,0.024800001
,,,6.013E-05,0.025600002
,,,6.014E-05,0.024000001
,,,6.015E-05,0.024000001
,,,6.016E-05,0.024000001
,,,6.017E-05,0.024800001
,,,6.018E-05,0.024000001
,,,6.019E-05,0.024000001
,,,6.02E-05,0.024000001
,,,6.021E-05,0.023200001
,,,6.022E-05,0.024000001
,,,6.023E-05,0.024800001
,,,6.024E-05,0.023200001
,,,6.025E-05,0.024800001
,,,6.026E-05,0.024000001
,,,6.027E-05,0.024000001
,,,6.028E-05,0.024000001
,,,6.029E-05,0.024000001
,,,6.03E-05,0.025600002
,,,6.031E-05,0.025600002
,,,6.032E-05,0.024000001
,,,6.033E-05,0.025600002
,,,6.034E-05,0.025600002
,,,6.035E-05,0.024000001
,,,6.036E-05,0.024000001
,,,6.037E-05,0.024800001
,,,6.038E-05,0.024000001
,,,6.039E-05,0.024000001
,,,6.04E-05,0.023200001
,,,6.041E-05,0.023200001
,,,6.042E-05,0.024000001
,,,6.043E-05,0.024000001
,,,6.044E-05,0.024800001
,,,6.045E-05,0.025600002
,,,6.046E-05,0.024000001
,,,6.047E-05,0.024000001
,,,6.048E-05,0.025600002
,,,6.049E-05,0.024000001
,,,6.05E-05,0.024800001
,,,6.051E-05,0.025600002
,,,6.052E-05,0.024000001
,,,6.053E-05,0.024800001
,,,6.054E-05,0.024000001
,,,6.055E-05,0.024000001
,,,6.056E-05,0.024800001
,,,6.057E-05,0.024800001
,,,6.058E-05,0.024800001
,,,6.059E-05,0.023200001
,,,6.06E-05,0.024800001
,,,6.061E-05,0.024800001
,,,6.062E-05,0.023200001
,,,6.063E-05,0.022400001
,,,6.064E-05,0.024000001
,,,6.065E-05,0.024000001
,,,6.066E-05,0.024800001
,,,6.067E-05,0.024000001
,,,6.068E-05,0.024000001
,,,6.069E-05,0.022400001
,,,6.07E-05,0.024000001
,,,6.071E-05,0.024000001
,,,6.072E-05,0.024800001
,,,6.073E-05,0.024000001
,,,6.074E-05,0.024000001
,,,6.075E-05,0.023200001
,,,6.076E-05,0.024000001
,,,6.077E-05,0.024800001
,,,6.078E-05,0.024800001
,,,6.079E-05,0.023200001
,,,6.08E-05,0.025600002
,,,6.081E-05,0.024000001
,,,6.082E-05,0.024000001
,,,6.083E-05,0.025600002
,,,6.084E-05,0.024000001
,,,6.085E-05,0.024000001
,,,6.086E-05,0.024000001
,,,6.087E-05,0.023200001
,,,6.088E-05,0.024800001
,,,6.089E-05,0.024000001
,,,6.09E-05,0.024000001
,,,6.091E-05,0.024800001
,,,6.092E-05,0.023200001
,,,6.093E-05,0.024800001
,,,6.094E-05,0.024000001
,,,6.095E-05,0.024800001
,,,6.096E-05,0.024800001
,,,6.097E-05,0.024000001
,,,6.098E-05,0.023200001
,,,6.099E-05,0.024000001
,,,6.1E-05,0.025600002
,,,6.101E-05,0.024000001
,,,6.102E-05,0.025600002
,,,6.103E-05,0.024000001
,,,6.104E-05,0.022400001
,,,6.105E-05,0.024800001
,,,6.106E-05,0.025600002
,,,6.107E-05,0.023200001
,,,6.108E-05,0.024000001
,,,6.109E-05,0.025600002
,,,6.11E-05,0.024000001
,,,6.111E-05,0.025600002
,,,6.112E-05,0.024000001
,,,6.113E-05,0.024800001
,,,6.114E-05,0.024800001
,,,6.115E-05,0.024800001
,,,6.116E-05,0.024000001
,,,6.117E-05,0.023200001
,,,6.118E-05,0.023200001
,,,6.119E-05,0.024800001
,,,6.12E-05,0.024800001
,,,6.121E-05,0.024800001
,,,6.122E-05,0.023200001
,,,6.123E-05,0.024000001
,,,6.124E-05,0.024000001
,,,6.125E-05,0.024800001
,,,6.126E-05,0.024800001
,,,6.127E-05,0.023200001
,,,6.128E-05,0.021600001
,,,6.129E-05,0.024800001
,,,6.13E-05,0.024800001
,,,6.131E-05,0.022400001
,,,6.132E-05,0.024800001
,,,6.133E-05,0.024000001
,,,6.134E-05,0.024800001
,,,6.135E-05,0.024800001
,,,6.136E-05,0.024800001
,,,6.137E-05,0.024000001
,,,6.138E-05,0.024000001
,,,6.139E-05,0.024800001
,,,6.14E-05,0.024000001
,,,6.141E-05,0.024000001
,,,6.142E-05,0.023200001
,,,6.143E-05,0.023200001
,,,6.144E-05,0.025600002
,,,6.145E-05,0.023200001
,,,6.146E-05,0.023200001
,,,6.147E-05,0.023200001
,,,6.148E-05,0.024000001
,,,6.149E-05,0.024000001
,,,6.15E-05,0.024000001
,,,6.151E-05,0.023200001
,,,6.152E-05,0.024800001
,,,6.153E-05,0.024000001
,,,6.154E-05,0.024000001
,,,6.155E-05,0.024000001
,,,6.156E-05,0.023200001
,,,6.157E-05,0.025600002
,,,6.158E-05,0.024000001
,,,6.159E-05,0.024000001
,,,6.16E-05,0.025600002
,,,6.161E-05,0.024800001
,,,6.162E-05,0.024800001
,,,6.163E-05,0.024000001
,,,6.164E-05,0.024800001
,,,6.165E-05,0.024000001
,,,6.166E-05,0.024000001
,,,6.167E-05,0.025600002
,,,6.168E-05,0.024000001
,,,6.169E-05,0.024000001
,,,6.17E-05,0.024000001
,,,6.171E-05,0.024800001
,,,6.172E-05,0.024000001
,,,6.173E-05,0.024000001
,,,6.174E-05,0.023200001
,,,6.175E-05,0.024800001
,,,6.176E-05,0.024000001
,,,6.177E-05,0.024800001
,,,6.178E-05,0.023200001
,,,6.179E-05,0.022400001
,,,6.18E-05,0.024000001
,,,6.181E-05,0.024000001
,,,6.182E-05,0.024000001
,,,6.183E-05,0.023200001
,,,6.184E-05,0.024000001
,,,6.185E-05,0.024800001
,,,6.186E-05,0.024000001
,,,6.187E-05,0.024000001
,,,6.188E-05,0.023200001
,,,6.189E-05,0.024800001
,,,6.19E-05,0.024000001
,,,6.191E-05,0.024800001
,,,6.192E-05,0.024000001
,,,6.193E-05,0.024800001
,,,6.194E-05,0.022400001
,,,6.195E-05,0.024800001
,,,6.196E-05,0.024800001
,,,6.197E-05,0.024000001
,,,6.198E-05,0.024800001
,,,6.199E-05,0.025600002
,,,6.2E-05,0.024000001
,,,6.201E-05,0.024800001
,,,6.202E-05,0.024000001
,,,6.203E-05,0.024000001
,,,6.204E-05,0.024800001
,,,6.205E-05,0.024000001
,,,6.206E-05,0.025600002
,,,6.207E-05,0.024800001
,,,6.208E-05,0.025600002
,,,6.209E-05,0.024000001
,,,6.21E-05,0.024800001
,,,6.211E-05,0.024800001
,,,6.212E-05,0.024000001
,,,6.213E-05,0.026400002
,,,6.214E-05,0.024000001
,,,6.215E-05,0.024000001
,,,6.216E-05,0.024000001
,,,6.217E-05,0.025600002
,,,6.218E-05,0.023200001
,,,6.219E-05,0.023200001
,,,6.22E-05,0.024800001
,,,6.221E-05,0.023200001
,,,6.222E-05,0.023200001
,,,6.223E-05,0.024000001
,,,6.224E-05,0.024000001
,,,6.225E-05,0.024000001
,,,6.226E-05,0.024800001
,,,6.227E-05,0.024000001
,,,6.228E-05,0.024000001
,,,6.229E-05,0.024800001
,,,6.23E-05,0.023200001
,,,6.231E-05,0.024800001
,,,6.232E-05,0.024000001
,,,6.233E-05,0.024000001
,,,6.234E-05,0.024000001
,,,6.235E-05,0.024800001
,,,6.236E-05,0.024000001
,,,6.237E-05,0.023200001
,,,6.238E-05,0.024000001
,,,6.239E-05,0.024000001
,,,6.24E-05,0.024800001
,,,6.241E-05,0.026400002
,,,6.242E-05,0.024800001
,,,6.243E-05,0.024000001
,,,6.244E-05,0.024800001
,,,6.245E-05,0.024000001
,,,6.246E-05,0.024000001
,,,6.247E-05,0.024800001
,,,6.248E-05,0.024000001
,,,6.249E-05,0.024800001
,,,6.25E-05,0.024000001
,,,6.251E-05,0.024000001
,,,6.252E-05,0.024800001
,,,6.253E-05,0.024000001
,,,6.254E-05,0.024800001
,,,6.255E-05,0.022400001
,,,6.256E-05,0.024000001
,,,6.257E-05,0.023200001
,,,6.258E-05,0.023200001
,,,6.259E-05,0.024000001
,,,6.26E-05,0.024000001
,,,6.261E-05,0.024000001
,,,6.262E-05,0.025600002
,,,6.263E-05,0.023200001
,,,6.264E-05,0.024800001
,,,6.265E-05,0.024000001
,,,6.266E-05,0.023200001
,,,6.267E-05,0.023200001
,,,6.268E-05,0.024000001
,,,6.269E-05,0.023200001
,,,6.27E-05,0.024000001
,,,6.271E-05,0.024000001
,,,6.272E-05,0.023200001
,,,6.273E-05,0.024000001
,,,6.274E-05,0.024000001
,,,6.275E-05,0.024000001
,,,6.276E-05,0.024000001
,,,6.277E-05,0.024000001
,,,6.278E-05,0.023200001
,,,6.279E-05,0.024000001
,,,6.28E-05,0.025600002
,,,6.281E-05,0.024000001
,,,6.282E-05,0.024800001
,,,6.283E-05,0.024000001
,,,6.284E-05,0.024800001
,,,6.285E-05,0.024000001
,,,6.286E-05,0.025600002
,,,6.287E-05,0.025600002
,,,6.288E-05,0.024000001
,,,6.289E-05,0.024000001
,,,6.29E-05,0.024000001
,,,6.291E-05,0.024800001
,,,6.292E-05,0.024800001
,,,6.293E-05,0.024000001
,,,6.294E-05,0.024000001
,,,6.295E-05,0.024000001
,,,6.296E-05,0.024000001
,,,6.297E-05,0.024000001
,,,6.298E-05,0.026400002
,,,6.299E-05,0.024000001
,,,6.3E-05,0.023200001
,,,6.301E-05,0.024000001
,,,6.302E-05,0.023200001
,,,6.303E-05,0.024800001
,,,6.304E-05,0.023200001
,,,6.305E-05,0.023200001
,,,6.306E-05,0.024800001
,,,6.307E-05,0.024000001
,,,6.308E-05,0.024800001
,,,6.309E-05,0.024000001
,,,6.31E-05,0.024800001
,,,6.311E-05,0.024000001
,,,6.312E-05,0.024000001
,,,6.313E-05,0.024800001
,,,6.314E-05,0.025600002
,,,6.315E-05,0.024800001
,,,6.316E-05,0.024800001
,,,6.317E-05,0.024000001
,,,6.318E-05,0.024000001
,,,6.319E-05,0.024000001
,,,6.32E-05,0.024000001
,,,6.321E-05,0.024000001
,,,6.322E-05,0.024000001
,,,6.323E-05,0.023200001
,,,6.324E-05,0.025600002
,,,6.325E-05,0.024800001
,,,6.326E-05,0.024000001
,,,6.327E-05,0.024800001
,,,6.328E-05,0.023200001
,,,6.329E-05,0.025600002
,,,6.33E-05,0.023200001
,,,6.331E-05,0.024000001
,,,6.332E-05,0.023200001
,,,6.333E-05,0.024800001
,,,6.334E-05,0.024000001
,,,6.335E-05,0.022400001
,,,6.336E-05,0.024000001
,,,6.337E-05,0.024000001
,,,6.338E-05,0.023200001
,,,6.339E-05,0.024000001
,,,6.34E-05,0.025600002
,,,6.341E-05,0.023200001
,,,6.342E-05,0.025600002
,,,6.343E-05,0.026400002
,,,6.344E-05,0.024000001
,,,6.345E-05,0.024000001
,,,6.346E-05,0.024000001
,,,6.347E-05,0.024000001
,,,6.348E-05,0.023200001
,,,6.349E-05,0.024000001
,,,6.35E-05,0.024000001
,,,6.351E-05,0.023200001
,,,6.352E-05,0.024800001
,,,6.353E-05,0.024000001
,,,6.354E-05,0.024000001
,,,6.355E-05,0.024000001
,,,6.356E-05,0.024000001
,,,6.357E-05,0.024800001
,,,6.358E-05,0.024000001
,,,6.359E-05,0.024800001
,,,6.36E-05,0.025600002
,,,6.361E-05,0.023200001
,,,6.362E-05,0.024000001
,,,6.363E-05,0.025600002
,,,6.364E-05,0.023200001
,,,6.365E-05,0.024000001
,,,6.366E-05,0.023200001
,,,6.367E-05,0.024000001
,,,6.368E-05,0.024800001
,,,6.369E-05,0.024800001
,,,6.37E-05,0.024800001
,,,6.371E-05,0.024800001
,,,6.372E-05,0.024000001
,,,6.373E-05,0.024000001
,,,6.374E-05,0.024000001
,,,6.375E-05,0.024800001
,,,6.376E-05,0.025600002
,,,6.377E-05,0.023200001
,,,6.378E-05,0.022400001
,,,6.379E-05,0.024800001
,,,6.38E-05,0.024000001
,,,6.381E-05,0.026400002
,,,6.382E-05,0.025600002
,,,6.383E-05,0.024000001
,,,6.384E-05,0.024000001
,,,6.385E-05,0.023200001
,,,6.386E-05,0.025600002
,,,6.387E-05,0.024000001
,,,6.388E-05,0.024000001
,,,6.389E-05,0.024000001
,,,6.39E-05,0.024800001
,,,6.391E-05,0.024000001
,,,6.392E-05,0.024000001
,,,6.393E-05,0.024800001
,,,6.394E-05,0.024000001
,,,6.395E-05,0.024000001
,,,6.396E-05,0.024000001
,,,6.397E-05,0.024800001
,,,6.398E-05,0.024000001
,,,6.399E-05,0.024000001
,,,6.4E-05,0.024000001
,,,6.401E-05,0.024000001
,,,6.402E-05,0.025600002
,,,6.403E-05,0.024000001
,,,6.404E-05,0.024000001
,,,6.405E-05,0.025600002
,,,6.406E-05,0.024000001
,,,6.407E-05,0.025600002
,,,6.408E-05,0.024800001
,,,6.409E-05,0.024000001
,,,6.41E-05,0.024800001
,,,6.411E-05,0.024800001
,,,6.412E-05,0.024000001
,,,6.413E-05,0.024800001
,,,6.414E-05,0.024000001
,,,6.415E-05,0.024000001
,,,6.416E-05,0.024000001
,,,6.417E-05,0.026400002
,,,6.418E-05,0.024000001
,,,6.419E-05,0.022400001
,,,6.42E-05,0.024000001
,,,6.421E-05,0.024000001
,,,6.422E-05,0.024000001
,,,6.423E-05,0.024800001
,,,6.424E-05,0.024800001
,,,6.425E-05,0.024000001
,,,6.426E-05,0.023200001
,,,6.427E-05,0.024000001
,,,6.428E-05,0.024000001
,,,6.429E-05,0.024000001
,,,6.43E-05,0.025600002
,,,6.431E-05,0.024800001
,,,6.432E-05,0.024000001
,,,6.433E-05,0.023200001
,,,6.434E-05,0.024000001
,,,6.435E-05,0.023200001
,,,6.436E-05,0.024800001
,,,6.437E-05,0.024000001
,,,6.438E-05,0.024000001
,,,6.439E-05,0.024000001
,,,6.44E-05,0.023200001
,,,6.441E-05,0.024000001
,,,6.442E-05,0.024000001
,,,6.443E-05,0.022400001
,,,6.444E-05,0.024000001
,,,6.445E-05,0.024000001
,,,6.446E-05,0.024000001
,,,6.447E-05,0.024800001
,,,6.448E-05,0.024800001
,,,6.449E-05,0.024000001
,,,6.45E-05,0.025600002
,,,6.451E-05,0.024000001
,,,6.452E-05,0.024000001
,,,6.453E-05,0.024800001
,,,6.454E-05,0.024800001
,,,6.455E-05,0.024800001
,,,6.456E-05,0.024000001
,,,6.457E-05,0.024800001
,,,6.458E-05,0.026400002
,,,6.459E-05,0.024000001
,,,6.46E-05,0.025600002
,,,6.461E-05,0.024000001
,,,6.462E-05,0.024000001
,,,6.463E-05,0.024800001
,,,6.464E-05,0.023200001
,,,6.465E-05,0.025600002
,,,6.466E-05,0.024000001
,,,6.467E-05,0.024000001
,,,6.468E-05,0.024000001
,,,6.469E-05,0.024800001
,,,6.47E-05,0.024800001
,,,6.471E-05,0.024800001
,,,6.472E-05,0.024800001
,,,6.473E-05,0.023200001
,,,6.474E-05,0.022400001
,,,6.475E-05,0.024000001
,,,6.476E-05,0.022400001
,,,6.477E-05,0.024800001
,,,6.478E-05,0.024000001
,,,6.479E-05,0.024800001
,,,6.48E-05,0.024800001
,,,6.481E-05,0.024000001
,,,6.482E-05,0.023200001
,,,6.483E-05,0.024000001
,,,6.484E-05,0.024000001
,,,6.485E-05,0.024800001
,,,6.486E-05,0.024800001
,,,6.487E-05,0.024000001
,,,6.488E-05,0.025600002
,,,6.489E-05,0.023200001
,,,6.49E-05,0.024000001
,,,6.491E-05,0.024800001
,,,6.492E-05,0.023200001
,,,6.493E-05,0.024000001
,,,6.494E-05,0.024800001
,,,6.495E-05,0.024000001
,,,6.496E-05,0.022400001
,,,6.497E-05,0.024000001
,,,6.498E-05,0.024800001
,,,6.499E-05,0.023200001
,,,6.5E-05,0.024800001
,,,6.501E-05,0.024000001
,,,6.502E-05,0.024000001
,,,6.503E-05,0.023200001
,,,6.504E-05,0.023200001
,,,6.505E-05,0.024800001
,,,6.506E-05,0.023200001
,,,6.507E-05,0.023200001
,,,6.508E-05,0.024000001
,,,6.509E-05,0.024000001
,,,6.51E-05,0.024000001
,,,6.511E-05,0.025600002
,,,6.512E-05,0.024000001
,,,6.513E-05,0.024000001
,,,6.514E-05,0.024000001
,,,6.515E-05,0.024800001
,,,6.516E-05,0.025600002
,,,6.517E-05,0.023200001
,,,6.518E-05,0.024000001
,,,6.519E-05,0.024000001
,,,6.52E-05,0.024800001
,,,6.521E-05,0.024000001
,,,6.522E-05,0.023200001
,,,6.523E-05,0.024000001
,,,6.524E-05,0.024800001
,,,6.525E-05,0.024000001
,,,6.526E-05,0.023200001
,,,6.527E-05,0.024000001
,,,6.528E-05,0.024000001
,,,6.529E-05,0.025600002
,,,6.53E-05,0.024000001
,,,6.531E-05,0.024000001
,,,6.532E-05,0.024800001
,,,6.533E-05,0.023200001
,,,6.534E-05,0.024000001
,,,6.535E-05,0.024000001
,,,6.536E-05,0.024000001
,,,6.537E-05,0.022400001
,,,6.538E-05,0.023200001
,,,6.539E-05,0.025600002
,,,6.54E-05,0.023200001
,,,6.541E-05,0.024000001
,,,6.542E-05,0.024000001
,,,6.543E-05,0.024000001
,,,6.544E-05,0.024000001
,,,6.545E-05,0.024000001
,,,6.546E-05,0.024000001
,,,6.547E-05,0.024000001
,,,6.548E-05,0.024000001
,,,6.549E-05,0.024000001
,,,6.55E-05,0.024800001
,,,6.551E-05,0.025600002
,,,6.552E-05,0.025600002
,,,6.553E-05,0.024000001
,,,6.554E-05,0.025600002
,,,6.555E-05,0.024000001
,,,6.556E-05,0.024000001
,,,6.557E-05,0.024800001
,,,6.558E-05,0.024800001
,,,6.559E-05,0.024000001
,,,6.56E-05,0.024800001
,,,6.561E-05,0.024800001
,,,6.562E-05,0.024000001
,,,6.563E-05,0.025600002
,,,6.564E-05,0.024000001
,,,6.565E-05,0.024000001
,,,6.566E-05,0.024000001
,,,6.567E-05,0.024000001
,,,6.568E-05,0.024000001
,,,6.569E-05,0.024000001
,,,6.57E-05,0.024800001
,,,6.571E-05,0.024800001
,,,6.572E-05,0.023200001
,,,6.573E-05,0.024800001
,,,6.574E-05,0.024000001
,,,6.575E-05,0.025600002
,,,6.576E-05,0.024000001
,,,6.577E-05,0.023200001
,,,6.578E-05,0.024800001
,,,6.579E-05,0.024000001
,,,6.58E-05,0.024000001
,,,6.581E-05,0.024000001
,,,6.582E-05,0.024800001
,,,6.583E-05,0.024000001
,,,6.584E-05,0.025600002
,,,6.585E-05,0.022400001
,,,6.586E-05,0.024000001
,,,6.587E-05,0.024800001
,,,6.588E-05,0.027200002
,,,6.589E-05,0.024800001
,,,6.59E-05,0.024000001
,,,6.591E-05,0.024800001
,,,6.592E-05,0.024000001
,,,6.593E-05,0.024800001
,,,6.594E-05,0.024800001
,,,6.595E-05,0.024800001
,,,6.596E-05,0.025600002
,,,6.597E-05,0.024000001
,,,6.598E-05,0.025600002
,,,6.599E-05,0.024000001
,,,6.6E-05,0.024000001
,,,6.601E-05,0.024000001
,,,6.602E-05,0.024000001
,,,6.603E-05,0.024000001
,,,6.604E-05,0.024000001
,,,6.605E-05,0.024000001
,,,6.606E-05,0.024000001
,,,6.607E-05,0.023200001
,,,6.608E-05,0.024000001
,,,6.609E-05,0.024800001
,,,6.61E-05,0.024000001
,,,6.611E-05,0.022400001
,,,6.612E-05,0.026400002
,,,6.613E-05,0.024000001
,,,6.614E-05,0.024000001
,,,6.615E-05,0.021600001
,,,6.616E-05,0.025600002
,,,6.617E-05,0.023200001
,,,6.618E-05,0.024000001
,,,6.619E-05,0.024800001
,,,6.62E-05,0.024000001
,,,6.621E-05,0.024800001
,,,6.622E-05,0.024800001
,,,6.623E-05,0.024000001
,,,6.624E-05,0.025600002
,,,6.625E-05,0.024000001
,,,6.626E-05,0.025600002
,,,6.627E-05,0.023200001
,,,6.628E-05,0.024800001
,,,6.629E-05,0.023200001
,,,6.63E-05,0.023200001
,,,6.631E-05,0.024000001
,,,6.632E-05,0.024800001
,,,6.633E-05,0.024800001
,,,6.634E-05,0.024800001
,,,6.635E-05,0.023200001
,,,6.636E-05,0.024000001
,,,6.637E-05,0.026400002
,,,6.638E-05,0.022400001
,,,6.639E-05,0.024000001
,,,6.64E-05,0.023200001
,,,6.641E-05,0.024000001
,,,6.642E-05,0.024000001
,,,6.643E-05,0.024000001
,,,6.644E-05,0.024000001
,,,6.645E-05,0.024000001
,,,6.646E-05,0.025600002
,,,6.647E-05,0.021600001
,,,6.648E-05,0.025600002
,,,6.649E-05,0.024000001
,,,6.65E-05,0.023200001
,,,6.651E-05,0.024000001
,,,6.652E-05,0.024000001
,,,6.653E-05,0.024800001
,,,6.654E-05,0.025600002
,,,6.655E-05,0.023200001
,,,6.656E-05,0.024000001
,,,6.657E-05,0.023200001
,,,6.658E-05,0.024000001
,,,6.659E-05,0.024000001
,,,6.66E-05,0.023200001
,,,6.661E-05,0.025600002
,,,6.662E-05,0.024800001
,,,6.663E-05,0.024000001
,,,6.664E-05,0.024000001
,,,6.665E-05,0.024000001
,,,6.666E-05,0.024000001
,,,6.667E-05,0.024800001
,,,6.668E-05,0.024000001
,,,6.669E-05,0.024800001
,,,6.67E-05,0.024000001
,,,6.671E-05,0.024800001
,,,6.672E-05,0.024000001
,,,6.673E-05,0.024000001
,,,6.674E-05,0.022400001
,,,6.675E-05,0.024000001
,,,6.676E-05,0.025600002
,,,6.677E-05,0.024000001
,,,6.678E-05,0.024000001
,,,6.679E-05,0.023200001
,,,6.68E-05,0.023200001
,,,6.681E-05,0.024000001
,,,6.682E-05,0.024000001
,,,6.683E-05,0.024000001
,,,6.684E-05,0.025600002
,,,6.685E-05,0.024800001
,,,6.686E-05,0.025600002
,,,6.687E-05,0.024800001
,,,6.688E-05,0.024800001
,,,6.689E-05,0.024000001
,,,6.69E-05,0.023200001
,,,6.691E-05,0.025600002
,,,6.692E-05,0.024000001
,,,6.693E-05,0.024000001
,,,6.694E-05,0.024800001
,,,6.695E-05,0.023200001
,,,6.696E-05,0.024000001
,,,6.697E-05,0.024000001
,,,6.698E-05,0.024000001
,,,6.699E-05,0.026400002
,,,6.7E-05,0.024000001
,,,6.701E-05,0.023200001
,,,6.702E-05,0.024000001
,,,6.703E-05,0.024000001
,,,6.704E-05,0.024000001
,,,6.705E-05,0.024000001
,,,6.706E-05,0.024800001
,,,6.707E-05,0.024000001
,,,6.708E-05,0.025600002
,,,6.709E-05,0.022400001
,,,6.71E-05,0.024800001
,,,6.711E-05,0.023200001
,,,6.712E-05,0.025600002
,,,6.713E-05,0.024000001
,,,6.714E-05,0.024800001
,,,6.715E-05,0.023200001
,,,6.716E-05,0.024000001
,,,6.717E-05,0.023200001
,,,6.718E-05,0.024800001
,,,6.719E-05,0.024000001
,,,6.72E-05,0.024000001
,,,6.721E-05,0.024000001
,,,6.722E-05,0.022400001
,,,6.723E-05,0.024000001
,,,6.724E-05,0.023200001
,,,6.725E-05,0.025600002
,,,6.726E-05,0.024000001
,,,6.727E-05,0.025600002
,,,6.728E-05,0.024000001
,,,6.729E-05,0.024800001
,,,6.73E-05,0.024800001
,,,6.731E-05,0.024800001
,,,6.732E-05,0.024000001
,,,6.733E-05,0.023200001
,,,6.734E-05,0.025600002
,,,6.735E-05,0.024000001
,,,6.736E-05,0.024800001
,,,6.737E-05,0.024000001
,,,6.738E-05,0.024000001
,,,6.739E-05,0.023200001
,,,6.74E-05,0.024800001
,,,6.741E-05,0.023200001
,,,6.742E-05,0.024800001
,,,6.743E-05,0.026400002
,,,6.744E-05,0.023200001
,,,6.745E-05,0.024800001
,,,6.746E-05,0.023200001
,,,6.747E-05,0.022400001
,,,6.748E-05,0.023200001
,,,6.749E-05,0.024000001
,,,6.75E-05,0.024000001
,,,6.751E-05,0.024000001
,,,6.752E-05,0.024000001
,,,6.753E-05,0.023200001
,,,6.754E-05,0.024000001
,,,6.755E-05,0.024000001
,,,6.756E-05,0.024800001
,,,6.757E-05,0.024800001
,,,6.758E-05,0.023200001
,,,6.759E-05,0.024800001
,,,6.76E-05,0.023200001
,,,6.761E-05,0.022400001
,,,6.762E-05,0.024000001
,,,6.763E-05,0.025600002
,,,6.764E-05,0.026400002
,,,6.765E-05,0.023200001
,,,6.766E-05,0.024800001
,,,6.767E-05,0.024800001
,,,6.768E-05,0.024000001
,,,6.769E-05,0.025600002
,,,6.77E-05,0.024000001
,,,6.771E-05,0.023200001
,,,6.772E-05,0.024000001
,,,6.773E-05,0.024000001
,,,6.774E-05,0.024000001
,,,6.775E-05,0.024000001
,,,6.776E-05,0.024000001
,,,6.777E-05,0.024000001
,,,6.778E-05,0.025600002
,,,6.779E-05,0.024000001
,,,6.78E-05,0.024000001
,,,6.781E-05,0.023200001
,,,6.782E-05,0.024000001
,,,6.783E-05,0.024000001
,,,6.784E-05,0.024000001
,,,6.785E-05,0.024800001
,,,6.786E-05,0.024000001
,,,6.787E-05,0.024800001
,,,6.788E-05,0.024800001
,,,6.789E-05,0.024800001
,,,6.79E-05,0.024000001
,,,6.791E-05,0.024000001
,,,6.792E-05,0.024000001
,,,6.793E-05,0.024800001
,,,6.794E-05,0.025600002
,,,6.795E-05,0.024000001
,,,6.796E-05,0.024800001
,,,6.797E-05,0.022400001
,,,6.798E-05,0.024800001
,,,6.799E-05,0.022400001
,,,6.8E-05,0.027200002
,,,6.801E-05,0.022400001
,,,6.802E-05,0.024000001
,,,6.803E-05,0.024000001
,,,6.804E-05,0.024000001
,,,6.805E-05,0.024000001
,,,6.806E-05,0.024000001
,,,6.807E-05,0.023200001
,,,6.808E-05,0.024800001
,,,6.809E-05,0.024000001
,,,6.81E-05,0.025600002
,,,6.811E-05,0.023200001
,,,6.812E-05,0.024000001
,,,6.813E-05,0.024000001
,,,6.814E-05,0.023200001
,,,6.815E-05,0.024000001
,,,6.816E-05,0.023200001
,,,6.817E-05,0.024800001
,,,6.818E-05,0.024800001
,,,6.819E-05,0.024000001
,,,6.82E-05,0.024800001
,,,6.821E-05,0.024000001
,,,6.822E-05,0.024800001
,,,6.823E-05,0.024000001
,,,6.824E-05,0.024800001
,,,6.825E-05,0.024800001
,,,6.826E-05,0.025600002
,,,6.827E-05,0.024000001
,,,6.828E-05,0.023200001
,,,6.829E-05,0.024000001
,,,6.83E-05,0.025600002
,,,6.831E-05,0.023200001
,,,6.832E-05,0.024000001
,,,6.833E-05,0.026400002
,,,6.834E-05,0.024800001
,,,6.835E-05,0.024000001
,,,6.836E-05,0.024000001
,,,6.837E-05,0.024000001
,,,6.838E-05,0.024000001
,,,6.839E-05,0.024000001
,,,6.84E-05,0.024800001
,,,6.841E-05,0.024000001
,,,6.842E-05,0.024800001
,,,6.843E-05,0.024800001
,,,6.844E-05,0.024000001
,,,6.845E-05,0.024000001
,,,6.846E-05,0.024000001
,,,6.847E-05,0.024000001
,,,6.848E-05,0.023200001
,,,6.849E-05,0.024000001
,,,6.85E-05,0.026400002
,,,6.851E-05,0.024000001
,,,6.852E-05,0.024000001
,,,6.853E-05,0.025600002
,,,6.854E-05,0.024800001
,,,6.855E-05,0.024000001
,,,6.856E-05,0.023200001
,,,6.857E-05,0.024000001
,,,6.858E-05,0.024800001
,,,6.859E-05,0.024800001
,,,6.86E-05,0.024000001
,,,6.861E-05,0.024000001
,,,6.862E-05,0.024000001
,,,6.863E-05,0.024000001
,,,6.864E-05,0.024000001
,,,6.865E-05,0.023200001
,,,6.866E-05,0.024800001
,,,6.867E-05,0.024000001
,,,6.868E-05,0.025600002
,,,6.869E-05,0.024800001
,,,6.87E-05,0.024800001
,,,6.871E-05,0.024000001
,,,6.872E-05,0.024000001
,,,6.873E-05,0.024000001
,,,6.874E-05,0.023200001
,,,6.875E-05,0.024800001
,,,6.876E-05,0.024000001
,,,6.877E-05,0.024800001
,,,6.878E-05,0.024800001
,,,6.879E-05,0.024800001
,,,6.88E-05,0.025600002
,,,6.881E-05,0.023200001
,,,6.882E-05,0.024000001
,,,6.883E-05,0.024800001
,,,6.884E-05,0.024000001
,,,6.885E-05,0.021600001
,,,6.886E-05,0.024800001
,,,6.887E-05,0.024000001
,,,6.888E-05,0.024800001
,,,6.889E-05,0.023200001
,,,6.89E-05,0.024000001
,,,6.891E-05,0.023200001
,,,6.892E-05,0.024000001
,,,6.893E-05,0.025600002
,,,6.894E-05,0.024800001
,,,6.895E-05,0.024000001
,,,6.896E-05,0.024000001
,,,6.897E-05,0.024800001
,,,6.898E-05,0.024000001
,,,6.899E-05,0.024000001
,,,6.9E-05,0.024000001
,,,6.901E-05,0.023200001
,,,6.902E-05,0.024000001
,,,6.903E-05,0.025600002
,,,6.904E-05,0.024000001
,,,6.905E-05,0.024000001
,,,6.906E-05,0.026400002
,,,6.907E-05,0.024000001
,,,6.908E-05,0.024000001
,,,6.909E-05,0.023200001
,,,6.91E-05,0.025600002
,,,6.911E-05,0.023200001
,,,6.912E-05,0.023200001
,,,6.913E-05,0.025600002
,,,6.914E-05,0.024000001
,,,6.915E-05,0.024000001
,,,6.916E-05,0.024000001
,,,6.917E-05,0.023200001
,,,6.918E-05,0.025600002
,,,6.919E-05,0.024000001
,,,6.92E-05,0.024000001
,,,6.921E-05,0.023200001
,,,6.922E-05,0.024000001
,,,6.923E-05,0.024000001
,,,6.924E-05,0.024800001
,,,6.925E-05,0.024800001
,,,6.926E-05,0.025600002
,,,6.927E-05,0.024000001
,,,6.928E-05,0.024800001
,,,6.929E-05,0.023200001
,,,6.93E-05,0.024000001
,,,6.931E-05,0.022400001
,,,6.932E-05,0.024000001
,,,6.933E-05,0.024800001
,,,6.934E-05,0.024000001
,,,6.935E-05,0.024800001
,,,6.936E-05,0.024000001
,,,6.937E-05,0.024000001
,,,6.938E-05,0.024000001
,,,6.939E-05,0.022400001
,,,6.94E-05,0.023200001
,,,6.941E-05,0.025600002
,,,6.942E-05,0.024000001
,,,6.943E-05,0.024800001
,,,6.944E-05,0.022400001
,,,6.945E-05,0.023200001
,,,6.946E-05,0.024000001
,,,6.947E-05,0.022400001
,,,6.948E-05,0.024800001
,,,6.949E-05,0.023200001
,,,6.95E-05,0.023200001
,,,6.951E-05,0.025600002
,,,6.952E-05,0.024000001
,,,6.953E-05,0.024000001
,,,6.954E-05,0.024800001
,,,6.955E-05,0.024000001
,,,6.956E-05,0.024000001
,,,6.957E-05,0.024000001
,,,6.958E-05,0.024000001
,,,6.959E-05,0.023200001
,,,6.96E-05,0.025600002
,,,6.961E-05,0.025600002
,,,6.962E-05,0.024000001
,,,6.963E-05,0.024800001
,,,6.964E-05,0.024000001
,,,6.965E-05,0.024800001
,,,6.966E-05,0.024000001
,,,6.967E-05,0.025600002
,,,6.968E-05,0.023200001
,,,6.969E-05,0.024000001
,,,6.97E-05,0.024000001
,,,6.971E-05,0.024800001
,,,6.972E-05,0.024800001
,,,6.973E-05,0.024000001
,,,6.974E-05,0.025600002
,,,6.975E-05,0.024000001
,,,6.976E-05,0.023200001
,,,6.977E-05,0.024800001
,,,6.978E-05,0.024800001
,,,6.979E-05,0.024000001
,,,6.98E-05,0.024000001
,,,6.981E-05,0.025600002
,,,6.982E-05,0.024000001
,,,6.983E-05,0.024000001
,,,6.984E-05,0.023200001
,,,6.985E-05,0.023200001
,,,6.986E-05,0.024000001
,,,6.987E-05,0.024000001
,,,6.988E-05,0.024000001
,,,6.989E-05,0.025600002
,,,6.99E-05,0.024000001
,,,6.991E-05,0.024800001
,,,6.992E-05,0.024000001
,,,6.993E-05,0.023200001
,,,6.994E-05,0.024000001
,,,6.995E-05,0.024800001
,,,6.996E-05,0.024800001
,,,6.997E-05,0.028000002
,,,6.998E-05,0.024000001
,,,6.999E-05,0.024000001
,,,7E-05,0.024000001
,,,7.001E-05,0.024000001
,,,7.002E-05,0.025600002
,,,7.003E-05,0.024800001
,,,7.004E-05,0.023200001
,,,7.005E-05,0.024000001
,,,7.006E-05,0.025600002
,,,7.007E-05,0.023200001
,,,7.008E-05,0.024800001
,,,7.009E-05,0.024000001
,,,7.01E-05,0.024000001
,,,7.011E-05,0.024800001
,,,7.012E-05,0.024000001
,,,7.013E-05,0.024800001
,,,7.014E-05,0.024000001
,,,7.015E-05,0.025600002
,,,7.016E-05,0.023200001
,,,7.017E-05,0.024000001
,,,7.018E-05,0.025600002
,,,7.019E-05,0.024000001
,,,7.02E-05,0.026400002
,,,7.021E-05,0.024800001
,,,7.022E-05,0.023200001
,,,7.023E-05,0.024000001
,,,7.024E-05,0.024000001
,,,7.025E-05,0.024000001
,,,7.026E-05,0.024000001
,,,7.027E-05,0.024000001
,,,7.028E-05,0.024000001
,,,7.029E-05,0.024800001
,,,7.03E-05,0.025600002
,,,7.031E-05,0.024000001
,,,7.032E-05,0.025600002
,,,7.033E-05,0.024800001
,,,7.034E-05,0.024000001
,,,7.035E-05,0.023200001
,,,7.036E-05,0.025600002
,,,7.037E-05,0.024000001
,,,7.038E-05,0.024800001
,,,7.039E-05,0.022400001
,,,7.04E-05,0.024800001
,,,7.041E-05,0.025600002
,,,7.042E-05,0.024800001
,,,7.043E-05,0.024000001
,,,7.044E-05,0.024000001
,,,7.045E-05,0.024000001
,,,7.046E-05,0.023200001
,,,7.047E-05,0.024800001
,,,7.048E-05,0.024000001
,,,7.049E-05,0.024800001
,,,7.05E-05,0.024800001
,,,7.051E-05,0.024000001
,,,7.052E-05,0.024000001
,,,7.053E-05,0.024000001
,,,7.054E-05,0.024000001
,,,7.055E-05,0.024000001
,,,7.056E-05,0.024000001
,,,7.057E-05,0.024800001
,,,7.058E-05,0.024000001
,,,7.059E-05,0.024000001
,,,7.06E-05,0.025600002
,,,7.061E-05,0.024800001
,,,7.062E-05,0.024800001
,,,7.063E-05,0.024800001
,,,7.064E-05,0.025600002
,,,7.065E-05,0.024800001
,,,7.066E-05,0.024800001
,,,7.067E-05,0.024000001
,,,7.068E-05,0.023200001
,,,7.069E-05,0.025600002
,,,7.07E-05,0.025600002
,,,7.071E-05,0.023200001
,,,7.072E-05,0.024000001
,,,7.073E-05,0.023200001
,,,7.074E-05,0.024000001
,,,7.075E-05,0.024000001
,,,7.076E-05,0.024000001
,,,7.077E-05,0.024000001
,,,7.078E-05,0.023200001
,,,7.079E-05,0.024000001
,,,7.08E-05,0.023200001
,,,7.081E-05,0.024000001
,,,7.082E-05,0.025600002
,,,7.083E-05,0.024800001
,,,7.084E-05,0.024800001
,,,7.085E-05,0.024000001
,,,7.086E-05,0.024000001
,,,7.087E-05,0.024000001
,,,7.088E-05,0.023200001
,,,7.089E-05,0.024000001
,,,7.09E-05,0.024000001
,,,7.091E-05,0.021600001
,,,7.092E-05,0.024000001
,,,7.093E-05,0.024000001
,,,7.094E-05,0.024000001
,,,7.095E-05,0.024000001
,,,7.096E-05,0.024000001
,,,7.097E-05,0.023200001
,,,7.098E-05,0.024000001
,,,7.099E-05,0.023200001
,,,7.1E-05,0.024800001
,,,7.101E-05,0.024800001
,,,7.102E-05,0.025600002
,,,7.103E-05,0.024000001
,,,7.104E-05,0.024000001
,,,7.105E-05,0.023200001
,,,7.106E-05,0.024000001
,,,7.107E-05,0.024000001
,,,7.108E-05,0.024000001
,,,7.109E-05,0.023200001
,,,7.11E-05,0.024800001
,,,7.111E-05,0.025600002
,,,7.112E-05,0.024000001
,,,7.113E-05,0.025600002
,,,7.114E-05,0.024000001
,,,7.115E-05,0.024000001
,,,7.116E-05,0.024800001
,,,7.117E-05,0.024000001
,,,7.118E-05,0.024000001
,,,7.119E-05,0.024000001
,,,7.12E-05,0.025600002
,,,7.121E-05,0.024000001
,,,7.122E-05,0.025600002
,,,7.123E-05,0.024800001
,,,7.124E-05,0.025600002
,,,7.125E-05,0.023200001
,,,7.126E-05,0.024800001
,,,7.127E-05,0.024000001
,,,7.128E-05,0.024000001
,,,7.129E-05,0.024000001
,,,7.13E-05,0.025600002
,,,7.131E-05,0.024000001
,,,7.132E-05,0.023200001
,,,7.133E-05,0.024000001
,,,7.134E-05,0.024800001
,,,7.135E-05,0.021600001
,,,7.136E-05,0.024800001
,,,7.137E-05,0.024800001
,,,7.138E-05,0.024000001
,,,7.139E-05,0.024000001
,,,7.14E-05,0.024800001
,,,7.141E-05,0.022400001
,,,7.142E-05,0.024800001
,,,7.143E-05,0.024800001
,,,7.144E-05,0.024000001
,,,7.145E-05,0.024000001
,,,7.146E-05,0.024000001
,,,7.147E-05,0.025600002
,,,7.148E-05,0.025600002
,,,7.149E-05,0.024000001
,,,7.15E-05,0.024000001
,,,7.151E-05,0.024000001
,,,7.152E-05,0.024000001
,,,7.153E-05,0.024800001
,,,7.154E-05,0.025600002
,,,7.155E-05,0.024000001
,,,7.156E-05,0.024000001
,,,7.157E-05,0.024800001
,,,7.158E-05,0.023200001
,,,7.159E-05,0.025600002
,,,7.16E-05,0.025600002
,,,7.161E-05,0.024000001
,,,7.162E-05,0.023200001
,,,7.163E-05,0.024800001
,,,7.164E-05,0.023200001
,,,7.165E-05,0.024000001
,,,7.166E-05,0.024800001
,,,7.167E-05,0.024800001
,,,7.168E-05,0.024800001
,,,7.169E-05,0.023200001
,,,7.17E-05,0.024000001
,,,7.171E-05,0.023200001
,,,7.172E-05,0.024800001
,,,7.173E-05,0.024800001
,,,7.174E-05,0.023200001
,,,7.175E-05,0.024800001
,,,7.176E-05,0.027200002
,,,7.177E-05,0.022400001
,,,7.178E-05,0.024000001
,,,7.179E-05,0.025600002
,,,7.18E-05,0.023200001
,,,7.181E-05,0.024000001
,,,7.182E-05,0.026400002
,,,7.183E-05,0.024000001
,,,7.184E-05,0.024800001
,,,7.185E-05,0.024000001
,,,7.186E-05,0.023200001
,,,7.187E-05,0.024800001
,,,7.188E-05,0.025600002
,,,7.189E-05,0.024000001
,,,7.19E-05,0.024800001
,,,7.191E-05,0.022400001
,,,7.192E-05,0.024000001
,,,7.193E-05,0.024000001
,,,7.194E-05,0.023200001
,,,7.195E-05,0.024000001
,,,7.196E-05,0.025600002
,,,7.197E-05,0.025600002
,,,7.198E-05,0.025600002
,,,7.199E-05,0.023200001
,,,7.2E-05,0.024000001
,,,7.201E-05,0.024000001
,,,7.202E-05,0.024800001
,,,7.203E-05,0.024000001
,,,7.204E-05,0.024000001
,,,7.205E-05,0.023200001
,,,7.206E-05,0.024000001
,,,7.207E-05,0.024000001
,,,7.208E-05,0.024000001
,,,7.209E-05,0.024800001
,,,7.21E-05,0.024800001
,,,7.211E-05,0.024000001
,,,7.212E-05,0.024800001
,,,7.213E-05,0.024800001
,,,7.214E-05,0.023200001
,,,7.215E-05,0.024000001
,,,7.216E-05,0.025600002
,,,7.217E-05,0.024000001
,,,7.218E-05,0.025600002
,,,7.219E-05,0.024800001
,,,7.22E-05,0.024000001
,,,7.221E-05,0.025600002
,,,7.222E-05,0.026400002
,,,7.223E-05,0.024000001
,,,7.224E-05,0.024800001
,,,7.225E-05,0.023200001
,,,7.226E-05,0.024000001
,,,7.227E-05,0.023200001
,,,7.228E-05,0.025600002
,,,7.229E-05,0.024800001
,,,7.23E-05,0.024800001
,,,7.231E-05,0.024000001
,,,7.232E-05,0.023200001
,,,7.233E-05,0.024800001
,,,7.234E-05,0.025600002
,,,7.235E-05,0.023200001
,,,7.236E-05,0.024800001
,,,7.237E-05,0.024000001
,,,7.238E-05,0.024000001
,,,7.239E-05,0.024000001
,,,7.24E-05,0.024000001
,,,7.241E-05,0.024000001
,,,7.242E-05,0.024800001
,,,7.243E-05,0.024800001
,,,7.244E-05,0.023200001
,,,7.245E-05,0.024000001
,,,7.246E-05,0.023200001
,,,7.247E-05,0.024000001
,,,7.248E-05,0.024800001
,,,7.249E-05,0.025600002
,,,7.25E-05,0.024800001
,,,7.251E-05,0.024000001
,,,7.252E-05,0.024800001
,,,7.253E-05,0.024000001
,,,7.254E-05,0.025600002
,,,7.255E-05,0.022400001
,,,7.256E-05,0.025600002
,,,7.257E-05,0.023200001
,,,7.258E-05,0.024800001
,,,7.259E-05,0.023200001
,,,7.26E-05,0.024000001
,,,7.261E-05,0.024800001
,,,7.262E-05,0.024800001
,,,7.263E-05,0.024000001
,,,7.264E-05,0.024000001
,,,7.265E-05,0.025600002
,,,7.266E-05,0.024800001
,,,7.267E-05,0.024000001
,,,7.268E-05,0.024000001
,,,7.269E-05,0.024000001
,,,7.27E-05,0.025600002
,,,7.271E-05,0.024000001
,,,7.272E-05,0.024000001
,,,7.273E-05,0.025600002
,,,7.274E-05,0.025600002
,,,7.275E-05,0.024000001
,,,7.276E-05,0.024000001
,,,7.277E-05,0.024000001
,,,7.278E-05,0.024800001
,,,7.279E-05,0.023200001
,,,7.28E-05,0.024000001
,,,7.281E-05,0.023200001
,,,7.282E-05,0.024000001
,,,7.283E-05,0.024000001
,,,7.284E-05,0.024800001
,,,7.285E-05,0.023200001
,,,7.286E-05,0.024000001
,,,7.287E-05,0.024800001
,,,7.288E-05,0.024000001
,,,7.289E-05,0.024000001
,,,7.29E-05,0.024000001
,,,7.291E-05,0.023200001
,,,7.292E-05,0.024000001
,,,7.293E-05,0.024800001
,,,7.294E-05,0.023200001
,,,7.295E-05,0.024000001
,,,7.296E-05,0.023200001
,,,7.297E-05,0.024000001
,,,7.298E-05,0.024800001
,,,7.299E-05,0.024000001
,,,7.3E-05,0.024000001
,,,7.301E-05,0.024000001
,,,7.302E-05,0.024000001
,,,7.303E-05,0.025600002
,,,7.304E-05,0.024000001
,,,7.305E-05,0.025600002
,,,7.306E-05,0.024000001
,,,7.307E-05,0.024000001
,,,7.308E-05,0.024800001
,,,7.309E-05,0.025600002
,,,7.31E-05,0.024000001
,,,7.311E-05,0.023200001
,,,7.312E-05,0.023200001
,,,7.313E-05,0.024000001
,,,7.314E-05,0.024800001
,,,7.315E-05,0.024000001
,,,7.316E-05,0.024800001
,,,7.317E-05,0.024800001
,,,7.318E-05,0.024800001
,,,7.319E-05,0.023200001
,,,7.32E-05,0.024000001
,,,7.321E-05,0.024800001
,,,7.322E-05,0.024000001
,,,7.323E-05,0.024000001
,,,7.324E-05,0.024000001
,,,7.325E-05,0.024800001
,,,7.326E-05,0.023200001
,,,7.327E-05,0.023200001
,,,7.328E-05,0.024800001
,,,7.329E-05,0.022400001
,,,7.33E-05,0.024000001
,,,7.331E-05,0.024800001
,,,7.332E-05,0.024000001
,,,7.333E-05,0.024000001
,,,7.334E-05,0.023200001
,,,7.335E-05,0.024800001
,,,7.336E-05,0.024800001
,,,7.337E-05,0.024800001
,,,7.338E-05,0.023200001
,,,7.339E-05,0.024800001
,,,7.34E-05,0.023200001
,,,7.341E-05,0.024000001
,,,7.342E-05,0.025600002
,,,7.343E-05,0.025600002
,,,7.344E-05,0.024000001
,,,7.345E-05,0.024800001
,,,7.346E-05,0.023200001
,,,7.347E-05,0.024000001
,,,7.348E-05,0.021600001
,,,7.349E-05,0.025600002
,,,7.35E-05,0.026400002
,,,7.351E-05,0.025600002
,,,7.352E-05,0.024000001
,,,7.353E-05,0.024800001
,,,7.354E-05,0.024000001
,,,7.355E-05,0.024000001
,,,7.356E-05,0.024000001
,,,7.357E-05,0.024800001
,,,7.358E-05,0.024800001
,,,7.359E-05,0.024000001
,,,7.36E-05,0.023200001
,,,7.361E-05,0.024000001
,,,7.362E-05,0.023200001
,,,7.363E-05,0.024000001
,,,7.364E-05,0.024000001
,,,7.365E-05,0.024000001
,,,7.366E-05,0.024000001
,,,7.367E-05,0.022400001
,,,7.368E-05,0.024000001
,,,7.369E-05,0.024800001
,,,7.37E-05,0.023200001
,,,7.371E-05,0.024000001
,,,7.372E-05,0.024000001
,,,7.373E-05,0.024800001
,,,7.374E-05,0.024000001
,,,7.375E-05,0.024800001
,,,7.376E-05,0.023200001
,,,7.377E-05,0.024000001
,,,7.378E-05,0.026400002
,,,7.379E-05,0.024000001
,,,7.38E-05,0.024000001
,,,7.381E-05,0.024000001
,,,7.382E-05,0.024000001
,,,7.383E-05,0.024000001
,,,7.384E-05,0.024000001
,,,7.385E-05,0.024000001
,,,7.386E-05,0.026400002
,,,7.387E-05,0.024800001
,,,7.388E-05,0.024000001
,,,7.389E-05,0.024000001
,,,7.39E-05,0.025600002
,,,7.391E-05,0.024000001
,,,7.392E-05,0.024000001
,,,7.393E-05,0.024000001
,,,7.394E-05,0.024000001
,,,7.395E-05,0.024000001
,,,7.396E-05,0.024000001
,,,7.397E-05,0.025600002
,,,7.398E-05,0.024800001
,,,7.399E-05,0.024000001
,,,7.4E-05,0.024800001
,,,7.401E-05,0.023200001
,,,7.402E-05,0.023200001
,,,7.403E-05,0.024000001
,,,7.404E-05,0.024800001
,,,7.405E-05,0.024800001
,,,7.406E-05,0.024800001
,,,7.407E-05,0.025600002
,,,7.408E-05,0.024800001
,,,7.409E-05,0.025600002
,,,7.41E-05,0.024800001
,,,7.411E-05,0.024000001
,,,7.412E-05,0.024000001
,,,7.413E-05,0.023200001
,,,7.414E-05,0.025600002
,,,7.415E-05,0.024800001
,,,7.416E-05,0.023200001
,,,7.417E-05,0.024800001
,,,7.418E-05,0.022400001
,,,7.419E-05,0.024800001
,,,7.42E-05,0.023200001
,,,7.421E-05,0.024000001
,,,7.422E-05,0.024000001
,,,7.423E-05,0.024000001
,,,7.424E-05,0.024000001
,,,7.425E-05,0.024000001
,,,7.426E-05,0.024000001
,,,7.427E-05,0.024000001
,,,7.428E-05,0.024000001
,,,7.429E-05,0.025600002
,,,7.43E-05,0.023200001
,,,7.431E-05,0.024000001
,,,7.432E-05,0.024000001
,,,7.433E-05,0.024000001
,,,7.434E-05,0.024000001
,,,7.435E-05,0.023200001
,,,7.436E-05,0.024000001
,,,7.437E-05,0.024800001
,,,7.438E-05,0.024800001
,,,7.439E-05,0.025600002
,,,7.44E-05,0.024800001
,,,7.441E-05,0.024800001
,,,7.442E-05,0.024800001
,,,7.443E-05,0.024000001
,,,7.444E-05,0.024000001
,,,7.445E-05,0.024000001
,,,7.446E-05,0.024800001
,,,7.447E-05,0.024000001
,,,7.448E-05,0.024000001
,,,7.449E-05,0.024000001
,,,7.45E-05,0.024800001
,,,7.451E-05,0.024000001
,,,7.452E-05,0.024000001
,,,7.453E-05,0.024000001
,,,7.454E-05,0.024800001
,,,7.455E-05,0.024800001
,,,7.456E-05,0.025600002
,,,7.457E-05,0.024000001
,,,7.458E-05,0.024800001
,,,7.459E-05,0.024800001
,,,7.46E-05,0.024000001
,,,7.461E-05,0.024800001
,,,7.462E-05,0.024000001
,,,7.463E-05,0.024800001
,,,7.464E-05,0.025600002
,,,7.465E-05,0.024000001
,,,7.466E-05,0.024000001
,,,7.467E-05,0.024800001
,,,7.468E-05,0.024000001
,,,7.469E-05,0.025600002
,,,7.47E-05,0.025600002
,,,7.471E-05,0.025600002
,,,7.472E-05,0.024000001
,,,7.473E-05,0.024000001
,,,7.474E-05,0.024800001
,,,7.475E-05,0.025600002
,,,7.476E-05,0.023200001
,,,7.477E-05,0.024800001
,,,7.478E-05,0.024000001
,,,7.479E-05,0.024800001
,,,7.48E-05,0.025600002
,,,7.481E-05,0.024000001
,,,7.482E-05,0.024000001
,,,7.483E-05,0.022400001
,,,7.484E-05,0.024000001
,,,7.485E-05,0.024800001
,,,7.486E-05,0.024000001
,,,7.487E-05,0.024000001
,,,7.488E-05,0.024000001
,,,7.489E-05,0.024800001
,,,7.49E-05,0.024800001
,,,7.491E-05,0.025600002
,,,7.492E-05,0.024800001
,,,7.493E-05,0.024000001
,,,7.494E-05,0.024000001
,,,7.495E-05,0.023200001
,,,7.496E-05,0.024000001
,,,7.497E-05,0.024800001
,,,7.498E-05,0.023200001
,,,7.499E-05,0.024800001
,,,7.5E-05,0.024800001
,,,7.501E-05,0.024800001
,,,7.502E-05,0.024800001
,,,7.503E-05,0.024000001
,,,7.504E-05,0.024000001
,,,7.505E-05,0.024000001
,,,7.506E-05,0.024000001
,,,7.507E-05,0.024000001
,,,7.508E-05,0.024000001
,,,7.509E-05,0.024800001
,,,7.51E-05,0.023200001
,,,7.511E-05,0.024000001
,,,7.512E-05,0.024800001
,,,7.513E-05,0.023200001
,,,7.514E-05,0.024000001
,,,7.515E-05,0.023200001
,,,7.516E-05,0.024000001
,,,7.517E-05,0.024000001
,,,7.518E-05,0.024000001
,,,7.519E-05,0.024000001
,,,7.52E-05,0.024800001
,,,7.521E-05,0.024800001
,,,7.522E-05,0.024800001
,,,7.523E-05,0.024000001
,,,7.524E-05,0.024000001
,,,7.525E-05,0.024000001
,,,7.526E-05,0.024000001
,,,7.527E-05,0.024000001
,,,7.528E-05,0.024000001
,,,7.529E-05,0.024000001
,,,7.53E-05,0.024800001
,,,7.531E-05,0.024000001
,,,7.532E-05,0.024000001
,,,7.533E-05,0.024000001
,,,7.534E-05,0.023200001
,,,7.535E-05,0.023200001
,,,7.536E-05,0.023200001
,,,7.537E-05,0.024000001
,,,7.538E-05,0.024000001
,,,7.539E-05,0.024000001
,,,7.54E-05,0.024000001
,,,7.541E-05,0.023200001
,,,7.542E-05,0.024800001
,,,7.543E-05,0.024000001
,,,7.544E-05,0.024800001
,,,7.545E-05,0.023200001
,,,7.546E-05,0.024000001
,,,7.547E-05,0.024000001
,,,7.548E-05,0.026400002
,,,7.549E-05,0.025600002
,,,7.55E-05,0.024000001
,,,7.551E-05,0.023200001
,,,7.552E-05,0.024000001
,,,7.553E-05,0.024000001
,,,7.554E-05,0.024800001
,,,7.555E-05,0.025600002
,,,7.556E-05,0.024800001
,,,7.557E-05,0.026400002
,,,7.558E-05,0.024800001
,,,7.559E-05,0.023200001
,,,7.56E-05,0.024000001
,,,7.561E-05,0.024000001
,,,7.562E-05,0.024000001
,,,7.563E-05,0.024000001
,,,7.564E-05,0.024000001
,,,7.565E-05,0.024000001
,,,7.566E-05,0.023200001
,,,7.567E-05,0.024000001
,,,7.568E-05,0.024800001
,,,7.569E-05,0.024000001
,,,7.57E-05,0.024000001
,,,7.571E-05,0.024000001
,,,7.572E-05,0.024000001
,,,7.573E-05,0.024000001
,,,7.574E-05,0.024000001
,,,7.575E-05,0.024000001
,,,7.576E-05,0.024800001
,,,7.577E-05,0.024000001
,,,7.578E-05,0.024000001
,,,7.579E-05,0.024000001
,,,7.58E-05,0.024000001
,,,7.581E-05,0.024800001
,,,7.582E-05,0.024000001
,,,7.583E-05,0.024000001
,,,7.584E-05,0.024000001
,,,7.585E-05,0.024000001
,,,7.586E-05,0.024800001
,,,7.587E-05,0.024000001
,,,7.588E-05,0.022400001
,,,7.589E-05,0.024000001
,,,7.59E-05,0.024800001
,,,7.591E-05,0.024000001
,,,7.592E-05,0.024000001
,,,7.593E-05,0.024000001
,,,7.594E-05,0.024000001
,,,7.595E-05,0.024800001
,,,7.596E-05,0.024000001
,,,7.597E-05,0.024800001
,,,7.598E-05,0.025600002
,,,7.599E-05,0.023200001
,,,7.6E-05,0.024000001
,,,7.601E-05,0.024000001
,,,7.602E-05,0.024000001
,,,7.603E-05,0.023200001
,,,7.604E-05,0.021600001
,,,7.605E-05,0.024000001
,,,7.606E-05,0.023200001
,,,7.607E-05,0.024000001
,,,7.608E-05,0.024000001
,,,7.609E-05,0.024000001
,,,7.61E-05,0.024000001
,,,7.611E-05,0.025600002
,,,7.612E-05,0.024800001
,,,7.613E-05,0.024000001
,,,7.614E-05,0.024000001
,,,7.615E-05,0.023200001
,,,7.616E-05,0.023200001
,,,7.617E-05,0.025600002
,,,7.618E-05,0.026400002
,,,7.619E-05,0.023200001
,,,7.62E-05,0.024000001
,,,7.621E-05,0.024800001
,,,7.622E-05,0.024000001
,,,7.623E-05,0.022400001
,,,7.624E-05,0.024800001
,,,7.625E-05,0.024800001
,,,7.626E-05,0.024000001
,,,7.627E-05,0.024800001
,,,7.628E-05,0.024000001
,,,7.629E-05,0.025600002
,,,7.63E-05,0.024800001
,,,7.631E-05,0.024000001
,,,7.632E-05,0.024000001
,,,7.633E-05,0.024000001
,,,7.634E-05,0.024000001
,,,7.635E-05,0.025600002
,,,7.636E-05,0.025600002
,,,7.637E-05,0.024800001
,,,7.638E-05,0.025600002
,,,7.639E-05,0.024000001
,,,7.64E-05,0.024000001
,,,7.641E-05,0.023200001
,,,7.642E-05,0.027200002
,,,7.643E-05,0.024800001
,,,7.644E-05,0.024800001
,,,7.645E-05,0.024000001
,,,7.646E-05,0.025600002
,,,7.647E-05,0.024000001
,,,7.648E-05,0.024000001
,,,7.649E-05,0.024000001
,,,7.65E-05,0.022400001
,,,7.651E-05,0.024000001
,,,7.652E-05,0.024800001
,,,7.653E-05,0.024000001
,,,7.654E-05,0.024000001
,,,7.655E-05,0.023200001
,,,7.656E-05,0.025600002
,,,7.657E-05,0.023200001
,,,7.658E-05,0.024000001
,,,7.659E-05,0.023200001
,,,7.66E-05,0.024000001
,,,7.661E-05,0.024000001
,,,7.662E-05,0.024800001
,,,7.663E-05,0.024800001
,,,7.664E-05,0.024800001
,,,7.665E-05,0.026400002
,,,7.666E-05,0.024000001
,,,7.667E-05,0.023200001
,,,7.668E-05,0.023200001
,,,7.669E-05,0.024800001
,,,7.67E-05,0.024000001
,,,7.671E-05,0.024000001
,,,7.672E-05,0.024000001
,,,7.673E-05,0.024800001
,,,7.674E-05,0.024800001
,,,7.675E-05,0.024000001
,,,7.676E-05,0.024000001
,,,7.677E-05,0.024800001
,,,7.678E-05,0.024000001
,,,7.679E-05,0.023200001
,,,7.68E-05,0.024000001
,,,7.681E-05,0.024000001
,,,7.682E-05,0.024000001
,,,7.683E-05,0.024000001
,,,7.684E-05,0.024000001
,,,7.685E-05,0.024000001
,,,7.686E-05,0.024000001
,,,7.687E-05,0.024000001
,,,7.688E-05,0.024000001
,,,7.689E-05,0.024800001
,,,7.69E-05,0.024800001
,,,7.691E-05,0.024000001
,,,7.692E-05,0.025600002
,,,7.693E-05,0.024800001
,,,7.694E-05,0.025600002
,,,7.695E-05,0.024000001
,,,7.696E-05,0.024800001
,,,7.697E-05,0.024800001
,,,7.698E-05,0.023200001
,,,7.699E-05,0.024000001
,,,7.7E-05,0.024000001
,,,7.701E-05,0.025600002
,,,7.702E-05,0.024000001
,,,7.703E-05,0.024000001
,,,7.704E-05,0.025600002
,,,7.705E-05,0.024800001
,,,7.706E-05,0.024000001
,,,7.707E-05,0.024800001
,,,7.708E-05,0.024000001
,,,7.709E-05,0.024000001
,,,7.71E-05,0.022400001
,,,7.711E-05,0.023200001
,,,7.712E-05,0.024000001
,,,7.713E-05,0.024000001
,,,7.714E-05,0.025600002
,,,7.715E-05,0.025600002
,,,7.716E-05,0.023200001
,,,7.717E-05,0.024000001
,,,7.718E-05,0.024000001
,,,7.719E-05,0.021600001
,,,7.72E-05,0.023200001
,,,7.721E-05,0.025600002
,,,7.722E-05,0.024000001
,,,7.723E-05,0.025600002
,,,7.724E-05,0.024000001
,,,7.725E-05,0.023200001
,,,7.726E-05,0.025600002
,,,7.727E-05,0.024800001
,,,7.728E-05,0.024000001
,,,7.729E-05,0.024000001
,,,7.73E-05,0.024000001
,,,7.731E-05,0.024000001
,,,7.732E-05,0.024800001
,,,7.733E-05,0.024000001
,,,7.734E-05,0.024000001
,,,7.735E-05,0.025600002
,,,7.736E-05,0.024000001
,,,7.737E-05,0.025600002
,,,7.738E-05,0.024000001
,,,7.739E-05,0.022400001
,,,7.74E-05,0.025600002
,,,7.741E-05,0.024000001
,,,7.742E-05,0.024000001
,,,7.743E-05,0.024000001
,,,7.744E-05,0.024800001
,,,7.745E-05,0.023200001
,,,7.746E-05,0.024000001
,,,7.747E-05,0.023200001
,,,7.748E-05,0.024000001
,,,7.749E-05,0.024000001
,,,7.75E-05,0.024800001
,,,7.751E-05,0.024000001
,,,7.752E-05,0.025600002
,,,7.753E-05,0.024800001
,,,7.754E-05,0.024000001
,,,7.755E-05,0.023200001
,,,7.756E-05,0.024000001
,,,7.757E-05,0.024000001
,,,7.758E-05,0.024800001
,,,7.759E-05,0.025600002
,,,7.76E-05,0.024800001
,,,7.761E-05,0.024800001
,,,7.762E-05,0.024000001
,,,7.763E-05,0.024800001
,,,7.764E-05,0.023200001
,,,7.765E-05,0.024000001
,,,7.766E-05,0.023200001
,,,7.767E-05,0.024800001
,,,7.768E-05,0.024000001
,,,7.769E-05,0.024000001
,,,7.77E-05,0.024800001
,,,7.771E-05,0.024800001
,,,7.772E-05,0.024800001
,,,7.773E-05,0.024000001
,,,7.774E-05,0.024000001
,,,7.775E-05,0.024000001
,,,7.776E-05,0.025600002
,,,7.777E-05,0.024000001
,,,7.778E-05,0.025600002
,,,7.779E-05,0.024000001
,,,7.78E-05,0.024800001
,,,7.781E-05,0.024000001
,,,7.782E-05,0.024800001
,,,7.783E-05,0.023200001
,,,7.784E-05,0.024000001
,,,7.785E-05,0.024000001
,,,7.786E-05,0.026400002
,,,7.787E-05,0.024000001
,,,7.788E-05,0.023200001
,,,7.789E-05,0.024000001
,,,7.79E-05,0.024000001
,,,7.791E-05,0.024000001
,,,7.792E-05,0.025600002
,,,7.793E-05,0.024000001
,,,7.794E-05,0.022400001
,,,7.795E-05,0.024000001
,,,7.796E-05,0.023200001
,,,7.797E-05,0.024000001
,,,7.798E-05,0.024800001
,,,7.799E-05,0.024000001
,,,7.8E-05,0.024000001
,,,7.801E-05,0.026400002
,,,7.802E-05,0.024000001
,,,7.803E-05,0.024000001
,,,7.804E-05,0.024800001
,,,7.805E-05,0.024800001
,,,7.806E-05,0.024000001
,,,7.807E-05,0.023200001
,,,7.808E-05,0.023200001
,,,7.809E-05,0.024000001
,,,7.81E-05,0.025600002
,,,7.811E-05,0.023200001
,,,7.812E-05,0.024800001
,,,7.813E-05,0.024000001
,,,7.814E-05,0.024800001
,,,7.815E-05,0.024000001
,,,7.816E-05,0.024800001
,,,7.817E-05,0.022400001
,,,7.818E-05,0.024800001
,,,7.819E-05,0.024000001
,,,7.82E-05,0.024000001
,,,7.821E-05,0.024000001
,,,7.822E-05,0.024000001
,,,7.823E-05,0.024800001
,,,7.824E-05,0.024000001
,,,7.825E-05,0.024000001
,,,7.826E-05,0.025600002
,,,7.827E-05,0.024800001
,,,7.828E-05,0.023200001
,,,7.829E-05,0.024800001
,,,7.83E-05,0.024000001
,,,7.831E-05,0.024000001
,,,7.832E-05,0.023200001
,,,7.833E-05,0.024000001
,,,7.834E-05,0.024800001
,,,7.835E-05,0.024800001
,,,7.836E-05,0.024800001
,,,7.837E-05,0.023200001
,,,7.838E-05,0.024000001
,,,7.839E-05,0.022400001
,,,7.84E-05,0.024000001
,,,7.841E-05,0.024000001
,,,7.842E-05,0.024000001
,,,7.843E-05,0.024000001
,,,7.844E-05,0.024000001
,,,7.845E-05,0.024800001
,,,7.846E-05,0.023200001
,,,7.847E-05,0.024000001
,,,7.848E-05,0.024000001
,,,7.849E-05,0.024000001
,,,7.85E-05,0.024800001
,,,7.851E-05,0.024800001
,,,7.852E-05,0.022400001
,,,7.853E-05,0.024800001
,,,7.854E-05,0.023200001
,,,7.855E-05,0.024000001
,,,7.856E-05,0.024000001
,,,7.857E-05,0.024000001
,,,7.858E-05,0.023200001
,,,7.859E-05,0.023200001
,,,7.86E-05,0.024000001
,,,7.861E-05,0.024000001
,,,7.862E-05,0.022400001
,,,7.863E-05,0.024000001
,,,7.864E-05,0.024000001
,,,7.865E-05,0.023200001
,,,7.866E-05,0.024800001
,,,7.867E-05,0.023200001
,,,7.868E-05,0.024000001
,,,7.869E-05,0.024000001
,,,7.87E-05,0.024000001
,,,7.871E-05,0.024800001
,,,7.872E-05,0.024000001
,,,7.873E-05,0.023200001
,,,7.874E-05,0.024000001
,,,7.875E-05,0.024800001
,,,7.876E-05,0.025600002
,,,7.877E-05,0.024000001
,,,7.878E-05,0.023200001
,,,7.879E-05,0.024000001
,,,7.88E-05,0.025600002
,,,7.881E-05,0.023200001
,,,7.882E-05,0.024000001
,,,7.883E-05,0.024000001
,,,7.884E-05,0.023200001
,,,7.885E-05,0.024800001
,,,7.886E-05,0.022400001
,,,7.887E-05,0.024000001
,,,7.888E-05,0.025600002
,,,7.889E-05,0.021600001
,,,7.89E-05,0.024000001
,,,7.891E-05,0.023200001
,,,7.892E-05,0.024000001
,,,7.893E-05,0.023200001
,,,7.894E-05,0.024800001
,,,7.895E-05,0.024800001
,,,7.896E-05,0.024800001
,,,7.897E-05,0.025600002
,,,7.898E-05,0.025600002
,,,7.899E-05,0.025600002
,,,7.9E-05,0.025600002
,,,7.901E-05,0.024000001
,,,7.902E-05,0.025600002
,,,7.903E-05,0.022400001
,,,7.904E-05,0.027200002
,,,7.905E-05,0.024000001
,,,7.906E-05,0.024800001
,,,7.907E-05,0.024000001
,,,7.908E-05,0.025600002
,,,7.909E-05,0.024800001
,,,7.91E-05,0.024800001
,,,7.911E-05,0.024800001
,,,7.912E-05,0.023200001
,,,7.913E-05,0.024000001
,,,7.914E-05,0.023200001
,,,7.915E-05,0.024800001
,,,7.916E-05,0.024000001
,,,7.917E-05,0.024000001
,,,7.918E-05,0.024800001
,,,7.919E-05,0.024800001
,,,7.92E-05,0.024000001
,,,7.921E-05,0.024800001
,,,7.922E-05,0.024800001
,,,7.923E-05,0.024000001
,,,7.924E-05,0.023200001
,,,7.925E-05,0.024800001
,,,7.926E-05,0.024000001
,,,7.927E-05,0.024000001
,,,7.928E-05,0.025600002
,,,7.929E-05,0.025600002
,,,7.93E-05,0.024000001
,,,7.931E-05,0.024000001
,,,7.932E-05,0.024000001
,,,7.933E-05,0.023200001
,,,7.934E-05,0.024000001
,,,7.935E-05,0.024000001
,,,7.936E-05,0.023200001
,,,7.937E-05,0.024000001
,,,7.938E-05,0.024000001
,,,7.939E-05,0.024800001
,,,7.94E-05,0.024800001
,,,7.941E-05,0.023200001
,,,7.942E-05,0.023200001
,,,7.943E-05,0.025600002
,,,7.944E-05,0.024000001
,,,7.945E-05,0.024800001
,,,7.946E-05,0.024000001
,,,7.947E-05,0.022400001
,,,7.948E-05,0.023200001
,,,7.949E-05,0.023200001
,,,7.95E-05,0.024800001
,,,7.951E-05,0.024800001
,,,7.952E-05,0.024800001
,,,7.953E-05,0.025600002
,,,7.954E-05,0.024800001
,,,7.955E-05,0.023200001
,,,7.956E-05,0.024800001
,,,7.957E-05,0.023200001
,,,7.958E-05,0.024000001
,,,7.959E-05,0.024000001
,,,7.96E-05,0.024800001
,,,7.961E-05,0.024000001
,,,7.962E-05,0.024000001
,,,7.963E-05,0.024000001
,,,7.964E-05,0.024800001
,,,7.965E-05,0.023200001
,,,7.966E-05,0.025600002
,,,7.967E-05,0.025600002
,,,7.968E-05,0.024800001
,,,7.969E-05,0.024000001
,,,7.97E-05,0.024000001
,,,7.971E-05,0.025600002
,,,7.972E-05,0.024000001
,,,7.973E-05,0.024800001
,,,7.974E-05,0.024800001
,,,7.975E-05,0.024000001
,,,7.976E-05,0.024000001
,,,7.977E-05,0.024800001
,,,7.978E-05,0.024000001
,,,7.979E-05,0.024000001
,,,7.98E-05,0.024000001
,,,7.981E-05,0.028000002
,,,7.982E-05,0.024000001
,,,7.983E-05,0.024000001
,,,7.984E-05,0.025600002
,,,7.985E-05,0.024000001
,,,7.986E-05,0.026400002
,,,7.987E-05,0.023200001
,,,7.988E-05,0.024000001
,,,7.989E-05,0.024800001
,,,7.99E-05,0.024000001
,,,7.991E-05,0.024800001
,,,7.992E-05,0.025600002
,,,7.993E-05,0.024000001
,,,7.994E-05,0.022400001
,,,7.995E-05,0.023200001
,,,7.996E-05,0.024000001
,,,7.997E-05,0.023200001
,,,7.998E-05,0.024800001
,,,7.999E-05,0.024000001
,,,8E-05,0.024800001
,,,8.001E-05,0.025600002
,,,8.002E-05,0.023200001
,,,8.003E-05,0.024000001
,,,8.004E-05,0.024800001
,,,8.005E-05,0.024000001
,,,8.006E-05,0.024000001
,,,8.007E-05,0.025600002
,,,8.008E-05,0.024000001
,,,8.009E-05,0.024800001
,,,8.01E-05,0.024000001
,,,8.011E-05,0.024000001
,,,8.012E-05,0.025600002
,,,8.013E-05,0.025600002
,,,8.014E-05,0.024800001
,,,8.015E-05,0.023200001
,,,8.016E-05,0.024800001
,,,8.017E-05,0.023200001
,,,8.018E-05,0.024000001
,,,8.019E-05,0.024000001
,,,8.02E-05,0.024000001
,,,8.021E-05,0.024000001
,,,8.022E-05,0.024800001
,,,8.023E-05,0.024000001
,,,8.024E-05,0.024000001
,,,8.025E-05,0.024000001
,,,8.026E-05,0.024000001
,,,8.027E-05,0.023200001
,,,8.028E-05,0.025600002
,,,8.029E-05,0.023200001
,,,8.03E-05,0.024800001
,,,8.031E-05,0.024800001
,,,8.032E-05,0.024000001
,,,8.033E-05,0.024000001
,,,8.034E-05,0.026400002
,,,8.035E-05,0.024000001
,,,8.036E-05,0.024000001
,,,8.037E-05,0.023200001
,,,8.038E-05,0.026400002
,,,8.039E-05,0.024000001
,,,8.04E-05,0.025600002
,,,8.041E-05,0.024800001
,,,8.042E-05,0.023200001
,,,8.043E-05,0.024000001
,,,8.044E-05,0.024000001
,,,8.045E-05,0.023200001
,,,8.046E-05,0.026400002
,,,8.047E-05,0.024000001
,,,8.048E-05,0.024800001
,,,8.049E-05,0.024000001
,,,8.05E-05,0.024000001
,,,8.051E-05,0.024000001
,,,8.052E-05,0.024000001
,,,8.053E-05,0.024000001
,,,8.054E-05,0.024000001
,,,8.055E-05,0.024000001
,,,8.056E-05,0.024800001
,,,8.057E-05,0.023200001
,,,8.058E-05,0.024000001
,,,8.059E-05,0.024800001
,,,8.06E-05,0.024000001
,,,8.061E-05,0.024000001
,,,8.062E-05,0.024800001
,,,8.063E-05,0.024000001
,,,8.064E-05,0.024000001
,,,8.065E-05,0.024000001
,,,8.066E-05,0.023200001
,,,8.067E-05,0.025600002
,,,8.068E-05,0.023200001
,,,8.069E-05,0.024800001
,,,8.07E-05,0.024000001
,,,8.071E-05,0.023200001
,,,8.072E-05,0.024000001
,,,8.073E-05,0.025600002
,,,8.074E-05,0.024000001
,,,8.075E-05,0.022400001
,,,8.076E-05,0.024000001
,,,8.077E-05,0.024000001
,,,8.078E-05,0.023200001
,,,8.079E-05,0.023200001
,,,8.08E-05,0.023200001
,,,8.081E-05,0.024800001
,,,8.082E-05,0.024800001
,,,8.083E-05,0.024000001
,,,8.084E-05,0.025600002
,,,8.085E-05,0.027200002
,,,8.086E-05,0.024800001
,,,8.087E-05,0.024000001
,,,8.088E-05,0.024800001
,,,8.089E-05,0.024000001
,,,8.09E-05,0.023200001
,,,8.091E-05,0.024000001
,,,8.092E-05,0.024800001
,,,8.093E-05,0.024000001
,,,8.094E-05,0.024800001
,,,8.095E-05,0.024000001
,,,8.096E-05,0.024000001
,,,8.097E-05,0.024000001
,,,8.098E-05,0.025600002
,,,8.099E-05,0.024000001
,,,8.1E-05,0.025600002
,,,8.101E-05,0.024800001
,,,8.102E-05,0.023200001
,,,8.103E-05,0.024000001
,,,8.104E-05,0.024800001
,,,8.105E-05,0.025600002
,,,8.106E-05,0.025600002
,,,8.107E-05,0.025600002
,,,8.108E-05,0.025600002
,,,8.109E-05,0.024000001
,,,8.11E-05,0.024800001
,,,8.111E-05,0.025600002
,,,8.112E-05,0.024000001
,,,8.113E-05,0.024000001
,,,8.114E-05,0.024000001
,,,8.115E-05,0.025600002
,,,8.116E-05,0.023200001
,,,8.117E-05,0.024800001
,,,8.118E-05,0.023200001
,,,8.119E-05,0.025600002
,,,8.12E-05,0.023200001
,,,8.121E-05,0.024000001
,,,8.122E-05,0.024000001
,,,8.123E-05,0.024800001
,,,8.124E-05,0.024000001
,,,8.125E-05,0.025600002
,,,8.126E-05,0.025600002
,,,8.127E-05,0.024000001
,,,8.128E-05,0.025600002
,,,8.129E-05,0.024000001
,,,8.13E-05,0.024000001
,,,8.131E-05,0.023200001
,,,8.132E-05,0.024000001
,,,8.133E-05,0.023200001
,,,8.134E-05,0.023200001
,,,8.135E-05,0.024800001
,,,8.136E-05,0.025600002
,,,8.137E-05,0.024000001
,,,8.138E-05,0.024000001
,,,8.139E-05,0.026400002
,,,8.14E-05,0.024000001
,,,8.141E-05,0.024000001
,,,8.142E-05,0.024000001
,,,8.143E-05,0.024000001
,,,8.144E-05,0.024000001
,,,8.145E-05,0.025600002
,,,8.146E-05,0.024800001
,,,8.147E-05,0.022400001
,,,8.148E-05,0.024000001
,,,8.149E-05,0.024000001
,,,8.15E-05,0.024800001
,,,8.151E-05,0.024800001
,,,8.152E-05,0.024800001
,,,8.153E-05,0.024800001
,,,8.154E-05,0.022400001
,,,8.155E-05,0.023200001
,,,8.156E-05,0.024800001
,,,8.157E-05,0.024800001
,,,8.158E-05,0.024800001
,,,8.159E-05,0.021600001
,,,8.16E-05,0.024000001
,,,8.161E-05,0.024800001
,,,8.162E-05,0.024000001
,,,8.163E-05,0.024800001
,,,8.164E-05,0.025600002
,,,8.165E-05,0.022400001
,,,8.166E-05,0.023200001
,,,8.167E-05,0.024000001
,,,8.168E-05,0.024000001
,,,8.169E-05,0.024800001
,,,8.17E-05,0.024800001
,,,8.171E-05,0.024000001
,,,8.172E-05,0.021600001
,,,8.173E-05,0.023200001
,,,8.174E-05,0.024800001
,,,8.175E-05,0.024800001
,,,8.176E-05,0.024000001
,,,8.177E-05,0.023200001
,,,8.178E-05,0.023200001
,,,8.179E-05,0.024800001
,,,8.18E-05,0.024000001
,,,8.181E-05,0.024800001
,,,8.182E-05,0.024000001
,,,8.183E-05,0.020800001
,,,8.184E-05,0.024800001
,,,8.185E-05,0.025600002
,,,8.186E-05,0.023200001
,,,8.187E-05,0.023200001
,,,8.188E-05,0.024000001
,,,8.189E-05,0.024000001
,,,8.19E-05,0.024000001
,,,8.191E-05,0.025600002
,,,8.192E-05,0.024000001
,,,8.193E-05,0.024000001
,,,8.194E-05,0.024000001
,,,8.195E-05,0.023200001
,,,8.196E-05,0.024000001
,,,8.197E-05,0.023200001
,,,8.198E-05,0.024000001
,,,8.199E-05,0.024000001
,,,8.2E-05,0.025600002
,,,8.201E-05,0.024800001
,,,8.202E-05,0.026400002
,,,8.203E-05,0.024800001
,,,8.204E-05,0.024800001
,,,8.205E-05,0.024000001
,,,8.206E-05,0.024800001
,,,8.207E-05,0.024000001
,,,8.208E-05,0.025600002
,,,8.209E-05,0.024800001
,,,8.21E-05,0.024000001
,,,8.211E-05,0.024000001
,,,8.212E-05,0.024000001
,,,8.213E-05,0.024800001
,,,8.214E-05,0.025600002
,,,8.215E-05,0.024000001
,,,8.216E-05,0.024000001
,,,8.217E-05,0.025600002
,,,8.218E-05,0.024800001
,,,8.219E-05,0.024000001
,,,8.22E-05,0.024000001
,,,8.221E-05,0.024000001
,,,8.222E-05,0.024800001
,,,8.223E-05,0.023200001
,,,8.224E-05,0.024000001
,,,8.225E-05,0.024000001
,,,8.226E-05,0.025600002
,,,8.227E-05,0.024800001
,,,8.228E-05,0.024000001
,,,8.229E-05,0.024800001
,,,8.23E-05,0.024000001
,,,8.231E-05,0.024000001
,,,8.232E-05,0.024000001
,,,8.233E-05,0.024000001
,,,8.234E-05,0.024000001
,,,8.235E-05,0.024000001
,,,8.236E-05,0.024000001
,,,8.237E-05,0.024000001
,,,8.238E-05,0.024800001
,,,8.239E-05,0.024000001
,,,8.24E-05,0.024000001
,,,8.241E-05,0.023200001
,,,8.242E-05,0.024800001
,,,8.243E-05,0.024800001
,,,8.244E-05,0.025600002
,,,8.245E-05,0.024000001
,,,8.246E-05,0.024000001
,,,8.247E-05,0.024000001
,,,8.248E-05,0.024800001
,,,8.249E-05,0.024000001
,,,8.25E-05,0.024000001
,,,8.251E-05,0.025600002
,,,8.252E-05,0.024000001
,,,8.253E-05,0.024000001
,,,8.254E-05,0.024000001
,,,8.255E-05,0.024000001
,,,8.256E-05,0.024000001
,,,8.257E-05,0.024000001
,,,8.258E-05,0.024000001
,,,8.259E-05,0.021600001
,,,8.26E-05,0.024000001
,,,8.261E-05,0.024800001
,,,8.262E-05,0.023200001
,,,8.263E-05,0.024000001
,,,8.264E-05,0.024000001
,,,8.265E-05,0.023200001
,,,8.266E-05,0.024000001
,,,8.267E-05,0.024000001
,,,8.268E-05,0.024000001
,,,8.269E-05,0.024000001
,,,8.27E-05,0.024000001
,,,8.271E-05,0.024800001
,,,8.272E-05,0.024000001
,,,8.273E-05,0.024000001
,,,8.274E-05,0.024000001
,,,8.275E-05,0.024800001
,,,8.276E-05,0.027200002
,,,8.277E-05,0.024000001
,,,8.278E-05,0.024000001
,,,8.279E-05,0.024000001
,,,8.28E-05,0.023200001
,,,8.281E-05,0.024000001
,,,8.282E-05,0.024000001
,,,8.283E-05,0.023200001
,,,8.284E-05,0.025600002
,,,8.285E-05,0.024000001
,,,8.286E-05,0.024000001
,,,8.287E-05,0.024000001
,,,8.288E-05,0.025600002
,,,8.289E-05,0.024000001
,,,8.29E-05,0.024800001
,,,8.291E-05,0.024000001
,,,8.292E-05,0.024000001
,,,8.293E-05,0.024800001
,,,8.294E-05,0.024000001
,,,8.295E-05,0.024000001
,,,8.296E-05,0.023200001
,,,8.297E-05,0.025600002
,,,8.298E-05,0.024800001
,,,8.299E-05,0.023200001
,,,8.3E-05,0.024000001
,,,8.301E-05,0.024000001
,,,8.302E-05,0.024000001
,,,8.303E-05,0.024000001
,,,8.304E-05,0.025600002
,,,8.305E-05,0.024000001
,,,8.306E-05,0.024000001
,,,8.307E-05,0.023200001
,,,8.308E-05,0.024800001
,,,8.309E-05,0.024800001
,,,8.31E-05,0.024000001
,,,8.311E-05,0.024000001
,,,8.312E-05,0.025600002
,,,8.313E-05,0.024800001
,,,8.314E-05,0.024000001
,,,8.315E-05,0.024000001
,,,8.316E-05,0.024000001
,,,8.317E-05,0.024000001
,,,8.318E-05,0.023200001
,,,8.319E-05,0.024800001
,,,8.32E-05,0.023200001
,,,8.321E-05,0.023200001
,,,8.322E-05,0.023200001
,,,8.323E-05,0.021600001
,,,8.324E-05,0.023200001
,,,8.325E-05,0.023200001
,,,8.326E-05,0.024800001
,,,8.327E-05,0.024000001
,,,8.328E-05,0.024000001
,,,8.329E-05,0.024000001
,,,8.33E-05,0.024800001
,,,8.331E-05,0.024000001
,,,8.332E-05,0.023200001
,,,8.333E-05,0.022400001
,,,8.334E-05,0.024000001
,,,8.335E-05,0.024800001
,,,8.336E-05,0.024800001
,,,8.337E-05,0.022400001
,,,8.338E-05,0.024000001
,,,8.339E-05,0.023200001
,,,8.34E-05,0.024000001
,,,8.341E-05,0.025600002
,,,8.342E-05,0.024000001
,,,8.343E-05,0.026400002
,,,8.344E-05,0.023200001
,,,8.345E-05,0.024000001
,,,8.346E-05,0.024000001
,,,8.347E-05,0.025600002
,,,8.348E-05,0.024000001
,,,8.349E-05,0.023200001
,,,8.35E-05,0.024000001
,,,8.351E-05,0.024000001
,,,8.352E-05,0.024800001
,,,8.353E-05,0.025600002
,,,8.354E-05,0.024000001
,,,8.355E-05,0.024800001
,,,8.356E-05,0.024000001
,,,8.357E-05,0.024800001
,,,8.358E-05,0.024000001
,,,8.359E-05,0.024800001
,,,8.36E-05,0.023200001
,,,8.361E-05,0.024800001
,,,8.362E-05,0.024800001
,,,8.363E-05,0.024000001
,,,8.364E-05,0.023200001
,,,8.365E-05,0.025600002
,,,8.366E-05,0.024000001
,,,8.367E-05,0.024000001
,,,8.368E-05,0.024000001
,,,8.369E-05,0.024000001
,,,8.37E-05,0.023200001
,,,8.371E-05,0.024800001
,,,8.372E-05,0.024000001
,,,8.373E-05,0.023200001
,,,8.374E-05,0.024800001
,,,8.375E-05,0.024000001
,,,8.376E-05,0.025600002
,,,8.377E-05,0.024000001
,,,8.378E-05,0.022400001
,,,8.379E-05,0.024800001
,,,8.38E-05,0.024000001
,,,8.381E-05,0.024800001
,,,8.382E-05,0.024800001
,,,8.383E-05,0.024800001
,,,8.384E-05,0.023200001
,,,8.385E-05,0.024000001
,,,8.386E-05,0.024000001
,,,8.387E-05,0.023200001
,,,8.388E-05,0.024000001
,,,8.389E-05,0.024000001
,,,8.39E-05,0.024800001
,,,8.391E-05,0.024800001
,,,8.392E-05,0.024000001
,,,8.393E-05,0.024000001
,,,8.394E-05,0.024800001
,,,8.395E-05,0.023200001
,,,8.396E-05,0.023200001
,,,8.397E-05,0.023200001
,,,8.398E-05,0.024800001
,,,8.399E-05,0.024800001
,,,8.4E-05,0.024000001
,,,8.401E-05,0.024000001
,,,8.402E-05,0.024000001
,,,8.403E-05,0.024000001
,,,8.404E-05,0.023200001
,,,8.405E-05,0.024000001
,,,8.406E-05,0.025600002
,,,8.407E-05,0.023200001
,,,8.408E-05,0.026400002
,,,8.409E-05,0.024000001
,,,8.41E-05,0.024800001
,,,8.411E-05,0.024800001
,,,8.412E-05,0.024800001
,,,8.413E-05,0.023200001
,,,8.414E-05,0.023200001
,,,8.415E-05,0.024800001
,,,8.416E-05,0.024000001
,,,8.417E-05,0.022400001
,,,8.418E-05,0.024000001
,,,8.419E-05,0.024000001
,,,8.42E-05,0.024000001
,,,8.421E-05,0.024000001
,,,8.422E-05,0.024800001
,,,8.423E-05,0.023200001
,,,8.424E-05,0.024000001
,,,8.425E-05,0.023200001
,,,8.426E-05,0.023200001
,,,8.427E-05,0.023200001
,,,8.428E-05,0.024000001
,,,8.429E-05,0.023200001
,,,8.43E-05,0.024800001
,,,8.431E-05,0.024000001
,,,8.432E-05,0.024000001
,,,8.433E-05,0.024000001
,,,8.434E-05,0.024000001
,,,8.435E-05,0.024000001
,,,8.436E-05,0.022400001
,,,8.437E-05,0.024000001
,,,8.438E-05,0.024800001
,,,8.439E-05,0.023200001
,,,8.44E-05,0.024000001
,,,8.441E-05,0.024800001
,,,8.442E-05,0.023200001
,,,8.443E-05,0.024800001
,,,8.444E-05,0.024000001
,,,8.445E-05,0.024000001
,,,8.446E-05,0.024800001
,,,8.447E-05,0.023200001
,,,8.448E-05,0.024000001
,,,8.449E-05,0.024000001
,,,8.45E-05,0.024000001
,,,8.451E-05,0.024000001
,,,8.452E-05,0.022400001
,,,8.453E-05,0.025600002
,,,8.454E-05,0.024800001
,,,8.455E-05,0.024000001
,,,8.456E-05,0.024800001
,,,8.457E-05,0.025600002
,,,8.458E-05,0.024000001
,,,8.459E-05,0.024000001
,,,8.46E-05,0.024000001
,,,8.461E-05,0.024000001
,,,8.462E-05,0.024000001
,,,8.463E-05,0.023200001
,,,8.464E-05,0.024000001
,,,8.465E-05,0.024000001
,,,8.466E-05,0.024000001
,,,8.467E-05,0.024000001
,,,8.468E-05,0.025600002
,,,8.469E-05,0.024800001
,,,8.47E-05,0.022400001
,,,8.471E-05,0.024000001
,,,8.472E-05,0.024800001
,,,8.473E-05,0.022400001
,,,8.474E-05,0.024800001
,,,8.475E-05,0.024000001
,,,8.476E-05,0.026400002
,,,8.477E-05,0.023200001
,,,8.478E-05,0.022400001
,,,8.479E-05,0.024800001
,,,8.48E-05,0.024000001
,,,8.481E-05,0.024000001
,,,8.482E-05,0.024000001
,,,8.483E-05,0.024000001
,,,8.484E-05,0.024800001
,,,8.485E-05,0.025600002
,,,8.486E-05,0.024000001
,,,8.487E-05,0.025600002
,,,8.488E-05,0.025600002
,,,8.489E-05,0.024000001
,,,8.49E-05,0.024000001
,,,8.491E-05,0.023200001
,,,8.492E-05,0.025600002
,,,8.493E-05,0.024000001
,,,8.494E-05,0.024000001
,,,8.495E-05,0.024000001
,,,8.496E-05,0.024800001
,,,8.497E-05,0.024000001
,,,8.498E-05,0.024800001
,,,8.499E-05,0.024800001
,,,8.5E-05,0.023200001
,,,8.501E-05,0.024800001
,,,8.502E-05,0.024800001
,,,8.503E-05,0.024000001
,,,8.504E-05,0.024800001
,,,8.505E-05,0.025600002
,,,8.506E-05,0.023200001
,,,8.507E-05,0.024000001
,,,8.508E-05,0.023200001
,,,8.509E-05,0.022400001
,,,8.51E-05,0.024000001
,,,8.511E-05,0.024000001
,,,8.512E-05,0.024000001
,,,8.513E-05,0.023200001
,,,8.514E-05,0.024000001
,,,8.515E-05,0.022400001
,,,8.516E-05,0.024000001
,,,8.517E-05,0.024000001
,,,8.518E-05,0.024800001
,,,8.519E-05,0.023200001
,,,8.52E-05,0.024000001
,,,8.521E-05,0.024800001
,,,8.522E-05,0.024000001
,,,8.523E-05,0.024000001
,,,8.524E-05,0.024000001
,,,8.525E-05,0.024000001
,,,8.526E-05,0.024800001
,,,8.527E-05,0.023200001
,,,8.528E-05,0.024000001
,,,8.529E-05,0.024000001
,,,8.53E-05,0.024000001
,,,8.531E-05,0.025600002
,,,8.532E-05,0.024000001
,,,8.533E-05,0.024800001
,,,8.534E-05,0.022400001
,,,8.535E-05,0.025600002
,,,8.536E-05,0.024000001
,,,8.537E-05,0.024800001
,,,8.538E-05,0.026400002
,,,8.539E-05,0.024800001
,,,8.54E-05,0.024000001
,,,8.541E-05,0.024000001
,,,8.542E-05,0.025600002
,,,8.543E-05,0.024000001
,,,8.544E-05,0.024000001
,,,8.545E-05,0.024800001
,,,8.546E-05,0.023200001
,,,8.547E-05,0.024000001
,,,8.548E-05,0.024000001
,,,8.549E-05,0.023200001
,,,8.55E-05,0.024000001
,,,8.551E-05,0.023200001
,,,8.552E-05,0.024000001
,,,8.553E-05,0.025600002
,,,8.554E-05,0.024000001
,,,8.555E-05,0.024000001
,,,8.556E-05,0.025600002
,,,8.557E-05,0.024000001
,,,8.558E-05,0.022400001
,,,8.559E-05,0.024000001
,,,8.56E-05,0.024800001
,,,8.561E-05,0.024000001
,,,8.562E-05,0.024000001
,,,8.563E-05,0.024800001
,,,8.564E-05,0.022400001
,,,8.565E-05,0.024800001
,,,8.566E-05,0.024000001
,,,8.567E-05,0.022400001
,,,8.568E-05,0.024000001
,,,8.569E-05,0.024000001
,,,8.57E-05,0.024000001
,,,8.571E-05,0.024800001
,,,8.572E-05,0.024800001
,,,8.573E-05,0.023200001
,,,8.574E-05,0.023200001
,,,8.575E-05,0.025600002
,,,8.576E-05,0.024000001
,,,8.577E-05,0.025600002
,,,8.578E-05,0.023200001
,,,8.579E-05,0.025600002
,,,8.58E-05,0.024800001
,,,8.581E-05,0.025600002
,,,8.582E-05,0.025600002
,,,8.583E-05,0.024800001
,,,8.584E-05,0.024800001
,,,8.585E-05,0.026400002
,,,8.586E-05,0.024000001
,,,8.587E-05,0.024800001
,,,8.588E-05,0.024000001
,,,8.589E-05,0.024800001
,,,8.59E-05,0.024800001
,,,8.591E-05,0.023200001
,,,8.592E-05,0.024000001
,,,8.593E-05,0.024800001
,,,8.594E-05,0.025600002
,,,8.595E-05,0.024000001
,,,8.596E-05,0.024000001
,,,8.597E-05,0.023200001
,,,8.598E-05,0.024800001
,,,8.599E-05,0.023200001
,,,8.6E-05,0.023200001
,,,8.601E-05,0.024000001
,,,8.602E-05,0.022400001
,,,8.603E-05,0.025600002
,,,8.604E-05,0.024000001
,,,8.605E-05,0.024800001
,,,8.606E-05,0.023200001
,,,8.607E-05,0.022400001
,,,8.608E-05,0.023200001
,,,8.609E-05,0.024000001
,,,8.61E-05,0.023200001
,,,8.611E-05,0.023200001
,,,8.612E-05,0.024000001
,,,8.613E-05,0.024800001
,,,8.614E-05,0.023200001
,,,8.615E-05,0.023200001
,,,8.616E-05,0.022400001
,,,8.617E-05,0.024800001
,,,8.618E-05,0.024800001
,,,8.619E-05,0.024000001
,,,8.62E-05,0.022400001
,,,8.621E-05,0.023200001
,,,8.622E-05,0.024000001
,,,8.623E-05,0.024000001
,,,8.624E-05,0.024800001
,,,8.625E-05,0.024000001
,,,8.626E-05,0.024000001
,,,8.627E-05,0.024000001
,,,8.628E-05,0.021600001
,,,8.629E-05,0.023200001
,,,8.63E-05,0.024800001
,,,8.631E-05,0.024000001
,,,8.632E-05,0.026400002
,,,8.633E-05,0.023200001
,,,8.634E-05,0.024000001
,,,8.635E-05,0.024000001
,,,8.636E-05,0.024000001
,,,8.637E-05,0.024800001
,,,8.638E-05,0.024800001
,,,8.639E-05,0.024000001
,,,8.64E-05,0.024000001
,,,8.641E-05,0.024800001
,,,8.642E-05,0.024000001
,,,8.643E-05,0.023200001
,,,8.644E-05,0.025600002
,,,8.645E-05,0.023200001
,,,8.646E-05,0.024000001
,,,8.647E-05,0.023200001
,,,8.648E-05,0.023200001
,,,8.649E-05,0.024800001
,,,8.65E-05,0.024000001
,,,8.651E-05,0.024000001
,,,8.652E-05,0.024000001
,,,8.653E-05,0.024000001
,,,8.654E-05,0.024000001
,,,8.655E-05,0.024800001
,,,8.656E-05,0.025600002
,,,8.657E-05,0.023200001
,,,8.658E-05,0.024800001
,,,8.659E-05,0.025600002
,,,8.66E-05,0.024800001
,,,8.661E-05,0.024800001
,,,8.662E-05,0.024000001
,,,8.663E-05,0.023200001
,,,8.664E-05,0.023200001
,,,8.665E-05,0.024800001
,,,8.666E-05,0.024800001
,,,8.667E-05,0.026400002
,,,8.668E-05,0.023200001
,,,8.669E-05,0.024000001
,,,8.67E-05,0.023200001
,,,8.671E-05,0.024800001
,,,8.672E-05,0.023200001
,,,8.673E-05,0.024000001
,,,8.674E-05,0.024000001
,,,8.675E-05,0.022400001
,,,8.676E-05,0.025600002
,,,8.677E-05,0.022400001
,,,8.678E-05,0.023200001
,,,8.679E-05,0.024000001
,,,8.68E-05,0.024000001
,,,8.681E-05,0.024000001
,,,8.682E-05,0.024000001
,,,8.683E-05,0.024000001
,,,8.684E-05,0.023200001
,,,8.685E-05,0.023200001
,,,8.686E-05,0.025600002
,,,8.687E-05,0.024800001
,,,8.688E-05,0.024000001
,,,8.689E-05,0.023200001
,,,8.69E-05,0.023200001
,,,8.691E-05,0.024800001
,,,8.692E-05,0.026400002
,,,8.693E-05,0.024000001
,,,8.694E-05,0.024000001
,,,8.695E-05,0.025600002
,,,8.696E-05,0.024000001
,,,8.697E-05,0.024800001
,,,8.698E-05,0.024000001
,,,8.699E-05,0.024000001
,,,8.7E-05,0.024000001
,,,8.701E-05,0.024000001
,,,8.702E-05,0.024000001
,,,8.703E-05,0.024800001
,,,8.704E-05,0.024000001
,,,8.705E-05,0.023200001
,,,8.706E-05,0.024800001
,,,8.707E-05,0.024800001
,,,8.708E-05,0.024000001
,,,8.709E-05,0.024000001
,,,8.71E-05,0.023200001
,,,8.711E-05,0.024800001
,,,8.712E-05,0.024000001
,,,8.713E-05,0.024000001
,,,8.714E-05,0.024000001
,,,8.715E-05,0.023200001
,,,8.716E-05,0.025600002
,,,8.717E-05,0.024000001
,,,8.718E-05,0.025600002
,,,8.719E-05,0.024800001
,,,8.72E-05,0.024800001
,,,8.721E-05,0.025600002
,,,8.722E-05,0.025600002
,,,8.723E-05,0.024800001
,,,8.724E-05,0.024800001
,,,8.725E-05,0.024000001
,,,8.726E-05,0.024000001
,,,8.727E-05,0.024000001
,,,8.728E-05,0.025600002
,,,8.729E-05,0.023200001
,,,8.73E-05,0.024000001
,,,8.731E-05,0.024800001
,,,8.732E-05,0.023200001
,,,8.733E-05,0.024000001
,,,8.734E-05,0.024000001
,,,8.735E-05,0.024000001
,,,8.736E-05,0.024000001
,,,8.737E-05,0.025600002
,,,8.738E-05,0.024800001
,,,8.739E-05,0.023200001
,,,8.74E-05,0.024000001
,,,8.741E-05,0.024800001
,,,8.742E-05,0.023200001
,,,8.743E-05,0.024000001
,,,8.744E-05,0.024000001
,,,8.745E-05,0.024000001
,,,8.746E-05,0.024800001
,,,8.747E-05,0.024000001
,,,8.748E-05,0.024800001
,,,8.749E-05,0.024000001
,,,8.75E-05,0.024000001
,,,8.751E-05,0.022400001
,,,8.752E-05,0.024000001
,,,8.753E-05,0.025600002
,,,8.754E-05,0.024000001
,,,8.755E-05,0.024800001
,,,8.756E-05,0.024000001
,,,8.757E-05,0.024000001
,,,8.758E-05,0.025600002
,,,8.759E-05,0.024000001
,,,8.76E-05,0.024000001
,,,8.761E-05,0.024800001
,,,8.762E-05,0.024000001
,,,8.763E-05,0.024000001
,,,8.764E-05,0.024800001
,,,8.765E-05,0.024000001
,,,8.766E-05,0.025600002
,,,8.767E-05,0.024800001
,,,8.768E-05,0.024000001
,,,8.769E-05,0.024800001
,,,8.77E-05,0.024000001
,,,8.771E-05,0.024000001
,,,8.772E-05,0.024000001
,,,8.773E-05,0.024000001
,,,8.774E-05,0.024800001
,,,8.775E-05,0.023200001
,,,8.776E-05,0.024800001
,,,8.777E-05,0.025600002
,,,8.778E-05,0.024000001
,,,8.779E-05,0.023200001
,,,8.78E-05,0.024000001
,,,8.781E-05,0.024000001
,,,8.782E-05,0.024000001
,,,8.783E-05,0.024000001
,,,8.784E-05,0.024800001
,,,8.785E-05,0.025600002
,,,8.786E-05,0.025600002
,,,8.787E-05,0.024000001
,,,8.788E-05,0.024000001
,,,8.789E-05,0.024000001
,,,8.79E-05,0.024000001
,,,8.791E-05,0.024800001
,,,8.792E-05,0.024800001
,,,8.793E-05,0.024000001
,,,8.794E-05,0.024800001
,,,8.795E-05,0.023200001
,,,8.796E-05,0.024000001
,,,8.797E-05,0.024000001
,,,8.798E-05,0.024000001
,,,8.799E-05,0.024000001
,,,8.8E-05,0.025600002
,,,8.801E-05,0.024000001
,,,8.802E-05,0.024000001
,,,8.803E-05,0.024000001
,,,8.804E-05,0.024000001
,,,8.805E-05,0.024000001
,,,8.806E-05,0.024000001
,,,8.807E-05,0.024000001
,,,8.808E-05,0.024000001
,,,8.809E-05,0.024000001
,,,8.81E-05,0.024000001
,,,8.811E-05,0.023200001
,,,8.812E-05,0.022400001
,,,8.813E-05,0.024800001
,,,8.814E-05,0.024000001
,,,8.815E-05,0.024000001
,,,8.816E-05,0.024000001
,,,8.817E-05,0.024000001
,,,8.818E-05,0.024000001
,,,8.819E-05,0.023200001
,,,8.82E-05,0.024000001
,,,8.821E-05,0.023200001
,,,8.822E-05,0.024000001
,,,8.823E-05,0.021600001
,,,8.824E-05,0.024000001
,,,8.825E-05,0.024000001
,,,8.826E-05,0.025600002
,,,8.827E-05,0.024800001
,,,8.828E-05,0.024800001
,,,8.829E-05,0.024000001
,,,8.83E-05,0.024000001
,,,8.831E-05,0.025600002
,,,8.832E-05,0.023200001
,,,8.833E-05,0.025600002
,,,8.834E-05,0.024000001
,,,8.835E-05,0.024800001
,,,8.836E-05,0.024000001
,,,8.837E-05,0.024000001
,,,8.838E-05,0.024000001
,,,8.839E-05,0.024800001
,,,8.84E-05,0.024000001
,,,8.841E-05,0.023200001
,,,8.842E-05,0.024000001
,,,8.843E-05,0.022400001
,,,8.844E-05,0.025600002
,,,8.845E-05,0.024000001
,,,8.846E-05,0.026400002
,,,8.847E-05,0.024000001
,,,8.848E-05,0.024000001
,,,8.849E-05,0.025600002
,,,8.85E-05,0.025600002
,,,8.851E-05,0.024800001
,,,8.852E-05,0.023200001
,,,8.853E-05,0.023200001
,,,8.854E-05,0.024800001
,,,8.855E-05,0.023200001
,,,8.856E-05,0.024000001
,,,8.857E-05,0.024000001
,,,8.858E-05,0.024800001
,,,8.859E-05,0.023200001
,,,8.86E-05,0.024800001
,,,8.861E-05,0.024000001
,,,8.862E-05,0.024000001
,,,8.863E-05,0.024000001
,,,8.864E-05,0.024000001
,,,8.865E-05,0.023200001
,,,8.866E-05,0.024800001
,,,8.867E-05,0.024000001
,,,8.868E-05,0.024800001
,,,8.869E-05,0.024800001
,,,8.87E-05,0.022400001
,,,8.871E-05,0.024000001
,,,8.872E-05,0.024000001
,,,8.873E-05,0.023200001
,,,8.874E-05,0.024800001
,,,8.875E-05,0.024000001
,,,8.876E-05,0.024800001
,,,8.877E-05,0.022400001
,,,8.878E-05,0.023200001
,,,8.879E-05,0.024000001
,,,8.88E-05,0.024000001
,,,8.881E-05,0.023200001
,,,8.882E-05,0.025600002
,,,8.883E-05,0.024000001
,,,8.884E-05,0.024800001
,,,8.885E-05,0.024800001
,,,8.886E-05,0.025600002
,,,8.887E-05,0.024000001
,,,8.888E-05,0.024800001
,,,8.889E-05,0.024800001
,,,8.89E-05,0.024000001
,,,8.891E-05,0.024000001
,,,8.892E-05,0.024000001
,,,8.893E-05,0.024000001
,,,8.894E-05,0.024000001
,,,8.895E-05,0.024800001
,,,8.896E-05,0.025600002
,,,8.897E-05,0.024000001
,,,8.898E-05,0.023200001
,,,8.899E-05,0.024800001
,,,8.9E-05,0.024000001
,,,8.901E-05,0.023200001
,,,8.902E-05,0.024000001
,,,8.903E-05,0.024000001
,,,8.904E-05,0.024000001
,,,8.905E-05,0.024800001
,,,8.906E-05,0.024000001
,,,8.907E-05,0.024800001
,,,8.908E-05,0.024800001
,,,8.909E-05,0.024000001
,,,8.91E-05,0.025600002
,,,8.911E-05,0.024000001
,,,8.912E-05,0.024000001
,,,8.913E-05,0.024000001
,,,8.914E-05,0.024000001
,,,8.915E-05,0.024000001
,,,8.916E-05,0.025600002
,,,8.917E-05,0.024000001
,,,8.918E-05,0.024800001
,,,8.919E-05,0.024800001
,,,8.92E-05,0.021600001
,,,8.921E-05,0.023200001
,,,8.922E-05,0.024800001
,,,8.923E-05,0.023200001
,,,8.924E-05,0.023200001
,,,8.925E-05,0.023200001
,,,8.926E-05,0.024000001
,,,8.927E-05,0.024800001
,,,8.928E-05,0.024000001
,,,8.929E-05,0.024000001
,,,8.93E-05,0.024000001
,,,8.931E-05,0.024000001
,,,8.932E-05,0.024000001
,,,8.933E-05,0.024000001
,,,8.934E-05,0.024800001
,,,8.935E-05,0.024800001
,,,8.936E-05,0.024800001
,,,8.937E-05,0.023200001
,,,8.938E-05,0.023200001
,,,8.939E-05,0.021600001
,,,8.94E-05,0.024000001
,,,8.941E-05,0.024800001
,,,8.942E-05,0.024000001
,,,8.943E-05,0.024000001
,,,8.944E-05,0.023200001
,,,8.945E-05,0.024000001
,,,8.946E-05,0.024800001
,,,8.947E-05,0.023200001
,,,8.948E-05,0.024000001
,,,8.949E-05,0.024000001
,,,8.95E-05,0.023200001
,,,8.951E-05,0.024000001
,,,8.952E-05,0.024000001
,,,8.953E-05,0.024000001
,,,8.954E-05,0.024800001
,,,8.955E-05,0.024000001
,,,8.956E-05,0.024000001
,,,8.957E-05,0.024000001
,,,8.958E-05,0.024800001
,,,8.959E-05,0.024800001
,,,8.96E-05,0.024000001
,,,8.961E-05,0.024800001
,,,8.962E-05,0.024000001
,,,8.963E-05,0.023200001
,,,8.964E-05,0.024800001
,,,8.965E-05,0.023200001
,,,8.966E-05,0.024000001
,,,8.967E-05,0.024800001
,,,8.968E-05,0.025600002
,,,8.969E-05,0.024000001
,,,8.97E-05,0.025600002
,,,8.971E-05,0.023200001
,,,8.972E-05,0.024800001
,,,8.973E-05,0.024800001
,,,8.974E-05,0.024000001
,,,8.975E-05,0.024000001
,,,8.976E-05,0.024000001
,,,8.977E-05,0.024000001
,,,8.978E-05,0.024800001
,,,8.979E-05,0.024800001
,,,8.98E-05,0.024000001
,,,8.981E-05,0.023200001
,,,8.982E-05,0.024000001
,,,8.983E-05,0.023200001
,,,8.984E-05,0.024800001
,,,8.985E-05,0.024000001
,,,8.986E-05,0.022400001
,,,8.987E-05,0.024000001
,,,8.988E-05,0.024000001
,,,8.989E-05,0.023200001
,,,8.99E-05,0.023200001
,,,8.991E-05,0.024000001
,,,8.992E-05,0.024000001
,,,8.993E-05,0.024000001
,,,8.994E-05,0.024000001
,,,8.995E-05,0.024000001
,,,8.996E-05,0.025600002
,,,8.997E-05,0.023200001
,,,8.998E-05,0.024800001
,,,8.999E-05,0.023200001
,,,9E-05,0.024000001
,,,9.001E-05,0.024800001
,,,9.002E-05,0.024800001
,,,9.003E-05,0.024000001
,,,9.004E-05,0.023200001
,,,9.005E-05,0.024000001
,,,9.006E-05,0.023200001
,,,9.007E-05,0.023200001
,,,9.008E-05,0.024000001
,,,9.009E-05,0.024000001
,,,9.01E-05,0.024000001
,,,9.011E-05,0.024000001
,,,9.012E-05,0.024000001
,,,9.013E-05,0.024000001
,,,9.014E-05,0.024000001
,,,9.015E-05,0.023200001
,,,9.016E-05,0.024000001
,,,9.017E-05,0.024000001
,,,9.018E-05,0.027200002
,,,9.019E-05,0.023200001
,,,9.02E-05,0.024000001
,,,9.021E-05,0.023200001
,,,9.022E-05,0.024000001
,,,9.023E-05,0.024800001
,,,9.024E-05,0.025600002
,,,9.025E-05,0.025600002
,,,9.026E-05,0.024000001
,,,9.027E-05,0.024000001
,,,9.028E-05,0.024000001
,,,9.029E-05,0.024800001
,,,9.03E-05,0.023200001
,,,9.031E-05,0.023200001
,,,9.032E-05,0.024800001
,,,9.033E-05,0.023200001
,,,9.034E-05,0.024000001
,,,9.035E-05,0.024000001
,,,9.036E-05,0.025600002
,,,9.037E-05,0.024000001
,,,9.038E-05,0.026400002
,,,9.039E-05,0.025600002
,,,9.04E-05,0.024000001
,,,9.041E-05,0.024000001
,,,9.042E-05,0.024000001
,,,9.043E-05,0.024800001
,,,9.044E-05,0.024000001
,,,9.045E-05,0.023200001
,,,9.046E-05,0.024800001
,,,9.047E-05,0.024000001
,,,9.048E-05,0.024000001
,,,9.049E-05,0.024000001
,,,9.05E-05,0.025600002
,,,9.051E-05,0.024000001
,,,9.052E-05,0.024000001
,,,9.053E-05,0.025600002
,,,9.054E-05,0.024000001
,,,9.055E-05,0.024000001
,,,9.056E-05,0.023200001
,,,9.057E-05,0.024800001
,,,9.058E-05,0.023200001
,,,9.059E-05,0.024800001
,,,9.06E-05,0.024800001
,,,9.061E-05,0.025600002
,,,9.062E-05,0.024800001
,,,9.063E-05,0.025600002
,,,9.064E-05,0.023200001
,,,9.065E-05,0.023200001
,,,9.066E-05,0.024000001
,,,9.067E-05,0.024000001
,,,9.068E-05,0.024800001
,,,9.069E-05,0.024800001
,,,9.07E-05,0.024800001
,,,9.071E-05,0.024000001
,,,9.072E-05,0.025600002
,,,9.073E-05,0.024000001
,,,9.074E-05,0.023200001
,,,9.075E-05,0.023200001
,,,9.076E-05,0.024000001
,,,9.077E-05,0.023200001
,,,9.078E-05,0.025600002
,,,9.079E-05,0.024800001
,,,9.08E-05,0.024000001
,,,9.081E-05,0.024000001
,,,9.082E-05,0.024000001
,,,9.083E-05,0.024000001
,,,9.084E-05,0.024800001
,,,9.085E-05,0.024000001
,,,9.086E-05,0.022400001
,,,9.087E-05,0.024800001
,,,9.088E-05,0.024000001
,,,9.089E-05,0.024000001
,,,9.09E-05,0.024800001
,,,9.091E-05,0.024000001
,,,9.092E-05,0.024000001
,,,9.093E-05,0.024000001
,,,9.094E-05,0.024000001
,,,9.095E-05,0.024000001
,,,9.096E-05,0.023200001
,,,9.097E-05,0.023200001
,,,9.098E-05,0.023200001
,,,9.099E-05,0.024000001
,,,9.1E-05,0.024800001
,,,9.101E-05,0.026400002
,,,9.102E-05,0.024000001
,,,9.103E-05,0.023200001
,,,9.104E-05,0.024000001
,,,9.105E-05,0.024800001
,,,9.106E-05,0.024000001
,,,9.107E-05,0.024000001
,,,9.108E-05,0.024000001
,,,9.109E-05,0.024000001
,,,9.11E-05,0.024000001
,,,9.111E-05,0.025600002
,,,9.112E-05,0.023200001
,,,9.113E-05,0.024800001
,,,9.114E-05,0.024000001
,,,9.115E-05,0.024800001
,,,9.116E-05,0.024000001
,,,9.117E-05,0.024000001
,,,9.118E-05,0.024800001
,,,9.119E-05,0.023200001
,,,9.12E-05,0.025600002
,,,9.121E-05,0.025600002
,,,9.122E-05,0.024000001
,,,9.123E-05,0.024800001
,,,9.124E-05,0.024000001
,,,9.125E-05,0.024000001
,,,9.126E-05,0.024000001
,,,9.127E-05,0.024000001
,,,9.128E-05,0.023200001
,,,9.129E-05,0.024000001
,,,9.13E-05,0.025600002
,,,9.131E-05,0.025600002
,,,9.132E-05,0.024000001
,,,9.133E-05,0.024800001
,,,9.134E-05,0.024000001
,,,9.135E-05,0.023200001
,,,9.136E-05,0.024000001
,,,9.137E-05,0.024800001
,,,9.138E-05,0.023200001
,,,9.139E-05,0.024800001
,,,9.14E-05,0.024000001
,,,9.141E-05,0.024000001
,,,9.142E-05,0.024000001
,,,9.143E-05,0.024000001
,,,9.144E-05,0.024000001
,,,9.145E-05,0.024800001
,,,9.146E-05,0.024000001
,,,9.147E-05,0.024000001
,,,9.148E-05,0.024000001
,,,9.149E-05,0.024000001
,,,9.15E-05,0.024000001
,,,9.151E-05,0.024800001
,,,9.152E-05,0.024000001
,,,9.153E-05,0.023200001
,,,9.154E-05,0.025600002
,,,9.155E-05,0.024800001
,,,9.156E-05,0.023200001
,,,9.157E-05,0.024800001
,,,9.158E-05,0.024000001
,,,9.159E-05,0.024000001
,,,9.16E-05,0.024000001
,,,9.161E-05,0.023200001
,,,9.162E-05,0.024800001
,,,9.163E-05,0.024800001
,,,9.164E-05,0.024800001
,,,9.165E-05,0.024800001
,,,9.166E-05,0.023200001
,,,9.167E-05,0.023200001
,,,9.168E-05,0.024000001
,,,9.169E-05,0.024000001
,,,9.17E-05,0.024800001
,,,9.171E-05,0.023200001
,,,9.172E-05,0.024000001
,,,9.173E-05,0.024000001
,,,9.174E-05,0.024000001
,,,9.175E-05,0.024800001
,,,9.176E-05,0.022400001
,,,9.177E-05,0.024000001
,,,9.178E-05,0.022400001
,,,9.179E-05,0.024000001
,,,9.18E-05,0.023200001
,,,9.181E-05,0.024000001
,,,9.182E-05,0.024800001
,,,9.183E-05,0.024800001
,,,9.184E-05,0.024800001
,,,9.185E-05,0.025600002
,,,9.186E-05,0.023200001
,,,9.187E-05,0.023200001
,,,9.188E-05,0.024800001
,,,9.189E-05,0.024800001
,,,9.19E-05,0.024800001
,,,9.191E-05,0.023200001
,,,9.192E-05,0.024000001
,,,9.193E-05,0.025600002
,,,9.194E-05,0.025600002
,,,9.195E-05,0.025600002
,,,9.196E-05,0.024000001
,,,9.197E-05,0.024000001
,,,9.198E-05,0.025600002
,,,9.199E-05,0.024000001
,,,9.2E-05,0.024000001
,,,9.201E-05,0.024000001
,,,9.202E-05,0.023200001
,,,9.203E-05,0.024000001
,,,9.204E-05,0.024800001
,,,9.205E-05,0.024000001
,,,9.206E-05,0.024800001
,,,9.207E-05,0.024800001
,,,9.208E-05,0.023200001
,,,9.209E-05,0.024000001
,,,9.21E-05,0.024800001
,,,9.211E-05,0.024800001
,,,9.212E-05,0.024000001
,,,9.213E-05,0.023200001
,,,9.214E-05,0.024800001
,,,9.215E-05,0.024000001
,,,9.216E-05,0.024000001
,,,9.217E-05,0.024000001
,,,9.218E-05,0.023200001
,,,9.219E-05,0.024000001
,,,9.22E-05,0.023200001
,,,9.221E-05,0.023200001
,,,9.222E-05,0.023200001
,,,9.223E-05,0.023200001
,,,9.224E-05,0.024000001
,,,9.225E-05,0.025600002
,,,9.226E-05,0.022400001
,,,9.227E-05,0.024000001
,,,9.228E-05,0.023200001
,,,9.229E-05,0.023200001
,,,9.23E-05,0.024800001
,,,9.231E-05,0.025600002
,,,9.232E-05,0.023200001
,,,9.233E-05,0.024000001
,,,9.234E-05,0.025600002
,,,9.235E-05,0.024000001
,,,9.236E-05,0.024800001
,,,9.237E-05,0.024000001
,,,9.238E-05,0.024000001
,,,9.239E-05,0.024000001
,,,9.24E-05,0.024000001
,,,9.241E-05,0.022400001
,,,9.242E-05,0.024000001
,,,9.243E-05,0.024000001
,,,9.244E-05,0.025600002
,,,9.245E-05,0.024800001
,,,9.246E-05,0.024800001
,,,9.247E-05,0.024000001
,,,9.248E-05,0.024000001
,,,9.249E-05,0.024000001
,,,9.25E-05,0.025600002
,,,9.251E-05,0.024000001
,,,9.252E-05,0.023200001
,,,9.253E-05,0.023200001
,,,9.254E-05,0.022400001
,,,9.255E-05,0.023200001
,,,9.256E-05,0.023200001
,,,9.257E-05,0.023200001
,,,9.258E-05,0.024000001
,,,9.259E-05,0.024800001
,,,9.26E-05,0.023200001
,,,9.261E-05,0.025600002
,,,9.262E-05,0.024000001
,,,9.263E-05,0.024000001
,,,9.264E-05,0.024000001
,,,9.265E-05,0.024800001
,,,9.266E-05,0.024800001
,,,9.267E-05,0.024000001
,,,9.268E-05,0.022400001
,,,9.269E-05,0.024000001
,,,9.27E-05,0.025600002
,,,9.271E-05,0.024000001
,,,9.272E-05,0.024800001
,,,9.273E-05,0.024000001
,,,9.274E-05,0.024800001
,,,9.275E-05,0.023200001
,,,9.276E-05,0.024800001
,,,9.277E-05,0.024000001
,,,9.278E-05,0.023200001
,,,9.279E-05,0.024000001
,,,9.28E-05,0.024000001
,,,9.281E-05,0.024000001
,,,9.282E-05,0.024000001
,,,9.283E-05,0.025600002
,,,9.284E-05,0.025600002
,,,9.285E-05,0.024000001
,,,9.286E-05,0.023200001
,,,9.287E-05,0.024800001
,,,9.288E-05,0.024000001
,,,9.289E-05,0.024000001
,,,9.29E-05,0.026400002
,,,9.291E-05,0.024000001
,,,9.292E-05,0.024000001
,,,9.293E-05,0.024000001
,,,9.294E-05,0.024000001
,,,9.295E-05,0.024000001
,,,9.296E-05,0.024000001
,,,9.297E-05,0.024000001
,,,9.298E-05,0.023200001
,,,9.299E-05,0.024800001
,,,9.3E-05,0.024000001
,,,9.301E-05,0.025600002
,,,9.302E-05,0.024000001
,,,9.303E-05,0.024800001
,,,9.304E-05,0.024800001
,,,9.305E-05,0.024000001
,,,9.306E-05,0.024800001
,,,9.307E-05,0.024000001
,,,9.308E-05,0.024000001
,,,9.309E-05,0.024800001
,,,9.31E-05,0.025600002
,,,9.311E-05,0.024000001
,,,9.312E-05,0.025600002
,,,9.313E-05,0.024000001
,,,9.314E-05,0.024000001
,,,9.315E-05,0.024000001
,,,9.316E-05,0.024800001
,,,9.317E-05,0.024800001
,,,9.318E-05,0.024000001
,,,9.319E-05,0.024000001
,,,9.32E-05,0.024000001
,,,9.321E-05,0.023200001
,,,9.322E-05,0.025600002
,,,9.323E-05,0.024800001
,,,9.324E-05,0.025600002
,,,9.325E-05,0.024000001
,,,9.326E-05,0.025600002
,,,9.327E-05,0.024000001
,,,9.328E-05,0.024800001
,,,9.329E-05,0.025600002
,,,9.33E-05,0.024000001
,,,9.331E-05,0.024000001
,,,9.332E-05,0.025600002
,,,9.333E-05,0.023200001
,,,9.334E-05,0.024000001
,,,9.335E-05,0.024800001
,,,9.336E-05,0.024000001
,,,9.337E-05,0.024000001
,,,9.338E-05,0.024800001
,,,9.339E-05,0.024000001
,,,9.34E-05,0.024800001
,,,9.341E-05,0.024800001
,,,9.342E-05,0.024000001
,,,9.343E-05,0.024000001
,,,9.344E-05,0.024000001
,,,9.345E-05,0.023200001
,,,9.346E-05,0.024000001
,,,9.347E-05,0.023200001
,,,9.348E-05,0.025600002
,,,9.349E-05,0.024000001
,,,9.35E-05,0.024000001
,,,9.351E-05,0.024800001
,,,9.352E-05,0.023200001
,,,9.353E-05,0.024000001
,,,9.354E-05,0.025600002
,,,9.355E-05,0.024000001
,,,9.356E-05,0.023200001
,,,9.357E-05,0.024800001
,,,9.358E-05,0.024000001
,,,9.359E-05,0.023200001
,,,9.36E-05,0.024000001
,,,9.361E-05,0.024800001
,,,9.362E-05,0.024800001
,,,9.363E-05,0.025600002
,,,9.364E-05,0.024000001
,,,9.365E-05,0.023200001
,,,9.366E-05,0.026400002
,,,9.367E-05,0.023200001
,,,9.368E-05,0.025600002
,,,9.369E-05,0.024000001
,,,9.37E-05,0.024000001
,,,9.371E-05,0.025600002
,,,9.372E-05,0.023200001
,,,9.373E-05,0.024000001
,,,9.374E-05,0.024000001
,,,9.375E-05,0.024800001
,,,9.376E-05,0.025600002
,,,9.377E-05,0.026400002
,,,9.378E-05,0.024000001
,,,9.379E-05,0.024800001
,,,9.38E-05,0.024000001
,,,9.381E-05,0.024000001
,,,9.382E-05,0.024000001
,,,9.383E-05,0.024000001
,,,9.384E-05,0.024000001
,,,9.385E-05,0.024000001
,,,9.386E-05,0.024000001
,,,9.387E-05,0.024000001
,,,9.388E-05,0.024000001
,,,9.389E-05,0.024000001
,,,9.39E-05,0.024800001
,,,9.391E-05,0.025600002
,,,9.392E-05,0.026400002
,,,9.393E-05,0.024000001
,,,9.394E-05,0.026400002
,,,9.395E-05,0.023200001
,,,9.396E-05,0.025600002
,,,9.397E-05,0.026400002
,,,9.398E-05,0.024000001
,,,9.399E-05,0.024000001
,,,9.4E-05,0.024800001
,,,9.401E-05,0.024000001
,,,9.402E-05,0.021600001
,,,9.403E-05,0.025600002
,,,9.404E-05,0.024800001
,,,9.405E-05,0.024000001
,,,9.406E-05,0.024000001
,,,9.407E-05,0.024000001
,,,9.408E-05,0.024800001
,,,9.409E-05,0.024000001
,,,9.41E-05,0.024000001
,,,9.411E-05,0.024000001
,,,9.412E-05,0.025600002
,,,9.413E-05,0.024000001
,,,9.414E-05,0.024800001
,,,9.415E-05,0.024800001
,,,9.416E-05,0.024000001
,,,9.417E-05,0.023200001
,,,9.418E-05,0.026400002
,,,9.419E-05,0.024800001
,,,9.42E-05,0.025600002
,,,9.421E-05,0.024800001
,,,9.422E-05,0.024000001
,,,9.423E-05,0.023200001
,,,9.424E-05,0.022400001
,,,9.425E-05,0.023200001
,,,9.426E-05,0.024000001
,,,9.427E-05,0.023200001
,,,9.428E-05,0.024000001
,,,9.429E-05,0.024000001
,,,9.43E-05,0.024800001
,,,9.431E-05,0.024800001
,,,9.432E-05,0.024000001
,,,9.433E-05,0.024000001
,,,9.434E-05,0.023200001
,,,9.435E-05,0.024000001
,,,9.436E-05,0.024000001
,,,9.437E-05,0.024800001
,,,9.438E-05,0.024000001
,,,9.439E-05,0.024800001
,,,9.44E-05,0.024000001
,,,9.441E-05,0.024000001
,,,9.442E-05,0.024000001
,,,9.443E-05,0.024000001
,,,9.444E-05,0.024800001
,,,9.445E-05,0.028000002
,,,9.446E-05,0.024800001
,,,9.447E-05,0.024800001
,,,9.448E-05,0.025600002
,,,9.449E-05,0.024000001
,,,9.45E-05,0.024000001
,,,9.451E-05,0.024800001
,,,9.452E-05,0.024800001
,,,9.453E-05,0.024800001
,,,9.454E-05,0.024000001
,,,9.455E-05,0.024000001
,,,9.456E-05,0.023200001
,,,9.457E-05,0.024000001
,,,9.458E-05,0.024000001
,,,9.459E-05,0.024000001
,,,9.46E-05,0.024000001
,,,9.461E-05,0.024000001
,,,9.462E-05,0.024800001
,,,9.463E-05,0.024800001
,,,9.464E-05,0.023200001
,,,9.465E-05,0.024000001
,,,9.466E-05,0.023200001
,,,9.467E-05,0.023200001
,,,9.468E-05,0.024800001
,,,9.469E-05,0.024000001
,,,9.47E-05,0.025600002
,,,9.471E-05,0.024000001
,,,9.472E-05,0.024000001
,,,9.473E-05,0.025600002
,,,9.474E-05,0.024800001
,,,9.475E-05,0.024800001
,,,9.476E-05,0.024000001
,,,9.477E-05,0.024000001
,,,9.478E-05,0.024800001
,,,9.479E-05,0.025600002
,,,9.48E-05,0.024800001
,,,9.481E-05,0.025600002
,,,9.482E-05,0.024800001
,,,9.483E-05,0.024800001
,,,9.484E-05,0.024800001
,,,9.485E-05,0.025600002
,,,9.486E-05,0.025600002
,,,9.487E-05,0.024800001
,,,9.488E-05,0.024800001
,,,9.489E-05,0.024000001
,,,9.49E-05,0.025600002
,,,9.491E-05,0.024000001
,,,9.492E-05,0.024800001
,,,9.493E-05,0.024800001
,,,9.494E-05,0.024800001
,,,9.495E-05,0.025600002
,,,9.496E-05,0.024800001
,,,9.497E-05,0.024800001
,,,9.498E-05,0.025600002
,,,9.499E-05,0.024000001
,,,9.5E-05,0.023200001
,,,9.501E-05,0.023200001
,,,9.502E-05,0.024000001
,,,9.503E-05,0.024800001
,,,9.504E-05,0.025600002
,,,9.505E-05,0.024000001
,,,9.506E-05,0.024000001
,,,9.507E-05,0.024000001
,,,9.508E-05,0.023200001
,,,9.509E-05,0.024000001
,,,9.51E-05,0.024000001
,,,9.511E-05,0.024000001
,,,9.512E-05,0.024800001
,,,9.513E-05,0.024000001
,,,9.514E-05,0.024000001
,,,9.515E-05,0.024000001
,,,9.516E-05,0.024800001
,,,9.517E-05,0.024000001
,,,9.518E-05,0.024000001
,,,9.519E-05,0.024800001
,,,9.52E-05,0.024000001
,,,9.521E-05,0.024800001
,,,9.522E-05,0.023200001
,,,9.523E-05,0.024000001
,,,9.524E-05,0.024000001
,,,9.525E-05,0.024000001
,,,9.526E-05,0.024000001
,,,9.527E-05,0.024000001
,,,9.528E-05,0.024000001
,,,9.529E-05,0.024000001
,,,9.53E-05,0.024000001
,,,9.531E-05,0.025600002
,,,9.532E-05,0.024000001
,,,9.533E-05,0.024000001
,,,9.534E-05,0.024000001
,,,9.535E-05,0.025600002
,,,9.536E-05,0.024000001
,,,9.537E-05,0.024000001
,,,9.538E-05,0.024000001
,,,9.539E-05,0.024800001
,,,9.54E-05,0.023200001
,,,9.541E-05,0.024000001
,,,9.542E-05,0.024000001
,,,9.543E-05,0.024000001
,,,9.544E-05,0.022400001
,,,9.545E-05,0.024800001
,,,9.546E-05,0.024000001
,,,9.547E-05,0.024000001
,,,9.548E-05,0.026400002
,,,9.549E-05,0.024000001
,,,9.55E-05,0.026400002
,,,9.551E-05,0.023200001
,,,9.552E-05,0.024000001
,,,9.553E-05,0.024000001
,,,9.554E-05,0.024000001
,,,9.555E-05,0.024800001
,,,9.556E-05,0.024800001
,,,9.557E-05,0.024000001
,,,9.558E-05,0.024800001
,,,9.559E-05,0.024000001
,,,9.56E-05,0.024800001
,,,9.561E-05,0.024000001
,,,9.562E-05,0.024000001
,,,9.563E-05,0.023200001
,,,9.564E-05,0.024000001
,,,9.565E-05,0.025600002
,,,9.566E-05,0.025600002
,,,9.567E-05,0.024800001
,,,9.568E-05,0.024000001
,,,9.569E-05,0.022400001
,,,9.57E-05,0.023200001
,,,9.571E-05,0.024800001
,,,9.572E-05,0.024000001
,,,9.573E-05,0.024000001
,,,9.574E-05,0.024000001
,,,9.575E-05,0.024000001
,,,9.576E-05,0.024000001
,,,9.577E-05,0.024000001
,,,9.578E-05,0.025600002
,,,9.579E-05,0.024800001
,,,9.58E-05,0.024000001
,,,9.581E-05,0.024800001
,,,9.582E-05,0.024000001
,,,9.583E-05,0.024000001
,,,9.584E-05,0.024000001
,,,9.585E-05,0.024800001
,,,9.586E-05,0.024800001
,,,9.587E-05,0.024000001
,,,9.588E-05,0.024000001
,,,9.589E-05,0.025600002
,,,9.59E-05,0.025600002
,,,9.591E-05,0.023200001
,,,9.592E-05,0.024000001
,,,9.593E-05,0.024000001
,,,9.594E-05,0.024800001
,,,9.595E-05,0.024000001
,,,9.596E-05,0.025600002
,,,9.597E-05,0.024800001
,,,9.598E-05,0.024000001
,,,9.599E-05,0.024800001
,,,9.6E-05,0.024000001
,,,9.601E-05,0.024000001
,,,9.602E-05,0.024800001
,,,9.603E-05,0.023200001
,,,9.604E-05,0.025600002
,,,9.605E-05,0.024000001
,,,9.606E-05,0.025600002
,,,9.607E-05,0.024000001
,,,9.608E-05,0.024000001
,,,9.609E-05,0.024000001
,,,9.61E-05,0.024000001
,,,9.611E-05,0.024800001
,,,9.612E-05,0.024000001
,,,9.613E-05,0.024800001
,,,9.614E-05,0.025600002
,,,9.615E-05,0.024000001
,,,9.616E-05,0.024000001
,,,9.617E-05,0.024000001
,,,9.618E-05,0.024000001
,,,9.619E-05,0.024000001
,,,9.62E-05,0.025600002
,,,9.621E-05,0.025600002
,,,9.622E-05,0.021600001
,,,9.623E-05,0.024000001
,,,9.624E-05,0.024800001
,,,9.625E-05,0.021600001
,,,9.626E-05,0.024800001
,,,9.627E-05,0.024800001
,,,9.628E-05,0.023200001
,,,9.629E-05,0.024000001
,,,9.63E-05,0.025600002
,,,9.631E-05,0.024000001
,,,9.632E-05,0.024000001
,,,9.633E-05,0.024000001
,,,9.634E-05,0.025600002
,,,9.635E-05,0.025600002
,,,9.636E-05,0.024800001
,,,9.637E-05,0.024000001
,,,9.638E-05,0.023200001
,,,9.639E-05,0.024000001
,,,9.64E-05,0.024000001
,,,9.641E-05,0.025600002
,,,9.642E-05,0.024000001
,,,9.643E-05,0.024800001
,,,9.644E-05,0.024000001
,,,9.645E-05,0.024800001
,,,9.646E-05,0.024800001
,,,9.647E-05,0.022400001
,,,9.648E-05,0.023200001
,,,9.649E-05,0.025600002
,,,9.65E-05,0.024000001
,,,9.651E-05,0.024000001
,,,9.652E-05,0.025600002
,,,9.653E-05,0.024000001
,,,9.654E-05,0.025600002
,,,9.655E-05,0.024800001
,,,9.656E-05,0.024000001
,,,9.657E-05,0.024000001
,,,9.658E-05,0.023200001
,,,9.659E-05,0.024000001
,,,9.66E-05,0.025600002
,,,9.661E-05,0.024000001
,,,9.662E-05,0.024800001
,,,9.663E-05,0.023200001
,,,9.664E-05,0.023200001
,,,9.665E-05,0.024000001
,,,9.666E-05,0.024000001
,,,9.667E-05,0.024800001
,,,9.668E-05,0.024000001
,,,9.669E-05,0.022400001
,,,9.67E-05,0.024800001
,,,9.671E-05,0.024000001
,,,9.672E-05,0.024800001
,,,9.673E-05,0.023200001
,,,9.674E-05,0.024800001
,,,9.675E-05,0.024000001
,,,9.676E-05,0.024000001
,,,9.677E-05,0.026400002
,,,9.678E-05,0.024800001
,,,9.679E-05,0.024000001
,,,9.68E-05,0.024000001
,,,9.681E-05,0.022400001
,,,9.682E-05,0.024800001
,,,9.683E-05,0.024000001
,,,9.684E-05,0.025600002
,,,9.685E-05,0.024000001
,,,9.686E-05,0.024800001
,,,9.687E-05,0.024000001
,,,9.688E-05,0.025600002
,,,9.689E-05,0.024800001
,,,9.69E-05,0.024000001
,,,9.691E-05,0.024800001
,,,9.692E-05,0.025600002
,,,9.693E-05,0.024000001
,,,9.694E-05,0.024800001
,,,9.695E-05,0.023200001
,,,9.696E-05,0.024000001
,,,9.697E-05,0.024000001
,,,9.698E-05,0.024000001
,,,9.699E-05,0.024000001
,,,9.7E-05,0.024000001
,,,9.701E-05,0.023200001
,,,9.702E-05,0.025600002
,,,9.703E-05,0.024000001
,,,9.704E-05,0.024000001
,,,9.705E-05,0.024000001
,,,9.706E-05,0.023200001
,,,9.707E-05,0.023200001
,,,9.708E-05,0.024000001
,,,9.709E-05,0.024800001
,,,9.71E-05,0.023200001
,,,9.711E-05,0.024800001
,,,9.712E-05,0.025600002
,,,9.713E-05,0.024000001
,,,9.714E-05,0.024000001
,,,9.715E-05,0.022400001
,,,9.716E-05,0.024000001
,,,9.717E-05,0.024800001
,,,9.718E-05,0.024800001
,,,9.719E-05,0.024800001
,,,9.72E-05,0.024000001
,,,9.721E-05,0.025600002
,,,9.722E-05,0.024000001
,,,9.723E-05,0.025600002
,,,9.724E-05,0.024800001
,,,9.725E-05,0.024000001
,,,9.726E-05,0.024000001
,,,9.727E-05,0.024000001
,,,9.728E-05,0.023200001
,,,9.729E-05,0.022400001
,,,9.73E-05,0.024000001
,,,9.731E-05,0.023200001
,,,9.732E-05,0.023200001
,,,9.733E-05,0.024800001
,,,9.734E-05,0.023200001
,,,9.735E-05,0.022400001
,,,9.736E-05,0.025600002
,,,9.737E-05,0.024800001
,,,9.738E-05,0.024800001
,,,9.739E-05,0.024000001
,,,9.74E-05,0.024000001
,,,9.741E-05,0.024000001
,,,9.742E-05,0.023200001
,,,9.743E-05,0.024000001
,,,9.744E-05,0.024000001
,,,9.745E-05,0.024000001
,,,9.746E-05,0.023200001
,,,9.747E-05,0.024000001
,,,9.748E-05,0.024000001
,,,9.749E-05,0.023200001
,,,9.75E-05,0.024000001
,,,9.751E-05,0.025600002
,,,9.752E-05,0.024000001
,,,9.753E-05,0.024800001
,,,9.754E-05,0.023200001
,,,9.755E-05,0.024000001
,,,9.756E-05,0.024800001
,,,9.757E-05,0.024000001
,,,9.758E-05,0.021600001
,,,9.759E-05,0.024000001
,,,9.76E-05,0.024000001
,,,9.761E-05,0.024800001
,,,9.762E-05,0.024800001
,,,9.763E-05,0.024000001
,,,9.764E-05,0.024000001
,,,9.765E-05,0.024800001
,,,9.766E-05,0.025600002
,,,9.767E-05,0.024000001
,,,9.768E-05,0.024000001
,,,9.769E-05,0.024000001
,,,9.77E-05,0.024000001
,,,9.771E-05,0.024000001
,,,9.772E-05,0.024800001
,,,9.773E-05,0.024000001
,,,9.774E-05,0.024000001
,,,9.775E-05,0.024000001
,,,9.776E-05,0.022400001
,,,9.777E-05,0.024000001
,,,9.778E-05,0.024800001
,,,9.779E-05,0.022400001
,,,9.78E-05,0.024800001
,,,9.781E-05,0.023200001
,,,9.782E-05,0.024800001
,,,9.783E-05,0.024800001
,,,9.784E-05,0.027200002
,,,9.785E-05,0.024800001
,,,9.786E-05,0.024800001
,,,9.787E-05,0.024800001
,,,9.788E-05,0.024000001
,,,9.789E-05,0.024000001
,,,9.79E-05,0.024000001
,,,9.791E-05,0.022400001
,,,9.792E-05,0.022400001
,,,9.793E-05,0.024000001
,,,9.794E-05,0.024000001
,,,9.795E-05,0.024000001
,,,9.796E-05,0.024000001
,,,9.797E-05,0.025600002
,,,9.798E-05,0.024000001
,,,9.799E-05,0.024000001
,,,9.8E-05,0.025600002
,,,9.801E-05,0.024000001
,,,9.802E-05,0.023200001
,,,9.803E-05,0.025600002
,,,9.804E-05,0.024000001
,,,9.805E-05,0.025600002
,,,9.806E-05,0.024000001
,,,9.807E-05,0.024800001
,,,9.808E-05,0.024000001
,,,9.809E-05,0.023200001
,,,9.81E-05,0.024800001
,,,9.811E-05,0.024000001
,,,9.812E-05,0.025600002
,,,9.813E-05,0.024000001
,,,9.814E-05,0.024800001
,,,9.815E-05,0.024000001
,,,9.816E-05,0.024000001
,,,9.817E-05,0.024000001
,,,9.818E-05,0.024000001
,,,9.819E-05,0.023200001
,,,9.82E-05,0.024800001
,,,9.821E-05,0.023200001
,,,9.822E-05,0.024000001
,,,9.823E-05,0.022400001
,,,9.824E-05,0.023200001
,,,9.825E-05,0.024800001
,,,9.826E-05,0.024000001
,,,9.827E-05,0.023200001
,,,9.828E-05,0.023200001
,,,9.829E-05,0.024000001
,,,9.83E-05,0.024000001
,,,9.831E-05,0.024000001
,,,9.832E-05,0.022400001
,,,9.833E-05,0.024000001
,,,9.834E-05,0.024800001
,,,9.835E-05,0.024000001
,,,9.836E-05,0.025600002
,,,9.837E-05,0.024800001
,,,9.838E-05,0.024000001
,,,9.839E-05,0.024000001
,,,9.84E-05,0.024000001
,,,9.841E-05,0.024000001
,,,9.842E-05,0.024000001
,,,9.843E-05,0.024000001
,,,9.844E-05,0.023200001
,,,9.845E-05,0.024000001
,,,9.846E-05,0.024000001
,,,9.847E-05,0.024000001
,,,9.848E-05,0.024000001
,,,9.849E-05,0.024000001
,,,9.85E-05,0.024000001
,,,9.851E-05,0.023200001
,,,9.852E-05,0.024000001
,,,9.853E-05,0.025600002
,,,9.854E-05,0.023200001
,,,9.855E-05,0.025600002
,,,9.856E-05,0.025600002
,,,9.857E-05,0.024000001
,,,9.858E-05,0.024000001
,,,9.859E-05,0.024000001
,,,9.86E-05,0.024800001
,,,9.861E-05,0.024000001
,,,9.862E-05,0.024000001
,,,9.863E-05,0.024800001
,,,9.864E-05,0.023200001
,,,9.865E-05,0.024800001
,,,9.866E-05,0.025600002
,,,9.867E-05,0.024000001
,,,9.868E-05,0.024800001
,,,9.869E-05,0.024000001
,,,9.87E-05,0.025600002
,,,9.871E-05,0.024000001
,,,9.872E-05,0.022400001
,,,9.873E-05,0.025600002
,,,9.874E-05,0.023200001
,,,9.875E-05,0.023200001
,,,9.876E-05,0.024800001
,,,9.877E-05,0.025600002
,,,9.878E-05,0.023200001
,,,9.879E-05,0.024000001
,,,9.88E-05,0.026400002
,,,9.881E-05,0.023200001
,,,9.882E-05,0.024000001
,,,9.883E-05,0.024800001
,,,9.884E-05,0.024000001
,,,9.885E-05,0.024000001
,,,9.886E-05,0.024000001
,,,9.887E-05,0.024800001
,,,9.888E-05,0.024000001
,,,9.889E-05,0.022400001
,,,9.89E-05,0.024000001
,,,9.891E-05,0.024800001
,,,9.892E-05,0.022400001
,,,9.893E-05,0.023200001
,,,9.894E-05,0.024000001
,,,9.895E-05,0.024000001
,,,9.896E-05,0.024000001
,,,9.897E-05,0.024000001
,,,9.898E-05,0.025600002
,,,9.899E-05,0.021600001
,,,9.9E-05,0.024000001
,,,9.901E-05,0.024800001
,,,9.902E-05,0.024800001
,,,9.903E-05,0.024800001
,,,9.904E-05,0.024000001
,,,9.905E-05,0.023200001
,,,9.906E-05,0.023200001
,,,9.907E-05,0.024000001
,,,9.908E-05,0.025600002
,,,9.909E-05,0.023200001
,,,9.91E-05,0.024000001
,,,9.911E-05,0.024000001
,,,9.912E-05,0.024800001
,,,9.913E-05,0.024000001
,,,9.914E-05,0.024000001
,,,9.915E-05,0.025600002
,,,9.916E-05,0.024000001
,,,9.917E-05,0.025600002
,,,9.918E-05,0.023200001
,,,9.919E-05,0.026400002
,,,9.92E-05,0.024800001
,,,9.921E-05,0.024000001
,,,9.922E-05,0.024000001
,,,9.923E-05,0.022400001
,,,9.924E-05,0.023200001
,,,9.925E-05,0.023200001
,,,9.926E-05,0.024800001
,,,9.927E-05,0.024000001
,,,9.928E-05,0.024000001
,,,9.929E-05,0.024000001
,,,9.93E-05,0.024800001
,,,9.931E-05,0.022400001
,,,9.932E-05,0.022400001
,,,9.933E-05,0.026400002
,,,9.934E-05,0.025600002
,,,9.935E-05,0.024800001
,,,9.936E-05,0.024800001
,,,9.937E-05,0.024000001
,,,9.938E-05,0.024800001
,,,9.939E-05,0.024000001
,,,9.94E-05,0.024800001
,,,9.941E-05,0.024000001
,,,9.942E-05,0.026400002
,,,9.943E-05,0.024800001
,,,9.944E-05,0.024000001
,,,9.945E-05,0.024000001
,,,9.946E-05,0.025600002
,,,9.947E-05,0.025600002
,,,9.948E-05,0.024000001
,,,9.949E-05,0.024800001
,,,9.95E-05,0.023200001
,,,9.951E-05,0.025600002
,,,9.952E-05,0.025600002
,,,9.953E-05,0.023200001
,,,9.954E-05,0.023200001
,,,9.955E-05,0.024000001
,,,9.956E-05,0.024000001
,,,9.957E-05,0.022400001
,,,9.958E-05,0.024800001
,,,9.959E-05,0.024800001
,,,9.96E-05,0.024800001
,,,9.961E-05,0.024000001
,,,9.962E-05,0.023200001
,,,9.963E-05,0.024000001
,,,9.964E-05,0.024000001
,,,9.965E-05,0.024000001
,,,9.966E-05,0.024800001
,,,9.967E-05,0.023200001
,,,9.968E-05,0.024000001
,,,9.969E-05,0.024800001
,,,9.97E-05,0.024000001
,,,9.971E-05,0.023200001
,,,9.972E-05,0.024800001
,,,9.973E-05,0.023200001
,,,9.974E-05,0.024000001
,,,9.975E-05,0.026400002
,,,9.976E-05,0.025600002
,,,9.977E-05,0.023200001
,,,9.978E-05,0.024800001
,,,9.979E-05,0.024000001
,,,9.98E-05,0.023200001
,,,9.981E-05,0.024000001
,,,9.982E-05,0.025600002
,,,9.983E-05,0.023200001
,,,9.984E-05,0.024800001
,,,9.985E-05,0.024000001
,,,9.986E-05,0.024000001
,,,9.987E-05,0.023200001
,,,9.988E-05,0.024800001
,,,9.989E-05,0.024000001
,,,9.99E-05,0.024800001
,,,9.991E-05,0.025600002
,,,9.992E-05,0.024800001
,,,9.993E-05,0.026400002
,,,9.994E-05,0.024000001
,,,9.995E-05,0.024800001
,,,9.996E-05,0.025600002
,,,9.997E-05,0.024000001
,,,9.998E-05,0.024000001
,,,9.999E-05,0.024800001
,,,0.0001,0.024000001
,,,0.00010001,0.024800001
,,,0.00010002,0.023200001
,,,0.00010003,0.024000001
,,,0.00010004,0.023200001
,,,0.00010005,0.024800001
,,,0.00010006,0.024800001
,,,0.00010007,0.024800001
,,,0.00010008,0.024000001
,,,0.00010009,0.026400002
,,,0.0001001,0.024800001
,,,0.00010011,0.024000001
,,,0.00010012,0.024000001
,,,0.00010013,0.023200001
,,,0.00010014,0.024800001
,,,0.00010015,0.023200001
,,,0.00010016,0.024000001
,,,0.00010017,0.023200001
,,,0.00010018,0.022400001
,,,0.00010019,0.025600002
,,,0.0001002,0.022400001
,,,0.00010021,0.024000001
,,,0.00010022,0.024800001
,,,0.00010023,0.024800001
,,,0.00010024,0.024800001
,,,0.00010025,0.024000001
,,,0.00010026,0.024000001
,,,0.00010027,0.024000001
,,,0.00010028,0.024000001
,,,0.00010029,0.024000001
,,,0.0001003,0.024000001
,,,0.00010031,0.024000001
,,,0.00010032,0.022400001
,,,0.00010033,0.024000001
,,,0.00010034,0.024800001
,,,0.00010035,0.025600002
,,,0.00010036,0.023200001
,,,0.00010037,0.024000001
,,,0.00010038,0.024000001
,,,0.00010039,0.023200001
,,,0.0001004,0.025600002
,,,0.00010041,0.024000001
,,,0.00010042,0.025600002
,,,0.00010043,0.024000001
,,,0.00010044,0.024000001
,,,0.00010045,0.022400001
,,,0.00010046,0.024000001
,,,0.00010047,0.024000001
,,,0.00010048,0.025600002
,,,0.00010049,0.024000001
,,,0.0001005,0.024000001
,,,0.00010051,0.023200001
,,,0.00010052,0.023200001
,,,0.00010053,0.024000001
,,,0.00010054,0.024000001
,,,0.00010055,0.024000001
,,,0.00010056,0.024000001
,,,0.00010057,0.024000001
,,,0.00010058,0.023200001
,,,0.00010059,0.024000001
,,,0.0001006,0.024000001
,,,0.00010061,0.024800001
,,,0.00010062,0.023200001
,,,0.00010063,0.024800001
,,,0.00010064,0.024000001
,,,0.00010065,0.025600002
,,,0.00010066,0.024800001
,,,0.00010067,0.025600002
,,,0.00010068,0.025600002
,,,0.00010069,0.024000001
,,,0.0001007,0.024000001
,,,0.00010071,0.024000001
,,,0.00010072,0.023200001
,,,0.00010073,0.024000001
,,,0.00010074,0.025600002
,,,0.00010075,0.024000001
,,,0.00010076,0.022400001
,,,0.00010077,0.023200001
,,,0.00010078,0.024000001
,,,0.00010079,0.024000001
,,,0.0001008,0.026400002
,,,0.00010081,0.024800001
,,,0.00010082,0.023200001
,,,0.00010083,0.023200001
,,,0.00010084,0.024800001
,,,0.00010085,0.023200001
,,,0.00010086,0.025600002
,,,0.00010087,0.024800001
,,,0.00010088,0.024800001
,,,0.00010089,0.023200001
,,,0.0001009,0.024000001
,,,0.00010091,0.024000001
,,,0.00010092,0.023200001
,,,0.00010093,0.024800001
,,,0.00010094,0.024000001
,,,0.00010095,0.024800001
,,,0.00010096,0.023200001
,,,0.00010097,0.025600002
,,,0.00010098,0.024000001
,,,0.00010099,0.023200001
,,,0.000101,0.024800001
,,,0.00010101,0.025600002
,,,0.00010102,0.023200001
,,,0.00010103,0.024800001
,,,0.00010104,0.024800001
,,,0.00010105,0.024000001
,,,0.00010106,0.023200001
,,,0.00010107,0.024800001
,,,0.00010108,0.024000001
,,,0.00010109,0.024800001
,,,0.0001011,0.024000001
,,,0.00010111,0.024800001
,,,0.00010112,0.022400001
,,,0.00010113,0.024000001
,,,0.00010114,0.024800001
,,,0.00010115,0.024000001
,,,0.00010116,0.023200001
,,,0.00010117,0.023200001
,,,0.00010118,0.026400002
,,,0.00010119,0.024000001
,,,0.0001012,0.024000001
,,,0.00010121,0.024000001
,,,0.00010122,0.024000001
,,,0.00010123,0.024000001
,,,0.00010124,0.024000001
,,,0.00010125,0.025600002
,,,0.00010126,0.024800001
,,,0.00010127,0.024000001
,,,0.00010128,0.024000001
,,,0.00010129,0.024800001
,,,0.0001013,0.024000001
,,,0.00010131,0.024800001
,,,0.00010132,0.024000001
,,,0.00010133,0.024000001
,,,0.00010134,0.024000001
,,,0.00010135,0.024800001
,,,0.00010136,0.025600002
,,,0.00010137,0.024000001
,,,0.00010138,0.026400002
,,,0.00010139,0.024000001
,,,0.0001014,0.024000001
,,,0.00010141,0.025600002
,,,0.00010142,0.024000001
,,,0.00010143,0.024800001
,,,0.00010144,0.025600002
,,,0.00010145,0.024000001
,,,0.00010146,0.024800001
,,,0.00010147,0.024000001
,,,0.00010148,0.023200001
,,,0.00010149,0.024000001
,,,0.0001015,0.024800001
,,,0.00010151,0.024000001
,,,0.00010152,0.024800001
,,,0.00010153,0.024800001
,,,0.00010154,0.024000001
,,,0.00010155,0.024000001
,,,0.00010156,0.024000001
,,,0.00010157,0.024800001
,,,0.00010158,0.024000001
,,,0.00010159,0.024800001
,,,0.0001016,0.024800001
,,,0.00010161,0.024000001
,,,0.00010162,0.024800001
,,,0.00010163,0.022400001
,,,0.00010164,0.024800001
,,,0.00010165,0.024000001
,,,0.00010166,0.024000001
,,,0.00010167,0.024000001
,,,0.00010168,0.024000001
,,,0.00010169,0.024000001
,,,0.0001017,0.024000001
,,,0.00010171,0.025600002
,,,0.00010172,0.025600002
,,,0.00010173,0.024000001
,,,0.00010174,0.024000001
,,,0.00010175,0.025600002
,,,0.00010176,0.024000001
,,,0.00010177,0.024800001
,,,0.00010178,0.024000001
,,,0.00010179,0.024000001
,,,0.0001018,0.026400002
,,,0.00010181,0.022400001
,,,0.00010182,0.024800001
,,,0.00010183,0.025600002
,,,0.00010184,0.023200001
,,,0.00010185,0.024800001
,,,0.00010186,0.024800001
,,,0.00010187,0.024000001
,,,0.00010188,0.024800001
,,,0.00010189,0.024000001
,,,0.0001019,0.022400001
,,,0.00010191,0.024000001
,,,0.00010192,0.024000001
,,,0.00010193,0.024800001
,,,0.00010194,0.024000001
,,,0.00010195,0.025600002
,,,0.00010196,0.023200001
,,,0.00010197,0.024800001
,,,0.00010198,0.025600002
,,,0.00010199,0.023200001
,,,0.000102,0.025600002
,,,0.00010201,0.024000001
,,,0.00010202,0.024800001
,,,0.00010203,0.024000001
,,,0.00010204,0.024800001
,,,0.00010205,0.024000001
,,,0.00010206,0.024000001
,,,0.00010207,0.024000001
,,,0.00010208,0.023200001
,,,0.00010209,0.024000001
,,,0.0001021,0.023200001
,,,0.00010211,0.022400001
,,,0.00010212,0.024000001
,,,0.00010213,0.024000001
,,,0.00010214,0.023200001
,,,0.00010215,0.024000001
,,,0.00010216,0.024000001
,,,0.00010217,0.024800001
,,,0.00010218,0.024000001
,,,0.00010219,0.023200001
,,,0.0001022,0.024000001
,,,0.00010221,0.024000001
,,,0.00010222,0.024800001
,,,0.00010223,0.024000001
,,,0.00010224,0.024800001
,,,0.00010225,0.024800001
,,,0.00010226,0.024800001
,,,0.00010227,0.024000001
,,,0.00010228,0.024800001
,,,0.00010229,0.023200001
,,,0.0001023,0.025600002
,,,0.00010231,0.024000001
,,,0.00010232,0.023200001
,,,0.00010233,0.026400002
,,,0.00010234,0.024000001
,,,0.00010235,0.025600002
,,,0.00010236,0.024000001
,,,0.00010237,0.024000001
,,,0.00010238,0.024800001
,,,0.00010239,0.025600002
,,,0.0001024,0.024000001
,,,0.00010241,0.023200001
,,,0.00010242,0.023200001
,,,0.00010243,0.025600002
,,,0.00010244,0.023200001
,,,0.00010245,0.024000001
,,,0.00010246,0.025600002
,,,0.00010247,0.024800001
,,,0.00010248,0.024000001
,,,0.00010249,0.024000001
,,,0.0001025,0.024000001
,,,0.00010251,0.024000001
,,,0.00010252,0.024000001
,,,0.00010253,0.025600002
,,,0.00010254,0.024800001
,,,0.00010255,0.024000001
,,,0.00010256,0.024800001
,,,0.00010257,0.023200001
,,,0.00010258,0.022400001
,,,0.00010259,0.024000001
,,,0.0001026,0.026400002
,,,0.00010261,0.024000001
,,,0.00010262,0.024000001
,,,0.00010263,0.024800001
,,,0.00010264,0.024800001
,,,0.00010265,0.024800001
,,,0.00010266,0.024000001
,,,0.00010267,0.024000001
,,,0.00010268,0.024000001
,,,0.00010269,0.024800001
,,,0.0001027,0.024000001
,,,0.00010271,0.025600002
,,,0.00010272,0.023200001
,,,0.00010273,0.023200001
,,,0.00010274,0.024000001
,,,0.00010275,0.024800001
,,,0.00010276,0.026400002
,,,0.00010277,0.024000001
,,,0.00010278,0.024000001
,,,0.00010279,0.025600002
,,,0.0001028,0.023200001
,,,0.00010281,0.024000001
,,,0.00010282,0.024000001
,,,0.00010283,0.024800001
,,,0.00010284,0.025600002
,,,0.00010285,0.024000001
,,,0.00010286,0.024000001
,,,0.00010287,0.022400001
,,,0.00010288,0.024000001
,,,0.00010289,0.024800001
,,,0.0001029,0.024800001
,,,0.00010291,0.024000001
,,,0.00010292,0.023200001
,,,0.00010293,0.024000001
,,,0.00010294,0.024800001
,,,0.00010295,0.022400001
,,,0.00010296,0.023200001
,,,0.00010297,0.022400001
,,,0.00010298,0.023200001
,,,0.00010299,0.023200001
,,,0.000103,0.025600002
,,,0.00010301,0.025600002
,,,0.00010302,0.024800001
,,,0.00010303,0.024000001
,,,0.00010304,0.023200001
,,,0.00010305,0.024000001
,,,0.00010306,0.023200001
,,,0.00010307,0.024000001
,,,0.00010308,0.024800001
,,,0.00010309,0.024000001
,,,0.0001031,0.024000001
,,,0.00010311,0.024000001
,,,0.00010312,0.025600002
,,,0.00010313,0.023200001
,,,0.00010314,0.024800001
,,,0.00010315,0.024000001
,,,0.00010316,0.024000001
,,,0.00010317,0.024800001
,,,0.00010318,0.024000001
,,,0.00010319,0.024000001
,,,0.0001032,0.024800001
,,,0.00010321,0.025600002
,,,0.00010322,0.026400002
,,,0.00010323,0.023200001
,,,0.00010324,0.024000001
,,,0.00010325,0.023200001
,,,0.00010326,0.024000001
,,,0.00010327,0.024000001
,,,0.00010328,0.024000001
,,,0.00010329,0.023200001
,,,0.0001033,0.023200001
,,,0.00010331,0.024000001
,,,0.00010332,0.024000001
,,,0.00010333,0.021600001
,,,0.00010334,0.024000001
,,,0.00010335,0.024800001
,,,0.00010336,0.022400001
,,,0.00010337,0.024000001
,,,0.00010338,0.024800001
,,,0.00010339,0.024800001
,,,0.0001034,0.023200001
,,,0.00010341,0.024800001
,,,0.00010342,0.024000001
,,,0.00010343,0.023200001
,,,0.00010344,0.024800001
,,,0.00010345,0.024800001
,,,0.00010346,0.024000001
,,,0.00010347,0.025600002
,,,0.00010348,0.024800001
,,,0.00010349,0.024000001
,,,0.0001035,0.024000001
,,,0.00010351,0.024000001
,,,0.00010352,0.024800001
,,,0.00010353,0.024800001
,,,0.00010354,0.025600002
,,,0.00010355,0.024000001
,,,0.00010356,0.024800001
,,,0.00010357,0.024800001
,,,0.00010358,0.022400001
,,,0.00010359,0.024000001
,,,0.0001036,0.023200001
,,,0.00010361,0.023200001
,,,0.00010362,0.024000001
,,,0.00010363,0.024800001
,,,0.00010364,0.024800001
,,,0.00010365,0.024000001
,,,0.00010366,0.024000001
,,,0.00010367,0.024000001
,,,0.00010368,0.024800001
,,,0.00010369,0.024800001
,,,0.0001037,0.024000001
,,,0.00010371,0.024800001
,,,0.00010372,0.024800001
,,,0.00010373,0.024000001
,,,0.00010374,0.024000001
,,,0.00010375,0.024000001
,,,0.00010376,0.024800001
,,,0.00010377,0.024000001
,,,0.00010378,0.024000001
,,,0.00010379,0.024800001
,,,0.0001038,0.024000001
,,,0.00010381,0.024000001
,,,0.00010382,0.025600002
,,,0.00010383,0.024800001
,,,0.00010384,0.024800001
,,,0.00010385,0.024000001
,,,0.00010386,0.024800001
,,,0.00010387,0.024000001
,,,0.00010388,0.024800001
,,,0.00010389,0.024000001
,,,0.0001039,0.024000001
,,,0.00010391,0.024800001
,,,0.00010392,0.024800001
,,,0.00010393,0.024800001
,,,0.00010394,0.024800001
,,,0.00010395,0.024000001
,,,0.00010396,0.023200001
,,,0.00010397,0.024800001
,,,0.00010398,0.025600002
,,,0.00010399,0.024000001
,,,0.000104,0.024800001
,,,0.00010401,0.024000001
,,,0.00010402,0.024800001
,,,0.00010403,0.023200001
,,,0.00010404,0.026400002
,,,0.00010405,0.024800001
,,,0.00010406,0.024000001
,,,0.00010407,0.023200001
,,,0.00010408,0.024000001
,,,0.00010409,0.024000001
,,,0.0001041,0.024000001
,,,0.00010411,0.024000001
,,,0.00010412,0.024000001
,,,0.00010413,0.024000001
,,,0.00010414,0.024800001
,,,0.00010415,0.025600002
,,,0.00010416,0.024800001
,,,0.00010417,0.023200001
,,,0.00010418,0.024000001
,,,0.00010419,0.023200001
,,,0.0001042,0.024800001
,,,0.00010421,0.024000001
,,,0.00010422,0.024800001
,,,0.00010423,0.023200001
,,,0.00010424,0.024000001
,,,0.00010425,0.023200001
,,,0.00010426,0.024800001
,,,0.00010427,0.024000001
,,,0.00010428,0.026400002
,,,0.00010429,0.024000001
,,,0.0001043,0.024800001
,,,0.00010431,0.024000001
,,,0.00010432,0.024800001
,,,0.00010433,0.024800001
,,,0.00010434,0.024800001
,,,0.00010435,0.024800001
,,,0.00010436,0.024000001
,,,0.00010437,0.024800001
,,,0.00010438,0.024800001
,,,0.00010439,0.023200001
,,,0.0001044,0.025600002
,,,0.00010441,0.025600002
,,,0.00010442,0.024000001
,,,0.00010443,0.025600002
,,,0.00010444,0.024000001
,,,0.00010445,0.025600002
,,,0.00010446,0.024800001
,,,0.00010447,0.023200001
,,,0.00010448,0.025600002
,,,0.00010449,0.024000001
,,,0.0001045,0.025600002
,,,0.00010451,0.024000001
,,,0.00010452,0.024000001
,,,0.00010453,0.025600002
,,,0.00010454,0.024000001
,,,0.00010455,0.024800001
,,,0.00010456,0.025600002
,,,0.00010457,0.023200001
,,,0.00010458,0.023200001
,,,0.00010459,0.024000001
,,,0.0001046,0.024800001
,,,0.00010461,0.024000001
,,,0.00010462,0.024800001
,,,0.00010463,0.025600002
,,,0.00010464,0.024000001
,,,0.00010465,0.024000001
,,,0.00010466,0.024000001
,,,0.00010467,0.023200001
,,,0.00010468,0.025600002
,,,0.00010469,0.024000001
,,,0.0001047,0.024800001
,,,0.00010471,0.024000001
,,,0.00010472,0.024000001
,,,0.00010473,0.024000001
,,,0.00010474,0.024000001
,,,0.00010475,0.024000001
,,,0.00010476,0.024000001
,,,0.00010477,0.025600002
,,,0.00010478,0.024000001
,,,0.00010479,0.024000001
,,,0.0001048,0.024800001
,,,0.00010481,0.024000001
,,,0.00010482,0.024800001
,,,0.00010483,0.024000001
,,,0.00010484,0.024000001
,,,0.00010485,0.024800001
,,,0.00010486,0.024000001
,,,0.00010487,0.024000001
,,,0.00010488,0.025600002
,,,0.00010489,0.024000001
,,,0.0001049,0.022400001
,,,0.00010491,0.024800001
,,,0.00010492,0.024000001
,,,0.00010493,0.024800001
,,,0.00010494,0.024800001
,,,0.00010495,0.023200001
,,,0.00010496,0.023200001
,,,0.00010497,0.024000001
,,,0.00010498,0.024000001
,,,0.00010499,0.024000001
,,,0.000105,0.024000001
,,,0.00010501,0.024800001
,,,0.00010502,0.024800001
,,,0.00010503,0.024000001
,,,0.00010504,0.024000001
,,,0.00010505,0.024000001
,,,0.00010506,0.024000001
,,,0.00010507,0.025600002
,,,0.00010508,0.024000001
,,,0.00010509,0.025600002
,,,0.0001051,0.024000001
,,,0.00010511,0.022400001
,,,0.00010512,0.023200001
,,,0.00010513,0.024000001
,,,0.00010514,0.024000001
,,,0.00010515,0.023200001
,,,0.00010516,0.025600002
,,,0.00010517,0.023200001
,,,0.00010518,0.023200001
,,,0.00010519,0.023200001
,,,0.0001052,0.025600002
,,,0.00010521,0.024800001
,,,0.00010522,0.024800001
,,,0.00010523,0.022400001
,,,0.00010524,0.024000001
,,,0.00010525,0.024800001
,,,0.00010526,0.024000001
,,,0.00010527,0.024800001
,,,0.00010528,0.024000001
,,,0.00010529,0.024000001
,,,0.0001053,0.024000001
,,,0.00010531,0.024800001
,,,0.00010532,0.024000001
,,,0.00010533,0.024000001
,,,0.00010534,0.023200001
,,,0.00010535,0.024000001
,,,0.00010536,0.022400001
,,,0.00010537,0.023200001
,,,0.00010538,0.025600002
,,,0.00010539,0.023200001
,,,0.0001054,0.024000001
,,,0.00010541,0.024800001
,,,0.00010542,0.025600002
,,,0.00010543,0.024000001
,,,0.00010544,0.024800001
,,,0.00010545,0.024000001
,,,0.00010546,0.025600002
,,,0.00010547,0.024800001
,,,0.00010548,0.024800001
,,,0.00010549,0.024000001
,,,0.0001055,0.024000001
,,,0.00010551,0.024000001
,,,0.00010552,0.023200001
,,,0.00010553,0.023200001
,,,0.00010554,0.024000001
,,,0.00010555,0.024000001
,,,0.00010556,0.024000001
,,,0.00010557,0.024000001
,,,0.00010558,0.025600002
,,,0.00010559,0.025600002
,,,0.0001056,0.024000001
,,,0.00010561,0.024000001
,,,0.00010562,0.023200001
,,,0.00010563,0.024800001
,,,0.00010564,0.026400002
,,,0.00010565,0.024800001
,,,0.00010566,0.024800001
,,,0.00010567,0.024000001
,,,0.00010568,0.025600002
,,,0.00010569,0.023200001
,,,0.0001057,0.025600002
,,,0.00010571,0.024000001
,,,0.00010572,0.024000001
,,,0.00010573,0.024000001
,,,0.00010574,0.024000001
,,,0.00010575,0.024800001
,,,0.00010576,0.023200001
,,,0.00010577,0.024800001
,,,0.00010578,0.023200001
,,,0.00010579,0.024800001
,,,0.0001058,0.026400002
,,,0.00010581,0.024000001
,,,0.00010582,0.025600002
,,,0.00010583,0.025600002
,,,0.00010584,0.024800001
,,,0.00010585,0.026400002
,,,0.00010586,0.024000001
,,,0.00010587,0.024800001
,,,0.00010588,0.025600002
,,,0.00010589,0.024000001
,,,0.0001059,0.024000001
,,,0.00010591,0.024800001
,,,0.00010592,0.024000001
,,,0.00010593,0.025600002
,,,0.00010594,0.023200001
,,,0.00010595,0.025600002
,,,0.00010596,0.024000001
,,,0.00010597,0.023200001
,,,0.00010598,0.024000001
,,,0.00010599,0.024000001
,,,0.000106,0.024000001
,,,0.00010601,0.024000001
,,,0.00010602,0.023200001
,,,0.00010603,0.024000001
,,,0.00010604,0.022400001
,,,0.00010605,0.024000001
,,,0.00010606,0.024000001
,,,0.00010607,0.024000001
,,,0.00010608,0.024800001
,,,0.00010609,0.024000001
,,,0.0001061,0.024000001
,,,0.00010611,0.026400002
,,,0.00010612,0.023200001
,,,0.00010613,0.024800001
,,,0.00010614,0.023200001
,,,0.00010615,0.023200001
,,,0.00010616,0.024000001
,,,0.00010617,0.024000001
,,,0.00010618,0.024800001
,,,0.00010619,0.023200001
,,,0.0001062,0.024800001
,,,0.00010621,0.024000001
,,,0.00010622,0.025600002
,,,0.00010623,0.024000001
,,,0.00010624,0.023200001
,,,0.00010625,0.024000001
,,,0.00010626,0.024000001
,,,0.00010627,0.025600002
,,,0.00010628,0.024000001
,,,0.00010629,0.024800001
,,,0.0001063,0.024000001
,,,0.00010631,0.024000001
,,,0.00010632,0.023200001
,,,0.00010633,0.024000001
,,,0.00010634,0.023200001
,,,0.00010635,0.024000001
,,,0.00010636,0.024800001
,,,0.00010637,0.024000001
,,,0.00010638,0.024000001
,,,0.00010639,0.022400001
,,,0.0001064,0.024000001
,,,0.00010641,0.024000001
,,,0.00010642,0.025600002
,,,0.00010643,0.023200001
,,,0.00010644,0.024000001
,,,0.00010645,0.024000001
,,,0.00010646,0.024000001
,,,0.00010647,0.024000001
,,,0.00010648,0.023200001
,,,0.00010649,0.024800001
,,,0.0001065,0.024000001
,,,0.00010651,0.026400002
,,,0.00010652,0.023200001
,,,0.00010653,0.024000001
,,,0.00010654,0.024000001
,,,0.00010655,0.024800001
,,,0.00010656,0.024000001
,,,0.00010657,0.023200001
,,,0.00010658,0.024000001
,,,0.00010659,0.024800001
,,,0.0001066,0.024000001
,,,0.00010661,0.024000001
,,,0.00010662,0.024000001
,,,0.00010663,0.024000001
,,,0.00010664,0.024000001
,,,0.00010665,0.024800001
,,,0.00010666,0.025600002
,,,0.00010667,0.022400001
,,,0.00010668,0.022400001
,,,0.00010669,0.024000001
,,,0.0001067,0.024000001
,,,0.00010671,0.024000001
,,,0.00010672,0.024000001
,,,0.00010673,0.022400001
,,,0.00010674,0.024800001
,,,0.00010675,0.024000001
,,,0.00010676,0.023200001
,,,0.00010677,0.024000001
,,,0.00010678,0.023200001
,,,0.00010679,0.024000001
,,,0.0001068,0.024000001
,,,0.00010681,0.022400001
,,,0.00010682,0.025600002
,,,0.00010683,0.024800001
,,,0.00010684,0.024800001
,,,0.00010685,0.023200001
,,,0.00010686,0.024800001
,,,0.00010687,0.025600002
,,,0.00010688,0.024000001
,,,0.00010689,0.024000001
,,,0.0001069,0.024000001
,,,0.00010691,0.023200001
,,,0.00010692,0.023200001
,,,0.00010693,0.024000001
,,,0.00010694,0.024000001
,,,0.00010695,0.024800001
,,,0.00010696,0.024000001
,,,0.00010697,0.023200001
,,,0.00010698,0.024800001
,,,0.00010699,0.024000001
,,,0.000107,0.025600002
,,,0.00010701,0.024000001
,,,0.00010702,0.024800001
,,,0.00010703,0.024000001
,,,0.00010704,0.024000001
,,,0.00010705,0.024000001
,,,0.00010706,0.026400002
,,,0.00010707,0.024000001
,,,0.00010708,0.024000001
,,,0.00010709,0.024800001
,,,0.0001071,0.024800001
,,,0.00010711,0.024000001
,,,0.00010712,0.024800001
,,,0.00010713,0.024800001
,,,0.00010714,0.024800001
,,,0.00010715,0.024000001
,,,0.00010716,0.024000001
,,,0.00010717,0.024800001
,,,0.00010718,0.024000001
,,,0.00010719,0.024800001
,,,0.0001072,0.024800001
,,,0.00010721,0.024000001
,,,0.00010722,0.024000001
,,,0.00010723,0.024800001
,,,0.00010724,0.024000001
,,,0.00010725,0.025600002
,,,0.00010726,0.024000001
,,,0.00010727,0.023200001
,,,0.00010728,0.024800001
,,,0.00010729,0.024000001
,,,0.0001073,0.024800001
,,,0.00010731,0.024800001
,,,0.00010732,0.025600002
,,,0.00010733,0.024800001
,,,0.00010734,0.024000001
,,,0.00010735,0.024000001
,,,0.00010736,0.024000001
,,,0.00010737,0.023200001
,,,0.00010738,0.024800001
,,,0.00010739,0.024800001
,,,0.0001074,0.025600002
,,,0.00010741,0.024000001
,,,0.00010742,0.024000001
,,,0.00010743,0.024000001
,,,0.00010744,0.025600002
,,,0.00010745,0.025600002
,,,0.00010746,0.024000001
,,,0.00010747,0.024800001
,,,0.00010748,0.024000001
,,,0.00010749,0.024000001
,,,0.0001075,0.024000001
,,,0.00010751,0.024000001
,,,0.00010752,0.025600002
,,,0.00010753,0.024000001
,,,0.00010754,0.024800001
,,,0.00010755,0.024000001
,,,0.00010756,0.024000001
,,,0.00010757,0.024000001
,,,0.00010758,0.024000001
,,,0.00010759,0.022400001
,,,0.0001076,0.024000001
,,,0.00010761,0.024000001
,,,0.00010762,0.025600002
,,,0.00010763,0.024000001
,,,0.00010764,0.024000001
,,,0.00010765,0.025600002
,,,0.00010766,0.024800001
,,,0.00010767,0.023200001
,,,0.00010768,0.023200001
,,,0.00010769,0.024000001
,,,0.0001077,0.025600002
,,,0.00010771,0.024000001
,,,0.00010772,0.024000001
,,,0.00010773,0.024800001
,,,0.00010774,0.024800001
,,,0.00010775,0.023200001
,,,0.00010776,0.024000001
,,,0.00010777,0.024800001
,,,0.00010778,0.024000001
,,,0.00010779,0.024800001
,,,0.0001078,0.024800001
,,,0.00010781,0.024000001
,,,0.00010782,0.024000001
,,,0.00010783,0.025600002
,,,0.00010784,0.024000001
,,,0.00010785,0.024800001
,,,0.00010786,0.024000001
,,,0.00010787,0.024000001
,,,0.00010788,0.023200001
,,,0.00010789,0.024000001
,,,0.0001079,0.024000001
,,,0.00010791,0.024800001
,,,0.00010792,0.024000001
,,,0.00010793,0.024800001
,,,0.00010794,0.025600002
,,,0.00010795,0.024000001
,,,0.00010796,0.024000001
,,,0.00010797,0.024000001
,,,0.00010798,0.024800001
,,,0.00010799,0.023200001
,,,0.000108,0.024000001
,,,0.00010801,0.025600002
,,,0.00010802,0.024000001
,,,0.00010803,0.024000001
,,,0.00010804,0.024000001
,,,0.00010805,0.024000001
,,,0.00010806,0.024000001
,,,0.00010807,0.024800001
,,,0.00010808,0.024000001
,,,0.00010809,0.024800001
,,,0.0001081,0.024000001
,,,0.00010811,0.024800001
,,,0.00010812,0.024800001
,,,0.00010813,0.024000001
,,,0.00010814,0.023200001
,,,0.00010815,0.023200001
,,,0.00010816,0.025600002
,,,0.00010817,0.024800001
,,,0.00010818,0.024800001
,,,0.00010819,0.024800001
,,,0.0001082,0.024000001
,,,0.00010821,0.024000001
,,,0.00010822,0.024800001
,,,0.00010823,0.024000001
,,,0.00010824,0.024000001
,,,0.00010825,0.023200001
,,,0.00010826,0.023200001
,,,0.00010827,0.023200001
,,,0.00010828,0.024800001
,,,0.00010829,0.025600002
,,,0.0001083,0.023200001
,,,0.00010831,0.024000001
,,,0.00010832,0.024000001
,,,0.00010833,0.025600002
,,,0.00010834,0.024800001
,,,0.00010835,0.023200001
,,,0.00010836,0.024000001
,,,0.00010837,0.024000001
,,,0.00010838,0.025600002
,,,0.00010839,0.024000001
,,,0.0001084,0.023200001
,,,0.00010841,0.023200001
,,,0.00010842,0.023200001
,,,0.00010843,0.024800001
,,,0.00010844,0.024800001
,,,0.00010845,0.024000001
,,,0.00010846,0.024000001
,,,0.00010847,0.024800001
,,,0.00010848,0.024000001
,,,0.00010849,0.024800001
,,,0.0001085,0.024800001
,,,0.00010851,0.024000001
,,,0.00010852,0.024000001
,,,0.00010853,0.024800001
,,,0.00010854,0.025600002
,,,0.00010855,0.023200001
,,,0.00010856,0.024000001
,,,0.00010857,0.024000001
,,,0.00010858,0.024000001
,,,0.00010859,0.024800001
,,,0.0001086,0.024800001
,,,0.00010861,0.024000001
,,,0.00010862,0.024800001
,,,0.00010863,0.024800001
,,,0.00010864,0.024000001
,,,0.00010865,0.024000001
,,,0.00010866,0.024800001
,,,0.00010867,0.024000001
,,,0.00010868,0.025600002
,,,0.00010869,0.024800001
,,,0.0001087,0.024800001
,,,0.00010871,0.024000001
,,,0.00010872,0.024000001
,,,0.00010873,0.023200001
,,,0.00010874,0.024000001
,,,0.00010875,0.024000001
,,,0.00010876,0.024000001
,,,0.00010877,0.022400001
,,,0.00010878,0.024000001
,,,0.00010879,0.022400001
,,,0.0001088,0.024000001
,,,0.00010881,0.024800001
,,,0.00010882,0.024000001
,,,0.00010883,0.024000001
,,,0.00010884,0.024800001
,,,0.00010885,0.024000001
,,,0.00010886,0.022400001
,,,0.00010887,0.024000001
,,,0.00010888,0.024800001
,,,0.00010889,0.024000001
,,,0.0001089,0.025600002
,,,0.00010891,0.024800001
,,,0.00010892,0.024800001
,,,0.00010893,0.024000001
,,,0.00010894,0.025600002
,,,0.00010895,0.023200001
,,,0.00010896,0.025600002
,,,0.00010897,0.024800001
,,,0.00010898,0.023200001
,,,0.00010899,0.024800001
,,,0.000109,0.024000001
,,,0.00010901,0.024000001
,,,0.00010902,0.024000001
,,,0.00010903,0.024000001
,,,0.00010904,0.024800001
,,,0.00010905,0.025600002
,,,0.00010906,0.024800001
,,,0.00010907,0.023200001
,,,0.00010908,0.024000001
,,,0.00010909,0.024000001
,,,0.0001091,0.024000001
,,,0.00010911,0.025600002
,,,0.00010912,0.024800001
,,,0.00010913,0.025600002
,,,0.00010914,0.023200001
,,,0.00010915,0.024000001
,,,0.00010916,0.024000001
,,,0.00010917,0.024000001
,,,0.00010918,0.024000001
,,,0.00010919,0.025600002
,,,0.0001092,0.024000001
,,,0.00010921,0.024000001
,,,0.00010922,0.024000001
,,,0.00010923,0.024800001
,,,0.00010924,0.024000001
,,,0.00010925,0.024000001
,,,0.00010926,0.024800001
,,,0.00010927,0.024800001
,,,0.00010928,0.022400001
,,,0.00010929,0.024000001
,,,0.0001093,0.023200001
,,,0.00010931,0.024000001
,,,0.00010932,0.024800001
,,,0.00010933,0.025600002
,,,0.00010934,0.024800001
,,,0.00010935,0.024800001
,,,0.00010936,0.024000001
,,,0.00010937,0.023200001
,,,0.00010938,0.024800001
,,,0.00010939,0.024800001
,,,0.0001094,0.024800001
,,,0.00010941,0.024000001
,,,0.00010942,0.024800001
,,,0.00010943,0.024000001
,,,0.00010944,0.024000001
,,,0.00010945,0.024000001
,,,0.00010946,0.024000001
,,,0.00010947,0.024800001
,,,0.00010948,0.024800001
,,,0.00010949,0.024800001
,,,0.0001095,0.024800001
,,,0.00010951,0.024800001
,,,0.00010952,0.023200001
,,,0.00010953,0.023200001
,,,0.00010954,0.025600002
,,,0.00010955,0.024000001
,,,0.00010956,0.024800001
,,,0.00010957,0.024800001
,,,0.00010958,0.024800001
,,,0.00010959,0.024000001
,,,0.0001096,0.025600002
,,,0.00010961,0.024000001
,,,0.00010962,0.023200001
,,,0.00010963,0.024000001
,,,0.00010964,0.024000001
,,,0.00010965,0.022400001
,,,0.00010966,0.025600002
,,,0.00010967,0.024800001
,,,0.00010968,0.023200001
,,,0.00010969,0.024000001
,,,0.0001097,0.024800001
,,,0.00010971,0.023200001
,,,0.00010972,0.024000001
,,,0.00010973,0.024000001
,,,0.00010974,0.024000001
,,,0.00010975,0.024800001
,,,0.00010976,0.024000001
,,,0.00010977,0.024000001
,,,0.00010978,0.024000001
,,,0.00010979,0.023200001
,,,0.0001098,0.024800001
,,,0.00010981,0.024000001
,,,0.00010982,0.024800001
,,,0.00010983,0.025600002
,,,0.00010984,0.024000001
,,,0.00010985,0.024000001
,,,0.00010986,0.024800001
,,,0.00010987,0.024800001
,,,0.00010988,0.022400001
,,,0.00010989,0.024800001
,,,0.0001099,0.024800001
,,,0.00010991,0.024800001
,,,0.00010992,0.024000001
,,,0.00010993,0.024000001
,,,0.00010994,0.024000001
,,,0.00010995,0.024800001
,,,0.00010996,0.024000001
,,,0.00010997,0.023200001
,,,0.00010998,0.024800001
,,,0.00010999,0.024000001
,,,0.00011,0.024800001
,,,0.00011001,0.024800001
,,,0.00011002,0.024000001
,,,0.00011003,0.023200001
,,,0.00011004,0.023200001
,,,0.00011005,0.024000001
,,,0.00011006,0.023200001
,,,0.00011007,0.023200001
,,,0.00011008,0.024800001
,,,0.00011009,0.022400001
,,,0.0001101,0.024800001
,,,0.00011011,0.024000001
,,,0.00011012,0.024800001
,,,0.00011013,0.024000001
,,,0.00011014,0.024000001
,,,0.00011015,0.024000001
,,,0.00011016,0.024800001
,,,0.00011017,0.024800001
,,,0.00011018,0.024000001
,,,0.00011019,0.024000001
,,,0.0001102,0.024000001
,,,0.00011021,0.024000001
,,,0.00011022,0.024000001
,,,0.00011023,0.024000001
,,,0.00011024,0.024000001
,,,0.00011025,0.024000001
,,,0.00011026,0.024800001
,,,0.00011027,0.024800001
,,,0.00011028,0.024000001
,,,0.00011029,0.024000001
,,,0.0001103,0.024800001
,,,0.00011031,0.024000001
,,,0.00011032,0.024000001
,,,0.00011033,0.024000001
,,,0.00011034,0.024000001
,,,0.00011035,0.024000001
,,,0.00011036,0.025600002
,,,0.00011037,0.024000001
,,,0.00011038,0.025600002
,,,0.00011039,0.023200001
,,,0.0001104,0.025600002
,,,0.00011041,0.024800001
,,,0.00011042,0.024000001
,,,0.00011043,0.024800001
,,,0.00011044,0.024000001
,,,0.00011045,0.024000001
,,,0.00011046,0.025600002
,,,0.00011047,0.024000001
,,,0.00011048,0.025600002
,,,0.00011049,0.024000001
,,,0.0001105,0.024000001
,,,0.00011051,0.024000001
,,,0.00011052,0.024800001
,,,0.00011053,0.024000001
,,,0.00011054,0.023200001
,,,0.00011055,0.024800001
,,,0.00011056,0.024000001
,,,0.00011057,0.024000001
,,,0.00011058,0.024000001
,,,0.00011059,0.023200001
,,,0.0001106,0.023200001
,,,0.00011061,0.024000001
,,,0.00011062,0.024800001
,,,0.00011063,0.024000001
,,,0.00011064,0.023200001
,,,0.00011065,0.025600002
,,,0.00011066,0.023200001
,,,0.00011067,0.024800001
,,,0.00011068,0.026400002
,,,0.00011069,0.024000001
,,,0.0001107,0.024000001
,,,0.00011071,0.025600002
,,,0.00011072,0.023200001
,,,0.00011073,0.023200001
,,,0.00011074,0.024800001
,,,0.00011075,0.024000001
,,,0.00011076,0.024800001
,,,0.00011077,0.025600002
,,,0.00011078,0.024000001
,,,0.00011079,0.024000001
,,,0.0001108,0.024000001
,,,0.00011081,0.024800001
,,,0.00011082,0.024000001
,,,0.00011083,0.024000001
,,,0.00011084,0.024800001
,,,0.00011085,0.024000001
,,,0.00011086,0.023200001
,,,0.00011087,0.023200001
,,,0.00011088,0.024000001
,,,0.00011089,0.024000001
,,,0.0001109,0.024000001
,,,0.00011091,0.025600002
,,,0.00011092,0.025600002
,,,0.00011093,0.025600002
,,,0.00011094,0.025600002
,,,0.00011095,0.024800001
,,,0.00011096,0.024000001
,,,0.00011097,0.024800001
,,,0.00011098,0.023200001
,,,0.00011099,0.024000001
,,,0.000111,0.024800001
,,,0.00011101,0.026400002
,,,0.00011102,0.023200001
,,,0.00011103,0.023200001
,,,0.00011104,0.023200001
,,,0.00011105,0.025600002
,,,0.00011106,0.024000001
,,,0.00011107,0.024000001
,,,0.00011108,0.024800001
,,,0.00011109,0.026400002
,,,0.0001111,0.024800001
,,,0.00011111,0.024000001
,,,0.00011112,0.024000001
,,,0.00011113,0.024000001
,,,0.00011114,0.024000001
,,,0.00011115,0.023200001
,,,0.00011116,0.024800001
,,,0.00011117,0.024800001
,,,0.00011118,0.027200002
,,,0.00011119,0.024000001
,,,0.0001112,0.024000001
,,,0.00011121,0.024000001
,,,0.00011122,0.024000001
,,,0.00011123,0.024000001
,,,0.00011124,0.024000001
,,,0.00011125,0.024000001
,,,0.00011126,0.024800001
,,,0.00011127,0.024000001
,,,0.00011128,0.024000001
,,,0.00011129,0.023200001
,,,0.0001113,0.024800001
,,,0.00011131,0.024000001
,,,0.00011132,0.024000001
,,,0.00011133,0.025600002
,,,0.00011134,0.025600002
,,,0.00011135,0.022400001
,,,0.00011136,0.024000001
,,,0.00011137,0.023200001
,,,0.00011138,0.024000001
,,,0.00011139,0.023200001
,,,0.0001114,0.023200001
,,,0.00011141,0.025600002
,,,0.00011142,0.024000001
,,,0.00011143,0.023200001
,,,0.00011144,0.024000001
,,,0.00011145,0.022400001
,,,0.00011146,0.024800001
,,,0.00011147,0.023200001
,,,0.00011148,0.024800001
,,,0.00011149,0.024000001
,,,0.0001115,0.022400001
,,,0.00011151,0.024800001
,,,0.00011152,0.025600002
,,,0.00011153,0.024000001
,,,0.00011154,0.024000001
,,,0.00011155,0.024000001
,,,0.00011156,0.024800001
,,,0.00011157,0.024800001
,,,0.00011158,0.024000001
,,,0.00011159,0.024800001
,,,0.0001116,0.024000001
,,,0.00011161,0.026400002
,,,0.00011162,0.023200001
,,,0.00011163,0.024800001
,,,0.00011164,0.024000001
,,,0.00011165,0.025600002
,,,0.00011166,0.024000001
,,,0.00011167,0.024000001
,,,0.00011168,0.024800001
,,,0.00011169,0.023200001
,,,0.0001117,0.024800001
,,,0.00011171,0.024800001
,,,0.00011172,0.025600002
,,,0.00011173,0.024000001
,,,0.00011174,0.024800001
,,,0.00011175,0.024800001
,,,0.00011176,0.024000001
,,,0.00011177,0.024800001
,,,0.00011178,0.024000001
,,,0.00011179,0.024000001
,,,0.0001118,0.024800001
,,,0.00011181,0.024800001
,,,0.00011182,0.026400002
,,,0.00011183,0.024000001
,,,0.00011184,0.024000001
,,,0.00011185,0.024000001
,,,0.00011186,0.023200001
,,,0.00011187,0.024000001
,,,0.00011188,0.024000001
,,,0.00011189,0.024800001
,,,0.0001119,0.024000001
,,,0.00011191,0.024000001
,,,0.00011192,0.024000001
,,,0.00011193,0.023200001
,,,0.00011194,0.024000001
,,,0.00011195,0.024000001
,,,0.00011196,0.024000001
,,,0.00011197,0.025600002
,,,0.00011198,0.024000001
,,,0.00011199,0.024800001
,,,0.000112,0.024000001
,,,0.00011201,0.023200001
,,,0.00011202,0.024000001
,,,0.00011203,0.024000001
,,,0.00011204,0.024000001
,,,0.00011205,0.024000001
,,,0.00011206,0.023200001
,,,0.00011207,0.023200001
,,,0.00011208,0.025600002
,,,0.00011209,0.024000001
,,,0.0001121,0.023200001
,,,0.00011211,0.024800001
,,,0.00011212,0.024000001
,,,0.00011213,0.024800001
,,,0.00011214,0.025600002
,,,0.00011215,0.024000001
,,,0.00011216,0.024800001
,,,0.00011217,0.024000001
,,,0.00011218,0.023200001
,,,0.00011219,0.023200001
,,,0.0001122,0.024000001
,,,0.00011221,0.025600002
,,,0.00011222,0.024800001
,,,0.00011223,0.024000001
,,,0.00011224,0.023200001
,,,0.00011225,0.024800001
,,,0.00011226,0.024000001
,,,0.00011227,0.024800001
,,,0.00011228,0.024800001
,,,0.00011229,0.025600002
,,,0.0001123,0.025600002
,,,0.00011231,0.024800001
,,,0.00011232,0.023200001
,,,0.00011233,0.024000001
,,,0.00011234,0.024000001
,,,0.00011235,0.024000001
,,,0.00011236,0.024800001
,,,0.00011237,0.022400001
,,,0.00011238,0.023200001
,,,0.00011239,0.026400002
,,,0.0001124,0.025600002
,,,0.00011241,0.024000001
,,,0.00011242,0.023200001
,,,0.00011243,0.023200001
,,,0.00011244,0.024000001
,,,0.00011245,0.024000001
,,,0.00011246,0.024000001
,,,0.00011247,0.022400001
,,,0.00011248,0.024800001
,,,0.00011249,0.023200001
,,,0.0001125,0.022400001
,,,0.00011251,0.024000001
,,,0.00011252,0.023200001
,,,0.00011253,0.023200001
,,,0.00011254,0.024000001
,,,0.00011255,0.024000001
,,,0.00011256,0.024000001
,,,0.00011257,0.023200001
,,,0.00011258,0.024000001
,,,0.00011259,0.024000001
,,,0.0001126,0.024000001
,,,0.00011261,0.024000001
,,,0.00011262,0.024000001
,,,0.00011263,0.023200001
,,,0.00011264,0.024000001
,,,0.00011265,0.024000001
,,,0.00011266,0.024000001
,,,0.00011267,0.024800001
,,,0.00011268,0.024000001
,,,0.00011269,0.023200001
,,,0.0001127,0.024000001
,,,0.00011271,0.024000001
,,,0.00011272,0.024000001
,,,0.00011273,0.023200001
,,,0.00011274,0.024800001
,,,0.00011275,0.024800001
,,,0.00011276,0.024000001
,,,0.00011277,0.024000001
,,,0.00011278,0.024000001
,,,0.00011279,0.024800001
,,,0.0001128,0.024000001
,,,0.00011281,0.024000001
,,,0.00011282,0.024000001
,,,0.00011283,0.024000001
,,,0.00011284,0.024800001
,,,0.00011285,0.024800001
,,,0.00011286,0.025600002
,,,0.00011287,0.023200001
,,,0.00011288,0.023200001
,,,0.00011289,0.023200001
,,,0.0001129,0.023200001
,,,0.00011291,0.024000001
,,,0.00011292,0.024000001
,,,0.00011293,0.024000001
,,,0.00011294,0.024000001
,,,0.00011295,0.024800001
,,,0.00011296,0.024000001
,,,0.00011297,0.023200001
,,,0.00011298,0.023200001
,,,0.00011299,0.024000001
,,,0.000113,0.024000001
,,,0.00011301,0.024800001
,,,0.00011302,0.024800001
,,,0.00011303,0.024800001
,,,0.00011304,0.022400001
,,,0.00011305,0.023200001
,,,0.00011306,0.025600002
,,,0.00011307,0.024000001
,,,0.00011308,0.024000001
,,,0.00011309,0.025600002
,,,0.0001131,0.024800001
,,,0.00011311,0.025600002
,,,0.00011312,0.021600001
,,,0.00011313,0.024800001
,,,0.00011314,0.024800001
,,,0.00011315,0.024800001
,,,0.00011316,0.025600002
,,,0.00011317,0.024000001
,,,0.00011318,0.023200001
,,,0.00011319,0.024000001
,,,0.0001132,0.024000001
,,,0.00011321,0.024000001
,,,0.00011322,0.025600002
,,,0.00011323,0.024000001
,,,0.00011324,0.023200001
,,,0.00011325,0.022400001
,,,0.00011326,0.024000001
,,,0.00011327,0.024800001
,,,0.00011328,0.024000001
,,,0.00011329,0.024000001
,,,0.0001133,0.025600002
,,,0.00011331,0.024000001
,,,0.00011332,0.024000001
,,,0.00011333,0.024000001
,,,0.00011334,0.022400001
,,,0.00011335,0.025600002
,,,0.00011336,0.024800001
,,,0.00011337,0.022400001
,,,0.00011338,0.024000001
,,,0.00011339,0.023200001
,,,0.0001134,0.025600002
,,,0.00011341,0.024000001
,,,0.00011342,0.024000001
,,,0.00011343,0.024000001
,,,0.00011344,0.024800001
,,,0.00011345,0.024000001
,,,0.00011346,0.023200001
,,,0.00011347,0.024000001
,,,0.00011348,0.024000001
,,,0.00011349,0.023200001
,,,0.0001135,0.024800001
,,,0.00011351,0.024800001
,,,0.00011352,0.024800001
,,,0.00011353,0.024000001
,,,0.00011354,0.024800001
,,,0.00011355,0.024800001
,,,0.00011356,0.024000001
,,,0.00011357,0.024000001
,,,0.00011358,0.024000001
,,,0.00011359,0.024000001
,,,0.0001136,0.024000001
,,,0.00011361,0.025600002
,,,0.00011362,0.024800001
,,,0.00011363,0.023200001
,,,0.00011364,0.024800001
,,,0.00011365,0.024000001
,,,0.00011366,0.024800001
,,,0.00011367,0.025600002
,,,0.00011368,0.024800001
,,,0.00011369,0.024000001
,,,0.0001137,0.023200001
,,,0.00011371,0.025600002
,,,0.00011372,0.024000001
,,,0.00011373,0.023200001
,,,0.00011374,0.025600002
,,,0.00011375,0.023200001
,,,0.00011376,0.024000001
,,,0.00011377,0.023200001
,,,0.00011378,0.024000001
,,,0.00011379,0.024000001
,,,0.0001138,0.024800001
,,,0.00011381,0.022400001
,,,0.00011382,0.023200001
,,,0.00011383,0.024000001
,,,0.00011384,0.026400002
,,,0.00011385,0.023200001
,,,0.00011386,0.024000001
,,,0.00011387,0.024000001
,,,0.00011388,0.024800001
,,,0.00011389,0.024000001
,,,0.0001139,0.024800001
,,,0.00011391,0.024000001
,,,0.00011392,0.024800001
,,,0.00011393,0.024000001
,,,0.00011394,0.024000001
,,,0.00011395,0.023200001
,,,0.00011396,0.024000001
,,,0.00011397,0.024000001
,,,0.00011398,0.024800001
,,,0.00011399,0.024000001
,,,0.000114,0.024000001
,,,0.00011401,0.024800001
,,,0.00011402,0.024000001
,,,0.00011403,0.025600002
,,,0.00011404,0.024000001
,,,0.00011405,0.023200001
,,,0.00011406,0.024800001
,,,0.00011407,0.024000001
,,,0.00011408,0.024800001
,,,0.00011409,0.027200002
,,,0.0001141,0.024000001
,,,0.00011411,0.025600002
,,,0.00011412,0.024800001
,,,0.00011413,0.025600002
,,,0.00011414,0.024800001
,,,0.00011415,0.025600002
,,,0.00011416,0.025600002
,,,0.00011417,0.026400002
,,,0.00011418,0.026400002
,,,0.00011419,0.024000001
,,,0.0001142,0.024000001
,,,0.00011421,0.024800001
,,,0.00011422,0.025600002
,,,0.00011423,0.024800001
,,,0.00011424,0.024000001
,,,0.00011425,0.024000001
,,,0.00011426,0.023200001
,,,0.00011427,0.024000001
,,,0.00011428,0.024000001
,,,0.00011429,0.026400002
,,,0.0001143,0.024000001
,,,0.00011431,0.024000001
,,,0.00011432,0.024000001
,,,0.00011433,0.022400001
,,,0.00011434,0.024000001
,,,0.00011435,0.024000001
,,,0.00011436,0.025600002
,,,0.00011437,0.024000001
,,,0.00011438,0.024000001
,,,0.00011439,0.024000001
,,,0.0001144,0.023200001
,,,0.00011441,0.024000001
,,,0.00011442,0.023200001
,,,0.00011443,0.024000001
,,,0.00011444,0.024000001
,,,0.00011445,0.024000001
,,,0.00011446,0.024000001
,,,0.00011447,0.024000001
,,,0.00011448,0.024800001
,,,0.00011449,0.024000001
,,,0.0001145,0.024000001
,,,0.00011451,0.022400001
,,,0.00011452,0.024800001
,,,0.00011453,0.024800001
,,,0.00011454,0.024000001
,,,0.00011455,0.025600002
,,,0.00011456,0.024800001
,,,0.00011457,0.024800001
,,,0.00011458,0.024000001
,,,0.00011459,0.022400001
,,,0.0001146,0.024000001
,,,0.00011461,0.024000001
,,,0.00011462,0.024000001
,,,0.00011463,0.024800001
,,,0.00011464,0.024000001
,,,0.00011465,0.024000001
,,,0.00011466,0.023200001
,,,0.00011467,0.024000001
,,,0.00011468,0.023200001
,,,0.00011469,0.025600002
,,,0.0001147,0.024000001
,,,0.00011471,0.024000001
,,,0.00011472,0.024000001
,,,0.00011473,0.024000001
,,,0.00011474,0.024800001
,,,0.00011475,0.023200001
,,,0.00011476,0.024800001
,,,0.00011477,0.024000001
,,,0.00011478,0.024800001
,,,0.00011479,0.023200001
,,,0.0001148,0.024000001
,,,0.00011481,0.025600002
,,,0.00011482,0.023200001
,,,0.00011483,0.024000001
,,,0.00011484,0.024000001
,,,0.00011485,0.024000001
,,,0.00011486,0.024800001
,,,0.00011487,0.024800001
,,,0.00011488,0.024800001
,,,0.00011489,0.024000001
,,,0.0001149,0.024000001
,,,0.00011491,0.024800001
,,,0.00011492,0.025600002
,,,0.00011493,0.023200001
,,,0.00011494,0.025600002
,,,0.00011495,0.024800001
,,,0.00011496,0.024800001
,,,0.00011497,0.023200001
,,,0.00011498,0.024000001
,,,0.00011499,0.024800001
,,,0.000115,0.024000001
,,,0.00011501,0.025600002
,,,0.00011502,0.024800001
,,,0.00011503,0.024000001
,,,0.00011504,0.025600002
,,,0.00011505,0.024000001
,,,0.00011506,0.023200001
,,,0.00011507,0.022400001
,,,0.00011508,0.022400001
,,,0.00011509,0.024000001
,,,0.0001151,0.024000001
,,,0.00011511,0.024000001
,,,0.00011512,0.024000001
,,,0.00011513,0.023200001
,,,0.00011514,0.024800001
,,,0.00011515,0.024800001
,,,0.00011516,0.024000001
,,,0.00011517,0.024000001
,,,0.00011518,0.022400001
,,,0.00011519,0.024800001
,,,0.0001152,0.023200001
,,,0.00011521,0.024000001
,,,0.00011522,0.024000001
,,,0.00011523,0.024000001
,,,0.00011524,0.025600002
,,,0.00011525,0.024000001
,,,0.00011526,0.024800001
,,,0.00011527,0.024000001
,,,0.00011528,0.024800001
,,,0.00011529,0.024800001
,,,0.0001153,0.025600002
,,,0.00011531,0.023200001
,,,0.00011532,0.024000001
,,,0.00011533,0.024000001
,,,0.00011534,0.025600002
,,,0.00011535,0.024800001
,,,0.00011536,0.024800001
,,,0.00011537,0.024000001
,,,0.00011538,0.025600002
,,,0.00011539,0.024800001
,,,0.0001154,0.024800001
,,,0.00011541,0.024000001
,,,0.00011542,0.024000001
,,,0.00011543,0.023200001
,,,0.00011544,0.024800001
,,,0.00011545,0.024000001
,,,0.00011546,0.024800001
,,,0.00011547,0.024800001
,,,0.00011548,0.023200001
,,,0.00011549,0.024800001
,,,0.0001155,0.024800001
,,,0.00011551,0.024000001
,,,0.00011552,0.025600002
,,,0.00011553,0.024000001
,,,0.00011554,0.025600002
,,,0.00011555,0.024000001
,,,0.00011556,0.024000001
,,,0.00011557,0.024000001
,,,0.00011558,0.024000001
,,,0.00011559,0.024800001
,,,0.0001156,0.024000001
,,,0.00011561,0.024000001
,,,0.00011562,0.024000001
,,,0.00011563,0.024000001
,,,0.00011564,0.024000001
,,,0.00011565,0.025600002
,,,0.00011566,0.024000001
,,,0.00011567,0.024800001
,,,0.00011568,0.024800001
,,,0.00011569,0.025600002
,,,0.0001157,0.025600002
,,,0.00011571,0.024800001
,,,0.00011572,0.024800001
,,,0.00011573,0.024000001
,,,0.00011574,0.024800001
,,,0.00011575,0.024000001
,,,0.00011576,0.024000001
,,,0.00011577,0.023200001
,,,0.00011578,0.023200001
,,,0.00011579,0.024000001
,,,0.0001158,0.024000001
,,,0.00011581,0.024800001
,,,0.00011582,0.024800001
,,,0.00011583,0.023200001
,,,0.00011584,0.024000001
,,,0.00011585,0.024800001
,,,0.00011586,0.024000001
,,,0.00011587,0.024000001
,,,0.00011588,0.024000001
,,,0.00011589,0.024800001
,,,0.0001159,0.024000001
,,,0.00011591,0.023200001
,,,0.00011592,0.024800001
,,,0.00011593,0.024800001
,,,0.00011594,0.022400001
,,,0.00011595,0.024000001
,,,0.00011596,0.024000001
,,,0.00011597,0.022400001
,,,0.00011598,0.024000001
,,,0.00011599,0.024800001
,,,0.000116,0.024000001
,,,0.00011601,0.023200001
,,,0.00011602,0.024800001
,,,0.00011603,0.022400001
,,,0.00011604,0.024000001
,,,0.00011605,0.024000001
,,,0.00011606,0.024800001
,,,0.00011607,0.024000001
,,,0.00011608,0.024000001
,,,0.00011609,0.024000001
,,,0.0001161,0.025600002
,,,0.00011611,0.023200001
,,,0.00011612,0.024800001
,,,0.00011613,0.024800001
,,,0.00011614,0.024000001
,,,0.00011615,0.024000001
,,,0.00011616,0.024000001
,,,0.00011617,0.025600002
,,,0.00011618,0.024000001
,,,0.00011619,0.024000001
,,,0.0001162,0.024000001
,,,0.00011621,0.024000001
,,,0.00011622,0.024000001
,,,0.00011623,0.024000001
,,,0.00011624,0.024000001
,,,0.00011625,0.022400001
,,,0.00011626,0.024800001
,,,0.00011627,0.021600001
,,,0.00011628,0.024800001
,,,0.00011629,0.024000001
,,,0.0001163,0.025600002
,,,0.00011631,0.024000001
,,,0.00011632,0.024000001
,,,0.00011633,0.024000001
,,,0.00011634,0.022400001
,,,0.00011635,0.024800001
,,,0.00011636,0.024000001
,,,0.00011637,0.024000001
,,,0.00011638,0.026400002
,,,0.00011639,0.022400001
,,,0.0001164,0.024000001
,,,0.00011641,0.024800001
,,,0.00011642,0.026400002
,,,0.00011643,0.024800001
,,,0.00011644,0.024000001
,,,0.00011645,0.025600002
,,,0.00011646,0.024000001
,,,0.00011647,0.024000001
,,,0.00011648,0.024000001
,,,0.00011649,0.023200001
,,,0.0001165,0.024800001
,,,0.00011651,0.023200001
,,,0.00011652,0.024800001
,,,0.00011653,0.023200001
,,,0.00011654,0.024000001
,,,0.00011655,0.024000001
,,,0.00011656,0.024800001
,,,0.00011657,0.024000001
,,,0.00011658,0.024000001
,,,0.00011659,0.022400001
,,,0.0001166,0.024800001
,,,0.00011661,0.025600002
,,,0.00011662,0.024000001
,,,0.00011663,0.024000001
,,,0.00011664,0.024000001
,,,0.00011665,0.024800001
,,,0.00011666,0.024800001
,,,0.00011667,0.024800001
,,,0.00011668,0.023200001
,,,0.00011669,0.023200001
,,,0.0001167,0.024000001
,,,0.00011671,0.025600002
,,,0.00011672,0.024000001
,,,0.00011673,0.024800001
,,,0.00011674,0.024000001
,,,0.00011675,0.024000001
,,,0.00011676,0.024000001
,,,0.00011677,0.024000001
,,,0.00011678,0.024000001
,,,0.00011679,0.024000001
,,,0.0001168,0.023200001
,,,0.00011681,0.025600002
,,,0.00011682,0.023200001
,,,0.00011683,0.024000001
,,,0.00011684,0.024000001
,,,0.00011685,0.024000001
,,,0.00011686,0.023200001
,,,0.00011687,0.022400001
,,,0.00011688,0.023200001
,,,0.00011689,0.024800001
,,,0.0001169,0.024800001
,,,0.00011691,0.024000001
,,,0.00011692,0.026400002
,,,0.00011693,0.025600002
,,,0.00011694,0.024000001
,,,0.00011695,0.024000001
,,,0.00011696,0.024800001
,,,0.00011697,0.024000001
,,,0.00011698,0.024000001
,,,0.00011699,0.023200001
,,,0.000117,0.024000001
,,,0.00011701,0.024000001
,,,0.00011702,0.025600002
,,,0.00011703,0.024000001
,,,0.00011704,0.024800001
,,,0.00011705,0.024000001
,,,0.00011706,0.024000001
,,,0.00011707,0.024800001
,,,0.00011708,0.024000001
,,,0.00011709,0.024000001
,,,0.0001171,0.024000001
,,,0.00011711,0.024000001
,,,0.00011712,0.024000001
,,,0.00011713,0.024000001
,,,0.00011714,0.024000001
,,,0.00011715,0.024800001
,,,0.00011716,0.024000001
,,,0.00011717,0.024000001
,,,0.00011718,0.024800001
,,,0.00011719,0.024800001
,,,0.0001172,0.024000001
,,,0.00011721,0.024000001
,,,0.00011722,0.026400002
,,,0.00011723,0.023200001
,,,0.00011724,0.025600002
,,,0.00011725,0.024000001
,,,0.00011726,0.024800001
,,,0.00011727,0.024000001
,,,0.00011728,0.025600002
,,,0.00011729,0.022400001
,,,0.0001173,0.024800001
,,,0.00011731,0.024000001
,,,0.00011732,0.024800001
,,,0.00011733,0.024000001
,,,0.00011734,0.025600002
,,,0.00011735,0.023200001
,,,0.00011736,0.024000001
,,,0.00011737,0.023200001
,,,0.00011738,0.024000001
,,,0.00011739,0.024000001
,,,0.0001174,0.024000001
,,,0.00011741,0.024000001
,,,0.00011742,0.024000001
,,,0.00011743,0.023200001
,,,0.00011744,0.024800001
,,,0.00011745,0.024000001
,,,0.00011746,0.024000001
,,,0.00011747,0.024800001
,,,0.00011748,0.024800001
,,,0.00011749,0.024000001
,,,0.0001175,0.024000001
,,,0.00011751,0.023200001
,,,0.00011752,0.025600002
,,,0.00011753,0.024000001
,,,0.00011754,0.024000001
,,,0.00011755,0.024800001
,,,0.00011756,0.024000001
,,,0.00011757,0.024800001
,,,0.00011758,0.025600002
,,,0.00011759,0.022400001
,,,0.0001176,0.024000001
,,,0.00011761,0.024800001
,,,0.00011762,0.023200001
,,,0.00011763,0.024000001
,,,0.00011764,0.024000001
,,,0.00011765,0.024000001
,,,0.00011766,0.025600002
,,,0.00011767,0.024800001
,,,0.00011768,0.023200001
,,,0.00011769,0.024800001
,,,0.0001177,0.025600002
,,,0.00011771,0.024000001
,,,0.00011772,0.024000001
,,,0.00011773,0.023200001
,,,0.00011774,0.024000001
,,,0.00011775,0.024000001
,,,0.00011776,0.025600002
,,,0.00011777,0.024000001
,,,0.00011778,0.024000001
,,,0.00011779,0.024800001
,,,0.0001178,0.024000001
,,,0.00011781,0.024000001
,,,0.00011782,0.024000001
,,,0.00011783,0.024800001
,,,0.00011784,0.024000001
,,,0.00011785,0.025600002
,,,0.00011786,0.024800001
,,,0.00011787,0.024000001
,,,0.00011788,0.024800001
,,,0.00011789,0.024000001
,,,0.0001179,0.024000001
,,,0.00011791,0.023200001
,,,0.00011792,0.024000001
,,,0.00011793,0.025600002
,,,0.00011794,0.024800001
,,,0.00011795,0.024000001
,,,0.00011796,0.024000001
,,,0.00011797,0.024000001
,,,0.00011798,0.024800001
,,,0.00011799,0.024800001
,,,0.000118,0.024000001
,,,0.00011801,0.024800001
,,,0.00011802,0.024000001
,,,0.00011803,0.024000001
,,,0.00011804,0.025600002
,,,0.00011805,0.024000001
,,,0.00011806,0.026400002
,,,0.00011807,0.024000001
,,,0.00011808,0.024800001
,,,0.00011809,0.023200001
,,,0.0001181,0.024800001
,,,0.00011811,0.024800001
,,,0.00011812,0.024800001
,,,0.00011813,0.023200001
,,,0.00011814,0.025600002
,,,0.00011815,0.024000001
,,,0.00011816,0.024000001
,,,0.00011817,0.024000001
,,,0.00011818,0.024000001
,,,0.00011819,0.022400001
,,,0.0001182,0.024000001
,,,0.00011821,0.023200001
,,,0.00011822,0.021600001
,,,0.00011823,0.024000001
,,,0.00011824,0.023200001
,,,0.00011825,0.024000001
,,,0.00011826,0.024000001
,,,0.00011827,0.024000001
,,,0.00011828,0.023200001
,,,0.00011829,0.024000001
,,,0.0001183,0.024800001
,,,0.00011831,0.023200001
,,,0.00011832,0.025600002
,,,0.00011833,0.024800001
,,,0.00011834,0.024800001
,,,0.00011835,0.024000001
,,,0.00011836,0.023200001
,,,0.00011837,0.024000001
,,,0.00011838,0.024000001
,,,0.00011839,0.024000001
,,,0.0001184,0.024000001
,,,0.00011841,0.024000001
,,,0.00011842,0.022400001
,,,0.00011843,0.023200001
,,,0.00011844,0.024000001
,,,0.00011845,0.023200001
,,,0.00011846,0.025600002
,,,0.00011847,0.024000001
,,,0.00011848,0.024800001
,,,0.00011849,0.024800001
,,,0.0001185,0.024800001
,,,0.00011851,0.024000001
,,,0.00011852,0.024000001
,,,0.00011853,0.024000001
,,,0.00011854,0.026400002
,,,0.00011855,0.024800001
,,,0.00011856,0.024000001
,,,0.00011857,0.023200001
,,,0.00011858,0.024000001
,,,0.00011859,0.024800001
,,,0.0001186,0.023200001
,,,0.00011861,0.025600002
,,,0.00011862,0.024000001
,,,0.00011863,0.025600002
,,,0.00011864,0.024000001
,,,0.00011865,0.024000001
,,,0.00011866,0.024000001
,,,0.00011867,0.023200001
,,,0.00011868,0.024800001
,,,0.00011869,0.023200001
,,,0.0001187,0.024800001
,,,0.00011871,0.024800001
,,,0.00011872,0.024000001
,,,0.00011873,0.024000001
,,,0.00011874,0.024800001
,,,0.00011875,0.024000001
,,,0.00011876,0.023200001
,,,0.00011877,0.025600002
,,,0.00011878,0.024000001
,,,0.00011879,0.025600002
,,,0.0001188,0.023200001
,,,0.00011881,0.024800001
,,,0.00011882,0.024000001
,,,0.00011883,0.024800001
,,,0.00011884,0.023200001
,,,0.00011885,0.024800001
,,,0.00011886,0.025600002
,,,0.00011887,0.024000001
,,,0.00011888,0.024000001
,,,0.00011889,0.024000001
,,,0.0001189,0.026400002
,,,0.00011891,0.024000001
,,,0.00011892,0.024000001
,,,0.00011893,0.024800001
,,,0.00011894,0.023200001
,,,0.00011895,0.025600002
,,,0.00011896,0.024000001
,,,0.00011897,0.024800001
,,,0.00011898,0.024000001
,,,0.00011899,0.023200001
,,,0.000119,0.024800001
,,,0.00011901,0.023200001
,,,0.00011902,0.024000001
,,,0.00011903,0.023200001
,,,0.00011904,0.024000001
,,,0.00011905,0.024000001
,,,0.00011906,0.024000001
,,,0.00011907,0.022400001
,,,0.00011908,0.025600002
,,,0.00011909,0.023200001
,,,0.0001191,0.025600002
,,,0.00011911,0.023200001
,,,0.00011912,0.024000001
,,,0.00011913,0.024800001
,,,0.00011914,0.025600002
,,,0.00011915,0.024800001
,,,0.00011916,0.024800001
,,,0.00011917,0.024000001
,,,0.00011918,0.023200001
,,,0.00011919,0.024000001
,,,0.0001192,0.024000001
,,,0.00011921,0.023200001
,,,0.00011922,0.023200001
,,,0.00011923,0.024800001
,,,0.00011924,0.024800001
,,,0.00011925,0.023200001
,,,0.00011926,0.024800001
,,,0.00011927,0.026400002
,,,0.00011928,0.024800001
,,,0.00011929,0.024800001
,,,0.0001193,0.025600002
,,,0.00011931,0.025600002
,,,0.00011932,0.024800001
,,,0.00011933,0.024800001
,,,0.00011934,0.024000001
,,,0.00011935,0.024800001
,,,0.00011936,0.024800001
,,,0.00011937,0.024800001
,,,0.00011938,0.024000001
,,,0.00011939,0.024000001
,,,0.0001194,0.025600002
,,,0.00011941,0.024000001
,,,0.00011942,0.025600002
,,,0.00011943,0.024800001
,,,0.00011944,0.024800001
,,,0.00011945,0.025600002
,,,0.00011946,0.024000001
,,,0.00011947,0.024000001
,,,0.00011948,0.024800001
,,,0.00011949,0.024000001
,,,0.0001195,0.026400002
,,,0.00011951,0.024000001
,,,0.00011952,0.024000001
,,,0.00011953,0.024000001
,,,0.00011954,0.024800001
,,,0.00011955,0.024800001
,,,0.00011956,0.024000001
,,,0.00011957,0.024000001
,,,0.00011958,0.024800001
,,,0.00011959,0.024800001
,,,0.0001196,0.023200001
,,,0.00011961,0.024000001
,,,0.00011962,0.024800001
,,,0.00011963,0.024000001
,,,0.00011964,0.023200001
,,,0.00011965,0.024000001
,,,0.00011966,0.024000001
,,,0.00011967,0.024800001
,,,0.00011968,0.023200001
,,,0.00011969,0.025600002
,,,0.0001197,0.024000001
,,,0.00011971,0.023200001
,,,0.00011972,0.024800001
,,,0.00011973,0.023200001
,,,0.00011974,0.024000001
,,,0.00011975,0.023200001
,,,0.00011976,0.024000001
,,,0.00011977,0.023200001
,,,0.00011978,0.023200001
,,,0.00011979,0.024800001
,,,0.0001198,0.025600002
,,,0.00011981,0.024000001
,,,0.00011982,0.024800001
,,,0.00011983,0.024000001
,,,0.00011984,0.024000001
,,,0.00011985,0.023200001
,,,0.00011986,0.024800001
,,,0.00011987,0.023200001
,,,0.00011988,0.024000001
,,,0.00011989,0.024000001
,,,0.0001199,0.025600002
,,,0.00011991,0.024800001
,,,0.00011992,0.024800001
,,,0.00011993,0.024000001
,,,0.00011994,0.024000001
,,,0.00011995,0.024000001
,,,0.00011996,0.025600002
,,,0.00011997,0.025600002
,,,0.00011998,0.024000001
,,,0.00011999,0.024000001
,,,0.00012,0.023200001
,,,0.00012001,0.024800001
,,,0.00012002,0.024000001
,,,0.00012003,0.024800001
,,,0.00012004,0.024800001
,,,0.00012005,0.025600002
,,,0.00012006,0.024000001
,,,0.00012007,0.024000001
,,,0.00012008,0.024800001
,,,0.00012009,0.024000001
,,,0.0001201,0.024800001
,,,0.00012011,0.024000001
,,,0.00012012,0.024000001
,,,0.00012013,0.024800001
,,,0.00012014,0.023200001
,,,0.00012015,0.024800001
,,,0.00012016,0.024000001
,,,0.00012017,0.023200001
,,,0.00012018,0.025600002
,,,0.00012019,0.024800001
,,,0.0001202,0.024800001
,,,0.00012021,0.023200001
,,,0.00012022,0.023200001
,,,0.00012023,0.024800001
,,,0.00012024,0.024800001
,,,0.00012025,0.025600002
,,,0.00012026,0.024000001
,,,0.00012027,0.024800001
,,,0.00012028,0.024000001
,,,0.00012029,0.024000001
,,,0.0001203,0.024000001
,,,0.00012031,0.022400001
,,,0.00012032,0.024800001
,,,0.00012033,0.024800001
,,,0.00012034,0.024800001
,,,0.00012035,0.024000001
,,,0.00012036,0.025600002
,,,0.00012037,0.024800001
,,,0.00012038,0.024800001
,,,0.00012039,0.024000001
,,,0.0001204,0.024000001
,,,0.00012041,0.023200001
,,,0.00012042,0.024800001
,,,0.00012043,0.024000001
,,,0.00012044,0.024000001
,,,0.00012045,0.022400001
,,,0.00012046,0.025600002
,,,0.00012047,0.023200001
,,,0.00012048,0.025600002
,,,0.00012049,0.023200001
,,,0.0001205,0.024000001
,,,0.00012051,0.023200001
,,,0.00012052,0.024000001
,,,0.00012053,0.024000001
,,,0.00012054,0.023200001
,,,0.00012055,0.025600002
,,,0.00012056,0.024000001
,,,0.00012057,0.024000001
,,,0.00012058,0.024000001
,,,0.00012059,0.022400001
,,,0.0001206,0.025600002
,,,0.00012061,0.024000001
,,,0.00012062,0.023200001
,,,0.00012063,0.023200001
,,,0.00012064,0.024000001
,,,0.00012065,0.024800001
,,,0.00012066,0.024800001
,,,0.00012067,0.024000001
,,,0.00012068,0.024800001
,,,0.00012069,0.024000001
,,,0.0001207,0.024800001
,,,0.00012071,0.024000001
,,,0.00012072,0.025600002
,,,0.00012073,0.024800001
,,,0.00012074,0.024800001
,,,0.00012075,0.024000001
,,,0.00012076,0.024000001
,,,0.00012077,0.024000001
,,,0.00012078,0.024000001
,,,0.00012079,0.024000001
,,,0.0001208,0.024800001
,,,0.00012081,0.024000001
,,,0.00012082,0.025600002
,,,0.00012083,0.023200001
,,,0.00012084,0.024800001
,,,0.00012085,0.024000001
,,,0.00012086,0.024800001
,,,0.00012087,0.024000001
,,,0.00012088,0.023200001
,,,0.00012089,0.024800001
,,,0.0001209,0.025600002
,,,0.00012091,0.024800001
,,,0.00012092,0.024000001
,,,0.00012093,0.024000001
,,,0.00012094,0.023200001
,,,0.00012095,0.024000001
,,,0.00012096,0.025600002
,,,0.00012097,0.024000001
,,,0.00012098,0.024800001
,,,0.00012099,0.023200001
,,,0.000121,0.024000001
,,,0.00012101,0.024000001
,,,0.00012102,0.024000001
,,,0.00012103,0.024800001
,,,0.00012104,0.024000001
,,,0.00012105,0.024000001
,,,0.00012106,0.026400002
,,,0.00012107,0.024800001
,,,0.00012108,0.023200001
,,,0.00012109,0.025600002
,,,0.0001211,0.024800001
,,,0.00012111,0.024000001
,,,0.00012112,0.024000001
,,,0.00012113,0.024000001
,,,0.00012114,0.024800001
,,,0.00012115,0.024000001
,,,0.00012116,0.023200001
,,,0.00012117,0.024800001
,,,0.00012118,0.024800001
,,,0.00012119,0.026400002
,,,0.0001212,0.024000001
,,,0.00012121,0.024000001
,,,0.00012122,0.024800001
,,,0.00012123,0.023200001
,,,0.00012124,0.024000001
,,,0.00012125,0.024000001
,,,0.00012126,0.024000001
,,,0.00012127,0.024000001
,,,0.00012128,0.024800001
,,,0.00012129,0.024000001
,,,0.0001213,0.026400002
,,,0.00012131,0.022400001
,,,0.00012132,0.024800001
,,,0.00012133,0.024800001
,,,0.00012134,0.024000001
,,,0.00012135,0.024000001
,,,0.00012136,0.024000001
,,,0.00012137,0.024000001
,,,0.00012138,0.023200001
,,,0.00012139,0.024800001
,,,0.0001214,0.024000001
,,,0.00012141,0.022400001
,,,0.00012142,0.021600001
,,,0.00012143,0.023200001
,,,0.00012144,0.025600002
,,,0.00012145,0.023200001
,,,0.00012146,0.024000001
,,,0.00012147,0.024000001
,,,0.00012148,0.024000001
,,,0.00012149,0.024000001
,,,0.0001215,0.024000001
,,,0.00012151,0.025600002
,,,0.00012152,0.024000001
,,,0.00012153,0.024000001
,,,0.00012154,0.024800001
,,,0.00012155,0.024000001
,,,0.00012156,0.023200001
,,,0.00012157,0.024000001
,,,0.00012158,0.023200001
,,,0.00012159,0.024000001
,,,0.0001216,0.026400002
,,,0.00012161,0.025600002
,,,0.00012162,0.023200001
,,,0.00012163,0.022400001
,,,0.00012164,0.024000001
,,,0.00012165,0.022400001
,,,0.00012166,0.024000001
,,,0.00012167,0.024800001
,,,0.00012168,0.024800001
,,,0.00012169,0.023200001
,,,0.0001217,0.023200001
,,,0.00012171,0.024000001
,,,0.00012172,0.025600002
,,,0.00012173,0.024000001
,,,0.00012174,0.023200001
,,,0.00012175,0.024000001
,,,0.00012176,0.024000001
,,,0.00012177,0.025600002
,,,0.00012178,0.024000001
,,,0.00012179,0.024000001
,,,0.0001218,0.025600002
,,,0.00012181,0.024000001
,,,0.00012182,0.024800001
,,,0.00012183,0.024000001
,,,0.00012184,0.025600002
,,,0.00012185,0.023200001
,,,0.00012186,0.024800001
,,,0.00012187,0.024000001
,,,0.00012188,0.025600002
,,,0.00012189,0.022400001
,,,0.0001219,0.024800001
,,,0.00012191,0.024800001
,,,0.00012192,0.023200001
,,,0.00012193,0.023200001
,,,0.00012194,0.024000001
,,,0.00012195,0.025600002
,,,0.00012196,0.025600002
,,,0.00012197,0.024800001
,,,0.00012198,0.025600002
,,,0.00012199,0.024000001
,,,0.000122,0.024000001
,,,0.00012201,0.025600002
,,,0.00012202,0.024000001
,,,0.00012203,0.024000001
,,,0.00012204,0.024000001
,,,0.00012205,0.024000001
,,,0.00012206,0.024800001
,,,0.00012207,0.024800001
,,,0.00012208,0.024800001
,,,0.00012209,0.023200001
,,,0.0001221,0.024800001
,,,0.00012211,0.023200001
,,,0.00012212,0.024000001
,,,0.00012213,0.023200001
,,,0.00012214,0.025600002
,,,0.00012215,0.023200001
,,,0.00012216,0.024000001
,,,0.00012217,0.024000001
,,,0.00012218,0.024000001
,,,0.00012219,0.024000001
,,,0.0001222,0.024000001
,,,0.00012221,0.024000001
,,,0.00012222,0.024800001
,,,0.00012223,0.024800001
,,,0.00012224,0.025600002
,,,0.00012225,0.024000001
,,,0.00012226,0.024000001
,,,0.00012227,0.024000001
,,,0.00012228,0.024000001
,,,0.00012229,0.023200001
,,,0.0001223,0.025600002
,,,0.00012231,0.024800001
,,,0.00012232,0.023200001
,,,0.00012233,0.024000001
,,,0.00012234,0.024000001
,,,0.00012235,0.024000001
,,,0.00012236,0.024000001
,,,0.00012237,0.025600002
,,,0.00012238,0.024000001
,,,0.00012239,0.024800001
,,,0.0001224,0.026400002
,,,0.00012241,0.023200001
,,,0.00012242,0.023200001
,,,0.00012243,0.024800001
,,,0.00012244,0.025600002
,,,0.00012245,0.024000001
,,,0.00012246,0.024000001
,,,0.00012247,0.025600002
,,,0.00012248,0.024800001
,,,0.00012249,0.024800001
,,,0.0001225,0.025600002
,,,0.00012251,0.024000001
,,,0.00012252,0.024000001
,,,0.00012253,0.024000001
,,,0.00012254,0.024000001
,,,0.00012255,0.024000001
,,,0.00012256,0.024000001
,,,0.00012257,0.024800001
,,,0.00012258,0.024000001
,,,0.00012259,0.024800001
,,,0.0001226,0.024000001
,,,0.00012261,0.024800001
,,,0.00012262,0.024800001
,,,0.00012263,0.024000001
,,,0.00012264,0.027200002
,,,0.00012265,0.023200001
,,,0.00012266,0.026400002
,,,0.00012267,0.024000001
,,,0.00012268,0.024000001
,,,0.00012269,0.024000001
,,,0.0001227,0.024000001
,,,0.00012271,0.025600002
,,,0.00012272,0.025600002
,,,0.00012273,0.024000001
,,,0.00012274,0.024000001
,,,0.00012275,0.024000001
,,,0.00012276,0.024800001
,,,0.00012277,0.025600002
,,,0.00012278,0.024000001
,,,0.00012279,0.024000001
,,,0.0001228,0.024000001
,,,0.00012281,0.024000001
,,,0.00012282,0.023200001
,,,0.00012283,0.023200001
,,,0.00012284,0.024000001
,,,0.00012285,0.024000001
,,,0.00012286,0.024000001
,,,0.00012287,0.024000001
,,,0.00012288,0.024000001
,,,0.00012289,0.024800001
,,,0.0001229,0.023200001
,,,0.00012291,0.024800001
,,,0.00012292,0.024800001
,,,0.00012293,0.024000001
,,,0.00012294,0.024000001
,,,0.00012295,0.024800001
,,,0.00012296,0.023200001
,,,0.00012297,0.024800001
,,,0.00012298,0.024000001
,,,0.00012299,0.024800001
,,,0.000123,0.025600002
,,,0.00012301,0.024800001
,,,0.00012302,0.024800001
,,,0.00012303,0.024000001
,,,0.00012304,0.024800001
,,,0.00012305,0.024800001
,,,0.00012306,0.024000001
,,,0.00012307,0.025600002
,,,0.00012308,0.023200001
,,,0.00012309,0.024800001
,,,0.0001231,0.024800001
,,,0.00012311,0.024800001
,,,0.00012312,0.024800001
,,,0.00012313,0.024000001
,,,0.00012314,0.023200001
,,,0.00012315,0.024800001
,,,0.00012316,0.024000001
,,,0.00012317,0.024000001
,,,0.00012318,0.024000001
,,,0.00012319,0.024800001
,,,0.0001232,0.024800001
,,,0.00012321,0.025600002
,,,0.00012322,0.024000001
,,,0.00012323,0.024000001
,,,0.00012324,0.023200001
,,,0.00012325,0.026400002
,,,0.00012326,0.024000001
,,,0.00012327,0.026400002
,,,0.00012328,0.025600002
,,,0.00012329,0.024000001
,,,0.0001233,0.023200001
,,,0.00012331,0.024800001
,,,0.00012332,0.024000001
,,,0.00012333,0.023200001
,,,0.00012334,0.026400002
,,,0.00012335,0.024000001
,,,0.00012336,0.024800001
,,,0.00012337,0.024000001
,,,0.00012338,0.024800001
,,,0.00012339,0.024000001
,,,0.0001234,0.022400001
,,,0.00012341,0.024800001
,,,0.00012342,0.024000001
,,,0.00012343,0.025600002
,,,0.00012344,0.023200001
,,,0.00012345,0.025600002
,,,0.00012346,0.023200001
,,,0.00012347,0.025600002
,,,0.00012348,0.024800001
,,,0.00012349,0.024800001
,,,0.0001235,0.024000001
,,,0.00012351,0.024000001
,,,0.00012352,0.024800001
,,,0.00012353,0.024000001
,,,0.00012354,0.024000001
,,,0.00012355,0.024000001
,,,0.00012356,0.024000001
,,,0.00012357,0.023200001
,,,0.00012358,0.024000001
,,,0.00012359,0.024000001
,,,0.0001236,0.024800001
,,,0.00012361,0.024000001
,,,0.00012362,0.025600002
,,,0.00012363,0.024800001
,,,0.00012364,0.024000001
,,,0.00012365,0.023200001
,,,0.00012366,0.025600002
,,,0.00012367,0.024000001
,,,0.00012368,0.024800001
,,,0.00012369,0.024000001
,,,0.0001237,0.024000001
,,,0.00012371,0.024000001
,,,0.00012372,0.021600001
,,,0.00012373,0.024000001
,,,0.00012374,0.024000001
,,,0.00012375,0.024000001
,,,0.00012376,0.024000001
,,,0.00012377,0.024000001
,,,0.00012378,0.024800001
,,,0.00012379,0.024000001
,,,0.0001238,0.024000001
,,,0.00012381,0.024800001
,,,0.00012382,0.024000001
,,,0.00012383,0.023200001
,,,0.00012384,0.024000001
,,,0.00012385,0.023200001
,,,0.00012386,0.024000001
,,,0.00012387,0.023200001
,,,0.00012388,0.024800001
,,,0.00012389,0.024000001
,,,0.0001239,0.024000001
,,,0.00012391,0.024000001
,,,0.00012392,0.024000001
,,,0.00012393,0.025600002
,,,0.00012394,0.024000001
,,,0.00012395,0.024000001
,,,0.00012396,0.024800001
,,,0.00012397,0.024000001
,,,0.00012398,0.024000001
,,,0.00012399,0.024000001
,,,0.000124,0.024000001
,,,0.00012401,0.024000001
,,,0.00012402,0.024000001
,,,0.00012403,0.025600002
,,,0.00012404,0.024000001
,,,0.00012405,0.024000001
,,,0.00012406,0.024800001
,,,0.00012407,0.023200001
,,,0.00012408,0.024800001
,,,0.00012409,0.025600002
,,,0.0001241,0.025600002
,,,0.00012411,0.024000001
,,,0.00012412,0.024000001
,,,0.00012413,0.024000001
,,,0.00012414,0.024000001
,,,0.00012415,0.024800001
,,,0.00012416,0.024000001
,,,0.00012417,0.024000001
,,,0.00012418,0.024800001
,,,0.00012419,0.022400001
,,,0.0001242,0.025600002
,,,0.00012421,0.025600002
,,,0.00012422,0.024000001
,,,0.00012423,0.024000001
,,,0.00012424,0.025600002
,,,0.00012425,0.024000001
,,,0.00012426,0.024000001
,,,0.00012427,0.024000001
,,,0.00012428,0.024000001
,,,0.00012429,0.023200001
,,,0.0001243,0.024800001
,,,0.00012431,0.023200001
,,,0.00012432,0.024800001
,,,0.00012433,0.024000001
,,,0.00012434,0.024000001
,,,0.00012435,0.024800001
,,,0.00012436,0.025600002
,,,0.00012437,0.022400001
,,,0.00012438,0.024000001
,,,0.00012439,0.024800001
,,,0.0001244,0.024000001
,,,0.00012441,0.024000001
,,,0.00012442,0.024800001
,,,0.00012443,0.024000001
,,,0.00012444,0.025600002
,,,0.00012445,0.024800001
,,,0.00012446,0.025600002
,,,0.00012447,0.024000001
,,,0.00012448,0.024800001
,,,0.00012449,0.024800001
,,,0.0001245,0.026400002
,,,0.00012451,0.022400001
,,,0.00012452,0.024000001
,,,0.00012453,0.024000001
,,,0.00012454,0.024000001
,,,0.00012455,0.024000001
,,,0.00012456,0.024800001
,,,0.00012457,0.024800001
,,,0.00012458,0.024800001
,,,0.00012459,0.024000001
,,,0.0001246,0.024000001
,,,0.00012461,0.023200001
,,,0.00012462,0.023200001
,,,0.00012463,0.024800001
,,,0.00012464,0.023200001
,,,0.00012465,0.025600002
,,,0.00012466,0.024000001
,,,0.00012467,0.026400002
,,,0.00012468,0.024000001
,,,0.00012469,0.024000001
,,,0.0001247,0.024000001
,,,0.00012471,0.024800001
,,,0.00012472,0.024000001
,,,0.00012473,0.024000001
,,,0.00012474,0.025600002
,,,0.00012475,0.025600002
,,,0.00012476,0.024000001
,,,0.00012477,0.024000001
,,,0.00012478,0.024800001
,,,0.00012479,0.025600002
,,,0.0001248,0.023200001
,,,0.00012481,0.024800001
,,,0.00012482,0.024000001
,,,0.00012483,0.024800001
,,,0.00012484,0.024800001
,,,0.00012485,0.024000001
,,,0.00012486,0.024000001
,,,0.00012487,0.025600002
,,,0.00012488,0.024000001
,,,0.00012489,0.023200001
,,,0.0001249,0.025600002
,,,0.00012491,0.024000001
,,,0.00012492,0.024800001
,,,0.00012493,0.022400001
,,,0.00012494,0.024800001
,,,0.00012495,0.024000001
,,,0.00012496,0.025600002
,,,0.00012497,0.024800001
,,,0.00012498,0.024800001
,,,0.00012499,0.024000001
,,,0.000125,0.024000001
,,,0.00012501,0.022400001
,,,0.00012502,0.024000001
,,,0.00012503,0.024000001
,,,0.00012504,0.024800001
,,,0.00012505,0.024800001
,,,0.00012506,0.024800001
,,,0.00012507,0.024000001
,,,0.00012508,0.024000001
,,,0.00012509,0.024800001
,,,0.0001251,0.024000001
,,,0.00012511,0.024800001
,,,0.00012512,0.024000001
,,,0.00012513,0.024000001
,,,0.00012514,0.024000001
,,,0.00012515,0.024000001
,,,0.00012516,0.022400001
,,,0.00012517,0.024800001
,,,0.00012518,0.024000001
,,,0.00012519,0.026400002
,,,0.0001252,0.024000001
,,,0.00012521,0.025600002
,,,0.00012522,0.024000001
,,,0.00012523,0.024000001
,,,0.00012524,0.024800001
,,,0.00012525,0.025600002
,,,0.00012526,0.024000001
,,,0.00012527,0.024800001
,,,0.00012528,0.024800001
,,,0.00012529,0.024000001
,,,0.0001253,0.024000001
,,,0.00012531,0.025600002
,,,0.00012532,0.026400002
,,,0.00012533,0.023200001
,,,0.00012534,0.022400001
,,,0.00012535,0.024800001
,,,0.00012536,0.024800001
,,,0.00012537,0.024000001
,,,0.00012538,0.023200001
,,,0.00012539,0.024800001
,,,0.0001254,0.024000001
,,,0.00012541,0.023200001
,,,0.00012542,0.024000001
,,,0.00012543,0.024000001
,,,0.00012544,0.022400001
,,,0.00012545,0.023200001
,,,0.00012546,0.024000001
,,,0.00012547,0.024000001
,,,0.00012548,0.023200001
,,,0.00012549,0.024000001
,,,0.0001255,0.024000001
,,,0.00012551,0.024000001
,,,0.00012552,0.026400002
,,,0.00012553,0.025600002
,,,0.00012554,0.024000001
,,,0.00012555,0.024000001
,,,0.00012556,0.022400001
,,,0.00012557,0.025600002
,,,0.00012558,0.024000001
,,,0.00012559,0.024000001
,,,0.0001256,0.024000001
,,,0.00012561,0.025600002
,,,0.00012562,0.024800001
,,,0.00012563,0.024000001
,,,0.00012564,0.024800001
,,,0.00012565,0.024000001
,,,0.00012566,0.025600002
,,,0.00012567,0.024000001
,,,0.00012568,0.023200001
,,,0.00012569,0.024000001
,,,0.0001257,0.024000001
,,,0.00012571,0.024000001
,,,0.00012572,0.024000001
,,,0.00012573,0.025600002
,,,0.00012574,0.024000001
,,,0.00012575,0.023200001
,,,0.00012576,0.024000001
,,,0.00012577,0.024800001
,,,0.00012578,0.023200001
,,,0.00012579,0.025600002
,,,0.0001258,0.024000001
,,,0.00012581,0.024000001
,,,0.00012582,0.024800001
,,,0.00012583,0.024800001
,,,0.00012584,0.024000001
,,,0.00012585,0.025600002
,,,0.00012586,0.026400002
,,,0.00012587,0.024800001
,,,0.00012588,0.025600002
,,,0.00012589,0.024000001
,,,0.0001259,0.024800001
,,,0.00012591,0.024000001
,,,0.00012592,0.024000001
,,,0.00012593,0.024800001
,,,0.00012594,0.022400001
,,,0.00012595,0.025600002
,,,0.00012596,0.024000001
,,,0.00012597,0.024000001
,,,0.00012598,0.025600002
,,,0.00012599,0.025600002
,,,0.000126,0.024800001
,,,0.00012601,0.022400001
,,,0.00012602,0.023200001
,,,0.00012603,0.025600002
,,,0.00012604,0.024000001
,,,0.00012605,0.024000001
,,,0.00012606,0.025600002
,,,0.00012607,0.025600002
,,,0.00012608,0.024800001
,,,0.00012609,0.024000001
,,,0.0001261,0.024800001
,,,0.00012611,0.022400001
,,,0.00012612,0.024800001
,,,0.00012613,0.024800001
,,,0.00012614,0.024000001
,,,0.00012615,0.024000001
,,,0.00012616,0.024000001
,,,0.00012617,0.024000001
,,,0.00012618,0.026400002
,,,0.00012619,0.022400001
,,,0.0001262,0.026400002
,,,0.00012621,0.024000001
,,,0.00012622,0.023200001
,,,0.00012623,0.023200001
,,,0.00012624,0.025600002
,,,0.00012625,0.024000001
,,,0.00012626,0.023200001
,,,0.00012627,0.024800001
,,,0.00012628,0.023200001
,,,0.00012629,0.024800001
,,,0.0001263,0.024000001
,,,0.00012631,0.024800001
,,,0.00012632,0.023200001
,,,0.00012633,0.024000001
,,,0.00012634,0.023200001
,,,0.00012635,0.024000001
,,,0.00012636,0.024000001
,,,0.00012637,0.023200001
,,,0.00012638,0.024000001
,,,0.00012639,0.024000001
,,,0.0001264,0.023200001
,,,0.00012641,0.025600002
,,,0.00012642,0.024800001
,,,0.00012643,0.024000001
,,,0.00012644,0.025600002
,,,0.00012645,0.024000001
,,,0.00012646,0.024800001
,,,0.00012647,0.024800001
,,,0.00012648,0.024800001
,,,0.00012649,0.024000001
,,,0.0001265,0.024000001
,,,0.00012651,0.024800001
,,,0.00012652,0.022400001
,,,0.00012653,0.024000001
,,,0.00012654,0.024000001
,,,0.00012655,0.023200001
,,,0.00012656,0.024800001
,,,0.00012657,0.024000001
,,,0.00012658,0.024000001
,,,0.00012659,0.023200001
,,,0.0001266,0.022400001
,,,0.00012661,0.024000001
,,,0.00012662,0.024800001
,,,0.00012663,0.025600002
,,,0.00012664,0.024000001
,,,0.00012665,0.024800001
,,,0.00012666,0.024800001
,,,0.00012667,0.024000001
,,,0.00012668,0.024000001
,,,0.00012669,0.024000001
,,,0.0001267,0.024000001
,,,0.00012671,0.024000001
,,,0.00012672,0.023200001
,,,0.00012673,0.024000001
,,,0.00012674,0.024800001
,,,0.00012675,0.024800001
,,,0.00012676,0.024800001
,,,0.00012677,0.024000001
,,,0.00012678,0.024000001
,,,0.00012679,0.023200001
,,,0.0001268,0.024800001
,,,0.00012681,0.024000001
,,,0.00012682,0.024800001
,,,0.00012683,0.024800001
,,,0.00012684,0.024800001
,,,0.00012685,0.024800001
,,,0.00012686,0.023200001
,,,0.00012687,0.024800001
,,,0.00012688,0.024000001
,,,0.00012689,0.024000001
,,,0.0001269,0.024800001
,,,0.00012691,0.024000001
,,,0.00012692,0.024800001
,,,0.00012693,0.024000001
,,,0.00012694,0.024800001
,,,0.00012695,0.025600002
,,,0.00012696,0.024800001
,,,0.00012697,0.024000001
,,,0.00012698,0.024000001
,,,0.00012699,0.022400001
,,,0.000127,0.024000001
,,,0.00012701,0.024000001
,,,0.00012702,0.024000001
,,,0.00012703,0.024800001
,,,0.00012704,0.023200001
,,,0.00012705,0.024800001
,,,0.00012706,0.023200001
,,,0.00012707,0.023200001
,,,0.00012708,0.024800001
,,,0.00012709,0.024800001
,,,0.0001271,0.023200001
,,,0.00012711,0.025600002
,,,0.00012712,0.024800001
,,,0.00012713,0.024000001
,,,0.00012714,0.022400001
,,,0.00012715,0.023200001
,,,0.00012716,0.024000001
,,,0.00012717,0.024800001
,,,0.00012718,0.024000001
,,,0.00012719,0.024000001
,,,0.0001272,0.024800001
,,,0.00012721,0.024000001
,,,0.00012722,0.024000001
,,,0.00012723,0.024000001
,,,0.00012724,0.024000001
,,,0.00012725,0.023200001
,,,0.00012726,0.024800001
,,,0.00012727,0.024000001
,,,0.00012728,0.024000001
,,,0.00012729,0.024000001
,,,0.0001273,0.025600002
,,,0.00012731,0.024000001
,,,0.00012732,0.023200001
,,,0.00012733,0.025600002
,,,0.00012734,0.024000001
,,,0.00012735,0.024800001
,,,0.00012736,0.024000001
,,,0.00012737,0.023200001
,,,0.00012738,0.022400001
,,,0.00012739,0.023200001
,,,0.0001274,0.024800001
,,,0.00012741,0.026400002
,,,0.00012742,0.024800001
,,,0.00012743,0.024000001
,,,0.00012744,0.024000001
,,,0.00012745,0.024000001
,,,0.00012746,0.024000001
,,,0.00012747,0.025600002
,,,0.00012748,0.024000001
,,,0.00012749,0.025600002
,,,0.0001275,0.024000001
,,,0.00012751,0.023200001
,,,0.00012752,0.024000001
,,,0.00012753,0.024000001
,,,0.00012754,0.024000001
,,,0.00012755,0.024000001
,,,0.00012756,0.024000001
,,,0.00012757,0.024800001
,,,0.00012758,0.024000001
,,,0.00012759,0.026400002
,,,0.0001276,0.024000001
,,,0.00012761,0.025600002
,,,0.00012762,0.024000001
,,,0.00012763,0.024000001
,,,0.00012764,0.024000001
,,,0.00012765,0.024000001
,,,0.00012766,0.024800001
,,,0.00012767,0.024800001
,,,0.00012768,0.024800001
,,,0.00012769,0.024000001
,,,0.0001277,0.024000001
,,,0.00012771,0.025600002
,,,0.00012772,0.024000001
,,,0.00012773,0.024800001
,,,0.00012774,0.024000001
,,,0.00012775,0.023200001
,,,0.00012776,0.024800001
,,,0.00012777,0.025600002
,,,0.00012778,0.024000001
,,,0.00012779,0.023200001
,,,0.0001278,0.024800001
,,,0.00012781,0.024000001
,,,0.00012782,0.023200001
,,,0.00012783,0.025600002
,,,0.00012784,0.024000001
,,,0.00012785,0.024000001
,,,0.00012786,0.025600002
,,,0.00012787,0.024000001
,,,0.00012788,0.024000001
,,,0.00012789,0.023200001
,,,0.0001279,0.024800001
,,,0.00012791,0.024000001
,,,0.00012792,0.024000001
,,,0.00012793,0.024000001
,,,0.00012794,0.024000001
,,,0.00012795,0.024800001
,,,0.00012796,0.024000001
,,,0.00012797,0.024000001
,,,0.00012798,0.023200001
,,,0.00012799,0.023200001
,,,0.000128,0.024000001
,,,0.00012801,0.024000001
,,,0.00012802,0.024800001
,,,0.00012803,0.023200001
,,,0.00012804,0.024000001
,,,0.00012805,0.023200001
,,,0.00012806,0.024000001
,,,0.00012807,0.023200001
,,,0.00012808,0.024000001
,,,0.00012809,0.024000001
,,,0.0001281,0.024000001
,,,0.00012811,0.023200001
,,,0.00012812,0.023200001
,,,0.00012813,0.025600002
,,,0.00012814,0.025600002
,,,0.00012815,0.026400002
,,,0.00012816,0.025600002
,,,0.00012817,0.024000001
,,,0.00012818,0.024000001
,,,0.00012819,0.024000001
,,,0.0001282,0.025600002
,,,0.00012821,0.023200001
,,,0.00012822,0.024800001
,,,0.00012823,0.024800001
,,,0.00012824,0.024000001
,,,0.00012825,0.024800001
,,,0.00012826,0.024000001
,,,0.00012827,0.024000001
,,,0.00012828,0.024800001
,,,0.00012829,0.024800001
,,,0.0001283,0.024800001
,,,0.00012831,0.024000001
,,,0.00012832,0.025600002
,,,0.00012833,0.024000001
,,,0.00012834,0.024000001
,,,0.00012835,0.025600002
,,,0.00012836,0.024800001
,,,0.00012837,0.024000001
,,,0.00012838,0.024000001
,,,0.00012839,0.024000001
,,,0.0001284,0.024800001
,,,0.00012841,0.024800001
,,,0.00012842,0.024000001
,,,0.00012843,0.024000001
,,,0.00012844,0.024000001
,,,0.00012845,0.024800001
,,,0.00012846,0.024000001
,,,0.00012847,0.024000001
,,,0.00012848,0.024000001
,,,0.00012849,0.024000001
,,,0.0001285,0.023200001
,,,0.00012851,0.023200001
,,,0.00012852,0.024000001
,,,0.00012853,0.024000001
,,,0.00012854,0.025600002
,,,0.00012855,0.024000001
,,,0.00012856,0.025600002
,,,0.00012857,0.023200001
,,,0.00012858,0.024800001
,,,0.00012859,0.024000001
,,,0.0001286,0.024000001
,,,0.00012861,0.024000001
,,,0.00012862,0.024000001
,,,0.00012863,0.024000001
,,,0.00012864,0.024000001
,,,0.00012865,0.024000001
,,,0.00012866,0.024000001
,,,0.00012867,0.026400002
,,,0.00012868,0.024000001
,,,0.00012869,0.024000001
,,,0.0001287,0.024800001
,,,0.00012871,0.024000001
,,,0.00012872,0.023200001
,,,0.00012873,0.026400002
,,,0.00012874,0.021600001
,,,0.00012875,0.024800001
,,,0.00012876,0.024000001
,,,0.00012877,0.023200001
,,,0.00012878,0.025600002
,,,0.00012879,0.024000001
,,,0.0001288,0.024000001
,,,0.00012881,0.023200001
,,,0.00012882,0.024800001
,,,0.00012883,0.024800001
,,,0.00012884,0.024800001
,,,0.00012885,0.023200001
,,,0.00012886,0.024000001
,,,0.00012887,0.024000001
,,,0.00012888,0.024800001
,,,0.00012889,0.023200001
,,,0.0001289,0.023200001
,,,0.00012891,0.024800001
,,,0.00012892,0.024800001
,,,0.00012893,0.023200001
,,,0.00012894,0.024000001
,,,0.00012895,0.024000001
,,,0.00012896,0.024000001
,,,0.00012897,0.023200001
,,,0.00012898,0.024000001
,,,0.00012899,0.023200001
,,,0.000129,0.022400001
,,,0.00012901,0.024000001
,,,0.00012902,0.024000001
,,,0.00012903,0.024000001
,,,0.00012904,0.023200001
,,,0.00012905,0.024000001
,,,0.00012906,0.024000001
,,,0.00012907,0.025600002
,,,0.00012908,0.024000001
,,,0.00012909,0.024000001
,,,0.0001291,0.024000001
,,,0.00012911,0.022400001
,,,0.00012912,0.024800001
,,,0.00012913,0.024000001
,,,0.00012914,0.024000001
,,,0.00012915,0.024000001
,,,0.00012916,0.024000001
,,,0.00012917,0.023200001
,,,0.00012918,0.024000001
,,,0.00012919,0.023200001
,,,0.0001292,0.023200001
,,,0.00012921,0.025600002
,,,0.00012922,0.024000001
,,,0.00012923,0.024000001
,,,0.00012924,0.023200001
,,,0.00012925,0.025600002
,,,0.00012926,0.024000001
,,,0.00012927,0.023200001
,,,0.00012928,0.024000001
,,,0.00012929,0.024800001
,,,0.0001293,0.024800001
,,,0.00012931,0.022400001
,,,0.00012932,0.024000001
,,,0.00012933,0.024000001
,,,0.00012934,0.023200001
,,,0.00012935,0.022400001
,,,0.00012936,0.024000001
,,,0.00012937,0.024000001
,,,0.00012938,0.023200001
,,,0.00012939,0.024800001
,,,0.0001294,0.024000001
,,,0.00012941,0.024800001
,,,0.00012942,0.025600002
,,,0.00012943,0.024000001
,,,0.00012944,0.024000001
,,,0.00012945,0.024800001
,,,0.00012946,0.024000001
,,,0.00012947,0.024800001
,,,0.00012948,0.024000001
,,,0.00012949,0.024800001
,,,0.0001295,0.024800001
,,,0.00012951,0.023200001
,,,0.00012952,0.024800001
,,,0.00012953,0.023200001
,,,0.00012954,0.025600002
,,,0.00012955,0.024000001
,,,0.00012956,0.024800001
,,,0.00012957,0.023200001
,,,0.00012958,0.024000001
,,,0.00012959,0.024000001
,,,0.0001296,0.024000001
,,,0.00012961,0.023200001
,,,0.00012962,0.024800001
,,,0.00012963,0.024000001
,,,0.00012964,0.023200001
,,,0.00012965,0.024000001
,,,0.00012966,0.024800001
,,,0.00012967,0.025600002
,,,0.00012968,0.024000001
,,,0.00012969,0.023200001
,,,0.0001297,0.024800001
,,,0.00012971,0.024000001
,,,0.00012972,0.024000001
,,,0.00012973,0.024000001
,,,0.00012974,0.024800001
,,,0.00012975,0.024000001
,,,0.00012976,0.024000001
,,,0.00012977,0.024000001
,,,0.00012978,0.024000001
,,,0.00012979,0.024800001
,,,0.0001298,0.025600002
,,,0.00012981,0.024800001
,,,0.00012982,0.024000001
,,,0.00012983,0.023200001
,,,0.00012984,0.024000001
,,,0.00012985,0.024800001
,,,0.00012986,0.024000001
,,,0.00012987,0.024800001
,,,0.00012988,0.024800001
,,,0.00012989,0.024800001
,,,0.0001299,0.024000001
,,,0.00012991,0.024000001
,,,0.00012992,0.024000001
,,,0.00012993,0.024000001
,,,0.00012994,0.025600002
,,,0.00012995,0.024000001
,,,0.00012996,0.026400002
,,,0.00012997,0.024000001
,,,0.00012998,0.024000001
,,,0.00012999,0.024000001
,,,0.00013,0.024800001
,,,0.00013001,0.023200001
,,,0.00013002,0.024000001
,,,0.00013003,0.024000001
,,,0.00013004,0.023200001
,,,0.00013005,0.024000001
,,,0.00013006,0.024800001
,,,0.00013007,0.024000001
,,,0.00013008,0.024800001
,,,0.00013009,0.024800001
,,,0.0001301,0.023200001
,,,0.00013011,0.023200001
,,,0.00013012,0.024000001
,,,0.00013013,0.024800001
,,,0.00013014,0.024000001
,,,0.00013015,0.024800001
,,,0.00013016,0.024800001
,,,0.00013017,0.024000001
,,,0.00013018,0.023200001
,,,0.00013019,0.024000001
,,,0.0001302,0.024000001
,,,0.00013021,0.024800001
,,,0.00013022,0.024000001
,,,0.00013023,0.024800001
,,,0.00013024,0.023200001
,,,0.00013025,0.023200001
,,,0.00013026,0.024000001
,,,0.00013027,0.024800001
,,,0.00013028,0.024000001
,,,0.00013029,0.023200001
,,,0.0001303,0.024000001
,,,0.00013031,0.024800001
,,,0.00013032,0.024000001
,,,0.00013033,0.024800001
,,,0.00013034,0.024800001
,,,0.00013035,0.024000001
,,,0.00013036,0.024000001
,,,0.00013037,0.024800001
,,,0.00013038,0.023200001
,,,0.00013039,0.024000001
,,,0.0001304,0.024800001
,,,0.00013041,0.024000001
,,,0.00013042,0.024000001
,,,0.00013043,0.024000001
,,,0.00013044,0.024800001
,,,0.00013045,0.024000001
,,,0.00013046,0.024800001
,,,0.00013047,0.024000001
,,,0.00013048,0.023200001
,,,0.00013049,0.024800001
,,,0.0001305,0.024000001
,,,0.00013051,0.024800001
,,,0.00013052,0.024000001
,,,0.00013053,0.024000001
,,,0.00013054,0.024000001
,,,0.00013055,0.025600002
,,,0.00013056,0.024000001
,,,0.00013057,0.023200001
,,,0.00013058,0.024000001
,,,0.00013059,0.024000001
,,,0.0001306,0.024800001
,,,0.00013061,0.023200001
,,,0.00013062,0.024000001
,,,0.00013063,0.024000001
,,,0.00013064,0.024000001
,,,0.00013065,0.024000001
,,,0.00013066,0.024000001
,,,0.00013067,0.025600002
,,,0.00013068,0.024800001
,,,0.00013069,0.024000001
,,,0.0001307,0.025600002
,,,0.00013071,0.024000001
,,,0.00013072,0.024800001
,,,0.00013073,0.023200001
,,,0.00013074,0.024000001
,,,0.00013075,0.024000001
,,,0.00013076,0.024000001
,,,0.00013077,0.024000001
,,,0.00013078,0.024000001
,,,0.00013079,0.024000001
,,,0.0001308,0.024000001
,,,0.00013081,0.024800001
,,,0.00013082,0.024800001
,,,0.00013083,0.024000001
,,,0.00013084,0.024800001
,,,0.00013085,0.024000001
,,,0.00013086,0.024000001
,,,0.00013087,0.025600002
,,,0.00013088,0.024000001
,,,0.00013089,0.024000001
,,,0.0001309,0.023200001
,,,0.00013091,0.023200001
,,,0.00013092,0.024000001
,,,0.00013093,0.023200001
,,,0.00013094,0.023200001
,,,0.00013095,0.025600002
,,,0.00013096,0.024800001
,,,0.00013097,0.024000001
,,,0.00013098,0.025600002
,,,0.00013099,0.023200001
,,,0.000131,0.024000001
,,,0.00013101,0.024000001
,,,0.00013102,0.024000001
,,,0.00013103,0.025600002
,,,0.00013104,0.024000001
,,,0.00013105,0.025600002
,,,0.00013106,0.024000001
,,,0.00013107,0.023200001
,,,0.00013108,0.024000001
,,,0.00013109,0.023200001
,,,0.0001311,0.025600002
,,,0.00013111,0.024000001
,,,0.00013112,0.024000001
,,,0.00013113,0.024000001
,,,0.00013114,0.024000001
,,,0.00013115,0.024000001
,,,0.00013116,0.022400001
,,,0.00013117,0.024800001
,,,0.00013118,0.025600002
,,,0.00013119,0.023200001
,,,0.0001312,0.024000001
,,,0.00013121,0.024800001
,,,0.00013122,0.024800001
,,,0.00013123,0.023200001
,,,0.00013124,0.025600002
,,,0.00013125,0.022400001
,,,0.00013126,0.024000001
,,,0.00013127,0.022400001
,,,0.00013128,0.024000001
,,,0.00013129,0.025600002
,,,0.0001313,0.024000001
,,,0.00013131,0.024800001
,,,0.00013132,0.024000001
,,,0.00013133,0.023200001
,,,0.00013134,0.024800001
,,,0.00013135,0.024800001
,,,0.00013136,0.023200001
,,,0.00013137,0.024000001
,,,0.00013138,0.024000001
,,,0.00013139,0.024800001
,,,0.0001314,0.024000001
,,,0.00013141,0.023200001
,,,0.00013142,0.024000001
,,,0.00013143,0.025600002
,,,0.00013144,0.024000001
,,,0.00013145,0.024000001
,,,0.00013146,0.025600002
,,,0.00013147,0.024800001
,,,0.00013148,0.024000001
,,,0.00013149,0.024000001
,,,0.0001315,0.023200001
,,,0.00013151,0.024800001
,,,0.00013152,0.025600002
,,,0.00013153,0.024000001
,,,0.00013154,0.024000001
,,,0.00013155,0.024000001
,,,0.00013156,0.024000001
,,,0.00013157,0.024000001
,,,0.00013158,0.024000001
,,,0.00013159,0.024000001
,,,0.0001316,0.024000001
,,,0.00013161,0.024000001
,,,0.00013162,0.024800001
,,,0.00013163,0.024000001
,,,0.00013164,0.024000001
,,,0.00013165,0.024800001
,,,0.00013166,0.024000001
,,,0.00013167,0.025600002
,,,0.00013168,0.024000001
,,,0.00013169,0.024000001
,,,0.0001317,0.024800001
,,,0.00013171,0.023200001
,,,0.00013172,0.025600002
,,,0.00013173,0.025600002
,,,0.00013174,0.024000001
,,,0.00013175,0.024000001
,,,0.00013176,0.023200001
,,,0.00013177,0.023200001
,,,0.00013178,0.024000001
,,,0.00013179,0.023200001
,,,0.0001318,0.025600002
,,,0.00013181,0.025600002
,,,0.00013182,0.024000001
,,,0.00013183,0.024000001
,,,0.00013184,0.024000001
,,,0.00013185,0.024000001
,,,0.00013186,0.024000001
,,,0.00013187,0.024800001
,,,0.00013188,0.024000001
,,,0.00013189,0.024800001
,,,0.0001319,0.024800001
,,,0.00013191,0.024000001
,,,0.00013192,0.024800001
,,,0.00013193,0.023200001
,,,0.00013194,0.022400001
,,,0.00013195,0.023200001
,,,0.00013196,0.024000001
,,,0.00013197,0.023200001
,,,0.00013198,0.024800001
,,,0.00013199,0.024000001
,,,0.000132,0.023200001
,,,0.00013201,0.024000001
,,,0.00013202,0.025600002
,,,0.00013203,0.024000001
,,,0.00013204,0.023200001
,,,0.00013205,0.025600002
,,,0.00013206,0.024800001
,,,0.00013207,0.024000001
,,,0.00013208,0.025600002
,,,0.00013209,0.022400001
,,,0.0001321,0.024000001
,,,0.00013211,0.024000001
,,,0.00013212,0.025600002
,,,0.00013213,0.025600002
,,,0.00013214,0.023200001
,,,0.00013215,0.025600002
,,,0.00013216,0.024000001
,,,0.00013217,0.024000001
,,,0.00013218,0.024800001
,,,0.00013219,0.024800001
,,,0.0001322,0.024000001
,,,0.00013221,0.024000001
,,,0.00013222,0.023200001
,,,0.00013223,0.025600002
,,,0.00013224,0.024000001
,,,0.00013225,0.021600001
,,,0.00013226,0.023200001
,,,0.00013227,0.024000001
,,,0.00013228,0.024800001
,,,0.00013229,0.024800001
,,,0.0001323,0.024000001
,,,0.00013231,0.023200001
,,,0.00013232,0.024000001
,,,0.00013233,0.023200001
,,,0.00013234,0.024000001
,,,0.00013235,0.025600002
,,,0.00013236,0.024800001
,,,0.00013237,0.024800001
,,,0.00013238,0.024000001
,,,0.00013239,0.024800001
,,,0.0001324,0.024000001
,,,0.00013241,0.024000001
,,,0.00013242,0.024000001
,,,0.00013243,0.024000001
,,,0.00013244,0.024800001
,,,0.00013245,0.024000001
,,,0.00013246,0.025600002
,,,0.00013247,0.024000001
,,,0.00013248,0.024800001
,,,0.00013249,0.024000001
,,,0.0001325,0.024800001
,,,0.00013251,0.024000001
,,,0.00013252,0.024000001
,,,0.00013253,0.024000001
,,,0.00013254,0.024000001
,,,0.00013255,0.024800001
,,,0.00013256,0.024800001
,,,0.00013257,0.023200001
,,,0.00013258,0.024800001
,,,0.00013259,0.022400001
,,,0.0001326,0.023200001
,,,0.00013261,0.024800001
,,,0.00013262,0.024800001
,,,0.00013263,0.024000001
,,,0.00013264,0.024000001
,,,0.00013265,0.024800001
,,,0.00013266,0.024000001
,,,0.00013267,0.023200001
,,,0.00013268,0.023200001
,,,0.00013269,0.026400002
,,,0.0001327,0.024000001
,,,0.00013271,0.024000001
,,,0.00013272,0.024000001
,,,0.00013273,0.024000001
,,,0.00013274,0.024800001
,,,0.00013275,0.024000001
,,,0.00013276,0.024000001
,,,0.00013277,0.024800001
,,,0.00013278,0.024000001
,,,0.00013279,0.023200001
,,,0.0001328,0.024000001
,,,0.00013281,0.024000001
,,,0.00013282,0.023200001
,,,0.00013283,0.024000001
,,,0.00013284,0.024800001
,,,0.00013285,0.024000001
,,,0.00013286,0.024000001
,,,0.00013287,0.024000001
,,,0.00013288,0.024000001
,,,0.00013289,0.024000001
,,,0.0001329,0.024000001
,,,0.00013291,0.024000001
,,,0.00013292,0.023200001
,,,0.00013293,0.024800001
,,,0.00013294,0.024000001
,,,0.00013295,0.023200001
,,,0.00013296,0.024000001
,,,0.00013297,0.024000001
,,,0.00013298,0.025600002
,,,0.00013299,0.023200001
,,,0.000133,0.024800001
,,,0.00013301,0.024000001
,,,0.00013302,0.025600002
,,,0.00013303,0.024800001
,,,0.00013304,0.024000001
,,,0.00013305,0.024000001
,,,0.00013306,0.024000001
,,,0.00013307,0.024000001
,,,0.00013308,0.026400002
,,,0.00013309,0.024000001
,,,0.0001331,0.024800001
,,,0.00013311,0.025600002
,,,0.00013312,0.024000001
,,,0.00013313,0.024000001
,,,0.00013314,0.024000001
,,,0.00013315,0.024800001
,,,0.00013316,0.024800001
,,,0.00013317,0.024000001
,,,0.00013318,0.024000001
,,,0.00013319,0.024000001
,,,0.0001332,0.024800001
,,,0.00013321,0.024000001
,,,0.00013322,0.024000001
,,,0.00013323,0.024000001
,,,0.00013324,0.024000001
,,,0.00013325,0.024000001
,,,0.00013326,0.024000001
,,,0.00013327,0.024000001
,,,0.00013328,0.024000001
,,,0.00013329,0.024000001
,,,0.0001333,0.024000001
,,,0.00013331,0.024800001
,,,0.00013332,0.024800001
,,,0.00013333,0.024000001
,,,0.00013334,0.024000001
,,,0.00013335,0.023200001
,,,0.00013336,0.025600002
,,,0.00013337,0.024000001
,,,0.00013338,0.024000001
,,,0.00013339,0.024000001
,,,0.0001334,0.024000001
,,,0.00013341,0.024000001
,,,0.00013342,0.025600002
,,,0.00013343,0.026400002
,,,0.00013344,0.024000001
,,,0.00013345,0.024800001
,,,0.00013346,0.024800001
,,,0.00013347,0.023200001
,,,0.00013348,0.024000001
,,,0.00013349,0.023200001
,,,0.0001335,0.024000001
,,,0.00013351,0.024800001
,,,0.00013352,0.024800001
,,,0.00013353,0.024800001
,,,0.00013354,0.024800001
,,,0.00013355,0.024800001
,,,0.00013356,0.024000001
,,,0.00013357,0.024000001
,,,0.00013358,0.025600002
,,,0.00013359,0.024000001
,,,0.0001336,0.024000001
,,,0.00013361,0.025600002
,,,0.00013362,0.024000001
,,,0.00013363,0.022400001
,,,0.00013364,0.024000001
,,,0.00013365,0.024800001
,,,0.00013366,0.025600002
,,,0.00013367,0.024000001
,,,0.00013368,0.025600002
,,,0.00013369,0.024000001
,,,0.0001337,0.024000001
,,,0.00013371,0.022400001
,,,0.00013372,0.024800001
,,,0.00013373,0.024000001
,,,0.00013374,0.024000001
,,,0.00013375,0.023200001
,,,0.00013376,0.024800001
,,,0.00013377,0.025600002
,,,0.00013378,0.025600002
,,,0.00013379,0.024000001
,,,0.0001338,0.024000001
,,,0.00013381,0.023200001
,,,0.00013382,0.024000001
,,,0.00013383,0.025600002
,,,0.00013384,0.024800001
,,,0.00013385,0.024800001
,,,0.00013386,0.023200001
,,,0.00013387,0.023200001
,,,0.00013388,0.024000001
,,,0.00013389,0.025600002
,,,0.0001339,0.025600002
,,,0.00013391,0.024000001
,,,0.00013392,0.024800001
,,,0.00013393,0.024800001
,,,0.00013394,0.023200001
,,,0.00013395,0.024800001
,,,0.00013396,0.025600002
,,,0.00013397,0.024800001
,,,0.00013398,0.023200001
,,,0.00013399,0.025600002
,,,0.000134,0.024000001
,,,0.00013401,0.024000001
,,,0.00013402,0.025600002
,,,0.00013403,0.024000001
,,,0.00013404,0.024800001
,,,0.00013405,0.024000001
,,,0.00013406,0.024000001
,,,0.00013407,0.024000001
,,,0.00013408,0.023200001
,,,0.00013409,0.025600002
,,,0.0001341,0.024800001
,,,0.00013411,0.024000001
,,,0.00013412,0.025600002
,,,0.00013413,0.024000001
,,,0.00013414,0.025600002
,,,0.00013415,0.024000001
,,,0.00013416,0.024000001
,,,0.00013417,0.024000001
,,,0.00013418,0.024000001
,,,0.00013419,0.024800001
,,,0.0001342,0.024000001
,,,0.00013421,0.024000001
,,,0.00013422,0.023200001
,,,0.00013423,0.022400001
,,,0.00013424,0.023200001
,,,0.00013425,0.024000001
,,,0.00013426,0.025600002
,,,0.00013427,0.022400001
,,,0.00013428,0.025600002
,,,0.00013429,0.024000001
,,,0.0001343,0.023200001
,,,0.00013431,0.022400001
,,,0.00013432,0.023200001
,,,0.00013433,0.024000001
,,,0.00013434,0.024800001
,,,0.00013435,0.024800001
,,,0.00013436,0.024800001
,,,0.00013437,0.024800001
,,,0.00013438,0.024800001
,,,0.00013439,0.022400001
,,,0.0001344,0.024800001
,,,0.00013441,0.024000001
,,,0.00013442,0.024000001
,,,0.00013443,0.024000001
,,,0.00013444,0.022400001
,,,0.00013445,0.024800001
,,,0.00013446,0.024000001
,,,0.00013447,0.024800001
,,,0.00013448,0.023200001
,,,0.00013449,0.024000001
,,,0.0001345,0.024000001
,,,0.00013451,0.024000001
,,,0.00013452,0.024800001
,,,0.00013453,0.024000001
,,,0.00013454,0.027200002
,,,0.00013455,0.024000001
,,,0.00013456,0.024000001
,,,0.00013457,0.024800001
,,,0.00013458,0.023200001
,,,0.00013459,0.024800001
,,,0.0001346,0.025600002
,,,0.00013461,0.024000001
,,,0.00013462,0.024000001
,,,0.00013463,0.024000001
,,,0.00013464,0.024000001
,,,0.00013465,0.024800001
,,,0.00013466,0.024800001
,,,0.00013467,0.024000001
,,,0.00013468,0.024800001
,,,0.00013469,0.024000001
,,,0.0001347,0.024800001
,,,0.00013471,0.023200001
,,,0.00013472,0.022400001
,,,0.00013473,0.024800001
,,,0.00013474,0.024000001
,,,0.00013475,0.024800001
,,,0.00013476,0.026400002
,,,0.00013477,0.024800001
,,,0.00013478,0.024000001
,,,0.00013479,0.023200001
,,,0.0001348,0.024800001
,,,0.00013481,0.024000001
,,,0.00013482,0.024800001
,,,0.00013483,0.024000001
,,,0.00013484,0.024000001
,,,0.00013485,0.023200001
,,,0.00013486,0.025600002
,,,0.00013487,0.024000001
,,,0.00013488,0.024000001
,,,0.00013489,0.025600002
,,,0.0001349,0.024000001
,,,0.00013491,0.024800001
,,,0.00013492,0.024000001
,,,0.00013493,0.024000001
,,,0.00013494,0.026400002
,,,0.00013495,0.024000001
,,,0.00013496,0.024000001
,,,0.00013497,0.026400002
,,,0.00013498,0.024800001
,,,0.00013499,0.024000001
,,,0.000135,0.024800001
,,,0.00013501,0.024800001
,,,0.00013502,0.024000001
,,,0.00013503,0.024000001
,,,0.00013504,0.023200001
,,,0.00013505,0.022400001
,,,0.00013506,0.024000001
,,,0.00013507,0.024000001
,,,0.00013508,0.024800001
,,,0.00013509,0.024000001
,,,0.0001351,0.024000001
,,,0.00013511,0.024800001
,,,0.00013512,0.024000001
,,,0.00013513,0.024000001
,,,0.00013514,0.024800001
,,,0.00013515,0.024000001
,,,0.00013516,0.025600002
,,,0.00013517,0.024000001
,,,0.00013518,0.024000001
,,,0.00013519,0.024000001
,,,0.0001352,0.023200001
,,,0.00013521,0.024000001
,,,0.00013522,0.023200001
,,,0.00013523,0.024800001
,,,0.00013524,0.021600001
,,,0.00013525,0.024000001
,,,0.00013526,0.024800001
,,,0.00013527,0.024800001
,,,0.00013528,0.025600002
,,,0.00013529,0.024000001
,,,0.0001353,0.023200001
,,,0.00013531,0.022400001
,,,0.00013532,0.025600002
,,,0.00013533,0.024800001
,,,0.00013534,0.025600002
,,,0.00013535,0.023200001
,,,0.00013536,0.024000001
,,,0.00013537,0.024000001
,,,0.00013538,0.024000001
,,,0.00013539,0.024000001
,,,0.0001354,0.024800001
,,,0.00013541,0.022400001
,,,0.00013542,0.024000001
,,,0.00013543,0.024800001
,,,0.00013544,0.023200001
,,,0.00013545,0.024000001
,,,0.00013546,0.024000001
,,,0.00013547,0.025600002
,,,0.00013548,0.023200001
,,,0.00013549,0.024000001
,,,0.0001355,0.023200001
,,,0.00013551,0.024000001
,,,0.00013552,0.024000001
,,,0.00013553,0.024000001
,,,0.00013554,0.024000001
,,,0.00013555,0.022400001
,,,0.00013556,0.024000001
,,,0.00013557,0.024000001
,,,0.00013558,0.024000001
,,,0.00013559,0.024000001
,,,0.0001356,0.024000001
,,,0.00013561,0.024000001
,,,0.00013562,0.024000001
,,,0.00013563,0.023200001
,,,0.00013564,0.026400002
,,,0.00013565,0.025600002
,,,0.00013566,0.024000001
,,,0.00013567,0.024800001
,,,0.00013568,0.024000001
,,,0.00013569,0.024000001
,,,0.0001357,0.023200001
,,,0.00013571,0.025600002
,,,0.00013572,0.025600002
,,,0.00013573,0.025600002
,,,0.00013574,0.024000001
,,,0.00013575,0.024000001
,,,0.00013576,0.025600002
,,,0.00013577,0.024000001
,,,0.00013578,0.023200001
,,,0.00013579,0.024000001
,,,0.0001358,0.024000001
,,,0.00013581,0.025600002
,,,0.00013582,0.024000001
,,,0.00013583,0.024000001
,,,0.00013584,0.024000001
,,,0.00013585,0.023200001
,,,0.00013586,0.022400001
,,,0.00013587,0.024000001
,,,0.00013588,0.024000001
,,,0.00013589,0.024000001
,,,0.0001359,0.024800001
,,,0.00013591,0.022400001
,,,0.00013592,0.024800001
,,,0.00013593,0.024800001
,,,0.00013594,0.024800001
,,,0.00013595,0.023200001
,,,0.00013596,0.024000001
,,,0.00013597,0.024800001
,,,0.00013598,0.024800001
,,,0.00013599,0.024000001
,,,0.000136,0.024000001
,,,0.00013601,0.024000001
,,,0.00013602,0.025600002
,,,0.00013603,0.024000001
,,,0.00013604,0.023200001
,,,0.00013605,0.024000001
,,,0.00013606,0.024800001
,,,0.00013607,0.023200001
,,,0.00013608,0.024000001
,,,0.00013609,0.024000001
,,,0.0001361,0.025600002
,,,0.00013611,0.023200001
,,,0.00013612,0.024000001
,,,0.00013613,0.024000001
,,,0.00013614,0.025600002
,,,0.00013615,0.024000001
,,,0.00013616,0.024000001
,,,0.00013617,0.023200001
,,,0.00013618,0.025600002
,,,0.00013619,0.023200001
,,,0.0001362,0.024000001
,,,0.00013621,0.024000001
,,,0.00013622,0.025600002
,,,0.00013623,0.024800001
,,,0.00013624,0.024800001
,,,0.00013625,0.024800001
,,,0.00013626,0.024000001
,,,0.00013627,0.024000001
,,,0.00013628,0.023200001
,,,0.00013629,0.023200001
,,,0.0001363,0.024800001
,,,0.00013631,0.024000001
,,,0.00013632,0.024000001
,,,0.00013633,0.023200001
,,,0.00013634,0.023200001
,,,0.00013635,0.022400001
,,,0.00013636,0.024000001
,,,0.00013637,0.024000001
,,,0.00013638,0.024000001
,,,0.00013639,0.025600002
,,,0.0001364,0.024000001
,,,0.00013641,0.025600002
,,,0.00013642,0.026400002
,,,0.00013643,0.024000001
,,,0.00013644,0.025600002
,,,0.00013645,0.024800001
,,,0.00013646,0.024000001
,,,0.00013647,0.024800001
,,,0.00013648,0.024800001
,,,0.00013649,0.023200001
,,,0.0001365,0.024000001
,,,0.00013651,0.024800001
,,,0.00013652,0.024800001
,,,0.00013653,0.024000001
,,,0.00013654,0.022400001
,,,0.00013655,0.024800001
,,,0.00013656,0.024800001
,,,0.00013657,0.024800001
,,,0.00013658,0.024000001
,,,0.00013659,0.024800001
,,,0.0001366,0.023200001
,,,0.00013661,0.024000001
,,,0.00013662,0.023200001
,,,0.00013663,0.024000001
,,,0.00013664,0.024000001
,,,0.00013665,0.025600002
,,,0.00013666,0.024800001
,,,0.00013667,0.024000001
,,,0.00013668,0.024800001
,,,0.00013669,0.024000001
,,,0.0001367,0.023200001
,,,0.00013671,0.024000001
,,,0.00013672,0.024000001
,,,0.00013673,0.024800001
,,,0.00013674,0.025600002
,,,0.00013675,0.023200001
,,,0.00013676,0.024800001
,,,0.00013677,0.024800001
,,,0.00013678,0.024800001
,,,0.00013679,0.022400001
,,,0.0001368,0.024800001
,,,0.00013681,0.024000001
,,,0.00013682,0.024000001
,,,0.00013683,0.024800001
,,,0.00013684,0.024000001
,,,0.00013685,0.023200001
,,,0.00013686,0.024000001
,,,0.00013687,0.024000001
,,,0.00013688,0.022400001
,,,0.00013689,0.024800001
,,,0.0001369,0.024000001
,,,0.00013691,0.024000001
,,,0.00013692,0.024000001
,,,0.00013693,0.024000001
,,,0.00013694,0.023200001
,,,0.00013695,0.024000001
,,,0.00013696,0.023200001
,,,0.00013697,0.023200001
,,,0.00013698,0.024000001
,,,0.00013699,0.024800001
,,,0.000137,0.023200001
,,,0.00013701,0.024800001
,,,0.00013702,0.024000001
,,,0.00013703,0.025600002
,,,0.00013704,0.023200001
,,,0.00013705,0.023200001
,,,0.00013706,0.023200001
,,,0.00013707,0.024000001
,,,0.00013708,0.026400002
,,,0.00013709,0.024000001
,,,0.0001371,0.023200001
,,,0.00013711,0.024000001
,,,0.00013712,0.024000001
,,,0.00013713,0.025600002
,,,0.00013714,0.024000001
,,,0.00013715,0.024800001
,,,0.00013716,0.023200001
,,,0.00013717,0.024000001
,,,0.00013718,0.024800001
,,,0.00013719,0.024800001
,,,0.0001372,0.024800001
,,,0.00013721,0.024000001
,,,0.00013722,0.024000001
,,,0.00013723,0.024800001
,,,0.00013724,0.024000001
,,,0.00013725,0.024000001
,,,0.00013726,0.025600002
,,,0.00013727,0.024000001
,,,0.00013728,0.024800001
,,,0.00013729,0.024800001
,,,0.0001373,0.022400001
,,,0.00013731,0.024000001
,,,0.00013732,0.024000001
,,,0.00013733,0.024000001
,,,0.00013734,0.022400001
,,,0.00013735,0.024000001
,,,0.00013736,0.024000001
,,,0.00013737,0.024800001
,,,0.00013738,0.023200001
,,,0.00013739,0.023200001
,,,0.0001374,0.024800001
,,,0.00013741,0.024800001
,,,0.00013742,0.024800001
,,,0.00013743,0.026400002
,,,0.00013744,0.024000001
,,,0.00013745,0.023200001
,,,0.00013746,0.023200001
,,,0.00013747,0.024000001
,,,0.00013748,0.023200001
,,,0.00013749,0.023200001
,,,0.0001375,0.024800001
,,,0.00013751,0.021600001
,,,0.00013752,0.025600002
,,,0.00013753,0.024800001
,,,0.00013754,0.024000001
,,,0.00013755,0.023200001
,,,0.00013756,0.024000001
,,,0.00013757,0.024800001
,,,0.00013758,0.023200001
,,,0.00013759,0.025600002
,,,0.0001376,0.024800001
,,,0.00013761,0.024800001
,,,0.00013762,0.024000001
,,,0.00013763,0.024800001
,,,0.00013764,0.024000001
,,,0.00013765,0.024000001
,,,0.00013766,0.024000001
,,,0.00013767,0.024800001
,,,0.00013768,0.024800001
,,,0.00013769,0.024800001
,,,0.0001377,0.026400002
,,,0.00013771,0.024000001
,,,0.00013772,0.023200001
,,,0.00013773,0.024000001
,,,0.00013774,0.024800001
,,,0.00013775,0.024000001
,,,0.00013776,0.024000001
,,,0.00013777,0.024000001
,,,0.00013778,0.024000001
,,,0.00013779,0.024800001
,,,0.0001378,0.025600002
,,,0.00013781,0.024800001
,,,0.00013782,0.024000001
,,,0.00013783,0.024800001
,,,0.00013784,0.024000001
,,,0.00013785,0.025600002
,,,0.00013786,0.023200001
,,,0.00013787,0.024800001
,,,0.00013788,0.024000001
,,,0.00013789,0.024000001
,,,0.0001379,0.024000001
,,,0.00013791,0.025600002
,,,0.00013792,0.024800001
,,,0.00013793,0.024000001
,,,0.00013794,0.025600002
,,,0.00013795,0.024000001
,,,0.00013796,0.024800001
,,,0.00013797,0.024000001
,,,0.00013798,0.024000001
,,,0.00013799,0.024000001
,,,0.000138,0.022400001
,,,0.00013801,0.024800001
,,,0.00013802,0.025600002
,,,0.00013803,0.024800001
,,,0.00013804,0.023200001
,,,0.00013805,0.024000001
,,,0.00013806,0.024800001
,,,0.00013807,0.025600002
,,,0.00013808,0.024000001
,,,0.00013809,0.024000001
,,,0.0001381,0.024800001
,,,0.00013811,0.023200001
,,,0.00013812,0.022400001
,,,0.00013813,0.025600002
,,,0.00013814,0.024000001
,,,0.00013815,0.024800001
,,,0.00013816,0.024000001
,,,0.00013817,0.024000001
,,,0.00013818,0.024000001
,,,0.00013819,0.024800001
,,,0.0001382,0.024800001
,,,0.00013821,0.024000001
,,,0.00013822,0.024000001
,,,0.00013823,0.024000001
,,,0.00013824,0.025600002
,,,0.00013825,0.024800001
,,,0.00013826,0.024800001
,,,0.00013827,0.024800001
,,,0.00013828,0.024800001
,,,0.00013829,0.024000001
,,,0.0001383,0.024000001
,,,0.00013831,0.024800001
,,,0.00013832,0.024800001
,,,0.00013833,0.023200001
,,,0.00013834,0.023200001
,,,0.00013835,0.024000001
,,,0.00013836,0.024000001
,,,0.00013837,0.023200001
,,,0.00013838,0.024000001
,,,0.00013839,0.023200001
,,,0.0001384,0.025600002
,,,0.00013841,0.025600002
,,,0.00013842,0.024800001
,,,0.00013843,0.024800001
,,,0.00013844,0.024000001
,,,0.00013845,0.024000001
,,,0.00013846,0.024000001
,,,0.00013847,0.024800001
,,,0.00013848,0.024800001
,,,0.00013849,0.025600002
,,,0.0001385,0.024800001
,,,0.00013851,0.024000001
,,,0.00013852,0.024000001
,,,0.00013853,0.024000001
,,,0.00013854,0.023200001
,,,0.00013855,0.024800001
,,,0.00013856,0.024000001
,,,0.00013857,0.024800001
,,,0.00013858,0.024800001
,,,0.00013859,0.024000001
,,,0.0001386,0.024000001
,,,0.00013861,0.024800001
,,,0.00013862,0.024800001
,,,0.00013863,0.024800001
,,,0.00013864,0.023200001
,,,0.00013865,0.024800001
,,,0.00013866,0.023200001
,,,0.00013867,0.024000001
,,,0.00013868,0.023200001
,,,0.00013869,0.024000001
,,,0.0001387,0.023200001
,,,0.00013871,0.024000001
,,,0.00013872,0.025600002
,,,0.00013873,0.024800001
,,,0.00013874,0.024000001
,,,0.00013875,0.024000001
,,,0.00013876,0.024800001
,,,0.00013877,0.023200001
,,,0.00013878,0.024000001
,,,0.00013879,0.025600002
,,,0.0001388,0.024800001
,,,0.00013881,0.024000001
,,,0.00013882,0.025600002
,,,0.00013883,0.024000001
,,,0.00013884,0.023200001
,,,0.00013885,0.024000001
,,,0.00013886,0.024800001
,,,0.00013887,0.026400002
,,,0.00013888,0.025600002
,,,0.00013889,0.023200001
,,,0.0001389,0.024000001
,,,0.00013891,0.023200001
,,,0.00013892,0.024800001
,,,0.00013893,0.024000001
,,,0.00013894,0.024000001
,,,0.00013895,0.023200001
,,,0.00013896,0.024800001
,,,0.00013897,0.024000001
,,,0.00013898,0.025600002
,,,0.00013899,0.024000001
,,,0.000139,0.023200001
,,,0.00013901,0.022400001
,,,0.00013902,0.023200001
,,,0.00013903,0.024000001
,,,0.00013904,0.024000001
,,,0.00013905,0.024800001
,,,0.00013906,0.024000001
,,,0.00013907,0.024000001
,,,0.00013908,0.024800001
,,,0.00013909,0.024800001
,,,0.0001391,0.024000001
,,,0.00013911,0.025600002
,,,0.00013912,0.023200001
,,,0.00013913,0.025600002
,,,0.00013914,0.024800001
,,,0.00013915,0.024000001
,,,0.00013916,0.024000001
,,,0.00013917,0.023200001
,,,0.00013918,0.025600002
,,,0.00013919,0.023200001
,,,0.0001392,0.024000001
,,,0.00013921,0.024000001
,,,0.00013922,0.024800001
,,,0.00013923,0.024000001
,,,0.00013924,0.024800001
,,,0.00013925,0.023200001
,,,0.00013926,0.024800001
,,,0.00013927,0.024800001
,,,0.00013928,0.024000001
,,,0.00013929,0.024800001
,,,0.0001393,0.025600002
,,,0.00013931,0.024000001
,,,0.00013932,0.024000001
,,,0.00013933,0.024800001
,,,0.00013934,0.023200001
,,,0.00013935,0.024000001
,,,0.00013936,0.023200001
,,,0.00013937,0.024000001
,,,0.00013938,0.022400001
,,,0.00013939,0.024000001
,,,0.0001394,0.024000001
,,,0.00013941,0.024000001
,,,0.00013942,0.024000001
,,,0.00013943,0.024800001
,,,0.00013944,0.024000001
,,,0.00013945,0.024800001
,,,0.00013946,0.023200001
,,,0.00013947,0.024000001
,,,0.00013948,0.024000001
,,,0.00013949,0.024000001
,,,0.0001395,0.024800001
,,,0.00013951,0.024000001
,,,0.00013952,0.023200001
,,,0.00013953,0.023200001
,,,0.00013954,0.024000001
,,,0.00013955,0.023200001
,,,0.00013956,0.024000001
,,,0.00013957,0.024000001
,,,0.00013958,0.024000001
,,,0.00013959,0.024800001
,,,0.0001396,0.024000001
,,,0.00013961,0.024000001
,,,0.00013962,0.025600002
,,,0.00013963,0.024800001
,,,0.00013964,0.024800001
,,,0.00013965,0.025600002
,,,0.00013966,0.024800001
,,,0.00013967,0.024800001
,,,0.00013968,0.025600002
,,,0.00013969,0.025600002
,,,0.0001397,0.025600002
,,,0.00013971,0.024800001
,,,0.00013972,0.024800001
,,,0.00013973,0.023200001
,,,0.00013974,0.024800001
,,,0.00013975,0.024000001
,,,0.00013976,0.023200001
,,,0.00013977,0.023200001
,,,0.00013978,0.024800001
,,,0.00013979,0.024800001
,,,0.0001398,0.026400002
,,,0.00013981,0.024000001
,,,0.00013982,0.024000001
,,,0.00013983,0.023200001
,,,0.00013984,0.024000001
,,,0.00013985,0.024000001
,,,0.00013986,0.023200001
,,,0.00013987,0.023200001
,,,0.00013988,0.024800001
,,,0.00013989,0.024800001
,,,0.0001399,0.024000001
,,,0.00013991,0.024000001
,,,0.00013992,0.025600002
,,,0.00013993,0.024800001
,,,0.00013994,0.025600002
,,,0.00013995,0.024800001
,,,0.00013996,0.024000001
,,,0.00013997,0.024800001
,,,0.00013998,0.024000001
,,,0.00013999,0.024000001
,,,0.00014,0.024000001
,,,0.00014001,0.024800001
,,,0.00014002,0.024800001
,,,0.00014003,0.023200001
,,,0.00014004,0.024000001
,,,0.00014005,0.024800001
,,,0.00014006,0.023200001
,,,0.00014007,0.024000001
,,,0.00014008,0.023200001
,,,0.00014009,0.024000001
,,,0.0001401,0.024800001
,,,0.00014011,0.025600002
,,,0.00014012,0.024000001
,,,0.00014013,0.024800001
,,,0.00014014,0.024000001
,,,0.00014015,0.022400001
,,,0.00014016,0.023200001
,,,0.00014017,0.023200001
,,,0.00014018,0.025600002
,,,0.00014019,0.024000001
,,,0.0001402,0.024000001
,,,0.00014021,0.024800001
,,,0.00014022,0.024000001
,,,0.00014023,0.025600002
,,,0.00014024,0.024800001
,,,0.00014025,0.025600002
,,,0.00014026,0.024000001
,,,0.00014027,0.025600002
,,,0.00014028,0.024000001
,,,0.00014029,0.024000001
,,,0.0001403,0.024800001
,,,0.00014031,0.023200001
,,,0.00014032,0.024000001
,,,0.00014033,0.024000001
,,,0.00014034,0.024000001
,,,0.00014035,0.024800001
,,,0.00014036,0.023200001
,,,0.00014037,0.024800001
,,,0.00014038,0.024000001
,,,0.00014039,0.025600002
,,,0.0001404,0.024000001
,,,0.00014041,0.025600002
,,,0.00014042,0.022400001
,,,0.00014043,0.023200001
,,,0.00014044,0.024800001
,,,0.00014045,0.024800001
,,,0.00014046,0.024000001
,,,0.00014047,0.024000001
,,,0.00014048,0.024800001
,,,0.00014049,0.025600002
,,,0.0001405,0.024000001
,,,0.00014051,0.024000001
,,,0.00014052,0.024000001
,,,0.00014053,0.023200001
,,,0.00014054,0.025600002
,,,0.00014055,0.024800001
,,,0.00014056,0.023200001
,,,0.00014057,0.024800001
,,,0.00014058,0.024000001
,,,0.00014059,0.025600002
,,,0.0001406,0.024800001
,,,0.00014061,0.025600002
,,,0.00014062,0.023200001
,,,0.00014063,0.022400001
,,,0.00014064,0.024000001
,,,0.00014065,0.024800001
,,,0.00014066,0.024000001
,,,0.00014067,0.023200001
,,,0.00014068,0.023200001
,,,0.00014069,0.023200001
,,,0.0001407,0.024000001
,,,0.00014071,0.024000001
,,,0.00014072,0.025600002
,,,0.00014073,0.024000001
,,,0.00014074,0.024800001
,,,0.00014075,0.022400001
,,,0.00014076,0.024000001
,,,0.00014077,0.024800001
,,,0.00014078,0.024000001
,,,0.00014079,0.023200001
,,,0.0001408,0.023200001
,,,0.00014081,0.024000001
,,,0.00014082,0.024000001
,,,0.00014083,0.024000001
,,,0.00014084,0.023200001
,,,0.00014085,0.024000001
,,,0.00014086,0.024800001
,,,0.00014087,0.024000001
,,,0.00014088,0.024800001
,,,0.00014089,0.024000001
,,,0.0001409,0.024800001
,,,0.00014091,0.024000001
,,,0.00014092,0.023200001
,,,0.00014093,0.024800001
,,,0.00014094,0.024800001
,,,0.00014095,0.024800001
,,,0.00014096,0.024000001
,,,0.00014097,0.023200001
,,,0.00014098,0.024800001
,,,0.00014099,0.024000001
,,,0.000141,0.025600002
,,,0.00014101,0.024000001
,,,0.00014102,0.024800001
,,,0.00014103,0.024800001
,,,0.00014104,0.025600002
,,,0.00014105,0.024800001
,,,0.00014106,0.024000001
,,,0.00014107,0.024800001
,,,0.00014108,0.024000001
,,,0.00014109,0.024000001
,,,0.0001411,0.024800001
,,,0.00014111,0.024800001
,,,0.00014112,0.024800001
,,,0.00014113,0.024000001
,,,0.00014114,0.024000001
,,,0.00014115,0.025600002
,,,0.00014116,0.024800001
,,,0.00014117,0.024000001
,,,0.00014118,0.025600002
,,,0.00014119,0.024800001
,,,0.0001412,0.024800001
,,,0.00014121,0.024000001
,,,0.00014122,0.024000001
,,,0.00014123,0.024000001
,,,0.00014124,0.024000001
,,,0.00014125,0.022400001
,,,0.00014126,0.024000001
,,,0.00014127,0.024800001
,,,0.00014128,0.024000001
,,,0.00014129,0.023200001
,,,0.0001413,0.024000001
,,,0.00014131,0.023200001
,,,0.00014132,0.024000001
,,,0.00014133,0.024000001
,,,0.00014134,0.024000001
,,,0.00014135,0.024800001
,,,0.00014136,0.024800001
,,,0.00014137,0.024000001
,,,0.00014138,0.025600002
,,,0.00014139,0.024000001
,,,0.0001414,0.024000001
,,,0.00014141,0.023200001
,,,0.00014142,0.025600002
,,,0.00014143,0.024000001
,,,0.00014144,0.024000001
,,,0.00014145,0.023200001
,,,0.00014146,0.024800001
,,,0.00014147,0.024000001
,,,0.00014148,0.024000001
,,,0.00014149,0.023200001
,,,0.0001415,0.024000001
,,,0.00014151,0.024000001
,,,0.00014152,0.024800001
,,,0.00014153,0.022400001
,,,0.00014154,0.024000001
,,,0.00014155,0.024000001
,,,0.00014156,0.024000001
,,,0.00014157,0.024000001
,,,0.00014158,0.024000001
,,,0.00014159,0.022400001
,,,0.0001416,0.023200001
,,,0.00014161,0.024000001
,,,0.00014162,0.024000001
,,,0.00014163,0.024000001
,,,0.00014164,0.025600002
,,,0.00014165,0.024000001
,,,0.00014166,0.024000001
,,,0.00014167,0.023200001
,,,0.00014168,0.024000001
,,,0.00014169,0.024000001
,,,0.0001417,0.024000001
,,,0.00014171,0.024800001
,,,0.00014172,0.024000001
,,,0.00014173,0.024800001
,,,0.00014174,0.024000001
,,,0.00014175,0.024000001
,,,0.00014176,0.024000001
,,,0.00014177,0.024800001
,,,0.00014178,0.024000001
,,,0.00014179,0.024000001
,,,0.0001418,0.024000001
,,,0.00014181,0.024000001
,,,0.00014182,0.024800001
,,,0.00014183,0.023200001
,,,0.00014184,0.025600002
,,,0.00014185,0.025600002
,,,0.00014186,0.024000001
,,,0.00014187,0.025600002
,,,0.00014188,0.024000001
,,,0.00014189,0.023200001
,,,0.0001419,0.024000001
,,,0.00014191,0.024800001
,,,0.00014192,0.022400001
,,,0.00014193,0.024800001
,,,0.00014194,0.024000001
,,,0.00014195,0.023200001
,,,0.00014196,0.024000001
,,,0.00014197,0.024000001
,,,0.00014198,0.024000001
,,,0.00014199,0.024000001
,,,0.000142,0.024000001
,,,0.00014201,0.024000001
,,,0.00014202,0.022400001
,,,0.00014203,0.024000001
,,,0.00014204,0.025600002
,,,0.00014205,0.024000001
,,,0.00014206,0.024800001
,,,0.00014207,0.024000001
,,,0.00014208,0.024000001
,,,0.00014209,0.025600002
,,,0.0001421,0.025600002
,,,0.00014211,0.024800001
,,,0.00014212,0.024000001
,,,0.00014213,0.024000001
,,,0.00014214,0.024800001
,,,0.00014215,0.024000001
,,,0.00014216,0.024800001
,,,0.00014217,0.024800001
,,,0.00014218,0.023200001
,,,0.00014219,0.024000001
,,,0.0001422,0.025600002
,,,0.00014221,0.024000001
,,,0.00014222,0.024000001
,,,0.00014223,0.024800001
,,,0.00014224,0.024000001
,,,0.00014225,0.024000001
,,,0.00014226,0.024000001
,,,0.00014227,0.024000001
,,,0.00014228,0.024000001
,,,0.00014229,0.024000001
,,,0.0001423,0.022400001
,,,0.00014231,0.024800001
,,,0.00014232,0.024000001
,,,0.00014233,0.024800001
,,,0.00014234,0.024000001
,,,0.00014235,0.024800001
,,,0.00014236,0.024800001
,,,0.00014237,0.024000001
,,,0.00014238,0.024000001
,,,0.00014239,0.024000001
,,,0.0001424,0.026400002
,,,0.00014241,0.024000001
,,,0.00014242,0.024800001
,,,0.00014243,0.024000001
,,,0.00014244,0.024000001
,,,0.00014245,0.024800001
,,,0.00014246,0.024800001
,,,0.00014247,0.024000001
,,,0.00014248,0.024000001
,,,0.00014249,0.024800001
,,,0.0001425,0.024000001
,,,0.00014251,0.024000001
,,,0.00014252,0.024000001
,,,0.00014253,0.024000001
,,,0.00014254,0.025600002
,,,0.00014255,0.025600002
,,,0.00014256,0.026400002
,,,0.00014257,0.023200001
,,,0.00014258,0.024000001
,,,0.00014259,0.024000001
,,,0.0001426,0.024000001
,,,0.00014261,0.025600002
,,,0.00014262,0.024000001
,,,0.00014263,0.024800001
,,,0.00014264,0.024000001
,,,0.00014265,0.024800001
,,,0.00014266,0.024800001
,,,0.00014267,0.024800001
,,,0.00014268,0.024800001
,,,0.00014269,0.022400001
,,,0.0001427,0.024800001
,,,0.00014271,0.024000001
,,,0.00014272,0.024800001
,,,0.00014273,0.023200001
,,,0.00014274,0.024800001
,,,0.00014275,0.024000001
,,,0.00014276,0.025600002
,,,0.00014277,0.024000001
,,,0.00014278,0.024000001
,,,0.00014279,0.023200001
,,,0.0001428,0.024000001
,,,0.00014281,0.024000001
,,,0.00014282,0.024000001
,,,0.00014283,0.025600002
,,,0.00014284,0.025600002
,,,0.00014285,0.024800001
,,,0.00014286,0.024800001
,,,0.00014287,0.024800001
,,,0.00014288,0.024000001
,,,0.00014289,0.023200001
,,,0.0001429,0.024000001
,,,0.00014291,0.024000001
,,,0.00014292,0.023200001
,,,0.00014293,0.026400002
,,,0.00014294,0.024800001
,,,0.00014295,0.024000001
,,,0.00014296,0.023200001
,,,0.00014297,0.024000001
,,,0.00014298,0.024000001
,,,0.00014299,0.023200001
,,,0.000143,0.024000001
,,,0.00014301,0.024000001
,,,0.00014302,0.025600002
,,,0.00014303,0.024000001
,,,0.00014304,0.023200001
,,,0.00014305,0.024800001
,,,0.00014306,0.022400001
,,,0.00014307,0.024800001
,,,0.00014308,0.024800001
,,,0.00014309,0.025600002
,,,0.0001431,0.023200001
,,,0.00014311,0.024000001
,,,0.00014312,0.024000001
,,,0.00014313,0.023200001
,,,0.00014314,0.025600002
,,,0.00014315,0.025600002
,,,0.00014316,0.024000001
,,,0.00014317,0.024000001
,,,0.00014318,0.024800001
,,,0.00014319,0.025600002
,,,0.0001432,0.024000001
,,,0.00014321,0.024000001
,,,0.00014322,0.023200001
,,,0.00014323,0.024000001
,,,0.00014324,0.023200001
,,,0.00014325,0.024000001
,,,0.00014326,0.024000001
,,,0.00014327,0.024000001
,,,0.00014328,0.024800001
,,,0.00014329,0.024800001
,,,0.0001433,0.023200001
,,,0.00014331,0.024000001
,,,0.00014332,0.024000001
,,,0.00014333,0.024800001
,,,0.00014334,0.024800001
,,,0.00014335,0.023200001
,,,0.00014336,0.024000001
,,,0.00014337,0.023200001
,,,0.00014338,0.024000001
,,,0.00014339,0.024800001
,,,0.0001434,0.024000001
,,,0.00014341,0.024000001
,,,0.00014342,0.023200001
,,,0.00014343,0.025600002
,,,0.00014344,0.024000001
,,,0.00014345,0.024800001
,,,0.00014346,0.024800001
,,,0.00014347,0.025600002
,,,0.00014348,0.024000001
,,,0.00014349,0.024000001
,,,0.0001435,0.024000001
,,,0.00014351,0.025600002
,,,0.00014352,0.024800001
,,,0.00014353,0.023200001
,,,0.00014354,0.024800001
,,,0.00014355,0.024800001
,,,0.00014356,0.023200001
,,,0.00014357,0.025600002
,,,0.00014358,0.024000001
,,,0.00014359,0.024800001
,,,0.0001436,0.024800001
,,,0.00014361,0.024000001
,,,0.00014362,0.024000001
,,,0.00014363,0.024000001
,,,0.00014364,0.023200001
,,,0.00014365,0.024000001
,,,0.00014366,0.025600002
,,,0.00014367,0.024000001
,,,0.00014368,0.025600002
,,,0.00014369,0.024000001
,,,0.0001437,0.025600002
,,,0.00014371,0.024000001
,,,0.00014372,0.026400002
,,,0.00014373,0.023200001
,,,0.00014374,0.024800001
,,,0.00014375,0.022400001
,,,0.00014376,0.024000001
,,,0.00014377,0.023200001
,,,0.00014378,0.024800001
,,,0.00014379,0.024000001
,,,0.0001438,0.024000001
,,,0.00014381,0.024000001
,,,0.00014382,0.024800001
,,,0.00014383,0.024000001
,,,0.00014384,0.024800001
,,,0.00014385,0.024000001
,,,0.00014386,0.025600002
,,,0.00014387,0.024000001
,,,0.00014388,0.024000001
,,,0.00014389,0.024800001
,,,0.0001439,0.024000001
,,,0.00014391,0.024000001
,,,0.00014392,0.024000001
,,,0.00014393,0.024800001
,,,0.00014394,0.024000001
,,,0.00014395,0.024000001
,,,0.00014396,0.024000001
,,,0.00014397,0.024000001
,,,0.00014398,0.025600002
,,,0.00014399,0.024800001
,,,0.000144,0.024000001
,,,0.00014401,0.024000001
,,,0.00014402,0.024800001
,,,0.00014403,0.024000001
,,,0.00014404,0.024800001
,,,0.00014405,0.023200001
,,,0.00014406,0.024000001
,,,0.00014407,0.023200001
,,,0.00014408,0.024000001
,,,0.00014409,0.024800001
,,,0.0001441,0.023200001
,,,0.00014411,0.024000001
,,,0.00014412,0.024800001
,,,0.00014413,0.024000001
,,,0.00014414,0.022400001
,,,0.00014415,0.024800001
,,,0.00014416,0.025600002
,,,0.00014417,0.024000001
,,,0.00014418,0.024000001
,,,0.00014419,0.024000001
,,,0.0001442,0.024000001
,,,0.00014421,0.025600002
,,,0.00014422,0.023200001
,,,0.00014423,0.024000001
,,,0.00014424,0.024000001
,,,0.00014425,0.025600002
,,,0.00014426,0.024000001
,,,0.00014427,0.023200001
,,,0.00014428,0.024800001
,,,0.00014429,0.023200001
,,,0.0001443,0.025600002
,,,0.00014431,0.024000001
,,,0.00014432,0.023200001
,,,0.00014433,0.024000001
,,,0.00014434,0.024000001
,,,0.00014435,0.025600002
,,,0.00014436,0.024000001
,,,0.00014437,0.024000001
,,,0.00014438,0.024000001
,,,0.00014439,0.024000001
,,,0.0001444,0.024000001
,,,0.00014441,0.024800001
,,,0.00014442,0.024000001
,,,0.00014443,0.024800001
,,,0.00014444,0.025600002
,,,0.00014445,0.024800001
,,,0.00014446,0.024000001
,,,0.00014447,0.025600002
,,,0.00014448,0.024000001
,,,0.00014449,0.024000001
,,,0.0001445,0.024000001
,,,0.00014451,0.023200001
,,,0.00014452,0.025600002
,,,0.00014453,0.023200001
,,,0.00014454,0.023200001
,,,0.00014455,0.024000001
,,,0.00014456,0.021600001
,,,0.00014457,0.024000001
,,,0.00014458,0.024800001
,,,0.00014459,0.024000001
,,,0.0001446,0.024800001
,,,0.00014461,0.024000001
,,,0.00014462,0.025600002
,,,0.00014463,0.024000001
,,,0.00014464,0.024000001
,,,0.00014465,0.024800001
,,,0.00014466,0.024800001
,,,0.00014467,0.024800001
,,,0.00014468,0.024000001
,,,0.00014469,0.023200001
,,,0.0001447,0.024000001
,,,0.00014471,0.024800001
,,,0.00014472,0.024800001
,,,0.00014473,0.024000001
,,,0.00014474,0.023200001
,,,0.00014475,0.024000001
,,,0.00014476,0.025600002
,,,0.00014477,0.024000001
,,,0.00014478,0.024000001
,,,0.00014479,0.024000001
,,,0.0001448,0.024800001
,,,0.00014481,0.024800001
,,,0.00014482,0.026400002
,,,0.00014483,0.024000001
,,,0.00014484,0.025600002
,,,0.00014485,0.022400001
,,,0.00014486,0.023200001
,,,0.00014487,0.024800001
,,,0.00014488,0.025600002
,,,0.00014489,0.024000001
,,,0.0001449,0.024000001
,,,0.00014491,0.024800001
,,,0.00014492,0.024800001
,,,0.00014493,0.024800001
,,,0.00014494,0.024800001
,,,0.00014495,0.024000001
,,,0.00014496,0.024000001
,,,0.00014497,0.023200001
,,,0.00014498,0.024000001
,,,0.00014499,0.023200001
,,,0.000145,0.024000001
,,,0.00014501,0.024000001
,,,0.00014502,0.024800001
,,,0.00014503,0.023200001
,,,0.00014504,0.024000001
,,,0.00014505,0.023200001
,,,0.00014506,0.024000001
,,,0.00014507,0.024000001
,,,0.00014508,0.022400001
,,,0.00014509,0.024800001
,,,0.0001451,0.025600002
,,,0.00014511,0.024800001
,,,0.00014512,0.024000001
,,,0.00014513,0.024800001
,,,0.00014514,0.024800001
,,,0.00014515,0.024000001
,,,0.00014516,0.024000001
,,,0.00014517,0.024000001
,,,0.00014518,0.024000001
,,,0.00014519,0.024000001
,,,0.0001452,0.024000001
,,,0.00014521,0.024800001
,,,0.00014522,0.027200002
,,,0.00014523,0.024000001
,,,0.00014524,0.024800001
,,,0.00014525,0.024000001
,,,0.00014526,0.024000001
,,,0.00014527,0.024000001
,,,0.00014528,0.024000001
,,,0.00014529,0.024000001
,,,0.0001453,0.024000001
,,,0.00014531,0.024000001
,,,0.00014532,0.024000001
,,,0.00014533,0.025600002
,,,0.00014534,0.024000001
,,,0.00014535,0.024000001
,,,0.00014536,0.024800001
,,,0.00014537,0.024000001
,,,0.00014538,0.022400001
,,,0.00014539,0.023200001
,,,0.0001454,0.025600002
,,,0.00014541,0.025600002
,,,0.00014542,0.021600001
,,,0.00014543,0.024000001
,,,0.00014544,0.023200001
,,,0.00014545,0.025600002
,,,0.00014546,0.024800001
,,,0.00014547,0.024000001
,,,0.00014548,0.024000001
,,,0.00014549,0.024800001
,,,0.0001455,0.024800001
,,,0.00014551,0.024800001
,,,0.00014552,0.024000001
,,,0.00014553,0.023200001
,,,0.00014554,0.024000001
,,,0.00014555,0.024800001
,,,0.00014556,0.024800001
,,,0.00014557,0.024000001
,,,0.00014558,0.024800001
,,,0.00014559,0.024800001
,,,0.0001456,0.024000001
,,,0.00014561,0.024000001
,,,0.00014562,0.024800001
,,,0.00014563,0.023200001
,,,0.00014564,0.024800001
,,,0.00014565,0.024800001
,,,0.00014566,0.024800001
,,,0.00014567,0.024000001
,,,0.00014568,0.024800001
,,,0.00014569,0.024000001
,,,0.0001457,0.024000001
,,,0.00014571,0.024800001
,,,0.00014572,0.024000001
,,,0.00014573,0.023200001
,,,0.00014574,0.021600001
,,,0.00014575,0.024800001
,,,0.00014576,0.025600002
,,,0.00014577,0.024800001
,,,0.00014578,0.024000001
,,,0.00014579,0.024800001
,,,0.0001458,0.024000001
,,,0.00014581,0.024000001
,,,0.00014582,0.024000001
,,,0.00014583,0.024000001
,,,0.00014584,0.024000001
,,,0.00014585,0.024000001
,,,0.00014586,0.024800001
,,,0.00014587,0.024800001
,,,0.00014588,0.024000001
,,,0.00014589,0.024000001
,,,0.0001459,0.024000001
,,,0.00014591,0.024000001
,,,0.00014592,0.024000001
,,,0.00014593,0.024000001
,,,0.00014594,0.024000001
,,,0.00014595,0.024000001
,,,0.00014596,0.023200001
,,,0.00014597,0.024000001
,,,0.00014598,0.024000001
,,,0.00014599,0.024000001
,,,0.000146,0.023200001
,,,0.00014601,0.024800001
,,,0.00014602,0.024000001
,,,0.00014603,0.025600002
,,,0.00014604,0.025600002
,,,0.00014605,0.023200001
,,,0.00014606,0.024800001
,,,0.00014607,0.024000001
,,,0.00014608,0.024000001
,,,0.00014609,0.023200001
,,,0.0001461,0.024000001
,,,0.00014611,0.024000001
,,,0.00014612,0.024000001
,,,0.00014613,0.024000001
,,,0.00014614,0.025600002
,,,0.00014615,0.024000001
,,,0.00014616,0.025600002
,,,0.00014617,0.024800001
,,,0.00014618,0.024000001
,,,0.00014619,0.024000001
,,,0.0001462,0.024000001
,,,0.00014621,0.024000001
,,,0.00014622,0.024000001
,,,0.00014623,0.024000001
,,,0.00014624,0.024000001
,,,0.00014625,0.024000001
,,,0.00014626,0.024800001
,,,0.00014627,0.024800001
,,,0.00014628,0.024000001
,,,0.00014629,0.024000001
,,,0.0001463,0.023200001
,,,0.00014631,0.022400001
,,,0.00014632,0.024000001
,,,0.00014633,0.023200001
,,,0.00014634,0.024800001
,,,0.00014635,0.025600002
,,,0.00014636,0.024000001
,,,0.00014637,0.024800001
,,,0.00014638,0.024800001
,,,0.00014639,0.024000001
,,,0.0001464,0.022400001
,,,0.00014641,0.022400001
,,,0.00014642,0.026400002
,,,0.00014643,0.024000001
,,,0.00014644,0.024000001
,,,0.00014645,0.024000001
,,,0.00014646,0.024000001
,,,0.00014647,0.024000001
,,,0.00014648,0.024800001
,,,0.00014649,0.024000001
,,,0.0001465,0.024800001
,,,0.00014651,0.024800001
,,,0.00014652,0.023200001
,,,0.00014653,0.024000001
,,,0.00014654,0.024000001
,,,0.00014655,0.024800001
,,,0.00014656,0.024000001
,,,0.00014657,0.024000001
,,,0.00014658,0.025600002
,,,0.00014659,0.024800001
,,,0.0001466,0.025600002
,,,0.00014661,0.025600002
,,,0.00014662,0.024000001
,,,0.00014663,0.024800001
,,,0.00014664,0.024800001
,,,0.00014665,0.025600002
,,,0.00014666,0.023200001
,,,0.00014667,0.022400001
,,,0.00014668,0.025600002
,,,0.00014669,0.024000001
,,,0.0001467,0.024000001
,,,0.00014671,0.024000001
,,,0.00014672,0.024800001
,,,0.00014673,0.024800001
,,,0.00014674,0.024000001
,,,0.00014675,0.024000001
,,,0.00014676,0.023200001
,,,0.00014677,0.024000001
,,,0.00014678,0.024800001
,,,0.00014679,0.023200001
,,,0.0001468,0.024000001
,,,0.00014681,0.025600002
,,,0.00014682,0.025600002
,,,0.00014683,0.025600002
,,,0.00014684,0.024000001
,,,0.00014685,0.024000001
,,,0.00014686,0.024000001
,,,0.00014687,0.023200001
,,,0.00014688,0.024000001
,,,0.00014689,0.024000001
,,,0.0001469,0.024800001
,,,0.00014691,0.023200001
,,,0.00014692,0.023200001
,,,0.00014693,0.024000001
,,,0.00014694,0.023200001
,,,0.00014695,0.023200001
,,,0.00014696,0.023200001
,,,0.00014697,0.024000001
,,,0.00014698,0.024000001
,,,0.00014699,0.024000001
,,,0.000147,0.023200001
,,,0.00014701,0.024800001
,,,0.00014702,0.026400002
,,,0.00014703,0.023200001
,,,0.00014704,0.024000001
,,,0.00014705,0.023200001
,,,0.00014706,0.024800001
,,,0.00014707,0.024000001
,,,0.00014708,0.024800001
,,,0.00014709,0.024000001
,,,0.0001471,0.024000001
,,,0.00014711,0.023200001
,,,0.00014712,0.024000001
,,,0.00014713,0.024000001
,,,0.00014714,0.024000001
,,,0.00014715,0.024800001
,,,0.00014716,0.024800001
,,,0.00014717,0.024000001
,,,0.00014718,0.024000001
,,,0.00014719,0.024800001
,,,0.0001472,0.024000001
,,,0.00014721,0.022400001
,,,0.00014722,0.024800001
,,,0.00014723,0.024000001
,,,0.00014724,0.025600002
,,,0.00014725,0.024800001
,,,0.00014726,0.023200001
,,,0.00014727,0.022400001
,,,0.00014728,0.024800001
,,,0.00014729,0.023200001
,,,0.0001473,0.024000001
,,,0.00014731,0.024000001
,,,0.00014732,0.024800001
,,,0.00014733,0.024000001
,,,0.00014734,0.024000001
,,,0.00014735,0.024000001
,,,0.00014736,0.024800001
,,,0.00014737,0.024800001
,,,0.00014738,0.024800001
,,,0.00014739,0.023200001
,,,0.0001474,0.024000001
,,,0.00014741,0.023200001
,,,0.00014742,0.025600002
,,,0.00014743,0.024800001
,,,0.00014744,0.025600002
,,,0.00014745,0.023200001
,,,0.00014746,0.025600002
,,,0.00014747,0.024000001
,,,0.00014748,0.024000001
,,,0.00014749,0.024800001
,,,0.0001475,0.024000001
,,,0.00014751,0.024800001
,,,0.00014752,0.025600002
,,,0.00014753,0.024000001
,,,0.00014754,0.024000001
,,,0.00014755,0.024000001
,,,0.00014756,0.024000001
,,,0.00014757,0.024800001
,,,0.00014758,0.024800001
,,,0.00014759,0.023200001
,,,0.0001476,0.024800001
,,,0.00014761,0.024000001
,,,0.00014762,0.024000001
,,,0.00014763,0.024000001
,,,0.00014764,0.024800001
,,,0.00014765,0.024000001
,,,0.00014766,0.024000001
,,,0.00014767,0.025600002
,,,0.00014768,0.025600002
,,,0.00014769,0.024800001
,,,0.0001477,0.024000001
,,,0.00014771,0.024000001
,,,0.00014772,0.024000001
,,,0.00014773,0.024800001
,,,0.00014774,0.024000001
,,,0.00014775,0.024000001
,,,0.00014776,0.025600002
,,,0.00014777,0.024000001
,,,0.00014778,0.026400002
,,,0.00014779,0.023200001
,,,0.0001478,0.024000001
,,,0.00014781,0.024000001
,,,0.00014782,0.024000001
,,,0.00014783,0.025600002
,,,0.00014784,0.024000001
,,,0.00014785,0.022400001
,,,0.00014786,0.024800001
,,,0.00014787,0.024800001
,,,0.00014788,0.024800001
,,,0.00014789,0.024000001
,,,0.0001479,0.023200001
,,,0.00014791,0.023200001
,,,0.00014792,0.024800001
,,,0.00014793,0.024000001
,,,0.00014794,0.025600002
,,,0.00014795,0.024800001
,,,0.00014796,0.024800001
,,,0.00014797,0.024000001
,,,0.00014798,0.024800001
,,,0.00014799,0.024000001
,,,0.000148,0.022400001
,,,0.00014801,0.024000001
,,,0.00014802,0.024000001
,,,0.00014803,0.024000001
,,,0.00014804,0.025600002
,,,0.00014805,0.024800001
,,,0.00014806,0.024800001
,,,0.00014807,0.024000001
,,,0.00014808,0.024000001
,,,0.00014809,0.024000001
,,,0.0001481,0.025600002
,,,0.00014811,0.023200001
,,,0.00014812,0.024800001
,,,0.00014813,0.024000001
,,,0.00014814,0.025600002
,,,0.00014815,0.024000001
,,,0.00014816,0.025600002
,,,0.00014817,0.024000001
,,,0.00014818,0.024000001
,,,0.00014819,0.024000001
,,,0.0001482,0.022400001
,,,0.00014821,0.024000001
,,,0.00014822,0.024000001
,,,0.00014823,0.024000001
,,,0.00014824,0.022400001
,,,0.00014825,0.024000001
,,,0.00014826,0.024800001
,,,0.00014827,0.024000001
,,,0.00014828,0.024000001
,,,0.00014829,0.024000001
,,,0.0001483,0.026400002
,,,0.00014831,0.024000001
,,,0.00014832,0.024000001
,,,0.00014833,0.024000001
,,,0.00014834,0.024800001
,,,0.00014835,0.024800001
,,,0.00014836,0.024000001
,,,0.00014837,0.025600002
,,,0.00014838,0.024000001
,,,0.00014839,0.023200001
,,,0.0001484,0.024000001
,,,0.00014841,0.023200001
,,,0.00014842,0.024800001
,,,0.00014843,0.024800001
,,,0.00014844,0.025600002
,,,0.00014845,0.024000001
,,,0.00014846,0.024000001
,,,0.00014847,0.024000001
,,,0.00014848,0.024800001
,,,0.00014849,0.024000001
,,,0.0001485,0.024800001
,,,0.00014851,0.024000001
,,,0.00014852,0.024000001
,,,0.00014853,0.022400001
,,,0.00014854,0.024000001
,,,0.00014855,0.024000001
,,,0.00014856,0.025600002
,,,0.00014857,0.025600002
,,,0.00014858,0.024000001
,,,0.00014859,0.024800001
,,,0.0001486,0.024800001
,,,0.00014861,0.024000001
,,,0.00014862,0.024000001
,,,0.00014863,0.024000001
,,,0.00014864,0.024000001
,,,0.00014865,0.024000001
,,,0.00014866,0.024000001
,,,0.00014867,0.024000001
,,,0.00014868,0.023200001
,,,0.00014869,0.024000001
,,,0.0001487,0.022400001
,,,0.00014871,0.024000001
,,,0.00014872,0.024800001
,,,0.00014873,0.023200001
,,,0.00014874,0.024800001
,,,0.00014875,0.024000001
,,,0.00014876,0.024800001
,,,0.00014877,0.024000001
,,,0.00014878,0.026400002
,,,0.00014879,0.023200001
,,,0.0001488,0.023200001
,,,0.00014881,0.024800001
,,,0.00014882,0.024000001
,,,0.00014883,0.024000001
,,,0.00014884,0.022400001
,,,0.00014885,0.024000001
,,,0.00014886,0.023200001
,,,0.00014887,0.024000001
,,,0.00014888,0.023200001
,,,0.00014889,0.024000001
,,,0.0001489,0.024000001
,,,0.00014891,0.023200001
,,,0.00014892,0.023200001
,,,0.00014893,0.024000001
,,,0.00014894,0.024000001
,,,0.00014895,0.024000001
,,,0.00014896,0.024800001
,,,0.00014897,0.024000001
,,,0.00014898,0.024000001
,,,0.00014899,0.024000001
,,,0.000149,0.025600002
,,,0.00014901,0.025600002
,,,0.00014902,0.024000001
,,,0.00014903,0.023200001
,,,0.00014904,0.023200001
,,,0.00014905,0.024000001
,,,0.00014906,0.023200001
,,,0.00014907,0.023200001
,,,0.00014908,0.024800001
,,,0.00014909,0.024000001
,,,0.0001491,0.024000001
,,,0.00014911,0.024800001
,,,0.00014912,0.024000001
,,,0.00014913,0.023200001
,,,0.00014914,0.026400002
,,,0.00014915,0.024800001
,,,0.00014916,0.023200001
,,,0.00014917,0.024800001
,,,0.00014918,0.023200001
,,,0.00014919,0.024000001
,,,0.0001492,0.024000001
,,,0.00014921,0.024000001
,,,0.00014922,0.024800001
,,,0.00014923,0.024000001
,,,0.00014924,0.024800001
,,,0.00014925,0.025600002
,,,0.00014926,0.024000001
,,,0.00014927,0.023200001
,,,0.00014928,0.023200001
,,,0.00014929,0.025600002
,,,0.0001493,0.024800001
,,,0.00014931,0.025600002
,,,0.00014932,0.026400002
,,,0.00014933,0.021600001
,,,0.00014934,0.024000001
,,,0.00014935,0.023200001
,,,0.00014936,0.024000001
,,,0.00014937,0.025600002
,,,0.00014938,0.023200001
,,,0.00014939,0.024800001
,,,0.0001494,0.023200001
,,,0.00014941,0.022400001
,,,0.00014942,0.024800001
,,,0.00014943,0.024000001
,,,0.00014944,0.024000001
,,,0.00014945,0.024800001
,,,0.00014946,0.023200001
,,,0.00014947,0.024000001
,,,0.00014948,0.024000001
,,,0.00014949,0.024000001
,,,0.0001495,0.024000001
,,,0.00014951,0.024000001
,,,0.00014952,0.024000001
,,,0.00014953,0.024800001
,,,0.00014954,0.026400002
,,,0.00014955,0.024000001
,,,0.00014956,0.024000001
,,,0.00014957,0.026400002
,,,0.00014958,0.024800001
,,,0.00014959,0.024000001
,,,0.0001496,0.024000001
,,,0.00014961,0.024000001
,,,0.00014962,0.024000001
,,,0.00014963,0.024800001
,,,0.00014964,0.024800001
,,,0.00014965,0.024800001
,,,0.00014966,0.024800001
,,,0.00014967,0.024000001
,,,0.00014968,0.024000001
,,,0.00014969,0.023200001
,,,0.0001497,0.024800001
,,,0.00014971,0.024000001
,,,0.00014972,0.025600002
,,,0.00014973,0.023200001
,,,0.00014974,0.024000001
,,,0.00014975,0.024000001
,,,0.00014976,0.024000001
,,,0.00014977,0.024000001
,,,0.00014978,0.023200001
,,,0.00014979,0.024800001
,,,0.0001498,0.024000001
,,,0.00014981,0.024000001
,,,0.00014982,0.025600002
,,,0.00014983,0.024800001
,,,0.00014984,0.023200001
,,,0.00014985,0.024800001
,,,0.00014986,0.024000001
,,,0.00014987,0.022400001
,,,0.00014988,0.025600002
,,,0.00014989,0.024800001
,,,0.0001499,0.024000001
,,,0.00014991,0.023200001
,,,0.00014992,0.024000001
,,,0.00014993,0.024000001
,,,0.00014994,0.024800001
,,,0.00014995,0.024000001
,,,0.00014996,0.024800001
,,,0.00014997,0.024000001
,,,0.00014998,0.023200001
,,,0.00014999,0.024000001
,,,0.00015,0.024000001
,,,0.00015001,0.024000001
,,,0.00015002,0.024000001
,,,0.00015003,0.023200001
,,,0.00015004,0.025600002
,,,0.00015005,0.024000001
,,,0.00015006,0.024000001
,,,0.00015007,0.024000001
,,,0.00015008,0.024000001
,,,0.00015009,0.024000001
,,,0.0001501,0.023200001
,,,0.00015011,0.024000001
,,,0.00015012,0.023200001
,,,0.00015013,0.024000001
,,,0.00015014,0.024000001
,,,0.00015015,0.024000001
,,,0.00015016,0.024000001
,,,0.00015017,0.024000001
,,,0.00015018,0.024800001
,,,0.00015019,0.024800001
,,,0.0001502,0.024800001
,,,0.00015021,0.024000001
,,,0.00015022,0.024000001
,,,0.00015023,0.024000001
,,,0.00015024,0.024000001
,,,0.00015025,0.024000001
,,,0.00015026,0.021600001
,,,0.00015027,0.026400002
,,,0.00015028,0.024800001
,,,0.00015029,0.024000001
,,,0.0001503,0.026400002
,,,0.00015031,0.024000001
,,,0.00015032,0.025600002
,,,0.00015033,0.024000001
,,,0.00015034,0.024000001
,,,0.00015035,0.024000001
,,,0.00015036,0.022400001
,,,0.00015037,0.024000001
,,,0.00015038,0.023200001
,,,0.00015039,0.024000001
,,,0.0001504,0.024000001
,,,0.00015041,0.024000001
,,,0.00015042,0.024000001
,,,0.00015043,0.024800001
,,,0.00015044,0.026400002
,,,0.00015045,0.023200001
,,,0.00015046,0.024800001
,,,0.00015047,0.024800001
,,,0.00015048,0.024000001
,,,0.00015049,0.024000001
,,,0.0001505,0.024000001
,,,0.00015051,0.024000001
,,,0.00015052,0.024000001
,,,0.00015053,0.024000001
,,,0.00015054,0.024000001
,,,0.00015055,0.024000001
,,,0.00015056,0.023200001
,,,0.00015057,0.026400002
,,,0.00015058,0.025600002
,,,0.00015059,0.024800001
,,,0.0001506,0.024000001
,,,0.00015061,0.024000001
,,,0.00015062,0.024000001
,,,0.00015063,0.024000001
,,,0.00015064,0.024000001
,,,0.00015065,0.024800001
,,,0.00015066,0.023200001
,,,0.00015067,0.024000001
,,,0.00015068,0.023200001
,,,0.00015069,0.024000001
,,,0.0001507,0.024000001
,,,0.00015071,0.024000001
,,,0.00015072,0.025600002
,,,0.00015073,0.025600002
,,,0.00015074,0.024800001
,,,0.00015075,0.023200001
,,,0.00015076,0.024000001
,,,0.00015077,0.024000001
,,,0.00015078,0.025600002
,,,0.00015079,0.024800001
,,,0.0001508,0.022400001
,,,0.00015081,0.026400002
,,,0.00015082,0.025600002
,,,0.00015083,0.023200001
,,,0.00015084,0.024800001
,,,0.00015085,0.024800001
,,,0.00015086,0.024000001
,,,0.00015087,0.024800001
,,,0.00015088,0.024000001
,,,0.00015089,0.024000001
,,,0.0001509,0.024000001
,,,0.00015091,0.024000001
,,,0.00015092,0.023200001
,,,0.00015093,0.023200001
,,,0.00015094,0.024000001
,,,0.00015095,0.024800001
,,,0.00015096,0.024000001
,,,0.00015097,0.024800001
,,,0.00015098,0.025600002
,,,0.00015099,0.023200001
,,,0.000151,0.026400002
,,,0.00015101,0.024000001
,,,0.00015102,0.024000001
,,,0.00015103,0.024800001
,,,0.00015104,0.023200001
,,,0.00015105,0.024000001
,,,0.00015106,0.024800001
,,,0.00015107,0.023200001
,,,0.00015108,0.024000001
,,,0.00015109,0.025600002
,,,0.0001511,0.024800001
,,,0.00015111,0.023200001
,,,0.00015112,0.024000001
,,,0.00015113,0.024800001
,,,0.00015114,0.024000001
,,,0.00015115,0.023200001
,,,0.00015116,0.023200001
,,,0.00015117,0.024000001
,,,0.00015118,0.024000001
,,,0.00015119,0.023200001
,,,0.0001512,0.024000001
,,,0.00015121,0.025600002
,,,0.00015122,0.024800001
,,,0.00015123,0.025600002
,,,0.00015124,0.025600002
,,,0.00015125,0.025600002
,,,0.00015126,0.025600002
,,,0.00015127,0.025600002
,,,0.00015128,0.024800001
,,,0.00015129,0.024800001
,,,0.0001513,0.024800001
,,,0.00015131,0.024800001
,,,0.00015132,0.024800001
,,,0.00015133,0.023200001
,,,0.00015134,0.024000001
,,,0.00015135,0.022400001
,,,0.00015136,0.024000001
,,,0.00015137,0.023200001
,,,0.00015138,0.024000001
,,,0.00015139,0.024800001
,,,0.0001514,0.022400001
,,,0.00015141,0.024000001
,,,0.00015142,0.024800001
,,,0.00015143,0.024000001
,,,0.00015144,0.024000001
,,,0.00015145,0.024000001
,,,0.00015146,0.023200001
,,,0.00015147,0.024000001
,,,0.00015148,0.024800001
,,,0.00015149,0.023200001
,,,0.0001515,0.024000001
,,,0.00015151,0.024800001
,,,0.00015152,0.023200001
,,,0.00015153,0.024000001
,,,0.00015154,0.024800001
,,,0.00015155,0.024000001
,,,0.00015156,0.024800001
,,,0.00015157,0.024000001
,,,0.00015158,0.024000001
,,,0.00015159,0.023200001
,,,0.0001516,0.024000001
,,,0.00015161,0.024000001
,,,0.00015162,0.024800001
,,,0.00015163,0.024800001
,,,0.00015164,0.024800001
,,,0.00015165,0.023200001
,,,0.00015166,0.024000001
,,,0.00015167,0.024000001
,,,0.00015168,0.024000001
,,,0.00015169,0.024800001
,,,0.0001517,0.024000001
,,,0.00015171,0.026400002
,,,0.00015172,0.024800001
,,,0.00015173,0.024800001
,,,0.00015174,0.024000001
,,,0.00015175,0.023200001
,,,0.00015176,0.025600002
,,,0.00015177,0.024800001
,,,0.00015178,0.024000001
,,,0.00015179,0.024800001
,,,0.0001518,0.026400002
,,,0.00015181,0.022400001
,,,0.00015182,0.024000001
,,,0.00015183,0.024800001
,,,0.00015184,0.024800001
,,,0.00015185,0.023200001
,,,0.00015186,0.024000001
,,,0.00015187,0.023200001
,,,0.00015188,0.023200001
,,,0.00015189,0.024000001
,,,0.0001519,0.024800001
,,,0.00015191,0.023200001
,,,0.00015192,0.023200001
,,,0.00015193,0.025600002
,,,0.00015194,0.023200001
,,,0.00015195,0.025600002
,,,0.00015196,0.023200001
,,,0.00015197,0.024000001
,,,0.00015198,0.024800001
,,,0.00015199,0.024000001
,,,0.000152,0.023200001
,,,0.00015201,0.024000001
,,,0.00015202,0.024000001
,,,0.00015203,0.024800001
,,,0.00015204,0.025600002
,,,0.00015205,0.024800001
,,,0.00015206,0.024000001
,,,0.00015207,0.024000001
,,,0.00015208,0.024800001
,,,0.00015209,0.026400002
,,,0.0001521,0.022400001
,,,0.00015211,0.024000001
,,,0.00015212,0.023200001
,,,0.00015213,0.025600002
,,,0.00015214,0.024800001
,,,0.00015215,0.024000001
,,,0.00015216,0.024800001
,,,0.00015217,0.024800001
,,,0.00015218,0.023200001
,,,0.00015219,0.025600002
,,,0.0001522,0.024000001
,,,0.00015221,0.024000001
,,,0.00015222,0.025600002
,,,0.00015223,0.025600002
,,,0.00015224,0.024000001
,,,0.00015225,0.024800001
,,,0.00015226,0.025600002
,,,0.00015227,0.024000001
,,,0.00015228,0.024000001
,,,0.00015229,0.025600002
,,,0.0001523,0.024000001
,,,0.00015231,0.023200001
,,,0.00015232,0.024000001
,,,0.00015233,0.024800001
,,,0.00015234,0.024000001
,,,0.00015235,0.025600002
,,,0.00015236,0.024000001
,,,0.00015237,0.024800001
,,,0.00015238,0.024800001
,,,0.00015239,0.024800001
,,,0.0001524,0.024000001
,,,0.00015241,0.024000001
,,,0.00015242,0.025600002
,,,0.00015243,0.024800001
,,,0.00015244,0.024000001
,,,0.00015245,0.025600002
,,,0.00015246,0.024000001
,,,0.00015247,0.024000001
,,,0.00015248,0.022400001
,,,0.00015249,0.024000001
,,,0.0001525,0.024000001
,,,0.00015251,0.024000001
,,,0.00015252,0.024000001
,,,0.00015253,0.023200001
,,,0.00015254,0.024000001
,,,0.00015255,0.024800001
,,,0.00015256,0.024000001
,,,0.00015257,0.024800001
,,,0.00015258,0.024800001
,,,0.00015259,0.024000001
,,,0.0001526,0.024800001
,,,0.00015261,0.024800001
,,,0.00015262,0.024000001
,,,0.00015263,0.024800001
,,,0.00015264,0.024800001
,,,0.00015265,0.023200001
,,,0.00015266,0.024800001
,,,0.00015267,0.024000001
,,,0.00015268,0.024000001
,,,0.00015269,0.024800001
,,,0.0001527,0.024000001
,,,0.00015271,0.024800001
,,,0.00015272,0.024000001
,,,0.00015273,0.024800001
,,,0.00015274,0.024800001
,,,0.00015275,0.026400002
,,,0.00015276,0.025600002
,,,0.00015277,0.024000001
,,,0.00015278,0.025600002
,,,0.00015279,0.024000001
,,,0.0001528,0.024000001
,,,0.00015281,0.024800001
,,,0.00015282,0.024800001
,,,0.00015283,0.022400001
,,,0.00015284,0.024000001
,,,0.00015285,0.027200002
,,,0.00015286,0.024000001
,,,0.00015287,0.024800001
,,,0.00015288,0.024800001
,,,0.00015289,0.024000001
,,,0.0001529,0.024000001
,,,0.00015291,0.023200001
,,,0.00015292,0.023200001
,,,0.00015293,0.025600002
,,,0.00015294,0.024000001
,,,0.00015295,0.025600002
,,,0.00015296,0.024000001
,,,0.00015297,0.023200001
,,,0.00015298,0.022400001
,,,0.00015299,0.023200001
,,,0.000153,0.025600002
,,,0.00015301,0.024800001
,,,0.00015302,0.024800001
,,,0.00015303,0.024800001
,,,0.00015304,0.024000001
,,,0.00015305,0.024000001
,,,0.00015306,0.024000001
,,,0.00015307,0.023200001
,,,0.00015308,0.024000001
,,,0.00015309,0.024800001
,,,0.0001531,0.025600002
,,,0.00015311,0.024000001
,,,0.00015312,0.025600002
,,,0.00015313,0.024000001
,,,0.00015314,0.024000001
,,,0.00015315,0.023200001
,,,0.00015316,0.024800001
,,,0.00015317,0.025600002
,,,0.00015318,0.023200001
,,,0.00015319,0.023200001
,,,0.0001532,0.024800001
,,,0.00015321,0.024000001
,,,0.00015322,0.024000001
,,,0.00015323,0.024000001
,,,0.00015324,0.024000001
,,,0.00015325,0.024000001
,,,0.00015326,0.024800001
,,,0.00015327,0.022400001
,,,0.00015328,0.024000001
,,,0.00015329,0.024000001
,,,0.0001533,0.023200001
,,,0.00015331,0.024800001
,,,0.00015332,0.024800001
,,,0.00015333,0.024800001
,,,0.00015334,0.024000001
,,,0.00015335,0.024800001
,,,0.00015336,0.024000001
,,,0.00015337,0.023200001
,,,0.00015338,0.024000001
,,,0.00015339,0.024000001
,,,0.0001534,0.024000001
,,,0.00015341,0.024800001
,,,0.00015342,0.024000001
,,,0.00015343,0.024000001
,,,0.00015344,0.024800001
,,,0.00015345,0.024000001
,,,0.00015346,0.023200001
,,,0.00015347,0.024800001
,,,0.00015348,0.024800001
,,,0.00015349,0.025600002
,,,0.0001535,0.025600002
,,,0.00015351,0.024000001
,,,0.00015352,0.022400001
,,,0.00015353,0.024800001
,,,0.00015354,0.023200001
,,,0.00015355,0.024000001
,,,0.00015356,0.024000001
,,,0.00015357,0.024000001
,,,0.00015358,0.024000001
,,,0.00015359,0.024000001
,,,0.0001536,0.024000001
,,,0.00015361,0.024000001
,,,0.00015362,0.024000001
,,,0.00015363,0.024000001
,,,0.00015364,0.024000001
,,,0.00015365,0.024000001
,,,0.00015366,0.024800001
,,,0.00015367,0.023200001
,,,0.00015368,0.024000001
,,,0.00015369,0.024000001
,,,0.0001537,0.024000001
,,,0.00015371,0.024000001
,,,0.00015372,0.023200001
,,,0.00015373,0.024000001
,,,0.00015374,0.026400002
,,,0.00015375,0.023200001
,,,0.00015376,0.024000001
,,,0.00015377,0.026400002
,,,0.00015378,0.023200001
,,,0.00015379,0.025600002
,,,0.0001538,0.024000001
,,,0.00015381,0.024800001
,,,0.00015382,0.024800001
,,,0.00015383,0.024000001
,,,0.00015384,0.024800001
,,,0.00015385,0.024800001
,,,0.00015386,0.025600002
,,,0.00015387,0.024000001
,,,0.00015388,0.024000001
,,,0.00015389,0.024800001
,,,0.0001539,0.024000001
,,,0.00015391,0.024800001
,,,0.00015392,0.024000001
,,,0.00015393,0.025600002
,,,0.00015394,0.025600002
,,,0.00015395,0.024000001
,,,0.00015396,0.024000001
,,,0.00015397,0.024000001
,,,0.00015398,0.024000001
,,,0.00015399,0.024000001
,,,0.000154,0.024000001
,,,0.00015401,0.022400001
,,,0.00015402,0.025600002
,,,0.00015403,0.025600002
,,,0.00015404,0.024000001
,,,0.00015405,0.024000001
,,,0.00015406,0.024800001
,,,0.00015407,0.024000001
,,,0.00015408,0.023200001
,,,0.00015409,0.023200001
,,,0.0001541,0.023200001
,,,0.00015411,0.024000001
,,,0.00015412,0.023200001
,,,0.00015413,0.024000001
,,,0.00015414,0.023200001
,,,0.00015415,0.023200001
,,,0.00015416,0.024000001
,,,0.00015417,0.024800001
,,,0.00015418,0.024800001
,,,0.00015419,0.024800001
,,,0.0001542,0.024000001
,,,0.00015421,0.024000001
,,,0.00015422,0.024800001
,,,0.00015423,0.023200001
,,,0.00015424,0.023200001
,,,0.00015425,0.024000001
,,,0.00015426,0.025600002
,,,0.00015427,0.025600002
,,,0.00015428,0.023200001
,,,0.00015429,0.024800001
,,,0.0001543,0.024000001
,,,0.00015431,0.024800001
,,,0.00015432,0.025600002
,,,0.00015433,0.024000001
,,,0.00015434,0.024800001
,,,0.00015435,0.024800001
,,,0.00015436,0.024800001
,,,0.00015437,0.024000001
,,,0.00015438,0.024000001
,,,0.00015439,0.024000001
,,,0.0001544,0.023200001
,,,0.00015441,0.024000001
,,,0.00015442,0.024000001
,,,0.00015443,0.024000001
,,,0.00015444,0.024000001
,,,0.00015445,0.024800001
,,,0.00015446,0.024000001
,,,0.00015447,0.023200001
,,,0.00015448,0.024000001
,,,0.00015449,0.024000001
,,,0.0001545,0.025600002
,,,0.00015451,0.023200001
,,,0.00015452,0.024000001
,,,0.00015453,0.024000001
,,,0.00015454,0.024000001
,,,0.00015455,0.024000001
,,,0.00015456,0.024800001
,,,0.00015457,0.024800001
,,,0.00015458,0.024000001
,,,0.00015459,0.024000001
,,,0.0001546,0.025600002
,,,0.00015461,0.024000001
,,,0.00015462,0.025600002
,,,0.00015463,0.025600002
,,,0.00015464,0.025600002
,,,0.00015465,0.024000001
,,,0.00015466,0.024800001
,,,0.00015467,0.024800001
,,,0.00015468,0.024000001
,,,0.00015469,0.024000001
,,,0.0001547,0.024000001
,,,0.00015471,0.024000001
,,,0.00015472,0.024000001
,,,0.00015473,0.023200001
,,,0.00015474,0.024000001
,,,0.00015475,0.024800001
,,,0.00015476,0.024800001
,,,0.00015477,0.024800001
,,,0.00015478,0.024800001
,,,0.00015479,0.024800001
,,,0.0001548,0.024800001
,,,0.00015481,0.024000001
,,,0.00015482,0.023200001
,,,0.00015483,0.024000001
,,,0.00015484,0.025600002
,,,0.00015485,0.023200001
,,,0.00015486,0.023200001
,,,0.00015487,0.026400002
,,,0.00015488,0.024800001
,,,0.00015489,0.025600002
,,,0.0001549,0.024000001
,,,0.00015491,0.025600002
,,,0.00015492,0.024000001
,,,0.00015493,0.025600002
,,,0.00015494,0.025600002
,,,0.00015495,0.024000001
,,,0.00015496,0.023200001
,,,0.00015497,0.024000001
,,,0.00015498,0.023200001
,,,0.00015499,0.024800001
,,,0.000155,0.025600002
,,,0.00015501,0.024000001
,,,0.00015502,0.025600002
,,,0.00015503,0.024800001
,,,0.00015504,0.024000001
,,,0.00015505,0.024000001
,,,0.00015506,0.024800001
,,,0.00015507,0.023200001
,,,0.00015508,0.024000001
,,,0.00015509,0.024000001
,,,0.0001551,0.024000001
,,,0.00015511,0.024000001
,,,0.00015512,0.024000001
,,,0.00015513,0.023200001
,,,0.00015514,0.024000001
,,,0.00015515,0.024800001
,,,0.00015516,0.024800001
,,,0.00015517,0.024000001
,,,0.00015518,0.023200001
,,,0.00015519,0.023200001
,,,0.0001552,0.024000001
,,,0.00015521,0.024800001
,,,0.00015522,0.024000001
,,,0.00015523,0.024800001
,,,0.00015524,0.024000001
,,,0.00015525,0.024800001
,,,0.00015526,0.024800001
,,,0.00015527,0.024000001
,,,0.00015528,0.024000001
,,,0.00015529,0.024000001
,,,0.0001553,0.022400001
,,,0.00015531,0.024000001
,,,0.00015532,0.025600002
,,,0.00015533,0.024000001
,,,0.00015534,0.024800001
,,,0.00015535,0.022400001
,,,0.00015536,0.024800001
,,,0.00015537,0.023200001
,,,0.00015538,0.024800001
,,,0.00015539,0.024000001
,,,0.0001554,0.024800001
,,,0.00015541,0.024000001
,,,0.00015542,0.023200001
,,,0.00015543,0.025600002
,,,0.00015544,0.024800001
,,,0.00015545,0.025600002
,,,0.00015546,0.024000001
,,,0.00015547,0.023200001
,,,0.00015548,0.023200001
,,,0.00015549,0.024000001
,,,0.0001555,0.024000001
,,,0.00015551,0.023200001
,,,0.00015552,0.024800001
,,,0.00015553,0.024000001
,,,0.00015554,0.023200001
,,,0.00015555,0.024000001
,,,0.00015556,0.024800001
,,,0.00015557,0.023200001
,,,0.00015558,0.024000001
,,,0.00015559,0.024000001
,,,0.0001556,0.024000001
,,,0.00015561,0.024800001
,,,0.00015562,0.023200001
,,,0.00015563,0.024000001
,,,0.00015564,0.025600002
,,,0.00015565,0.024000001
,,,0.00015566,0.024800001
,,,0.00015567,0.024000001
,,,0.00015568,0.024800001
,,,0.00015569,0.023200001
,,,0.0001557,0.023200001
,,,0.00015571,0.023200001
,,,0.00015572,0.024000001
,,,0.00015573,0.022400001
,,,0.00015574,0.023200001
,,,0.00015575,0.024000001
,,,0.00015576,0.026400002
,,,0.00015577,0.024000001
,,,0.00015578,0.024000001
,,,0.00015579,0.025600002
,,,0.0001558,0.023200001
,,,0.00015581,0.024800001
,,,0.00015582,0.022400001
,,,0.00015583,0.025600002
,,,0.00015584,0.025600002
,,,0.00015585,0.024800001
,,,0.00015586,0.024800001
,,,0.00015587,0.024000001
,,,0.00015588,0.024000001
,,,0.00015589,0.024800001
,,,0.0001559,0.024000001
,,,0.00015591,0.024000001
,,,0.00015592,0.024000001
,,,0.00015593,0.023200001
,,,0.00015594,0.024800001
,,,0.00015595,0.024800001
,,,0.00015596,0.024000001
,,,0.00015597,0.024000001
,,,0.00015598,0.024800001
,,,0.00015599,0.024800001
,,,0.000156,0.024800001
,,,0.00015601,0.024000001
,,,0.00015602,0.025600002
,,,0.00015603,0.024000001
,,,0.00015604,0.024000001
,,,0.00015605,0.024000001
,,,0.00015606,0.024000001
,,,0.00015607,0.024000001
,,,0.00015608,0.024000001
,,,0.00015609,0.024800001
,,,0.0001561,0.024000001
,,,0.00015611,0.024000001
,,,0.00015612,0.024000001
,,,0.00015613,0.024000001
,,,0.00015614,0.024800001
,,,0.00015615,0.024000001
,,,0.00015616,0.024000001
,,,0.00015617,0.023200001
,,,0.00015618,0.024000001
,,,0.00015619,0.024000001
,,,0.0001562,0.024000001
,,,0.00015621,0.024000001
,,,0.00015622,0.024000001
,,,0.00015623,0.024800001
,,,0.00015624,0.026400002
,,,0.00015625,0.024800001
,,,0.00015626,0.024800001
,,,0.00015627,0.024000001
,,,0.00015628,0.024000001
,,,0.00015629,0.024000001
,,,0.0001563,0.024000001
,,,0.00015631,0.025600002
,,,0.00015632,0.024000001
,,,0.00015633,0.024800001
,,,0.00015634,0.024800001
,,,0.00015635,0.024000001
,,,0.00015636,0.024800001
,,,0.00015637,0.023200001
,,,0.00015638,0.022400001
,,,0.00015639,0.025600002
,,,0.0001564,0.024800001
,,,0.00015641,0.024800001
,,,0.00015642,0.025600002
,,,0.00015643,0.024000001
,,,0.00015644,0.023200001
,,,0.00015645,0.024000001
,,,0.00015646,0.024000001
,,,0.00015647,0.023200001
,,,0.00015648,0.024000001
,,,0.00015649,0.024000001
,,,0.0001565,0.024000001
,,,0.00015651,0.024000001
,,,0.00015652,0.024000001
,,,0.00015653,0.023200001
,,,0.00015654,0.024800001
,,,0.00015655,0.024000001
,,,0.00015656,0.024800001
,,,0.00015657,0.024800001
,,,0.00015658,0.025600002
,,,0.00015659,0.024800001
,,,0.0001566,0.024800001
,,,0.00015661,0.024800001
,,,0.00015662,0.024000001
,,,0.00015663,0.024000001
,,,0.00015664,0.024000001
,,,0.00015665,0.024800001
,,,0.00015666,0.024000001
,,,0.00015667,0.024000001
,,,0.00015668,0.023200001
,,,0.00015669,0.024000001
,,,0.0001567,0.024000001
,,,0.00015671,0.024000001
,,,0.00015672,0.024000001
,,,0.00015673,0.024800001
,,,0.00015674,0.024000001
,,,0.00015675,0.024000001
,,,0.00015676,0.026400002
,,,0.00015677,0.023200001
,,,0.00015678,0.024000001
,,,0.00015679,0.025600002
,,,0.0001568,0.024000001
,,,0.00015681,0.024800001
,,,0.00015682,0.024000001
,,,0.00015683,0.024800001
,,,0.00015684,0.023200001
,,,0.00015685,0.024000001
,,,0.00015686,0.025600002
,,,0.00015687,0.024000001
,,,0.00015688,0.023200001
,,,0.00015689,0.024000001
,,,0.0001569,0.024000001
,,,0.00015691,0.024000001
,,,0.00015692,0.024000001
,,,0.00015693,0.024000001
,,,0.00015694,0.024000001
,,,0.00015695,0.025600002
,,,0.00015696,0.025600002
,,,0.00015697,0.024000001
,,,0.00015698,0.024800001
,,,0.00015699,0.024000001
,,,0.000157,0.024000001
,,,0.00015701,0.024000001
,,,0.00015702,0.023200001
,,,0.00015703,0.025600002
,,,0.00015704,0.023200001
,,,0.00015705,0.024000001
,,,0.00015706,0.024800001
,,,0.00015707,0.024800001
,,,0.00015708,0.024800001
,,,0.00015709,0.024000001
,,,0.0001571,0.023200001
,,,0.00015711,0.024000001
,,,0.00015712,0.024000001
,,,0.00015713,0.023200001
,,,0.00015714,0.024800001
,,,0.00015715,0.022400001
,,,0.00015716,0.023200001
,,,0.00015717,0.023200001
,,,0.00015718,0.023200001
,,,0.00015719,0.024800001
,,,0.0001572,0.023200001
,,,0.00015721,0.024000001
,,,0.00015722,0.024000001
,,,0.00015723,0.024800001
,,,0.00015724,0.024000001
,,,0.00015725,0.024000001
,,,0.00015726,0.024000001
,,,0.00015727,0.024000001
,,,0.00015728,0.024000001
,,,0.00015729,0.023200001
,,,0.0001573,0.024000001
,,,0.00015731,0.024000001
,,,0.00015732,0.026400002
,,,0.00015733,0.024000001
,,,0.00015734,0.024000001
,,,0.00015735,0.024000001
,,,0.00015736,0.024800001
,,,0.00015737,0.021600001
,,,0.00015738,0.024000001
,,,0.00015739,0.025600002
,,,0.0001574,0.025600002
,,,0.00015741,0.024000001
,,,0.00015742,0.022400001
,,,0.00015743,0.021600001
,,,0.00015744,0.022400001
,,,0.00015745,0.024000001
,,,0.00015746,0.024000001
,,,0.00015747,0.024000001
,,,0.00015748,0.023200001
,,,0.00015749,0.025600002
,,,0.0001575,0.024000001
,,,0.00015751,0.023200001
,,,0.00015752,0.025600002
,,,0.00015753,0.024800001
,,,0.00015754,0.024000001
,,,0.00015755,0.023200001
,,,0.00015756,0.024800001
,,,0.00015757,0.024000001
,,,0.00015758,0.023200001
,,,0.00015759,0.024000001
,,,0.0001576,0.024800001
,,,0.00015761,0.024800001
,,,0.00015762,0.024800001
,,,0.00015763,0.024000001
,,,0.00015764,0.024800001
,,,0.00015765,0.024800001
,,,0.00015766,0.024000001
,,,0.00015767,0.024000001
,,,0.00015768,0.023200001
,,,0.00015769,0.024800001
,,,0.0001577,0.020800001
,,,0.00015771,0.024000001
,,,0.00015772,0.024000001
,,,0.00015773,0.024800001
,,,0.00015774,0.024800001
,,,0.00015775,0.024000001
,,,0.00015776,0.024000001
,,,0.00015777,0.024000001
,,,0.00015778,0.024000001
,,,0.00015779,0.024000001
,,,0.0001578,0.024000001
,,,0.00015781,0.024000001
,,,0.00015782,0.024800001
,,,0.00015783,0.023200001
,,,0.00015784,0.024000001
,,,0.00015785,0.024000001
,,,0.00015786,0.024800001
,,,0.00015787,0.025600002
,,,0.00015788,0.024000001
,,,0.00015789,0.025600002
,,,0.0001579,0.024000001
,,,0.00015791,0.024000001
,,,0.00015792,0.023200001
,,,0.00015793,0.024800001
,,,0.00015794,0.023200001
,,,0.00015795,0.024800001
,,,0.00015796,0.026400002
,,,0.00015797,0.024000001
,,,0.00015798,0.024800001
,,,0.00015799,0.024000001
,,,0.000158,0.024000001
,,,0.00015801,0.024800001
,,,0.00015802,0.024800001
,,,0.00015803,0.024000001
,,,0.00015804,0.025600002
,,,0.00015805,0.024000001
,,,0.00015806,0.024000001
,,,0.00015807,0.023200001
,,,0.00015808,0.025600002
,,,0.00015809,0.024000001
,,,0.0001581,0.024000001
,,,0.00015811,0.024800001
,,,0.00015812,0.024800001
,,,0.00015813,0.024800001
,,,0.00015814,0.025600002
,,,0.00015815,0.025600002
,,,0.00015816,0.024800001
,,,0.00015817,0.024000001
,,,0.00015818,0.024000001
,,,0.00015819,0.024000001
,,,0.0001582,0.024800001
,,,0.00015821,0.023200001
,,,0.00015822,0.024000001
,,,0.00015823,0.025600002
,,,0.00015824,0.024800001
,,,0.00015825,0.024000001
,,,0.00015826,0.022400001
,,,0.00015827,0.024000001
,,,0.00015828,0.024000001
,,,0.00015829,0.023200001
,,,0.0001583,0.024800001
,,,0.00015831,0.024800001
,,,0.00015832,0.024000001
,,,0.00015833,0.025600002
,,,0.00015834,0.025600002
,,,0.00015835,0.023200001
,,,0.00015836,0.024000001
,,,0.00015837,0.025600002
,,,0.00015838,0.024000001
,,,0.00015839,0.024000001
,,,0.0001584,0.024800001
,,,0.00015841,0.026400002
,,,0.00015842,0.025600002
,,,0.00015843,0.023200001
,,,0.00015844,0.022400001
,,,0.00015845,0.024800001
,,,0.00015846,0.024000001
,,,0.00015847,0.024000001
,,,0.00015848,0.025600002
,,,0.00015849,0.024000001
,,,0.0001585,0.025600002
,,,0.00015851,0.024800001
,,,0.00015852,0.025600002
,,,0.00015853,0.024800001
,,,0.00015854,0.023200001
,,,0.00015855,0.024000001
,,,0.00015856,0.024000001
,,,0.00015857,0.024000001
,,,0.00015858,0.024000001
,,,0.00015859,0.024000001
,,,0.0001586,0.023200001
,,,0.00015861,0.024000001
,,,0.00015862,0.021600001
,,,0.00015863,0.025600002
,,,0.00015864,0.023200001
,,,0.00015865,0.024000001
,,,0.00015866,0.024000001
,,,0.00015867,0.024800001
,,,0.00015868,0.024000001
,,,0.00015869,0.024000001
,,,0.0001587,0.024000001
,,,0.00015871,0.024000001
,,,0.00015872,0.024800001
,,,0.00015873,0.024800001
,,,0.00015874,0.024000001
,,,0.00015875,0.024800001
,,,0.00015876,0.024800001
,,,0.00015877,0.024000001
,,,0.00015878,0.023200001
,,,0.00015879,0.024000001
,,,0.0001588,0.023200001
,,,0.00015881,0.024000001
,,,0.00015882,0.026400002
,,,0.00015883,0.022400001
,,,0.00015884,0.024000001
,,,0.00015885,0.025600002
,,,0.00015886,0.024000001
,,,0.00015887,0.023200001
,,,0.00015888,0.026400002
,,,0.00015889,0.025600002
,,,0.0001589,0.024800001
,,,0.00015891,0.024000001
,,,0.00015892,0.024000001
,,,0.00015893,0.024800001
,,,0.00015894,0.024000001
,,,0.00015895,0.024800001
,,,0.00015896,0.024000001
,,,0.00015897,0.023200001
,,,0.00015898,0.023200001
,,,0.00015899,0.025600002
,,,0.000159,0.023200001
,,,0.00015901,0.024000001
,,,0.00015902,0.026400002
,,,0.00015903,0.024000001
,,,0.00015904,0.024000001
,,,0.00015905,0.021600001
,,,0.00015906,0.024000001
,,,0.00015907,0.024000001
,,,0.00015908,0.021600001
,,,0.00015909,0.023200001
,,,0.0001591,0.024000001
,,,0.00015911,0.025600002
,,,0.00015912,0.024000001
,,,0.00015913,0.025600002
,,,0.00015914,0.021600001
,,,0.00015915,0.024000001
,,,0.00015916,0.023200001
,,,0.00015917,0.024800001
,,,0.00015918,0.025600002
,,,0.00015919,0.024000001
,,,0.0001592,0.024000001
,,,0.00015921,0.024800001
,,,0.00015922,0.024000001
,,,0.00015923,0.024000001
,,,0.00015924,0.024000001
,,,0.00015925,0.025600002
,,,0.00015926,0.024000001
,,,0.00015927,0.025600002
,,,0.00015928,0.024800001
,,,0.00015929,0.024800001
,,,0.0001593,0.025600002
,,,0.00015931,0.024000001
,,,0.00015932,0.024800001
,,,0.00015933,0.024800001
,,,0.00015934,0.024000001
,,,0.00015935,0.024000001
,,,0.00015936,0.024800001
,,,0.00015937,0.024000001
,,,0.00015938,0.024000001
,,,0.00015939,0.024000001
,,,0.0001594,0.024800001
,,,0.00015941,0.024000001
,,,0.00015942,0.024800001
,,,0.00015943,0.025600002
,,,0.00015944,0.024000001
,,,0.00015945,0.024800001
,,,0.00015946,0.024000001
,,,0.00015947,0.023200001
,,,0.00015948,0.024800001
,,,0.00015949,0.024000001
,,,0.0001595,0.024000001
,,,0.00015951,0.024000001
,,,0.00015952,0.024000001
,,,0.00015953,0.024000001
,,,0.00015954,0.024000001
,,,0.00015955,0.024800001
,,,0.00015956,0.024800001
,,,0.00015957,0.024800001
,,,0.00015958,0.024800001
,,,0.00015959,0.024000001
,,,0.0001596,0.024800001
,,,0.00015961,0.024000001
,,,0.00015962,0.024000001
,,,0.00015963,0.024000001
,,,0.00015964,0.023200001
,,,0.00015965,0.024000001
,,,0.00015966,0.025600002
,,,0.00015967,0.024000001
,,,0.00015968,0.024000001
,,,0.00015969,0.023200001
,,,0.0001597,0.024000001
,,,0.00015971,0.024000001
,,,0.00015972,0.024000001
,,,0.00015973,0.023200001
,,,0.00015974,0.024000001
,,,0.00015975,0.024000001
,,,0.00015976,0.024000001
,,,0.00015977,0.025600002
,,,0.00015978,0.024800001
,,,0.00015979,0.022400001
,,,0.0001598,0.024800001
,,,0.00015981,0.021600001
,,,0.00015982,0.024000001
,,,0.00015983,0.023200001
,,,0.00015984,0.024800001
,,,0.00015985,0.024000001
,,,0.00015986,0.024000001
,,,0.00015987,0.024000001
,,,0.00015988,0.024000001
,,,0.00015989,0.022400001
,,,0.0001599,0.023200001
,,,0.00015991,0.025600002
,,,0.00015992,0.024000001
,,,0.00015993,0.025600002
,,,0.00015994,0.024000001
,,,0.00015995,0.024000001
,,,0.00015996,0.024800001
,,,0.00015997,0.025600002
,,,0.00015998,0.025600002
,,,0.00015999,0.024000001
,,,0.00016,0.024000001
,,,0.00016001,0.024000001
,,,0.00016002,0.024800001
,,,0.00016003,0.024000001
,,,0.00016004,0.023200001
,,,0.00016005,0.024800001
,,,0.00016006,0.024000001
,,,0.00016007,0.024000001
,,,0.00016008,0.024000001
,,,0.00016009,0.025600002
,,,0.0001601,0.024800001
,,,0.00016011,0.024000001
,,,0.00016012,0.024000001
,,,0.00016013,0.022400001
,,,0.00016014,0.024800001
,,,0.00016015,0.024000001
,,,0.00016016,0.025600002
,,,0.00016017,0.024000001
,,,0.00016018,0.024000001
,,,0.00016019,0.023200001
,,,0.0001602,0.024000001
,,,0.00016021,0.024800001
,,,0.00016022,0.024800001
,,,0.00016023,0.024000001
,,,0.00016024,0.024000001
,,,0.00016025,0.024000001
,,,0.00016026,0.022400001
,,,0.00016027,0.024000001
,,,0.00016028,0.023200001
,,,0.00016029,0.025600002
,,,0.0001603,0.024000001
,,,0.00016031,0.024000001
,,,0.00016032,0.023200001
,,,0.00016033,0.024800001
,,,0.00016034,0.025600002
,,,0.00016035,0.025600002
,,,0.00016036,0.024800001
,,,0.00016037,0.024000001
,,,0.00016038,0.024000001
,,,0.00016039,0.024000001
,,,0.0001604,0.025600002
,,,0.00016041,0.026400002
,,,0.00016042,0.025600002
,,,0.00016043,0.024000001
,,,0.00016044,0.024800001
,,,0.00016045,0.024000001
,,,0.00016046,0.024800001
,,,0.00016047,0.024000001
,,,0.00016048,0.024000001
,,,0.00016049,0.024800001
,,,0.0001605,0.024800001
,,,0.00016051,0.024000001
,,,0.00016052,0.024800001
,,,0.00016053,0.023200001
,,,0.00016054,0.024000001
,,,0.00016055,0.024800001
,,,0.00016056,0.023200001
,,,0.00016057,0.026400002
,,,0.00016058,0.023200001
,,,0.00016059,0.025600002
,,,0.0001606,0.024000001
,,,0.00016061,0.023200001
,,,0.00016062,0.024000001
,,,0.00016063,0.023200001
,,,0.00016064,0.025600002
,,,0.00016065,0.024000001
,,,0.00016066,0.024000001
,,,0.00016067,0.023200001
,,,0.00016068,0.024000001
,,,0.00016069,0.024000001
,,,0.0001607,0.026400002
,,,0.00016071,0.024000001
,,,0.00016072,0.024000001
,,,0.00016073,0.024000001
,,,0.00016074,0.023200001
,,,0.00016075,0.026400002
,,,0.00016076,0.024800001
,,,0.00016077,0.025600002
,,,0.00016078,0.024800001
,,,0.00016079,0.024000001
,,,0.0001608,0.024800001
,,,0.00016081,0.024000001
,,,0.00016082,0.024000001
,,,0.00016083,0.024000001
,,,0.00016084,0.024800001
,,,0.00016085,0.024800001
,,,0.00016086,0.024000001
,,,0.00016087,0.023200001
,,,0.00016088,0.025600002
,,,0.00016089,0.024800001
,,,0.0001609,0.024000001
,,,0.00016091,0.024800001
,,,0.00016092,0.025600002
,,,0.00016093,0.024800001
,,,0.00016094,0.024800001
,,,0.00016095,0.024000001
,,,0.00016096,0.023200001
,,,0.00016097,0.023200001
,,,0.00016098,0.024800001
,,,0.00016099,0.024000001
,,,0.000161,0.024000001
,,,0.00016101,0.024000001
,,,0.00016102,0.024800001
,,,0.00016103,0.025600002
,,,0.00016104,0.025600002
,,,0.00016105,0.024000001
,,,0.00016106,0.024000001
,,,0.00016107,0.024000001
,,,0.00016108,0.025600002
,,,0.00016109,0.024800001
,,,0.0001611,0.024000001
,,,0.00016111,0.024000001
,,,0.00016112,0.025600002
,,,0.00016113,0.024000001
,,,0.00016114,0.024000001
,,,0.00016115,0.023200001
,,,0.00016116,0.023200001
,,,0.00016117,0.024000001
,,,0.00016118,0.024000001
,,,0.00016119,0.024000001
,,,0.0001612,0.024000001
,,,0.00016121,0.024000001
,,,0.00016122,0.024000001
,,,0.00016123,0.024000001
,,,0.00016124,0.024800001
,,,0.00016125,0.024000001
,,,0.00016126,0.024000001
,,,0.00016127,0.025600002
,,,0.00016128,0.024000001
,,,0.00016129,0.024000001
,,,0.0001613,0.024800001
,,,0.00016131,0.023200001
,,,0.00016132,0.025600002
,,,0.00016133,0.024800001
,,,0.00016134,0.024800001
,,,0.00016135,0.024800001
,,,0.00016136,0.024800001
,,,0.00016137,0.024000001
,,,0.00016138,0.024000001
,,,0.00016139,0.024000001
,,,0.0001614,0.024800001
,,,0.00016141,0.024000001
,,,0.00016142,0.024800001
,,,0.00016143,0.024800001
,,,0.00016144,0.027200002
,,,0.00016145,0.024000001
,,,0.00016146,0.024800001
,,,0.00016147,0.025600002
,,,0.00016148,0.024000001
,,,0.00016149,0.024800001
,,,0.0001615,0.024800001
,,,0.00016151,0.024800001
,,,0.00016152,0.024800001
,,,0.00016153,0.025600002
,,,0.00016154,0.024000001
,,,0.00016155,0.024000001
,,,0.00016156,0.024000001
,,,0.00016157,0.024800001
,,,0.00016158,0.024000001
,,,0.00016159,0.024800001
,,,0.0001616,0.024000001
,,,0.00016161,0.023200001
,,,0.00016162,0.025600002
,,,0.00016163,0.024000001
,,,0.00016164,0.024800001
,,,0.00016165,0.023200001
,,,0.00016166,0.024000001
,,,0.00016167,0.024000001
,,,0.00016168,0.023200001
,,,0.00016169,0.023200001
,,,0.0001617,0.024800001
,,,0.00016171,0.023200001
,,,0.00016172,0.023200001
,,,0.00016173,0.024000001
,,,0.00016174,0.024000001
,,,0.00016175,0.024000001
,,,0.00016176,0.024000001
,,,0.00016177,0.024000001
,,,0.00016178,0.024000001
,,,0.00016179,0.026400002
,,,0.0001618,0.023200001
,,,0.00016181,0.024000001
,,,0.00016182,0.024000001
,,,0.00016183,0.024800001
,,,0.00016184,0.024000001
,,,0.00016185,0.025600002
,,,0.00016186,0.024000001
,,,0.00016187,0.024000001
,,,0.00016188,0.024800001
,,,0.00016189,0.024000001
,,,0.0001619,0.023200001
,,,0.00016191,0.021600001
,,,0.00016192,0.024000001
,,,0.00016193,0.025600002
,,,0.00016194,0.025600002
,,,0.00016195,0.025600002
,,,0.00016196,0.024000001
,,,0.00016197,0.023200001
,,,0.00016198,0.024000001
,,,0.00016199,0.025600002
,,,0.000162,0.025600002
,,,0.00016201,0.024000001
,,,0.00016202,0.023200001
,,,0.00016203,0.023200001
,,,0.00016204,0.025600002
,,,0.00016205,0.024000001
,,,0.00016206,0.024000001
,,,0.00016207,0.024800001
,,,0.00016208,0.024000001
,,,0.00016209,0.023200001
,,,0.0001621,0.024000001
,,,0.00016211,0.024800001
,,,0.00016212,0.023200001
,,,0.00016213,0.025600002
,,,0.00016214,0.022400001
,,,0.00016215,0.024000001
,,,0.00016216,0.024800001
,,,0.00016217,0.024000001
,,,0.00016218,0.024800001
,,,0.00016219,0.024000001
,,,0.0001622,0.024000001
,,,0.00016221,0.025600002
,,,0.00016222,0.025600002
,,,0.00016223,0.024000001
,,,0.00016224,0.024800001
,,,0.00016225,0.024800001
,,,0.00016226,0.023200001
,,,0.00016227,0.024800001
,,,0.00016228,0.024000001
,,,0.00016229,0.024000001
,,,0.0001623,0.026400002
,,,0.00016231,0.024800001
,,,0.00016232,0.024000001
,,,0.00016233,0.024000001
,,,0.00016234,0.023200001
,,,0.00016235,0.023200001
,,,0.00016236,0.024800001
,,,0.00016237,0.024800001
,,,0.00016238,0.024000001
,,,0.00016239,0.024000001
,,,0.0001624,0.024000001
,,,0.00016241,0.024000001
,,,0.00016242,0.024800001
,,,0.00016243,0.022400001
,,,0.00016244,0.023200001
,,,0.00016245,0.024800001
,,,0.00016246,0.025600002
,,,0.00016247,0.024000001
,,,0.00016248,0.024000001
,,,0.00016249,0.025600002
,,,0.0001625,0.025600002
,,,0.00016251,0.024000001
,,,0.00016252,0.024800001
,,,0.00016253,0.023200001
,,,0.00016254,0.024800001
,,,0.00016255,0.024800001
,,,0.00016256,0.023200001
,,,0.00016257,0.024800001
,,,0.00016258,0.027200002
,,,0.00016259,0.024000001
,,,0.0001626,0.023200001
,,,0.00016261,0.024000001
,,,0.00016262,0.024000001
,,,0.00016263,0.024800001
,,,0.00016264,0.024800001
,,,0.00016265,0.024000001
,,,0.00016266,0.024800001
,,,0.00016267,0.024800001
,,,0.00016268,0.024800001
,,,0.00016269,0.024000001
,,,0.0001627,0.023200001
,,,0.00016271,0.024800001
,,,0.00016272,0.024800001
,,,0.00016273,0.024000001
,,,0.00016274,0.023200001
,,,0.00016275,0.025600002
,,,0.00016276,0.024800001
,,,0.00016277,0.023200001
,,,0.00016278,0.024000001
,,,0.00016279,0.024000001
,,,0.0001628,0.024000001
,,,0.00016281,0.024800001
,,,0.00016282,0.025600002
,,,0.00016283,0.024000001
,,,0.00016284,0.024000001
,,,0.00016285,0.023200001
,,,0.00016286,0.024000001
,,,0.00016287,0.025600002
,,,0.00016288,0.023200001
,,,0.00016289,0.021600001
,,,0.0001629,0.024000001
,,,0.00016291,0.024000001
,,,0.00016292,0.025600002
,,,0.00016293,0.025600002
,,,0.00016294,0.024000001
,,,0.00016295,0.024000001
,,,0.00016296,0.023200001
,,,0.00016297,0.024000001
,,,0.00016298,0.024800001
,,,0.00016299,0.024000001
,,,0.000163,0.024000001
,,,0.00016301,0.024800001
,,,0.00016302,0.024000001
,,,0.00016303,0.024000001
,,,0.00016304,0.024000001
,,,0.00016305,0.024800001
,,,0.00016306,0.024000001
,,,0.00016307,0.025600002
,,,0.00016308,0.026400002
,,,0.00016309,0.024800001
,,,0.0001631,0.026400002
,,,0.00016311,0.024800001
,,,0.00016312,0.024000001
,,,0.00016313,0.024000001
,,,0.00016314,0.024000001
,,,0.00016315,0.023200001
,,,0.00016316,0.024000001
,,,0.00016317,0.024000001
,,,0.00016318,0.024000001
,,,0.00016319,0.025600002
,,,0.0001632,0.024000001
,,,0.00016321,0.024000001
,,,0.00016322,0.024000001
,,,0.00016323,0.024000001
,,,0.00016324,0.024000001
,,,0.00016325,0.023200001
,,,0.00016326,0.024000001
,,,0.00016327,0.024000001
,,,0.00016328,0.024000001
,,,0.00016329,0.023200001
,,,0.0001633,0.024000001
,,,0.00016331,0.022400001
,,,0.00016332,0.024000001
,,,0.00016333,0.024000001
,,,0.00016334,0.024000001
,,,0.00016335,0.022400001
,,,0.00016336,0.024000001
,,,0.00016337,0.024000001
,,,0.00016338,0.024000001
,,,0.00016339,0.024800001
,,,0.0001634,0.023200001
,,,0.00016341,0.023200001
,,,0.00016342,0.024000001
,,,0.00016343,0.024000001
,,,0.00016344,0.025600002
,,,0.00016345,0.025600002
,,,0.00016346,0.024800001
,,,0.00016347,0.023200001
,,,0.00016348,0.024000001
,,,0.00016349,0.023200001
,,,0.0001635,0.026400002
,,,0.00016351,0.025600002
,,,0.00016352,0.024000001
,,,0.00016353,0.024000001
,,,0.00016354,0.023200001
,,,0.00016355,0.023200001
,,,0.00016356,0.024800001
,,,0.00016357,0.024000001
,,,0.00016358,0.024800001
,,,0.00016359,0.024800001
,,,0.0001636,0.024800001
,,,0.00016361,0.024000001
,,,0.00016362,0.024000001
,,,0.00016363,0.023200001
,,,0.00016364,0.024000001
,,,0.00016365,0.024000001
,,,0.00016366,0.024000001
,,,0.00016367,0.024000001
,,,0.00016368,0.024000001
,,,0.00016369,0.024000001
,,,0.0001637,0.024000001
,,,0.00016371,0.024800001
,,,0.00016372,0.024000001
,,,0.00016373,0.023200001
,,,0.00016374,0.024000001
,,,0.00016375,0.024000001
,,,0.00016376,0.027200002
,,,0.00016377,0.023200001
,,,0.00016378,0.024000001
,,,0.00016379,0.024000001
,,,0.0001638,0.024000001
,,,0.00016381,0.023200001
,,,0.00016382,0.023200001
,,,0.00016383,0.023200001
,,,0.00016384,0.021600001
,,,0.00016385,0.025600002
,,,0.00016386,0.022400001
,,,0.00016387,0.024000001
,,,0.00016388,0.024800001
,,,0.00016389,0.024800001
,,,0.0001639,0.024800001
,,,0.00016391,0.024800001
,,,0.00016392,0.024800001
,,,0.00016393,0.025600002
,,,0.00016394,0.021600001
,,,0.00016395,0.024800001
,,,0.00016396,0.024000001
,,,0.00016397,0.024000001
,,,0.00016398,0.024800001
,,,0.00016399,0.024000001
,,,0.000164,0.024000001
,,,0.00016401,0.023200001
,,,0.00016402,0.026400002
,,,0.00016403,0.024000001
,,,0.00016404,0.024000001
,,,0.00016405,0.024000001
,,,0.00016406,0.024000001
,,,0.00016407,0.024800001
,,,0.00016408,0.024000001
,,,0.00016409,0.024800001
,,,0.0001641,0.024800001
,,,0.00016411,0.024000001
,,,0.00016412,0.023200001
,,,0.00016413,0.023200001
,,,0.00016414,0.025600002
,,,0.00016415,0.024000001
,,,0.00016416,0.024000001
,,,0.00016417,0.024000001
,,,0.00016418,0.024000001
,,,0.00016419,0.024800001
,,,0.0001642,0.024800001
,,,0.00016421,0.025600002
,,,0.00016422,0.025600002
,,,0.00016423,0.024000001
,,,0.00016424,0.024800001
,,,0.00016425,0.023200001
,,,0.00016426,0.024800001
,,,0.00016427,0.024800001
,,,0.00016428,0.025600002
,,,0.00016429,0.023200001
,,,0.0001643,0.022400001
,,,0.00016431,0.023200001
,,,0.00016432,0.024000001
,,,0.00016433,0.024800001
,,,0.00016434,0.024000001
,,,0.00016435,0.024000001
,,,0.00016436,0.024000001
,,,0.00016437,0.024800001
,,,0.00016438,0.024800001
,,,0.00016439,0.024000001
,,,0.0001644,0.024000001
,,,0.00016441,0.025600002
,,,0.00016442,0.024800001
,,,0.00016443,0.024000001
,,,0.00016444,0.024000001
,,,0.00016445,0.024000001
,,,0.00016446,0.024000001
,,,0.00016447,0.024000001
,,,0.00016448,0.023200001
,,,0.00016449,0.024000001
,,,0.0001645,0.024800001
,,,0.00016451,0.024000001
,,,0.00016452,0.024000001
,,,0.00016453,0.024000001
,,,0.00016454,0.023200001
,,,0.00016455,0.024000001
,,,0.00016456,0.024800001
,,,0.00016457,0.024800001
,,,0.00016458,0.024800001
,,,0.00016459,0.024000001
,,,0.0001646,0.024800001
,,,0.00016461,0.023200001
,,,0.00016462,0.024800001
,,,0.00016463,0.024000001
,,,0.00016464,0.024000001
,,,0.00016465,0.024800001
,,,0.00016466,0.025600002
,,,0.00016467,0.022400001
,,,0.00016468,0.024800001
,,,0.00016469,0.024000001
,,,0.0001647,0.025600002
,,,0.00016471,0.024000001
,,,0.00016472,0.023200001
,,,0.00016473,0.024800001
,,,0.00016474,0.024000001
,,,0.00016475,0.023200001
,,,0.00016476,0.024000001
,,,0.00016477,0.024800001
,,,0.00016478,0.028000002
,,,0.00016479,0.024000001
,,,0.0001648,0.024000001
,,,0.00016481,0.024000001
,,,0.00016482,0.023200001
,,,0.00016483,0.024000001
,,,0.00016484,0.024800001
,,,0.00016485,0.024000001
,,,0.00016486,0.024000001
,,,0.00016487,0.024000001
,,,0.00016488,0.024000001
,,,0.00016489,0.023200001
,,,0.0001649,0.024000001
,,,0.00016491,0.025600002
,,,0.00016492,0.024800001
,,,0.00016493,0.023200001
,,,0.00016494,0.024000001
,,,0.00016495,0.024000001
,,,0.00016496,0.024000001
,,,0.00016497,0.025600002
,,,0.00016498,0.023200001
,,,0.00016499,0.024000001
,,,0.000165,0.023200001
,,,0.00016501,0.023200001
,,,0.00016502,0.024800001
,,,0.00016503,0.024000001
,,,0.00016504,0.024800001
,,,0.00016505,0.023200001
,,,0.00016506,0.024800001
,,,0.00016507,0.024800001
,,,0.00016508,0.024800001
,,,0.00016509,0.024800001
,,,0.0001651,0.025600002
,,,0.00016511,0.024800001
,,,0.00016512,0.023200001
,,,0.00016513,0.025600002
,,,0.00016514,0.024000001
,,,0.00016515,0.024000001
,,,0.00016516,0.024800001
,,,0.00016517,0.024000001
,,,0.00016518,0.024000001
,,,0.00016519,0.025600002
,,,0.0001652,0.023200001
,,,0.00016521,0.026400002
,,,0.00016522,0.023200001
,,,0.00016523,0.024000001
,,,0.00016524,0.024000001
,,,0.00016525,0.024000001
,,,0.00016526,0.023200001
,,,0.00016527,0.024000001
,,,0.00016528,0.024000001
,,,0.00016529,0.024000001
,,,0.0001653,0.025600002
,,,0.00016531,0.024800001
,,,0.00016532,0.022400001
,,,0.00016533,0.024000001
,,,0.00016534,0.025600002
,,,0.00016535,0.024000001
,,,0.00016536,0.024000001
,,,0.00016537,0.024800001
,,,0.00016538,0.026400002
,,,0.00016539,0.024000001
,,,0.0001654,0.024800001
,,,0.00016541,0.024800001
,,,0.00016542,0.024000001
,,,0.00016543,0.024000001
,,,0.00016544,0.023200001
,,,0.00016545,0.024800001
,,,0.00016546,0.021600001
,,,0.00016547,0.024000001
,,,0.00016548,0.024800001
,,,0.00016549,0.024000001
,,,0.0001655,0.024000001
,,,0.00016551,0.021600001
,,,0.00016552,0.023200001
,,,0.00016553,0.023200001
,,,0.00016554,0.024000001
,,,0.00016555,0.024000001
,,,0.00016556,0.024000001
,,,0.00016557,0.024000001
,,,0.00016558,0.024000001
,,,0.00016559,0.021600001
,,,0.0001656,0.024800001
,,,0.00016561,0.024000001
,,,0.00016562,0.024000001
,,,0.00016563,0.024000001
,,,0.00016564,0.024000001
,,,0.00016565,0.024000001
,,,0.00016566,0.024000001
,,,0.00016567,0.025600002
,,,0.00016568,0.022400001
,,,0.00016569,0.023200001
,,,0.0001657,0.025600002
,,,0.00016571,0.024000001
,,,0.00016572,0.025600002
,,,0.00016573,0.022400001
,,,0.00016574,0.024000001
,,,0.00016575,0.024000001
,,,0.00016576,0.024000001
,,,0.00016577,0.023200001
,,,0.00016578,0.023200001
,,,0.00016579,0.024800001
,,,0.0001658,0.024000001
,,,0.00016581,0.024000001
,,,0.00016582,0.024000001
,,,0.00016583,0.025600002
,,,0.00016584,0.024800001
,,,0.00016585,0.024800001
,,,0.00016586,0.025600002
,,,0.00016587,0.024000001
,,,0.00016588,0.025600002
,,,0.00016589,0.024000001
,,,0.0001659,0.024800001
,,,0.00016591,0.024800001
,,,0.00016592,0.022400001
,,,0.00016593,0.024000001
,,,0.00016594,0.024000001
,,,0.00016595,0.024000001
,,,0.00016596,0.024000001
,,,0.00016597,0.024000001
,,,0.00016598,0.024800001
,,,0.00016599,0.023200001
,,,0.000166,0.024000001
,,,0.00016601,0.024000001
,,,0.00016602,0.024000001
,,,0.00016603,0.024000001
,,,0.00016604,0.024000001
,,,0.00016605,0.024000001
,,,0.00016606,0.026400002
,,,0.00016607,0.023200001
,,,0.00016608,0.025600002
,,,0.00016609,0.024800001
,,,0.0001661,0.024800001
,,,0.00016611,0.024000001
,,,0.00016612,0.024000001
,,,0.00016613,0.024000001
,,,0.00016614,0.024000001
,,,0.00016615,0.024800001
,,,0.00016616,0.026400002
,,,0.00016617,0.024800001
,,,0.00016618,0.024000001
,,,0.00016619,0.024000001
,,,0.0001662,0.024000001
,,,0.00016621,0.024800001
,,,0.00016622,0.024000001
,,,0.00016623,0.024800001
,,,0.00016624,0.024000001
,,,0.00016625,0.023200001
,,,0.00016626,0.024000001
,,,0.00016627,0.024800001
,,,0.00016628,0.024800001
,,,0.00016629,0.024800001
,,,0.0001663,0.024000001
,,,0.00016631,0.025600002
,,,0.00016632,0.024000001
,,,0.00016633,0.024800001
,,,0.00016634,0.024800001
,,,0.00016635,0.024000001
,,,0.00016636,0.024800001
,,,0.00016637,0.023200001
,,,0.00016638,0.026400002
,,,0.00016639,0.024000001
,,,0.0001664,0.024800001
,,,0.00016641,0.024800001
,,,0.00016642,0.024000001
,,,0.00016643,0.023200001
,,,0.00016644,0.025600002
,,,0.00016645,0.025600002
,,,0.00016646,0.024000001
,,,0.00016647,0.024000001
,,,0.00016648,0.024000001
,,,0.00016649,0.023200001
,,,0.0001665,0.023200001
,,,0.00016651,0.024000001
,,,0.00016652,0.024000001
,,,0.00016653,0.021600001
,,,0.00016654,0.024000001
,,,0.00016655,0.024000001
,,,0.00016656,0.026400002
,,,0.00016657,0.024800001
,,,0.00016658,0.024000001
,,,0.00016659,0.024000001
,,,0.0001666,0.024000001
,,,0.00016661,0.024000001
,,,0.00016662,0.024000001
,,,0.00016663,0.024800001
,,,0.00016664,0.024000001
,,,0.00016665,0.024000001
,,,0.00016666,0.024000001
,,,0.00016667,0.025600002
,,,0.00016668,0.024800001
,,,0.00016669,0.024800001
,,,0.0001667,0.024000001
,,,0.00016671,0.024000001
,,,0.00016672,0.024000001
,,,0.00016673,0.024000001
,,,0.00016674,0.024000001
,,,0.00016675,0.025600002
,,,0.00016676,0.025600002
,,,0.00016677,0.024800001
,,,0.00016678,0.023200001
,,,0.00016679,0.024800001
,,,0.0001668,0.024000001
,,,0.00016681,0.024800001
,,,0.00016682,0.024000001
,,,0.00016683,0.023200001
,,,0.00016684,0.024000001
,,,0.00016685,0.025600002
,,,0.00016686,0.024800001
,,,0.00016687,0.024000001
,,,0.00016688,0.023200001
,,,0.00016689,0.024000001
,,,0.0001669,0.024000001
,,,0.00016691,0.023200001
,,,0.00016692,0.024800001
,,,0.00016693,0.023200001
,,,0.00016694,0.024000001
,,,0.00016695,0.024000001
,,,0.00016696,0.024800001
,,,0.00016697,0.024000001
,,,0.00016698,0.024000001
,,,0.00016699,0.024000001
,,,0.000167,0.024000001
,,,0.00016701,0.024000001
,,,0.00016702,0.024000001
,,,0.00016703,0.024000001
,,,0.00016704,0.023200001
,,,0.00016705,0.024800001
,,,0.00016706,0.024000001
,,,0.00016707,0.024800001
,,,0.00016708,0.024000001
,,,0.00016709,0.023200001
,,,0.0001671,0.024000001
,,,0.00016711,0.024000001
,,,0.00016712,0.024800001
,,,0.00016713,0.024800001
,,,0.00016714,0.024800001
,,,0.00016715,0.024000001
,,,0.00016716,0.024800001
,,,0.00016717,0.024800001
,,,0.00016718,0.023200001
,,,0.00016719,0.025600002
,,,0.0001672,0.022400001
,,,0.00016721,0.024800001
,,,0.00016722,0.024000001
,,,0.00016723,0.023200001
,,,0.00016724,0.024000001
,,,0.00016725,0.023200001
,,,0.00016726,0.025600002
,,,0.00016727,0.023200001
,,,0.00016728,0.024000001
,,,0.00016729,0.024000001
,,,0.0001673,0.024000001
,,,0.00016731,0.024800001
,,,0.00016732,0.024000001
,,,0.00016733,0.024000001
,,,0.00016734,0.024000001
,,,0.00016735,0.023200001
,,,0.00016736,0.025600002
,,,0.00016737,0.024000001
,,,0.00016738,0.024800001
,,,0.00016739,0.024000001
,,,0.0001674,0.024000001
,,,0.00016741,0.024800001
,,,0.00016742,0.024000001
,,,0.00016743,0.024800001
,,,0.00016744,0.023200001
,,,0.00016745,0.024800001
,,,0.00016746,0.024800001
,,,0.00016747,0.024000001
,,,0.00016748,0.024800001
,,,0.00016749,0.024800001
,,,0.0001675,0.024000001
,,,0.00016751,0.025600002
,,,0.00016752,0.024800001
,,,0.00016753,0.024800001
,,,0.00016754,0.023200001
,,,0.00016755,0.024800001
,,,0.00016756,0.024800001
,,,0.00016757,0.024000001
,,,0.00016758,0.024000001
,,,0.00016759,0.024000001
,,,0.0001676,0.024800001
,,,0.00016761,0.023200001
,,,0.00016762,0.023200001
,,,0.00016763,0.027200002
,,,0.00016764,0.025600002
,,,0.00016765,0.024000001
,,,0.00016766,0.024000001
,,,0.00016767,0.024000001
,,,0.00016768,0.024000001
,,,0.00016769,0.022400001
,,,0.0001677,0.025600002
,,,0.00016771,0.024000001
,,,0.00016772,0.024800001
,,,0.00016773,0.024000001
,,,0.00016774,0.024000001
,,,0.00016775,0.024000001
,,,0.00016776,0.025600002
,,,0.00016777,0.024800001
,,,0.00016778,0.024000001
,,,0.00016779,0.024000001
,,,0.0001678,0.025600002
,,,0.00016781,0.022400001
,,,0.00016782,0.024000001
,,,0.00016783,0.024000001
,,,0.00016784,0.024800001
,,,0.00016785,0.024000001
,,,0.00016786,0.023200001
,,,0.00016787,0.024000001
,,,0.00016788,0.024800001
,,,0.00016789,0.024000001
,,,0.0001679,0.024000001
,,,0.00016791,0.025600002
,,,0.00016792,0.023200001
,,,0.00016793,0.024800001
,,,0.00016794,0.025600002
,,,0.00016795,0.024800001
,,,0.00016796,0.024800001
,,,0.00016797,0.024000001
,,,0.00016798,0.024000001
,,,0.00016799,0.024000001
,,,0.000168,0.024000001
,,,0.00016801,0.024000001
,,,0.00016802,0.024000001
,,,0.00016803,0.024000001
,,,0.00016804,0.025600002
,,,0.00016805,0.024000001
,,,0.00016806,0.024000001
,,,0.00016807,0.025600002
,,,0.00016808,0.022400001
,,,0.00016809,0.023200001
,,,0.0001681,0.023200001
,,,0.00016811,0.024000001
,,,0.00016812,0.024000001
,,,0.00016813,0.024800001
,,,0.00016814,0.024800001
,,,0.00016815,0.023200001
,,,0.00016816,0.024800001
,,,0.00016817,0.023200001
,,,0.00016818,0.023200001
,,,0.00016819,0.024000001
,,,0.0001682,0.025600002
,,,0.00016821,0.024000001
,,,0.00016822,0.024000001
,,,0.00016823,0.024000001
,,,0.00016824,0.024000001
,,,0.00016825,0.024800001
,,,0.00016826,0.023200001
,,,0.00016827,0.024800001
,,,0.00016828,0.024800001
,,,0.00016829,0.024000001
,,,0.0001683,0.025600002
,,,0.00016831,0.024800001
,,,0.00016832,0.024000001
,,,0.00016833,0.023200001
,,,0.00016834,0.024800001
,,,0.00016835,0.025600002
,,,0.00016836,0.024000001
,,,0.00016837,0.023200001
,,,0.00016838,0.024800001
,,,0.00016839,0.024800001
,,,0.0001684,0.024800001
,,,0.00016841,0.024000001
,,,0.00016842,0.023200001
,,,0.00016843,0.024000001
,,,0.00016844,0.023200001
,,,0.00016845,0.024000001
,,,0.00016846,0.024000001
,,,0.00016847,0.024800001
,,,0.00016848,0.024800001
,,,0.00016849,0.023200001
,,,0.0001685,0.021600001
,,,0.00016851,0.025600002
,,,0.00016852,0.024000001
,,,0.00016853,0.025600002
,,,0.00016854,0.025600002
,,,0.00016855,0.025600002
,,,0.00016856,0.024000001
,,,0.00016857,0.024800001
,,,0.00016858,0.024000001
,,,0.00016859,0.024000001
,,,0.0001686,0.025600002
,,,0.00016861,0.024000001
,,,0.00016862,0.024000001
,,,0.00016863,0.023200001
,,,0.00016864,0.024000001
,,,0.00016865,0.024000001
,,,0.00016866,0.024000001
,,,0.00016867,0.024000001
,,,0.00016868,0.022400001
,,,0.00016869,0.023200001
,,,0.0001687,0.023200001
,,,0.00016871,0.025600002
,,,0.00016872,0.025600002
,,,0.00016873,0.024800001
,,,0.00016874,0.024000001
,,,0.00016875,0.023200001
,,,0.00016876,0.024000001
,,,0.00016877,0.025600002
,,,0.00016878,0.024800001
,,,0.00016879,0.024000001
,,,0.0001688,0.024000001
,,,0.00016881,0.024800001
,,,0.00016882,0.024800001
,,,0.00016883,0.025600002
,,,0.00016884,0.023200001
,,,0.00016885,0.022400001
,,,0.00016886,0.024800001
,,,0.00016887,0.024000001
,,,0.00016888,0.024800001
,,,0.00016889,0.024000001
,,,0.0001689,0.026400002
,,,0.00016891,0.024000001
,,,0.00016892,0.022400001
,,,0.00016893,0.024000001
,,,0.00016894,0.024000001
,,,0.00016895,0.024000001
,,,0.00016896,0.024000001
,,,0.00016897,0.024000001
,,,0.00016898,0.024000001
,,,0.00016899,0.024800001
,,,0.000169,0.024800001
,,,0.00016901,0.024000001
,,,0.00016902,0.024800001
,,,0.00016903,0.024800001
,,,0.00016904,0.026400002
,,,0.00016905,0.024800001
,,,0.00016906,0.024000001
,,,0.00016907,0.021600001
,,,0.00016908,0.024800001
,,,0.00016909,0.024000001
,,,0.0001691,0.024000001
,,,0.00016911,0.024800001
,,,0.00016912,0.024000001
,,,0.00016913,0.024000001
,,,0.00016914,0.024000001
,,,0.00016915,0.022400001
,,,0.00016916,0.023200001
,,,0.00016917,0.024000001
,,,0.00016918,0.024000001
,,,0.00016919,0.024800001
,,,0.0001692,0.024000001
,,,0.00016921,0.024000001
,,,0.00016922,0.023200001
,,,0.00016923,0.024000001
,,,0.00016924,0.024800001
,,,0.00016925,0.023200001
,,,0.00016926,0.024000001
,,,0.00016927,0.026400002
,,,0.00016928,0.023200001
,,,0.00016929,0.024000001
,,,0.0001693,0.024800001
,,,0.00016931,0.024000001
,,,0.00016932,0.024800001
,,,0.00016933,0.023200001
,,,0.00016934,0.024800001
,,,0.00016935,0.023200001
,,,0.00016936,0.023200001
,,,0.00016937,0.024000001
,,,0.00016938,0.024800001
,,,0.00016939,0.023200001
,,,0.0001694,0.024800001
,,,0.00016941,0.024800001
,,,0.00016942,0.024000001
,,,0.00016943,0.024000001
,,,0.00016944,0.023200001
,,,0.00016945,0.025600002
,,,0.00016946,0.025600002
,,,0.00016947,0.024800001
,,,0.00016948,0.024000001
,,,0.00016949,0.024800001
,,,0.0001695,0.024800001
,,,0.00016951,0.024000001
,,,0.00016952,0.024800001
,,,0.00016953,0.024000001
,,,0.00016954,0.024000001
,,,0.00016955,0.024800001
,,,0.00016956,0.023200001
,,,0.00016957,0.024000001
,,,0.00016958,0.024800001
,,,0.00016959,0.023200001
,,,0.0001696,0.024000001
,,,0.00016961,0.025600002
,,,0.00016962,0.022400001
,,,0.00016963,0.024000001
,,,0.00016964,0.025600002
,,,0.00016965,0.024000001
,,,0.00016966,0.024000001
,,,0.00016967,0.024800001
,,,0.00016968,0.024800001
,,,0.00016969,0.023200001
,,,0.0001697,0.024000001
,,,0.00016971,0.024000001
,,,0.00016972,0.024000001
,,,0.00016973,0.024000001
,,,0.00016974,0.024000001
,,,0.00016975,0.025600002
,,,0.00016976,0.024800001
,,,0.00016977,0.024000001
,,,0.00016978,0.024800001
,,,0.00016979,0.024000001
,,,0.0001698,0.024800001
,,,0.00016981,0.024800001
,,,0.00016982,0.023200001
,,,0.00016983,0.021600001
,,,0.00016984,0.025600002
,,,0.00016985,0.024000001
,,,0.00016986,0.025600002
,,,0.00016987,0.024000001
,,,0.00016988,0.025600002
,,,0.00016989,0.024000001
,,,0.0001699,0.024800001
,,,0.00016991,0.024000001
,,,0.00016992,0.024000001
,,,0.00016993,0.024000001
,,,0.00016994,0.024800001
,,,0.00016995,0.024000001
,,,0.00016996,0.025600002
,,,0.00016997,0.023200001
,,,0.00016998,0.023200001
,,,0.00016999,0.024000001
,,,0.00017,0.023200001
,,,0.00017001,0.024000001
,,,0.00017002,0.025600002
,,,0.00017003,0.023200001
,,,0.00017004,0.024000001
,,,0.00017005,0.024000001
,,,0.00017006,0.024000001
,,,0.00017007,0.024000001
,,,0.00017008,0.024800001
,,,0.00017009,0.024800001
,,,0.0001701,0.024000001
,,,0.00017011,0.024800001
,,,0.00017012,0.023200001
,,,0.00017013,0.024000001
,,,0.00017014,0.024800001
,,,0.00017015,0.024800001
,,,0.00017016,0.024000001
,,,0.00017017,0.025600002
,,,0.00017018,0.024800001
,,,0.00017019,0.024800001
,,,0.0001702,0.024000001
,,,0.00017021,0.022400001
,,,0.00017022,0.024000001
,,,0.00017023,0.024800001
,,,0.00017024,0.023200001
,,,0.00017025,0.024800001
,,,0.00017026,0.024800001
,,,0.00017027,0.025600002
,,,0.00017028,0.022400001
,,,0.00017029,0.023200001
,,,0.0001703,0.024000001
,,,0.00017031,0.025600002
,,,0.00017032,0.023200001
,,,0.00017033,0.025600002
,,,0.00017034,0.024000001
,,,0.00017035,0.024800001
,,,0.00017036,0.024000001
,,,0.00017037,0.024000001
,,,0.00017038,0.024000001
,,,0.00017039,0.024000001
,,,0.0001704,0.025600002
,,,0.00017041,0.023200001
,,,0.00017042,0.024800001
,,,0.00017043,0.024000001
,,,0.00017044,0.024000001
,,,0.00017045,0.024000001
,,,0.00017046,0.026400002
,,,0.00017047,0.022400001
,,,0.00017048,0.024800001
,,,0.00017049,0.024000001
,,,0.0001705,0.024000001
,,,0.00017051,0.024800001
,,,0.00017052,0.024800001
,,,0.00017053,0.024000001
,,,0.00017054,0.024000001
,,,0.00017055,0.024800001
,,,0.00017056,0.024000001
,,,0.00017057,0.024000001
,,,0.00017058,0.022400001
,,,0.00017059,0.024800001
,,,0.0001706,0.024000001
,,,0.00017061,0.024000001
,,,0.00017062,0.024800001
,,,0.00017063,0.024800001
,,,0.00017064,0.023200001
,,,0.00017065,0.024000001
,,,0.00017066,0.024000001
,,,0.00017067,0.024800001
,,,0.00017068,0.023200001
,,,0.00017069,0.024000001
,,,0.0001707,0.024000001
,,,0.00017071,0.023200001
,,,0.00017072,0.025600002
,,,0.00017073,0.024000001
,,,0.00017074,0.024800001
,,,0.00017075,0.023200001
,,,0.00017076,0.024000001
,,,0.00017077,0.024800001
,,,0.00017078,0.023200001
,,,0.00017079,0.024000001
,,,0.0001708,0.025600002
,,,0.00017081,0.025600002
,,,0.00017082,0.024000001
,,,0.00017083,0.025600002
,,,0.00017084,0.023200001
,,,0.00017085,0.026400002
,,,0.00017086,0.024000001
,,,0.00017087,0.024000001
,,,0.00017088,0.022400001
,,,0.00017089,0.023200001
,,,0.0001709,0.025600002
,,,0.00017091,0.024000001
,,,0.00017092,0.024000001
,,,0.00017093,0.024000001
,,,0.00017094,0.024000001
,,,0.00017095,0.025600002
,,,0.00017096,0.023200001
,,,0.00017097,0.023200001
,,,0.00017098,0.025600002
,,,0.00017099,0.024000001
,,,0.000171,0.024000001
,,,0.00017101,0.024000001
,,,0.00017102,0.024800001
,,,0.00017103,0.024800001
,,,0.00017104,0.025600002
,,,0.00017105,0.023200001
,,,0.00017106,0.024000001
,,,0.00017107,0.024800001
,,,0.00017108,0.025600002
,,,0.00017109,0.024000001
,,,0.0001711,0.025600002
,,,0.00017111,0.024800001
,,,0.00017112,0.024000001
,,,0.00017113,0.025600002
,,,0.00017114,0.023200001
,,,0.00017115,0.024000001
,,,0.00017116,0.028000002
,,,0.00017117,0.022400001
,,,0.00017118,0.024800001
,,,0.00017119,0.024800001
,,,0.0001712,0.024000001
,,,0.00017121,0.024000001
,,,0.00017122,0.024000001
,,,0.00017123,0.023200001
,,,0.00017124,0.024000001
,,,0.00017125,0.024000001
,,,0.00017126,0.023200001
,,,0.00017127,0.023200001
,,,0.00017128,0.025600002
,,,0.00017129,0.023200001
,,,0.0001713,0.023200001
,,,0.00017131,0.023200001
,,,0.00017132,0.024800001
,,,0.00017133,0.023200001
,,,0.00017134,0.025600002
,,,0.00017135,0.024000001
,,,0.00017136,0.024800001
,,,0.00017137,0.023200001
,,,0.00017138,0.025600002
,,,0.00017139,0.024800001
,,,0.0001714,0.026400002
,,,0.00017141,0.023200001
,,,0.00017142,0.022400001
,,,0.00017143,0.025600002
,,,0.00017144,0.023200001
,,,0.00017145,0.023200001
,,,0.00017146,0.023200001
,,,0.00017147,0.024000001
,,,0.00017148,0.024000001
,,,0.00017149,0.025600002
,,,0.0001715,0.024800001
,,,0.00017151,0.023200001
,,,0.00017152,0.024000001
,,,0.00017153,0.023200001
,,,0.00017154,0.025600002
,,,0.00017155,0.024000001
,,,0.00017156,0.023200001
,,,0.00017157,0.024000001
,,,0.00017158,0.024000001
,,,0.00017159,0.024000001
,,,0.0001716,0.024000001
,,,0.00017161,0.023200001
,,,0.00017162,0.024000001
,,,0.00017163,0.024800001
,,,0.00017164,0.026400002
,,,0.00017165,0.024000001
,,,0.00017166,0.025600002
,,,0.00017167,0.024800001
,,,0.00017168,0.024800001
,,,0.00017169,0.024800001
,,,0.0001717,0.026400002
,,,0.00017171,0.025600002
,,,0.00017172,0.024800001
,,,0.00017173,0.024000001
,,,0.00017174,0.024000001
,,,0.00017175,0.024000001
,,,0.00017176,0.024000001
,,,0.00017177,0.024800001
,,,0.00017178,0.022400001
,,,0.00017179,0.024000001
,,,0.0001718,0.024000001
,,,0.00017181,0.024800001
,,,0.00017182,0.024800001
,,,0.00017183,0.023200001
,,,0.00017184,0.024000001
,,,0.00017185,0.025600002
,,,0.00017186,0.025600002
,,,0.00017187,0.024800001
,,,0.00017188,0.023200001
,,,0.00017189,0.024000001
,,,0.0001719,0.024800001
,,,0.00017191,0.023200001
,,,0.00017192,0.024000001
,,,0.00017193,0.023200001
,,,0.00017194,0.024800001
,,,0.00017195,0.023200001
,,,0.00017196,0.024000001
,,,0.00017197,0.024000001
,,,0.00017198,0.024800001
,,,0.00017199,0.024000001
,,,0.000172,0.025600002
,,,0.00017201,0.024800001
,,,0.00017202,0.024000001
,,,0.00017203,0.025600002
,,,0.00017204,0.023200001
,,,0.00017205,0.024000001
,,,0.00017206,0.025600002
,,,0.00017207,0.025600002
,,,0.00017208,0.024000001
,,,0.00017209,0.025600002
,,,0.0001721,0.024000001
,,,0.00017211,0.024800001
,,,0.00017212,0.022400001
,,,0.00017213,0.025600002
,,,0.00017214,0.024800001
,,,0.00017215,0.023200001
,,,0.00017216,0.024000001
,,,0.00017217,0.025600002
,,,0.00017218,0.025600002
,,,0.00017219,0.024000001
,,,0.0001722,0.024000001
,,,0.00017221,0.024000001
,,,0.00017222,0.024800001
,,,0.00017223,0.023200001
,,,0.00017224,0.024000001
,,,0.00017225,0.025600002
,,,0.00017226,0.023200001
,,,0.00017227,0.024800001
,,,0.00017228,0.024800001
,,,0.00017229,0.024000001
,,,0.0001723,0.024000001
,,,0.00017231,0.023200001
,,,0.00017232,0.024000001
,,,0.00017233,0.025600002
,,,0.00017234,0.023200001
,,,0.00017235,0.024000001
,,,0.00017236,0.025600002
,,,0.00017237,0.025600002
,,,0.00017238,0.024800001
,,,0.00017239,0.024000001
,,,0.0001724,0.024800001
,,,0.00017241,0.023200001
,,,0.00017242,0.024800001
,,,0.00017243,0.024800001
,,,0.00017244,0.024800001
,,,0.00017245,0.025600002
,,,0.00017246,0.024000001
,,,0.00017247,0.024000001
,,,0.00017248,0.024000001
,,,0.00017249,0.024000001
,,,0.0001725,0.024000001
,,,0.00017251,0.024000001
,,,0.00017252,0.024800001
,,,0.00017253,0.022400001
,,,0.00017254,0.024000001
,,,0.00017255,0.024800001
,,,0.00017256,0.024000001
,,,0.00017257,0.024000001
,,,0.00017258,0.025600002
,,,0.00017259,0.024000001
,,,0.0001726,0.024800001
,,,0.00017261,0.025600002
,,,0.00017262,0.024000001
,,,0.00017263,0.024000001
,,,0.00017264,0.024800001
,,,0.00017265,0.024000001
,,,0.00017266,0.024000001
,,,0.00017267,0.024000001
,,,0.00017268,0.024000001
,,,0.00017269,0.025600002
,,,0.0001727,0.024800001
,,,0.00017271,0.023200001
,,,0.00017272,0.024000001
,,,0.00017273,0.024800001
,,,0.00017274,0.023200001
,,,0.00017275,0.024800001
,,,0.00017276,0.024000001
,,,0.00017277,0.024000001
,,,0.00017278,0.025600002
,,,0.00017279,0.024000001
,,,0.0001728,0.024000001
,,,0.00017281,0.024000001
,,,0.00017282,0.024000001
,,,0.00017283,0.024000001
,,,0.00017284,0.024000001
,,,0.00017285,0.023200001
,,,0.00017286,0.024000001
,,,0.00017287,0.024000001
,,,0.00017288,0.024000001
,,,0.00017289,0.024000001
,,,0.0001729,0.024000001
,,,0.00017291,0.023200001
,,,0.00017292,0.024800001
,,,0.00017293,0.023200001
,,,0.00017294,0.025600002
,,,0.00017295,0.022400001
,,,0.00017296,0.023200001
,,,0.00017297,0.025600002
,,,0.00017298,0.024800001
,,,0.00017299,0.025600002
,,,0.000173,0.024000001
,,,0.00017301,0.022400001
,,,0.00017302,0.024800001
,,,0.00017303,0.024000001
,,,0.00017304,0.024000001
,,,0.00017305,0.024000001
,,,0.00017306,0.024000001
,,,0.00017307,0.024000001
,,,0.00017308,0.024000001
,,,0.00017309,0.024000001
,,,0.0001731,0.024800001
,,,0.00017311,0.024000001
,,,0.00017312,0.024000001
,,,0.00017313,0.022400001
,,,0.00017314,0.024000001
,,,0.00017315,0.024000001
,,,0.00017316,0.024800001
,,,0.00017317,0.024000001
,,,0.00017318,0.024000001
,,,0.00017319,0.023200001
,,,0.0001732,0.024000001
,,,0.00017321,0.024000001
,,,0.00017322,0.025600002
,,,0.00017323,0.024000001
,,,0.00017324,0.024000001
,,,0.00017325,0.024800001
,,,0.00017326,0.024000001
,,,0.00017327,0.024800001
,,,0.00017328,0.024000001
,,,0.00017329,0.024000001
,,,0.0001733,0.024000001
,,,0.00017331,0.023200001
,,,0.00017332,0.023200001
,,,0.00017333,0.023200001
,,,0.00017334,0.026400002
,,,0.00017335,0.024800001
,,,0.00017336,0.024000001
,,,0.00017337,0.024000001
,,,0.00017338,0.025600002
,,,0.00017339,0.024800001
,,,0.0001734,0.025600002
,,,0.00017341,0.026400002
,,,0.00017342,0.023200001
,,,0.00017343,0.023200001
,,,0.00017344,0.025600002
,,,0.00017345,0.024000001
,,,0.00017346,0.024000001
,,,0.00017347,0.024000001
,,,0.00017348,0.024800001
,,,0.00017349,0.024800001
,,,0.0001735,0.024000001
,,,0.00017351,0.023200001
,,,0.00017352,0.024000001
,,,0.00017353,0.024800001
,,,0.00017354,0.023200001
,,,0.00017355,0.023200001
,,,0.00017356,0.024800001
,,,0.00017357,0.024800001
,,,0.00017358,0.024000001
,,,0.00017359,0.024800001
,,,0.0001736,0.024000001
,,,0.00017361,0.024800001
,,,0.00017362,0.022400001
,,,0.00017363,0.024000001
,,,0.00017364,0.024000001
,,,0.00017365,0.023200001
,,,0.00017366,0.024000001
,,,0.00017367,0.024000001
,,,0.00017368,0.024800001
,,,0.00017369,0.024000001
,,,0.0001737,0.024800001
,,,0.00017371,0.024800001
,,,0.00017372,0.024800001
,,,0.00017373,0.024800001
,,,0.00017374,0.025600002
,,,0.00017375,0.025600002
,,,0.00017376,0.024000001
,,,0.00017377,0.024800001
,,,0.00017378,0.023200001
,,,0.00017379,0.024000001
,,,0.0001738,0.024800001
,,,0.00017381,0.024800001
,,,0.00017382,0.024000001
,,,0.00017383,0.025600002
,,,0.00017384,0.024000001
,,,0.00017385,0.024800001
,,,0.00017386,0.024800001
,,,0.00017387,0.024000001
,,,0.00017388,0.024000001
,,,0.00017389,0.025600002
,,,0.0001739,0.024800001
,,,0.00017391,0.023200001
,,,0.00017392,0.024800001
,,,0.00017393,0.024000001
,,,0.00017394,0.024800001
,,,0.00017395,0.027200002
,,,0.00017396,0.025600002
,,,0.00017397,0.024000001
,,,0.00017398,0.026400002
,,,0.00017399,0.024000001
,,,0.000174,0.024000001
,,,0.00017401,0.024000001
,,,0.00017402,0.025600002
,,,0.00017403,0.024000001
,,,0.00017404,0.024800001
,,,0.00017405,0.024000001
,,,0.00017406,0.024800001
,,,0.00017407,0.024800001
,,,0.00017408,0.023200001
,,,0.00017409,0.025600002
,,,0.0001741,0.024800001
,,,0.00017411,0.024800001
,,,0.00017412,0.024000001
,,,0.00017413,0.024800001
,,,0.00017414,0.024000001
,,,0.00017415,0.024000001
,,,0.00017416,0.024000001
,,,0.00017417,0.024000001
,,,0.00017418,0.024000001
,,,0.00017419,0.024000001
,,,0.0001742,0.024800001
,,,0.00017421,0.024000001
,,,0.00017422,0.024000001
,,,0.00017423,0.024000001
,,,0.00017424,0.023200001
,,,0.00017425,0.024000001
,,,0.00017426,0.024800001
,,,0.00017427,0.024000001
,,,0.00017428,0.024800001
,,,0.00017429,0.024000001
,,,0.0001743,0.024000001
,,,0.00017431,0.024000001
,,,0.00017432,0.024800001
,,,0.00017433,0.024800001
,,,0.00017434,0.024800001
,,,0.00017435,0.023200001
,,,0.00017436,0.024800001
,,,0.00017437,0.024000001
,,,0.00017438,0.024000001
,,,0.00017439,0.024000001
,,,0.0001744,0.024000001
,,,0.00017441,0.025600002
,,,0.00017442,0.024000001
,,,0.00017443,0.025600002
,,,0.00017444,0.024800001
,,,0.00017445,0.024800001
,,,0.00017446,0.024000001
,,,0.00017447,0.024800001
,,,0.00017448,0.025600002
,,,0.00017449,0.025600002
,,,0.0001745,0.024000001
,,,0.00017451,0.024800001
,,,0.00017452,0.024800001
,,,0.00017453,0.024000001
,,,0.00017454,0.024000001
,,,0.00017455,0.024000001
,,,0.00017456,0.024800001
,,,0.00017457,0.023200001
,,,0.00017458,0.024000001
,,,0.00017459,0.024000001
,,,0.0001746,0.024800001
,,,0.00017461,0.023200001
,,,0.00017462,0.024800001
,,,0.00017463,0.024000001
,,,0.00017464,0.023200001
,,,0.00017465,0.023200001
,,,0.00017466,0.025600002
,,,0.00017467,0.024000001
,,,0.00017468,0.022400001
,,,0.00017469,0.024000001
,,,0.0001747,0.024000001
,,,0.00017471,0.023200001
,,,0.00017472,0.024000001
,,,0.00017473,0.025600002
,,,0.00017474,0.025600002
,,,0.00017475,0.024800001
,,,0.00017476,0.024000001
,,,0.00017477,0.024800001
,,,0.00017478,0.023200001
,,,0.00017479,0.024000001
,,,0.0001748,0.024000001
,,,0.00017481,0.025600002
,,,0.00017482,0.024000001
,,,0.00017483,0.024800001
,,,0.00017484,0.024000001
,,,0.00017485,0.025600002
,,,0.00017486,0.024800001
,,,0.00017487,0.024800001
,,,0.00017488,0.024000001
,,,0.00017489,0.024000001
,,,0.0001749,0.024800001
,,,0.00017491,0.025600002
,,,0.00017492,0.024800001
,,,0.00017493,0.024000001
,,,0.00017494,0.025600002
,,,0.00017495,0.024000001
,,,0.00017496,0.024000001
,,,0.00017497,0.022400001
,,,0.00017498,0.024000001
,,,0.00017499,0.023200001
,,,0.000175,0.024800001
,,,0.00017501,0.024800001
,,,0.00017502,0.024800001
,,,0.00017503,0.025600002
,,,0.00017504,0.024800001
,,,0.00017505,0.025600002
,,,0.00017506,0.024000001
,,,0.00017507,0.024000001
,,,0.00017508,0.024000001
,,,0.00017509,0.024000001
,,,0.0001751,0.024000001
,,,0.00017511,0.024000001
,,,0.00017512,0.024000001
,,,0.00017513,0.024000001
,,,0.00017514,0.024000001
,,,0.00017515,0.024800001
,,,0.00017516,0.025600002
,,,0.00017517,0.024800001
,,,0.00017518,0.024000001
,,,0.00017519,0.025600002
,,,0.0001752,0.024000001
,,,0.00017521,0.024800001
,,,0.00017522,0.024800001
,,,0.00017523,0.025600002
,,,0.00017524,0.024000001
,,,0.00017525,0.024000001
,,,0.00017526,0.025600002
,,,0.00017527,0.024000001
,,,0.00017528,0.024800001
,,,0.00017529,0.023200001
,,,0.0001753,0.022400001
,,,0.00017531,0.022400001
,,,0.00017532,0.024000001
,,,0.00017533,0.023200001
,,,0.00017534,0.023200001
,,,0.00017535,0.024000001
,,,0.00017536,0.024000001
,,,0.00017537,0.026400002
,,,0.00017538,0.024000001
,,,0.00017539,0.026400002
,,,0.0001754,0.025600002
,,,0.00017541,0.025600002
,,,0.00017542,0.025600002
,,,0.00017543,0.024800001
,,,0.00017544,0.025600002
,,,0.00017545,0.024000001
,,,0.00017546,0.024000001
,,,0.00017547,0.024000001
,,,0.00017548,0.024800001
,,,0.00017549,0.025600002
,,,0.0001755,0.024800001
,,,0.00017551,0.024800001
,,,0.00017552,0.024000001
,,,0.00017553,0.025600002
,,,0.00017554,0.024800001
,,,0.00017555,0.024000001
,,,0.00017556,0.024000001
,,,0.00017557,0.024000001
,,,0.00017558,0.025600002
,,,0.00017559,0.024800001
,,,0.0001756,0.024800001
,,,0.00017561,0.024000001
,,,0.00017562,0.024000001
,,,0.00017563,0.024000001
,,,0.00017564,0.022400001
,,,0.00017565,0.024800001
,,,0.00017566,0.023200001
,,,0.00017567,0.024000001
,,,0.00017568,0.021600001
,,,0.00017569,0.024800001
,,,0.0001757,0.023200001
,,,0.00017571,0.025600002
,,,0.00017572,0.024000001
,,,0.00017573,0.024000001
,,,0.00017574,0.024800001
,,,0.00017575,0.024800001
,,,0.00017576,0.024000001
,,,0.00017577,0.022400001
,,,0.00017578,0.024800001
,,,0.00017579,0.024000001
,,,0.0001758,0.024800001
,,,0.00017581,0.024800001
,,,0.00017582,0.024800001
,,,0.00017583,0.023200001
,,,0.00017584,0.024000001
,,,0.00017585,0.023200001
,,,0.00017586,0.024000001
,,,0.00017587,0.025600002
,,,0.00017588,0.024000001
,,,0.00017589,0.025600002
,,,0.0001759,0.024800001
,,,0.00017591,0.023200001
,,,0.00017592,0.024000001
,,,0.00017593,0.024000001
,,,0.00017594,0.024000001
,,,0.00017595,0.024800001
,,,0.00017596,0.024800001
,,,0.00017597,0.023200001
,,,0.00017598,0.024000001
,,,0.00017599,0.024800001
,,,0.000176,0.024000001
,,,0.00017601,0.024000001
,,,0.00017602,0.024800001
,,,0.00017603,0.022400001
,,,0.00017604,0.023200001
,,,0.00017605,0.023200001
,,,0.00017606,0.024000001
,,,0.00017607,0.024000001
,,,0.00017608,0.024800001
,,,0.00017609,0.024000001
,,,0.0001761,0.022400001
,,,0.00017611,0.022400001
,,,0.00017612,0.024000001
,,,0.00017613,0.024800001
,,,0.00017614,0.024800001
,,,0.00017615,0.025600002
,,,0.00017616,0.024000001
,,,0.00017617,0.023200001
,,,0.00017618,0.024800001
,,,0.00017619,0.024000001
,,,0.0001762,0.024000001
,,,0.00017621,0.024000001
,,,0.00017622,0.024000001
,,,0.00017623,0.024800001
,,,0.00017624,0.023200001
,,,0.00017625,0.024000001
,,,0.00017626,0.024000001
,,,0.00017627,0.024000001
,,,0.00017628,0.024800001
,,,0.00017629,0.025600002
,,,0.0001763,0.024000001
,,,0.00017631,0.024000001
,,,0.00017632,0.022400001
,,,0.00017633,0.024000001
,,,0.00017634,0.024000001
,,,0.00017635,0.024000001
,,,0.00017636,0.024800001
,,,0.00017637,0.023200001
,,,0.00017638,0.024000001
,,,0.00017639,0.024000001
,,,0.0001764,0.024000001
,,,0.00017641,0.025600002
,,,0.00017642,0.024800001
,,,0.00017643,0.024000001
,,,0.00017644,0.024000001
,,,0.00017645,0.024000001
,,,0.00017646,0.024800001
,,,0.00017647,0.026400002
,,,0.00017648,0.023200001
,,,0.00017649,0.024000001
,,,0.0001765,0.024000001
,,,0.00017651,0.024000001
,,,0.00017652,0.025600002
,,,0.00017653,0.025600002
,,,0.00017654,0.024000001
,,,0.00017655,0.024000001
,,,0.00017656,0.024800001
,,,0.00017657,0.025600002
,,,0.00017658,0.024800001
,,,0.00017659,0.024800001
,,,0.0001766,0.024000001
,,,0.00017661,0.024000001
,,,0.00017662,0.024800001
,,,0.00017663,0.023200001
,,,0.00017664,0.024000001
,,,0.00017665,0.024800001
,,,0.00017666,0.023200001
,,,0.00017667,0.024000001
,,,0.00017668,0.025600002
,,,0.00017669,0.025600002
,,,0.0001767,0.024800001
,,,0.00017671,0.024000001
,,,0.00017672,0.023200001
,,,0.00017673,0.024000001
,,,0.00017674,0.024800001
,,,0.00017675,0.024000001
,,,0.00017676,0.024800001
,,,0.00017677,0.023200001
,,,0.00017678,0.024000001
,,,0.00017679,0.023200001
,,,0.0001768,0.025600002
,,,0.00017681,0.024000001
,,,0.00017682,0.024000001
,,,0.00017683,0.024800001
,,,0.00017684,0.028000002
,,,0.00017685,0.024000001
,,,0.00017686,0.024000001
,,,0.00017687,0.025600002
,,,0.00017688,0.024000001
,,,0.00017689,0.025600002
,,,0.0001769,0.024000001
,,,0.00017691,0.024000001
,,,0.00017692,0.026400002
,,,0.00017693,0.023200001
,,,0.00017694,0.024000001
,,,0.00017695,0.024800001
,,,0.00017696,0.024000001
,,,0.00017697,0.024000001
,,,0.00017698,0.025600002
,,,0.00017699,0.024000001
,,,0.000177,0.024000001
,,,0.00017701,0.024000001
,,,0.00017702,0.023200001
,,,0.00017703,0.023200001
,,,0.00017704,0.024000001
,,,0.00017705,0.024000001
,,,0.00017706,0.024000001
,,,0.00017707,0.024000001
,,,0.00017708,0.024800001
,,,0.00017709,0.024800001
,,,0.0001771,0.024000001
,,,0.00017711,0.023200001
,,,0.00017712,0.023200001
,,,0.00017713,0.024800001
,,,0.00017714,0.024000001
,,,0.00017715,0.024800001
,,,0.00017716,0.024000001
,,,0.00017717,0.021600001
,,,0.00017718,0.024000001
,,,0.00017719,0.024800001
,,,0.0001772,0.023200001
,,,0.00017721,0.025600002
,,,0.00017722,0.024800001
,,,0.00017723,0.024800001
,,,0.00017724,0.024000001
,,,0.00017725,0.023200001
,,,0.00017726,0.024000001
,,,0.00017727,0.025600002
,,,0.00017728,0.024800001
,,,0.00017729,0.024000001
,,,0.0001773,0.024000001
,,,0.00017731,0.024000001
,,,0.00017732,0.025600002
,,,0.00017733,0.024800001
,,,0.00017734,0.024800001
,,,0.00017735,0.022400001
,,,0.00017736,0.025600002
,,,0.00017737,0.024800001
,,,0.00017738,0.024800001
,,,0.00017739,0.024000001
,,,0.0001774,0.024800001
,,,0.00017741,0.024000001
,,,0.00017742,0.024000001
,,,0.00017743,0.024000001
,,,0.00017744,0.023200001
,,,0.00017745,0.023200001
,,,0.00017746,0.024000001
,,,0.00017747,0.024800001
,,,0.00017748,0.024000001
,,,0.00017749,0.024800001
,,,0.0001775,0.024000001
,,,0.00017751,0.024000001
,,,0.00017752,0.024800001
,,,0.00017753,0.024000001
,,,0.00017754,0.024800001
,,,0.00017755,0.024000001
,,,0.00017756,0.024000001
,,,0.00017757,0.024800001
,,,0.00017758,0.024000001
,,,0.00017759,0.024000001
,,,0.0001776,0.024000001
,,,0.00017761,0.024000001
,,,0.00017762,0.023200001
,,,0.00017763,0.024800001
,,,0.00017764,0.024800001
,,,0.00017765,0.024000001
,,,0.00017766,0.024000001
,,,0.00017767,0.024000001
,,,0.00017768,0.024000001
,,,0.00017769,0.024000001
,,,0.0001777,0.024800001
,,,0.00017771,0.024000001
,,,0.00017772,0.024800001
,,,0.00017773,0.024800001
,,,0.00017774,0.024800001
,,,0.00017775,0.023200001
,,,0.00017776,0.024800001
,,,0.00017777,0.024000001
,,,0.00017778,0.022400001
,,,0.00017779,0.024800001
,,,0.0001778,0.024800001
,,,0.00017781,0.024000001
,,,0.00017782,0.021600001
,,,0.00017783,0.022400001
,,,0.00017784,0.024000001
,,,0.00017785,0.024000001
,,,0.00017786,0.024000001
,,,0.00017787,0.024000001
,,,0.00017788,0.024800001
,,,0.00017789,0.024800001
,,,0.0001779,0.024000001
,,,0.00017791,0.024000001
,,,0.00017792,0.022400001
,,,0.00017793,0.022400001
,,,0.00017794,0.024000001
,,,0.00017795,0.023200001
,,,0.00017796,0.024800001
,,,0.00017797,0.024800001
,,,0.00017798,0.024800001
,,,0.00017799,0.021600001
,,,0.000178,0.024000001
,,,0.00017801,0.024800001
,,,0.00017802,0.024800001
,,,0.00017803,0.024000001
,,,0.00017804,0.024800001
,,,0.00017805,0.024000001
,,,0.00017806,0.024000001
,,,0.00017807,0.024800001
,,,0.00017808,0.024000001
,,,0.00017809,0.024000001
,,,0.0001781,0.024000001
,,,0.00017811,0.025600002
,,,0.00017812,0.024800001
,,,0.00017813,0.024800001
,,,0.00017814,0.024800001
,,,0.00017815,0.024000001
,,,0.00017816,0.024000001
,,,0.00017817,0.024800001
,,,0.00017818,0.024000001
,,,0.00017819,0.023200001
,,,0.0001782,0.025600002
,,,0.00017821,0.024000001
,,,0.00017822,0.023200001
,,,0.00017823,0.025600002
,,,0.00017824,0.024800001
,,,0.00017825,0.024000001
,,,0.00017826,0.024800001
,,,0.00017827,0.025600002
,,,0.00017828,0.024800001
,,,0.00017829,0.024000001
,,,0.0001783,0.026400002
,,,0.00017831,0.023200001
,,,0.00017832,0.024800001
,,,0.00017833,0.024000001
,,,0.00017834,0.023200001
,,,0.00017835,0.024800001
,,,0.00017836,0.024000001
,,,0.00017837,0.024000001
,,,0.00017838,0.024000001
,,,0.00017839,0.025600002
,,,0.0001784,0.027200002
,,,0.00017841,0.025600002
,,,0.00017842,0.024800001
,,,0.00017843,0.023200001
,,,0.00017844,0.024800001
,,,0.00017845,0.024800001
,,,0.00017846,0.023200001
,,,0.00017847,0.024000001
,,,0.00017848,0.024800001
,,,0.00017849,0.023200001
,,,0.0001785,0.025600002
,,,0.00017851,0.024000001
,,,0.00017852,0.023200001
,,,0.00017853,0.022400001
,,,0.00017854,0.024000001
,,,0.00017855,0.024000001
,,,0.00017856,0.024000001
,,,0.00017857,0.024800001
,,,0.00017858,0.024000001
,,,0.00017859,0.024800001
,,,0.0001786,0.024800001
,,,0.00017861,0.025600002
,,,0.00017862,0.024000001
,,,0.00017863,0.024000001
,,,0.00017864,0.024000001
,,,0.00017865,0.024000001
,,,0.00017866,0.024000001
,,,0.00017867,0.024000001
,,,0.00017868,0.024800001
,,,0.00017869,0.024800001
,,,0.0001787,0.025600002
,,,0.00017871,0.024800001
,,,0.00017872,0.025600002
,,,0.00017873,0.024800001
,,,0.00017874,0.024000001
,,,0.00017875,0.024800001
,,,0.00017876,0.023200001
,,,0.00017877,0.024000001
,,,0.00017878,0.025600002
,,,0.00017879,0.023200001
,,,0.0001788,0.024000001
,,,0.00017881,0.024800001
,,,0.00017882,0.024000001
,,,0.00017883,0.024800001
,,,0.00017884,0.024000001
,,,0.00017885,0.024000001
,,,0.00017886,0.024800001
,,,0.00017887,0.024000001
,,,0.00017888,0.024800001
,,,0.00017889,0.025600002
,,,0.0001789,0.024000001
,,,0.00017891,0.022400001
,,,0.00017892,0.024000001
,,,0.00017893,0.024800001
,,,0.00017894,0.025600002
,,,0.00017895,0.024000001
,,,0.00017896,0.024000001
,,,0.00017897,0.024000001
,,,0.00017898,0.024000001
,,,0.00017899,0.024800001
,,,0.000179,0.024000001
,,,0.00017901,0.024000001
,,,0.00017902,0.024800001
,,,0.00017903,0.024000001
,,,0.00017904,0.024000001
,,,0.00017905,0.024000001
,,,0.00017906,0.024000001
,,,0.00017907,0.025600002
,,,0.00017908,0.024000001
,,,0.00017909,0.024000001
,,,0.0001791,0.024800001
,,,0.00017911,0.024000001
,,,0.00017912,0.024000001
,,,0.00017913,0.024000001
,,,0.00017914,0.024800001
,,,0.00017915,0.023200001
,,,0.00017916,0.024000001
,,,0.00017917,0.024800001
,,,0.00017918,0.024000001
,,,0.00017919,0.024000001
,,,0.0001792,0.024000001
,,,0.00017921,0.024000001
,,,0.00017922,0.024800001
,,,0.00017923,0.024000001
,,,0.00017924,0.024000001
,,,0.00017925,0.024800001
,,,0.00017926,0.025600002
,,,0.00017927,0.024800001
,,,0.00017928,0.024800001
,,,0.00017929,0.024000001
,,,0.0001793,0.024000001
,,,0.00017931,0.024800001
,,,0.00017932,0.024000001
,,,0.00017933,0.024000001
,,,0.00017934,0.023200001
,,,0.00017935,0.025600002
,,,0.00017936,0.024800001
,,,0.00017937,0.024000001
,,,0.00017938,0.025600002
,,,0.00017939,0.023200001
,,,0.0001794,0.024000001
,,,0.00017941,0.022400001
,,,0.00017942,0.024000001
,,,0.00017943,0.025600002
,,,0.00017944,0.024000001
,,,0.00017945,0.022400001
,,,0.00017946,0.023200001
,,,0.00017947,0.024000001
,,,0.00017948,0.025600002
,,,0.00017949,0.023200001
,,,0.0001795,0.024000001
,,,0.00017951,0.024800001
,,,0.00017952,0.024000001
,,,0.00017953,0.024000001
,,,0.00017954,0.023200001
,,,0.00017955,0.024000001
,,,0.00017956,0.024000001
,,,0.00017957,0.024800001
,,,0.00017958,0.025600002
,,,0.00017959,0.024000001
,,,0.0001796,0.024000001
,,,0.00017961,0.024800001
,,,0.00017962,0.024800001
,,,0.00017963,0.024000001
,,,0.00017964,0.024800001
,,,0.00017965,0.024000001
,,,0.00017966,0.023200001
,,,0.00017967,0.023200001
,,,0.00017968,0.023200001
,,,0.00017969,0.024000001
,,,0.0001797,0.024000001
,,,0.00017971,0.025600002
,,,0.00017972,0.024000001
,,,0.00017973,0.024800001
,,,0.00017974,0.024800001
,,,0.00017975,0.024000001
,,,0.00017976,0.024000001
,,,0.00017977,0.024000001
,,,0.00017978,0.024800001
,,,0.00017979,0.024000001
,,,0.0001798,0.024000001
,,,0.00017981,0.023200001
,,,0.00017982,0.024800001
,,,0.00017983,0.023200001
,,,0.00017984,0.024000001
,,,0.00017985,0.024000001
,,,0.00017986,0.022400001
,,,0.00017987,0.024000001
,,,0.00017988,0.025600002
,,,0.00017989,0.024000001
,,,0.0001799,0.024000001
,,,0.00017991,0.023200001
,,,0.00017992,0.024000001
,,,0.00017993,0.024000001
,,,0.00017994,0.024800001
,,,0.00017995,0.025600002
,,,0.00017996,0.023200001
,,,0.00017997,0.024000001
,,,0.00017998,0.023200001
,,,0.00017999,0.024000001
,,,0.00018,0.024800001
,,,0.00018001,0.024000001
,,,0.00018002,0.024000001
,,,0.00018003,0.024800001
,,,0.00018004,0.024000001
,,,0.00018005,0.024000001
,,,0.00018006,0.024000001
,,,0.00018007,0.023200001
,,,0.00018008,0.024800001
,,,0.00018009,0.024800001
,,,0.0001801,0.024000001
,,,0.00018011,0.024000001
,,,0.00018012,0.024800001
,,,0.00018013,0.024000001
,,,0.00018014,0.023200001
,,,0.00018015,0.024000001
,,,0.00018016,0.023200001
,,,0.00018017,0.024800001
,,,0.00018018,0.024800001
,,,0.00018019,0.024800001
,,,0.0001802,0.024800001
,,,0.00018021,0.024000001
,,,0.00018022,0.024000001
,,,0.00018023,0.024800001
,,,0.00018024,0.025600002
,,,0.00018025,0.024000001
,,,0.00018026,0.025600002
,,,0.00018027,0.024000001
,,,0.00018028,0.025600002
,,,0.00018029,0.024000001
,,,0.0001803,0.024000001
,,,0.00018031,0.024000001
,,,0.00018032,0.024000001
,,,0.00018033,0.025600002
,,,0.00018034,0.026400002
,,,0.00018035,0.024000001
,,,0.00018036,0.024000001
,,,0.00018037,0.023200001
,,,0.00018038,0.024000001
,,,0.00018039,0.024800001
,,,0.0001804,0.024800001
,,,0.00018041,0.024000001
,,,0.00018042,0.024000001
,,,0.00018043,0.024000001
,,,0.00018044,0.024800001
,,,0.00018045,0.024000001
,,,0.00018046,0.025600002
,,,0.00018047,0.024800001
,,,0.00018048,0.024800001
,,,0.00018049,0.025600002
,,,0.0001805,0.024800001
,,,0.00018051,0.024800001
,,,0.00018052,0.026400002
,,,0.00018053,0.024000001
,,,0.00018054,0.025600002
,,,0.00018055,0.024000001
,,,0.00018056,0.023200001
,,,0.00018057,0.024000001
,,,0.00018058,0.023200001
,,,0.00018059,0.024000001
,,,0.0001806,0.026400002
,,,0.00018061,0.024800001
,,,0.00018062,0.024800001
,,,0.00018063,0.024800001
,,,0.00018064,0.024000001
,,,0.00018065,0.024800001
,,,0.00018066,0.023200001
,,,0.00018067,0.026400002
,,,0.00018068,0.024000001
,,,0.00018069,0.025600002
,,,0.0001807,0.024000001
,,,0.00018071,0.024000001
,,,0.00018072,0.024000001
,,,0.00018073,0.024000001
,,,0.00018074,0.023200001
,,,0.00018075,0.022400001
,,,0.00018076,0.025600002
,,,0.00018077,0.024000001
,,,0.00018078,0.024000001
,,,0.00018079,0.024800001
,,,0.0001808,0.023200001
,,,0.00018081,0.024800001
,,,0.00018082,0.024000001
,,,0.00018083,0.023200001
,,,0.00018084,0.024800001
,,,0.00018085,0.024800001
,,,0.00018086,0.023200001
,,,0.00018087,0.024000001
,,,0.00018088,0.024000001
,,,0.00018089,0.025600002
,,,0.0001809,0.024800001
,,,0.00018091,0.024800001
,,,0.00018092,0.024000001
,,,0.00018093,0.023200001
,,,0.00018094,0.024000001
,,,0.00018095,0.024000001
,,,0.00018096,0.024800001
,,,0.00018097,0.024000001
,,,0.00018098,0.024000001
,,,0.00018099,0.024000001
,,,0.000181,0.022400001
,,,0.00018101,0.025600002
,,,0.00018102,0.025600002
,,,0.00018103,0.025600002
,,,0.00018104,0.024000001
,,,0.00018105,0.023200001
,,,0.00018106,0.024800001
,,,0.00018107,0.024000001
,,,0.00018108,0.024800001
,,,0.00018109,0.025600002
,,,0.0001811,0.024800001
,,,0.00018111,0.024000001
,,,0.00018112,0.024800001
,,,0.00018113,0.024000001
,,,0.00018114,0.024800001
,,,0.00018115,0.025600002
,,,0.00018116,0.024800001
,,,0.00018117,0.024000001
,,,0.00018118,0.024800001
,,,0.00018119,0.024000001
,,,0.0001812,0.024800001
,,,0.00018121,0.023200001
,,,0.00018122,0.024000001
,,,0.00018123,0.024800001
,,,0.00018124,0.024800001
,,,0.00018125,0.024000001
,,,0.00018126,0.024800001
,,,0.00018127,0.024800001
,,,0.00018128,0.024000001
,,,0.00018129,0.025600002
,,,0.0001813,0.024000001
,,,0.00018131,0.024000001
,,,0.00018132,0.022400001
,,,0.00018133,0.025600002
,,,0.00018134,0.024800001
,,,0.00018135,0.025600002
,,,0.00018136,0.024000001
,,,0.00018137,0.024000001
,,,0.00018138,0.024000001
,,,0.00018139,0.024000001
,,,0.0001814,0.024000001
,,,0.00018141,0.024000001
,,,0.00018142,0.020800001
,,,0.00018143,0.024800001
,,,0.00018144,0.024800001
,,,0.00018145,0.023200001
,,,0.00018146,0.025600002
,,,0.00018147,0.024000001
,,,0.00018148,0.023200001
,,,0.00018149,0.024000001
,,,0.0001815,0.024000001
,,,0.00018151,0.024000001
,,,0.00018152,0.025600002
,,,0.00018153,0.023200001
,,,0.00018154,0.024000001
,,,0.00018155,0.025600002
,,,0.00018156,0.024000001
,,,0.00018157,0.024000001
,,,0.00018158,0.024800001
,,,0.00018159,0.024000001
,,,0.0001816,0.024000001
,,,0.00018161,0.023200001
,,,0.00018162,0.025600002
,,,0.00018163,0.024800001
,,,0.00018164,0.023200001
,,,0.00018165,0.023200001
,,,0.00018166,0.024000001
,,,0.00018167,0.026400002
,,,0.00018168,0.024000001
,,,0.00018169,0.024000001
,,,0.0001817,0.023200001
,,,0.00018171,0.024000001
,,,0.00018172,0.024000001
,,,0.00018173,0.023200001
,,,0.00018174,0.023200001
,,,0.00018175,0.025600002
,,,0.00018176,0.025600002
,,,0.00018177,0.024000001
,,,0.00018178,0.024800001
,,,0.00018179,0.024000001
,,,0.0001818,0.025600002
,,,0.00018181,0.024000001
,,,0.00018182,0.024000001
,,,0.00018183,0.024800001
,,,0.00018184,0.024000001
,,,0.00018185,0.024000001
,,,0.00018186,0.024000001
,,,0.00018187,0.024800001
,,,0.00018188,0.024000001
,,,0.00018189,0.024000001
,,,0.0001819,0.024000001
,,,0.00018191,0.024000001
,,,0.00018192,0.024000001
,,,0.00018193,0.024000001
,,,0.00018194,0.025600002
,,,0.00018195,0.024000001
,,,0.00018196,0.024800001
,,,0.00018197,0.024000001
,,,0.00018198,0.024000001
,,,0.00018199,0.024800001
,,,0.000182,0.025600002
,,,0.00018201,0.023200001
,,,0.00018202,0.023200001
,,,0.00018203,0.025600002
,,,0.00018204,0.023200001
,,,0.00018205,0.024000001
,,,0.00018206,0.024000001
,,,0.00018207,0.023200001
,,,0.00018208,0.024800001
,,,0.00018209,0.024800001
,,,0.0001821,0.023200001
,,,0.00018211,0.024000001
,,,0.00018212,0.024800001
,,,0.00018213,0.023200001
,,,0.00018214,0.024000001
,,,0.00018215,0.025600002
,,,0.00018216,0.023200001
,,,0.00018217,0.024800001
,,,0.00018218,0.024000001
,,,0.00018219,0.024800001
,,,0.0001822,0.024800001
,,,0.00018221,0.023200001
,,,0.00018222,0.024800001
,,,0.00018223,0.024000001
,,,0.00018224,0.024000001
,,,0.00018225,0.023200001
,,,0.00018226,0.024800001
,,,0.00018227,0.023200001
,,,0.00018228,0.024000001
,,,0.00018229,0.024000001
,,,0.0001823,0.023200001
,,,0.00018231,0.024000001
,,,0.00018232,0.023200001
,,,0.00018233,0.024800001
,,,0.00018234,0.024000001
,,,0.00018235,0.024800001
,,,0.00018236,0.023200001
,,,0.00018237,0.023200001
,,,0.00018238,0.024800001
,,,0.00018239,0.023200001
,,,0.0001824,0.024000001
,,,0.00018241,0.025600002
,,,0.00018242,0.023200001
,,,0.00018243,0.023200001
,,,0.00018244,0.024800001
,,,0.00018245,0.024800001
,,,0.00018246,0.024000001
,,,0.00018247,0.024000001
,,,0.00018248,0.024000001
,,,0.00018249,0.024000001
,,,0.0001825,0.024800001
,,,0.00018251,0.024000001
,,,0.00018252,0.024000001
,,,0.00018253,0.024000001
,,,0.00018254,0.024800001
,,,0.00018255,0.024000001
,,,0.00018256,0.024000001
,,,0.00018257,0.023200001
,,,0.00018258,0.023200001
,,,0.00018259,0.024800001
,,,0.0001826,0.025600002
,,,0.00018261,0.025600002
,,,0.00018262,0.024000001
,,,0.00018263,0.024000001
,,,0.00018264,0.022400001
,,,0.00018265,0.023200001
,,,0.00018266,0.024000001
,,,0.00018267,0.023200001
,,,0.00018268,0.025600002
,,,0.00018269,0.024000001
,,,0.0001827,0.024000001
,,,0.00018271,0.023200001
,,,0.00018272,0.025600002
,,,0.00018273,0.024800001
,,,0.00018274,0.024800001
,,,0.00018275,0.024000001
,,,0.00018276,0.024000001
,,,0.00018277,0.024800001
,,,0.00018278,0.025600002
,,,0.00018279,0.024800001
,,,0.0001828,0.024800001
,,,0.00018281,0.023200001
,,,0.00018282,0.024800001
,,,0.00018283,0.024800001
,,,0.00018284,0.024000001
,,,0.00018285,0.025600002
,,,0.00018286,0.024800001
,,,0.00018287,0.024000001
,,,0.00018288,0.024800001
,,,0.00018289,0.023200001
,,,0.0001829,0.024000001
,,,0.00018291,0.023200001
,,,0.00018292,0.024000001
,,,0.00018293,0.024000001
,,,0.00018294,0.023200001
,,,0.00018295,0.024800001
,,,0.00018296,0.024800001
,,,0.00018297,0.024000001
,,,0.00018298,0.024000001
,,,0.00018299,0.024000001
,,,0.000183,0.025600002
,,,0.00018301,0.025600002
,,,0.00018302,0.024000001
,,,0.00018303,0.023200001
,,,0.00018304,0.025600002
,,,0.00018305,0.024800001
,,,0.00018306,0.024000001
,,,0.00018307,0.022400001
,,,0.00018308,0.024800001
,,,0.00018309,0.022400001
,,,0.0001831,0.024800001
,,,0.00018311,0.023200001
,,,0.00018312,0.022400001
,,,0.00018313,0.024800001
,,,0.00018314,0.023200001
,,,0.00018315,0.024000001
,,,0.00018316,0.023200001
,,,0.00018317,0.024000001
,,,0.00018318,0.024000001
,,,0.00018319,0.023200001
,,,0.0001832,0.024000001
,,,0.00018321,0.024800001
,,,0.00018322,0.024000001
,,,0.00018323,0.023200001
,,,0.00018324,0.024000001
,,,0.00018325,0.024000001
,,,0.00018326,0.024000001
,,,0.00018327,0.024000001
,,,0.00018328,0.024000001
,,,0.00018329,0.024000001
,,,0.0001833,0.025600002
,,,0.00018331,0.024800001
,,,0.00018332,0.025600002
,,,0.00018333,0.024800001
,,,0.00018334,0.024800001
,,,0.00018335,0.024000001
,,,0.00018336,0.024800001
,,,0.00018337,0.024000001
,,,0.00018338,0.024800001
,,,0.00018339,0.024800001
,,,0.0001834,0.023200001
,,,0.00018341,0.025600002
,,,0.00018342,0.023200001
,,,0.00018343,0.023200001
,,,0.00018344,0.023200001
,,,0.00018345,0.025600002
,,,0.00018346,0.024800001
,,,0.00018347,0.024000001
,,,0.00018348,0.025600002
,,,0.00018349,0.024000001
,,,0.0001835,0.024000001
,,,0.00018351,0.024000001
,,,0.00018352,0.024000001
,,,0.00018353,0.024000001
,,,0.00018354,0.024000001
,,,0.00018355,0.024000001
,,,0.00018356,0.025600002
,,,0.00018357,0.024800001
,,,0.00018358,0.025600002
,,,0.00018359,0.024800001
,,,0.0001836,0.024000001
,,,0.00018361,0.024800001
,,,0.00018362,0.023200001
,,,0.00018363,0.023200001
,,,0.00018364,0.024000001
,,,0.00018365,0.024800001
,,,0.00018366,0.024000001
,,,0.00018367,0.025600002
,,,0.00018368,0.024000001
,,,0.00018369,0.024800001
,,,0.0001837,0.024000001
,,,0.00018371,0.024000001
,,,0.00018372,0.023200001
,,,0.00018373,0.024000001
,,,0.00018374,0.024000001
,,,0.00018375,0.025600002
,,,0.00018376,0.024000001
,,,0.00018377,0.024000001
,,,0.00018378,0.024800001
,,,0.00018379,0.023200001
,,,0.0001838,0.025600002
,,,0.00018381,0.025600002
,,,0.00018382,0.024000001
,,,0.00018383,0.023200001
,,,0.00018384,0.026400002
,,,0.00018385,0.025600002
,,,0.00018386,0.024800001
,,,0.00018387,0.024000001
,,,0.00018388,0.024800001
,,,0.00018389,0.024000001
,,,0.0001839,0.024000001
,,,0.00018391,0.022400001
,,,0.00018392,0.024800001
,,,0.00018393,0.023200001
,,,0.00018394,0.024800001
,,,0.00018395,0.024800001
,,,0.00018396,0.025600002
,,,0.00018397,0.024000001
,,,0.00018398,0.024000001
,,,0.00018399,0.024000001
,,,0.000184,0.024800001
,,,0.00018401,0.023200001
,,,0.00018402,0.024800001
,,,0.00018403,0.024000001
,,,0.00018404,0.024000001
,,,0.00018405,0.024000001
,,,0.00018406,0.024000001
,,,0.00018407,0.024800001
,,,0.00018408,0.024000001
,,,0.00018409,0.024000001
,,,0.0001841,0.024000001
,,,0.00018411,0.024000001
,,,0.00018412,0.024800001
,,,0.00018413,0.024000001
,,,0.00018414,0.025600002
,,,0.00018415,0.024000001
,,,0.00018416,0.024000001
,,,0.00018417,0.024800001
,,,0.00018418,0.024800001
,,,0.00018419,0.024000001
,,,0.0001842,0.024000001
,,,0.00018421,0.024000001
,,,0.00018422,0.024800001
,,,0.00018423,0.025600002
,,,0.00018424,0.024800001
,,,0.00018425,0.024800001
,,,0.00018426,0.025600002
,,,0.00018427,0.024000001
,,,0.00018428,0.025600002
,,,0.00018429,0.024800001
,,,0.0001843,0.024800001
,,,0.00018431,0.024800001
,,,0.00018432,0.022400001
,,,0.00018433,0.024000001
,,,0.00018434,0.024800001
,,,0.00018435,0.024000001
,,,0.00018436,0.024800001
,,,0.00018437,0.025600002
,,,0.00018438,0.024800001
,,,0.00018439,0.024800001
,,,0.0001844,0.024000001
,,,0.00018441,0.024000001
,,,0.00018442,0.024800001
,,,0.00018443,0.024800001
,,,0.00018444,0.025600002
,,,0.00018445,0.024800001
,,,0.00018446,0.024000001
,,,0.00018447,0.024000001
,,,0.00018448,0.024800001
,,,0.00018449,0.023200001
,,,0.0001845,0.024000001
,,,0.00018451,0.024000001
,,,0.00018452,0.024800001
,,,0.00018453,0.025600002
,,,0.00018454,0.025600002
,,,0.00018455,0.024800001
,,,0.00018456,0.023200001
,,,0.00018457,0.024000001
,,,0.00018458,0.024000001
,,,0.00018459,0.024800001
,,,0.0001846,0.024000001
,,,0.00018461,0.023200001
,,,0.00018462,0.022400001
,,,0.00018463,0.024000001
,,,0.00018464,0.024800001
,,,0.00018465,0.024000001
,,,0.00018466,0.024800001
,,,0.00018467,0.024000001
,,,0.00018468,0.025600002
,,,0.00018469,0.024800001
,,,0.0001847,0.025600002
,,,0.00018471,0.024000001
,,,0.00018472,0.024000001
,,,0.00018473,0.025600002
,,,0.00018474,0.024000001
,,,0.00018475,0.024800001
,,,0.00018476,0.024000001
,,,0.00018477,0.024000001
,,,0.00018478,0.024000001
,,,0.00018479,0.024000001
,,,0.0001848,0.024000001
,,,0.00018481,0.024800001
,,,0.00018482,0.025600002
,,,0.00018483,0.025600002
,,,0.00018484,0.024000001
,,,0.00018485,0.024800001
,,,0.00018486,0.024000001
,,,0.00018487,0.024000001
,,,0.00018488,0.024000001
,,,0.00018489,0.024000001
,,,0.0001849,0.024000001
,,,0.00018491,0.024000001
,,,0.00018492,0.024000001
,,,0.00018493,0.024800001
,,,0.00018494,0.023200001
,,,0.00018495,0.023200001
,,,0.00018496,0.024000001
,,,0.00018497,0.024800001
,,,0.00018498,0.027200002
,,,0.00018499,0.024000001
,,,0.000185,0.023200001
,,,0.00018501,0.024000001
,,,0.00018502,0.024000001
,,,0.00018503,0.022400001
,,,0.00018504,0.024800001
,,,0.00018505,0.024800001
,,,0.00018506,0.023200001
,,,0.00018507,0.026400002
,,,0.00018508,0.024000001
,,,0.00018509,0.024000001
,,,0.0001851,0.023200001
,,,0.00018511,0.025600002
,,,0.00018512,0.023200001
,,,0.00018513,0.024000001
,,,0.00018514,0.024000001
,,,0.00018515,0.024800001
,,,0.00018516,0.024000001
,,,0.00018517,0.023200001
,,,0.00018518,0.024000001
,,,0.00018519,0.024000001
,,,0.0001852,0.026400002
,,,0.00018521,0.024000001
,,,0.00018522,0.024800001
,,,0.00018523,0.024000001
,,,0.00018524,0.025600002
,,,0.00018525,0.024000001
,,,0.00018526,0.024800001
,,,0.00018527,0.021600001
,,,0.00018528,0.023200001
,,,0.00018529,0.024000001
,,,0.0001853,0.024000001
,,,0.00018531,0.024800001
,,,0.00018532,0.024000001
,,,0.00018533,0.024800001
,,,0.00018534,0.024000001
,,,0.00018535,0.023200001
,,,0.00018536,0.024800001
,,,0.00018537,0.024800001
,,,0.00018538,0.024000001
,,,0.00018539,0.024000001
,,,0.0001854,0.023200001
,,,0.00018541,0.024800001
,,,0.00018542,0.024800001
,,,0.00018543,0.024000001
,,,0.00018544,0.023200001
,,,0.00018545,0.023200001
,,,0.00018546,0.024800001
,,,0.00018547,0.022400001
,,,0.00018548,0.023200001
,,,0.00018549,0.024000001
,,,0.0001855,0.024000001
,,,0.00018551,0.024000001
,,,0.00018552,0.024000001
,,,0.00018553,0.024000001
,,,0.00018554,0.024000001
,,,0.00018555,0.024800001
,,,0.00018556,0.025600002
,,,0.00018557,0.024000001
,,,0.00018558,0.024800001
,,,0.00018559,0.025600002
,,,0.0001856,0.024000001
,,,0.00018561,0.023200001
,,,0.00018562,0.026400002
,,,0.00018563,0.025600002
,,,0.00018564,0.023200001
,,,0.00018565,0.024000001
,,,0.00018566,0.024000001
,,,0.00018567,0.024800001
,,,0.00018568,0.023200001
,,,0.00018569,0.025600002
,,,0.0001857,0.023200001
,,,0.00018571,0.023200001
,,,0.00018572,0.024000001
,,,0.00018573,0.023200001
,,,0.00018574,0.024000001
,,,0.00018575,0.022400001
,,,0.00018576,0.024800001
,,,0.00018577,0.024000001
,,,0.00018578,0.022400001
,,,0.00018579,0.024000001
,,,0.0001858,0.024000001
,,,0.00018581,0.024800001
,,,0.00018582,0.024000001
,,,0.00018583,0.025600002
,,,0.00018584,0.024800001
,,,0.00018585,0.024800001
,,,0.00018586,0.024800001
,,,0.00018587,0.023200001
,,,0.00018588,0.024000001
,,,0.00018589,0.025600002
,,,0.0001859,0.025600002
,,,0.00018591,0.024000001
,,,0.00018592,0.023200001
,,,0.00018593,0.024800001
,,,0.00018594,0.024000001
,,,0.00018595,0.024000001
,,,0.00018596,0.024000001
,,,0.00018597,0.024800001
,,,0.00018598,0.024000001
,,,0.00018599,0.023200001
,,,0.000186,0.024800001
,,,0.00018601,0.023200001
,,,0.00018602,0.023200001
,,,0.00018603,0.023200001
,,,0.00018604,0.024000001
,,,0.00018605,0.024800001
,,,0.00018606,0.024000001
,,,0.00018607,0.024000001
,,,0.00018608,0.024800001
,,,0.00018609,0.024800001
,,,0.0001861,0.024800001
,,,0.00018611,0.023200001
,,,0.00018612,0.022400001
,,,0.00018613,0.024800001
,,,0.00018614,0.024000001
,,,0.00018615,0.023200001
,,,0.00018616,0.025600002
,,,0.00018617,0.022400001
,,,0.00018618,0.024800001
,,,0.00018619,0.024000001
,,,0.0001862,0.024800001
,,,0.00018621,0.024800001
,,,0.00018622,0.024000001
,,,0.00018623,0.024000001
,,,0.00018624,0.024800001
,,,0.00018625,0.024800001
,,,0.00018626,0.024000001
,,,0.00018627,0.023200001
,,,0.00018628,0.024000001
,,,0.00018629,0.024000001
,,,0.0001863,0.024000001
,,,0.00018631,0.024000001
,,,0.00018632,0.025600002
,,,0.00018633,0.025600002
,,,0.00018634,0.024800001
,,,0.00018635,0.023200001
,,,0.00018636,0.024000001
,,,0.00018637,0.025600002
,,,0.00018638,0.024000001
,,,0.00018639,0.024000001
,,,0.0001864,0.026400002
,,,0.00018641,0.024000001
,,,0.00018642,0.024000001
,,,0.00018643,0.024000001
,,,0.00018644,0.024000001
,,,0.00018645,0.023200001
,,,0.00018646,0.024800001
,,,0.00018647,0.023200001
,,,0.00018648,0.024800001
,,,0.00018649,0.024000001
,,,0.0001865,0.024000001
,,,0.00018651,0.025600002
,,,0.00018652,0.024000001
,,,0.00018653,0.024000001
,,,0.00018654,0.024800001
,,,0.00018655,0.023200001
,,,0.00018656,0.024000001
,,,0.00018657,0.024000001
,,,0.00018658,0.022400001
,,,0.00018659,0.024000001
,,,0.0001866,0.024000001
,,,0.00018661,0.024000001
,,,0.00018662,0.024000001
,,,0.00018663,0.024800001
,,,0.00018664,0.026400002
,,,0.00018665,0.024000001
,,,0.00018666,0.024000001
,,,0.00018667,0.024000001
,,,0.00018668,0.024000001
,,,0.00018669,0.022400001
,,,0.0001867,0.023200001
,,,0.00018671,0.024800001
,,,0.00018672,0.024000001
,,,0.00018673,0.024800001
,,,0.00018674,0.024000001
,,,0.00018675,0.024000001
,,,0.00018676,0.023200001
,,,0.00018677,0.022400001
,,,0.00018678,0.025600002
,,,0.00018679,0.024000001
,,,0.0001868,0.024000001
,,,0.00018681,0.024800001
,,,0.00018682,0.024800001
,,,0.00018683,0.024000001
,,,0.00018684,0.024000001
,,,0.00018685,0.024800001
,,,0.00018686,0.024000001
,,,0.00018687,0.024000001
,,,0.00018688,0.024000001
,,,0.00018689,0.022400001
,,,0.0001869,0.024000001
,,,0.00018691,0.023200001
,,,0.00018692,0.022400001
,,,0.00018693,0.024000001
,,,0.00018694,0.025600002
,,,0.00018695,0.024000001
,,,0.00018696,0.024800001
,,,0.00018697,0.024000001
,,,0.00018698,0.024000001
,,,0.00018699,0.024000001
,,,0.000187,0.024800001
,,,0.00018701,0.024800001
,,,0.00018702,0.022400001
,,,0.00018703,0.024000001
,,,0.00018704,0.024800001
,,,0.00018705,0.024000001
,,,0.00018706,0.024000001
,,,0.00018707,0.024800001
,,,0.00018708,0.024800001
,,,0.00018709,0.024000001
,,,0.0001871,0.024000001
,,,0.00018711,0.024000001
,,,0.00018712,0.024000001
,,,0.00018713,0.023200001
,,,0.00018714,0.025600002
,,,0.00018715,0.024000001
,,,0.00018716,0.024000001
,,,0.00018717,0.024800001
,,,0.00018718,0.024000001
,,,0.00018719,0.026400002
,,,0.0001872,0.024000001
,,,0.00018721,0.023200001
,,,0.00018722,0.024000001
,,,0.00018723,0.024800001
,,,0.00018724,0.024000001
,,,0.00018725,0.023200001
,,,0.00018726,0.024800001
,,,0.00018727,0.023200001
,,,0.00018728,0.024000001
,,,0.00018729,0.022400001
,,,0.0001873,0.024000001
,,,0.00018731,0.023200001
,,,0.00018732,0.024800001
,,,0.00018733,0.025600002
,,,0.00018734,0.024800001
,,,0.00018735,0.026400002
,,,0.00018736,0.024000001
,,,0.00018737,0.024000001
,,,0.00018738,0.024000001
,,,0.00018739,0.026400002
,,,0.0001874,0.023200001
,,,0.00018741,0.024800001
,,,0.00018742,0.025600002
,,,0.00018743,0.025600002
,,,0.00018744,0.024000001
,,,0.00018745,0.024800001
,,,0.00018746,0.024000001
,,,0.00018747,0.024000001
,,,0.00018748,0.024800001
,,,0.00018749,0.025600002
,,,0.0001875,0.024000001
,,,0.00018751,0.024000001
,,,0.00018752,0.024000001
,,,0.00018753,0.024000001
,,,0.00018754,0.024000001
,,,0.00018755,0.023200001
,,,0.00018756,0.024800001
,,,0.00018757,0.024800001
,,,0.00018758,0.024800001
,,,0.00018759,0.024000001
,,,0.0001876,0.024800001
,,,0.00018761,0.024000001
,,,0.00018762,0.024000001
,,,0.00018763,0.025600002
,,,0.00018764,0.024000001
,,,0.00018765,0.024000001
,,,0.00018766,0.024000001
,,,0.00018767,0.024000001
,,,0.00018768,0.024000001
,,,0.00018769,0.024000001
,,,0.0001877,0.024000001
,,,0.00018771,0.023200001
,,,0.00018772,0.024000001
,,,0.00018773,0.023200001
,,,0.00018774,0.024000001
,,,0.00018775,0.023200001
,,,0.00018776,0.024000001
,,,0.00018777,0.024000001
,,,0.00018778,0.026400002
,,,0.00018779,0.024000001
,,,0.0001878,0.025600002
,,,0.00018781,0.025600002
,,,0.00018782,0.024000001
,,,0.00018783,0.024000001
,,,0.00018784,0.024000001
,,,0.00018785,0.024000001
,,,0.00018786,0.024800001
,,,0.00018787,0.024000001
,,,0.00018788,0.024800001
,,,0.00018789,0.023200001
,,,0.0001879,0.024000001
,,,0.00018791,0.024800001
,,,0.00018792,0.024000001
,,,0.00018793,0.025600002
,,,0.00018794,0.024000001
,,,0.00018795,0.023200001
,,,0.00018796,0.024000001
,,,0.00018797,0.023200001
,,,0.00018798,0.025600002
,,,0.00018799,0.023200001
,,,0.000188,0.024000001
,,,0.00018801,0.025600002
,,,0.00018802,0.025600002
,,,0.00018803,0.024000001
,,,0.00018804,0.024000001
,,,0.00018805,0.023200001
,,,0.00018806,0.024800001
,,,0.00018807,0.024000001
,,,0.00018808,0.024800001
,,,0.00018809,0.026400002
,,,0.0001881,0.024800001
,,,0.00018811,0.024800001
,,,0.00018812,0.024800001
,,,0.00018813,0.024000001
,,,0.00018814,0.027200002
,,,0.00018815,0.026400002
,,,0.00018816,0.024000001
,,,0.00018817,0.024000001
,,,0.00018818,0.022400001
,,,0.00018819,0.024000001
,,,0.0001882,0.022400001
,,,0.00018821,0.024000001
,,,0.00018822,0.024800001
,,,0.00018823,0.024800001
,,,0.00018824,0.024800001
,,,0.00018825,0.024800001
,,,0.00018826,0.024000001
,,,0.00018827,0.024000001
,,,0.00018828,0.025600002
,,,0.00018829,0.022400001
,,,0.0001883,0.024800001
,,,0.00018831,0.024800001
,,,0.00018832,0.024000001
,,,0.00018833,0.023200001
,,,0.00018834,0.023200001
,,,0.00018835,0.024000001
,,,0.00018836,0.024000001
,,,0.00018837,0.024800001
,,,0.00018838,0.024000001
,,,0.00018839,0.024000001
,,,0.0001884,0.024800001
,,,0.00018841,0.024800001
,,,0.00018842,0.024800001
,,,0.00018843,0.024800001
,,,0.00018844,0.024000001
,,,0.00018845,0.024800001
,,,0.00018846,0.025600002
,,,0.00018847,0.025600002
,,,0.00018848,0.023200001
,,,0.00018849,0.024800001
,,,0.0001885,0.024000001
,,,0.00018851,0.023200001
,,,0.00018852,0.026400002
,,,0.00018853,0.024000001
,,,0.00018854,0.024000001
,,,0.00018855,0.024000001
,,,0.00018856,0.025600002
,,,0.00018857,0.023200001
,,,0.00018858,0.025600002
,,,0.00018859,0.023200001
,,,0.0001886,0.024800001
,,,0.00018861,0.026400002
,,,0.00018862,0.024000001
,,,0.00018863,0.024800001
,,,0.00018864,0.024000001
,,,0.00018865,0.025600002
,,,0.00018866,0.024000001
,,,0.00018867,0.024000001
,,,0.00018868,0.024000001
,,,0.00018869,0.024000001
,,,0.0001887,0.024000001
,,,0.00018871,0.024800001
,,,0.00018872,0.024800001
,,,0.00018873,0.023200001
,,,0.00018874,0.027200002
,,,0.00018875,0.023200001
,,,0.00018876,0.025600002
,,,0.00018877,0.024000001
,,,0.00018878,0.024000001
,,,0.00018879,0.026400002
,,,0.0001888,0.024000001
,,,0.00018881,0.024000001
,,,0.00018882,0.024000001
,,,0.00018883,0.024000001
,,,0.00018884,0.024800001
,,,0.00018885,0.024000001
,,,0.00018886,0.024000001
,,,0.00018887,0.022400001
,,,0.00018888,0.024000001
,,,0.00018889,0.024800001
,,,0.0001889,0.022400001
,,,0.00018891,0.024000001
,,,0.00018892,0.024000001
,,,0.00018893,0.024000001
,,,0.00018894,0.024800001
,,,0.00018895,0.024800001
,,,0.00018896,0.025600002
,,,0.00018897,0.024800001
,,,0.00018898,0.024800001
,,,0.00018899,0.024000001
,,,0.000189,0.024000001
,,,0.00018901,0.022400001
,,,0.00018902,0.024000001
,,,0.00018903,0.024000001
,,,0.00018904,0.024800001
,,,0.00018905,0.024800001
,,,0.00018906,0.024000001
,,,0.00018907,0.023200001
,,,0.00018908,0.024000001
,,,0.00018909,0.024000001
,,,0.0001891,0.024800001
,,,0.00018911,0.024000001
,,,0.00018912,0.024800001
,,,0.00018913,0.024000001
,,,0.00018914,0.025600002
,,,0.00018915,0.024000001
,,,0.00018916,0.024000001
,,,0.00018917,0.023200001
,,,0.00018918,0.024800001
,,,0.00018919,0.025600002
,,,0.0001892,0.024000001
,,,0.00018921,0.024000001
,,,0.00018922,0.024000001
,,,0.00018923,0.025600002
,,,0.00018924,0.025600002
,,,0.00018925,0.023200001
,,,0.00018926,0.024000001
,,,0.00018927,0.023200001
,,,0.00018928,0.024000001
,,,0.00018929,0.024000001
,,,0.0001893,0.024000001
,,,0.00018931,0.025600002
,,,0.00018932,0.024000001
,,,0.00018933,0.024000001
,,,0.00018934,0.022400001
,,,0.00018935,0.024000001
,,,0.00018936,0.025600002
,,,0.00018937,0.024800001
,,,0.00018938,0.024000001
,,,0.00018939,0.025600002
,,,0.0001894,0.024000001
,,,0.00018941,0.024800001
,,,0.00018942,0.024800001
,,,0.00018943,0.024000001
,,,0.00018944,0.024800001
,,,0.00018945,0.025600002
,,,0.00018946,0.025600002
,,,0.00018947,0.024800001
,,,0.00018948,0.024000001
,,,0.00018949,0.024000001
,,,0.0001895,0.024800001
,,,0.00018951,0.024000001
,,,0.00018952,0.024800001
,,,0.00018953,0.023200001
,,,0.00018954,0.024800001
,,,0.00018955,0.023200001
,,,0.00018956,0.024800001
,,,0.00018957,0.024000001
,,,0.00018958,0.024000001
,,,0.00018959,0.024000001
,,,0.0001896,0.024800001
,,,0.00018961,0.024800001
,,,0.00018962,0.026400002
,,,0.00018963,0.023200001
,,,0.00018964,0.024800001
,,,0.00018965,0.024800001
,,,0.00018966,0.024000001
,,,0.00018967,0.024800001
,,,0.00018968,0.024800001
,,,0.00018969,0.024000001
,,,0.0001897,0.024800001
,,,0.00018971,0.024000001
,,,0.00018972,0.023200001
,,,0.00018973,0.024000001
,,,0.00018974,0.024000001
,,,0.00018975,0.025600002
,,,0.00018976,0.024000001
,,,0.00018977,0.025600002
,,,0.00018978,0.024800001
,,,0.00018979,0.024000001
,,,0.0001898,0.024000001
,,,0.00018981,0.023200001
,,,0.00018982,0.024800001
,,,0.00018983,0.024000001
,,,0.00018984,0.023200001
,,,0.00018985,0.026400002
,,,0.00018986,0.024800001
,,,0.00018987,0.024800001
,,,0.00018988,0.024000001
,,,0.00018989,0.023200001
,,,0.0001899,0.024000001
,,,0.00018991,0.025600002
,,,0.00018992,0.023200001
,,,0.00018993,0.023200001
,,,0.00018994,0.024800001
,,,0.00018995,0.023200001
,,,0.00018996,0.028000002
,,,0.00018997,0.024000001
,,,0.00018998,0.025600002
,,,0.00018999,0.024800001
,,,0.00019,0.024000001
,,,0.00019001,0.025600002
,,,0.00019002,0.024800001
,,,0.00019003,0.024000001
,,,0.00019004,0.024800001
,,,0.00019005,0.024000001
,,,0.00019006,0.024000001
,,,0.00019007,0.024000001
,,,0.00019008,0.024800001
,,,0.00019009,0.024000001
,,,0.0001901,0.024000001
,,,0.00019011,0.025600002
,,,0.00019012,0.024000001
,,,0.00019013,0.024800001
,,,0.00019014,0.024000001
,,,0.00019015,0.024000001
,,,0.00019016,0.024800001
,,,0.00019017,0.024800001
,,,0.00019018,0.024800001
,,,0.00019019,0.024000001
,,,0.0001902,0.024800001
,,,0.00019021,0.024000001
,,,0.00019022,0.024800001
,,,0.00019023,0.024000001
,,,0.00019024,0.024800001
,,,0.00019025,0.024800001
,,,0.00019026,0.024000001
,,,0.00019027,0.024800001
,,,0.00019028,0.024800001
,,,0.00019029,0.024800001
,,,0.0001903,0.024000001
,,,0.00019031,0.024000001
,,,0.00019032,0.023200001
,,,0.00019033,0.024000001
,,,0.00019034,0.025600002
,,,0.00019035,0.025600002
,,,0.00019036,0.023200001
,,,0.00019037,0.024800001
,,,0.00019038,0.024000001
,,,0.00019039,0.025600002
,,,0.0001904,0.024800001
,,,0.00019041,0.023200001
,,,0.00019042,0.024000001
,,,0.00019043,0.024000001
,,,0.00019044,0.024800001
,,,0.00019045,0.024000001
,,,0.00019046,0.025600002
,,,0.00019047,0.026400002
,,,0.00019048,0.024000001
,,,0.00019049,0.023200001
,,,0.0001905,0.024000001
,,,0.00019051,0.024000001
,,,0.00019052,0.024000001
,,,0.00019053,0.024800001
,,,0.00019054,0.023200001
,,,0.00019055,0.024000001
,,,0.00019056,0.024800001
,,,0.00019057,0.024000001
,,,0.00019058,0.024800001
,,,0.00019059,0.023200001
,,,0.0001906,0.024800001
,,,0.00019061,0.024800001
,,,0.00019062,0.024000001
,,,0.00019063,0.024000001
,,,0.00019064,0.024000001
,,,0.00019065,0.025600002
,,,0.00019066,0.024800001
,,,0.00019067,0.022400001
,,,0.00019068,0.022400001
,,,0.00019069,0.024000001
,,,0.0001907,0.024000001
,,,0.00019071,0.024800001
,,,0.00019072,0.024800001
,,,0.00019073,0.024800001
,,,0.00019074,0.023200001
,,,0.00019075,0.026400002
,,,0.00019076,0.024800001
,,,0.00019077,0.024000001
,,,0.00019078,0.024000001
,,,0.00019079,0.024000001
,,,0.0001908,0.024000001
,,,0.00019081,0.024000001
,,,0.00019082,0.024000001
,,,0.00019083,0.024000001
,,,0.00019084,0.024000001
,,,0.00019085,0.024800001
,,,0.00019086,0.024000001
,,,0.00019087,0.025600002
,,,0.00019088,0.023200001
,,,0.00019089,0.024800001
,,,0.0001909,0.024000001
,,,0.00019091,0.023200001
,,,0.00019092,0.024000001
,,,0.00019093,0.024000001
,,,0.00019094,0.024000001
,,,0.00019095,0.024000001
,,,0.00019096,0.024000001
,,,0.00019097,0.023200001
,,,0.00019098,0.024800001
,,,0.00019099,0.023200001
,,,0.000191,0.023200001
,,,0.00019101,0.024800001
,,,0.00019102,0.024800001
,,,0.00019103,0.024000001
,,,0.00019104,0.025600002
,,,0.00019105,0.024800001
,,,0.00019106,0.024000001
,,,0.00019107,0.025600002
,,,0.00019108,0.024000001
,,,0.00019109,0.025600002
,,,0.0001911,0.024800001
,,,0.00019111,0.024000001
,,,0.00019112,0.024800001
,,,0.00019113,0.024000001
,,,0.00019114,0.023200001
,,,0.00019115,0.024800001
,,,0.00019116,0.024800001
,,,0.00019117,0.025600002
,,,0.00019118,0.024800001
,,,0.00019119,0.024000001
,,,0.0001912,0.024800001
,,,0.00019121,0.024000001
,,,0.00019122,0.024800001
,,,0.00019123,0.024000001
,,,0.00019124,0.024000001
,,,0.00019125,0.025600002
,,,0.00019126,0.024000001
,,,0.00019127,0.024000001
,,,0.00019128,0.024800001
,,,0.00019129,0.024000001
,,,0.0001913,0.025600002
,,,0.00019131,0.025600002
,,,0.00019132,0.023200001
,,,0.00019133,0.022400001
,,,0.00019134,0.023200001
,,,0.00019135,0.026400002
,,,0.00019136,0.024800001
,,,0.00019137,0.024000001
,,,0.00019138,0.024000001
,,,0.00019139,0.023200001
,,,0.0001914,0.024000001
,,,0.00019141,0.024000001
,,,0.00019142,0.025600002
,,,0.00019143,0.025600002
,,,0.00019144,0.024800001
,,,0.00019145,0.024000001
,,,0.00019146,0.023200001
,,,0.00019147,0.024000001
,,,0.00019148,0.024800001
,,,0.00019149,0.024800001
,,,0.0001915,0.024000001
,,,0.00019151,0.021600001
,,,0.00019152,0.022400001
,,,0.00019153,0.023200001
,,,0.00019154,0.025600002
,,,0.00019155,0.024800001
,,,0.00019156,0.024000001
,,,0.00019157,0.023200001
,,,0.00019158,0.024000001
,,,0.00019159,0.024000001
,,,0.0001916,0.022400001
,,,0.00019161,0.023200001
,,,0.00019162,0.024000001
,,,0.00019163,0.024800001
,,,0.00019164,0.024000001
,,,0.00019165,0.025600002
,,,0.00019166,0.024800001
,,,0.00019167,0.024000001
,,,0.00019168,0.024800001
,,,0.00019169,0.023200001
,,,0.0001917,0.023200001
,,,0.00019171,0.024800001
,,,0.00019172,0.024000001
,,,0.00019173,0.024000001
,,,0.00019174,0.025600002
,,,0.00019175,0.024000001
,,,0.00019176,0.024800001
,,,0.00019177,0.024000001
,,,0.00019178,0.023200001
,,,0.00019179,0.023200001
,,,0.0001918,0.022400001
,,,0.00019181,0.024000001
,,,0.00019182,0.024800001
,,,0.00019183,0.024800001
,,,0.00019184,0.024800001
,,,0.00019185,0.024000001
,,,0.00019186,0.024000001
,,,0.00019187,0.024000001
,,,0.00019188,0.024800001
,,,0.00019189,0.024000001
,,,0.0001919,0.024000001
,,,0.00019191,0.025600002
,,,0.00019192,0.024000001
,,,0.00019193,0.024800001
,,,0.00019194,0.023200001
,,,0.00019195,0.024000001
,,,0.00019196,0.024800001
,,,0.00019197,0.024800001
,,,0.00019198,0.025600002
,,,0.00019199,0.023200001
,,,0.000192,0.024800001
,,,0.00019201,0.024000001
,,,0.00019202,0.023200001
,,,0.00019203,0.022400001
,,,0.00019204,0.024800001
,,,0.00019205,0.025600002
,,,0.00019206,0.025600002
,,,0.00019207,0.025600002
,,,0.00019208,0.024800001
,,,0.00019209,0.023200001
,,,0.0001921,0.024800001
,,,0.00019211,0.024000001
,,,0.00019212,0.024800001
,,,0.00019213,0.023200001
,,,0.00019214,0.022400001
,,,0.00019215,0.024000001
,,,0.00019216,0.024800001
,,,0.00019217,0.024000001
,,,0.00019218,0.024800001
,,,0.00019219,0.024000001
,,,0.0001922,0.024000001
,,,0.00019221,0.023200001
,,,0.00019222,0.023200001
,,,0.00019223,0.023200001
,,,0.00019224,0.024000001
,,,0.00019225,0.024000001
,,,0.00019226,0.023200001
,,,0.00019227,0.024000001
,,,0.00019228,0.024800001
,,,0.00019229,0.024000001
,,,0.0001923,0.024800001
,,,0.00019231,0.024000001
,,,0.00019232,0.024000001
,,,0.00019233,0.024800001
,,,0.00019234,0.024000001
,,,0.00019235,0.024000001
,,,0.00019236,0.024000001
,,,0.00019237,0.024000001
,,,0.00019238,0.022400001
,,,0.00019239,0.024000001
,,,0.0001924,0.024000001
,,,0.00019241,0.024000001
,,,0.00019242,0.024000001
,,,0.00019243,0.023200001
,,,0.00019244,0.025600002
,,,0.00019245,0.023200001
,,,0.00019246,0.023200001
,,,0.00019247,0.024000001
,,,0.00019248,0.024000001
,,,0.00019249,0.025600002
,,,0.0001925,0.024800001
,,,0.00019251,0.023200001
,,,0.00019252,0.025600002
,,,0.00019253,0.024000001
,,,0.00019254,0.024000001
,,,0.00019255,0.023200001
,,,0.00019256,0.023200001
,,,0.00019257,0.024000001
,,,0.00019258,0.025600002
,,,0.00019259,0.024000001
,,,0.0001926,0.024800001
,,,0.00019261,0.024800001
,,,0.00019262,0.024800001
,,,0.00019263,0.024000001
,,,0.00019264,0.024800001
,,,0.00019265,0.024000001
,,,0.00019266,0.025600002
,,,0.00019267,0.025600002
,,,0.00019268,0.024000001
,,,0.00019269,0.024000001
,,,0.0001927,0.023200001
,,,0.00019271,0.024000001
,,,0.00019272,0.024000001
,,,0.00019273,0.024000001
,,,0.00019274,0.024000001
,,,0.00019275,0.022400001
,,,0.00019276,0.024000001
,,,0.00019277,0.024000001
,,,0.00019278,0.024000001
,,,0.00019279,0.025600002
,,,0.0001928,0.024000001
,,,0.00019281,0.026400002
,,,0.00019282,0.024800001
,,,0.00019283,0.023200001
,,,0.00019284,0.024800001
,,,0.00019285,0.024800001
,,,0.00019286,0.024000001
,,,0.00019287,0.024000001
,,,0.00019288,0.024800001
,,,0.00019289,0.024800001
,,,0.0001929,0.025600002
,,,0.00019291,0.026400002
,,,0.00019292,0.026400002
,,,0.00019293,0.023200001
,,,0.00019294,0.024800001
,,,0.00019295,0.024000001
,,,0.00019296,0.024800001
,,,0.00019297,0.024800001
,,,0.00019298,0.024000001
,,,0.00019299,0.024800001
,,,0.000193,0.025600002
,,,0.00019301,0.024000001
,,,0.00019302,0.022400001
,,,0.00019303,0.024800001
,,,0.00019304,0.024800001
,,,0.00019305,0.024000001
,,,0.00019306,0.024000001
,,,0.00019307,0.024800001
,,,0.00019308,0.024000001
,,,0.00019309,0.024000001
,,,0.0001931,0.024800001
,,,0.00019311,0.023200001
,,,0.00019312,0.024800001
,,,0.00019313,0.024000001
,,,0.00019314,0.024000001
,,,0.00019315,0.025600002
,,,0.00019316,0.025600002
,,,0.00019317,0.024000001
,,,0.00019318,0.024000001
,,,0.00019319,0.023200001
,,,0.0001932,0.023200001
,,,0.00019321,0.024000001
,,,0.00019322,0.024800001
,,,0.00019323,0.024000001
,,,0.00019324,0.024800001
,,,0.00019325,0.024000001
,,,0.00019326,0.024000001
,,,0.00019327,0.024800001
,,,0.00019328,0.024000001
,,,0.00019329,0.024000001
,,,0.0001933,0.024000001
,,,0.00019331,0.022400001
,,,0.00019332,0.024000001
,,,0.00019333,0.024000001
,,,0.00019334,0.026400002
,,,0.00019335,0.024000001
,,,0.00019336,0.025600002
,,,0.00019337,0.024800001
,,,0.00019338,0.024800001
,,,0.00019339,0.024000001
,,,0.0001934,0.027200002
,,,0.00019341,0.024000001
,,,0.00019342,0.024000001
,,,0.00019343,0.025600002
,,,0.00019344,0.024000001
,,,0.00019345,0.025600002
,,,0.00019346,0.024000001
,,,0.00019347,0.024800001
,,,0.00019348,0.025600002
,,,0.00019349,0.025600002
,,,0.0001935,0.024800001
,,,0.00019351,0.024000001
,,,0.00019352,0.024000001
,,,0.00019353,0.025600002
,,,0.00019354,0.024800001
,,,0.00019355,0.021600001
,,,0.00019356,0.024000001
,,,0.00019357,0.024000001
,,,0.00019358,0.025600002
,,,0.00019359,0.023200001
,,,0.0001936,0.024800001
,,,0.00019361,0.024000001
,,,0.00019362,0.025600002
,,,0.00019363,0.023200001
,,,0.00019364,0.024000001
,,,0.00019365,0.024000001
,,,0.00019366,0.024800001
,,,0.00019367,0.024000001
,,,0.00019368,0.024800001
,,,0.00019369,0.024800001
,,,0.0001937,0.025600002
,,,0.00019371,0.024000001
,,,0.00019372,0.024000001
,,,0.00019373,0.022400001
,,,0.00019374,0.024000001
,,,0.00019375,0.024800001
,,,0.00019376,0.024000001
,,,0.00019377,0.024800001
,,,0.00019378,0.024000001
,,,0.00019379,0.023200001
,,,0.0001938,0.024000001
,,,0.00019381,0.025600002
,,,0.00019382,0.025600002
,,,0.00019383,0.024000001
,,,0.00019384,0.024800001
,,,0.00019385,0.024800001
,,,0.00019386,0.026400002
,,,0.00019387,0.024800001
,,,0.00019388,0.024000001
,,,0.00019389,0.025600002
,,,0.0001939,0.025600002
,,,0.00019391,0.024000001
,,,0.00019392,0.024000001
,,,0.00019393,0.023200001
,,,0.00019394,0.025600002
,,,0.00019395,0.024800001
,,,0.00019396,0.024800001
,,,0.00019397,0.024800001
,,,0.00019398,0.025600002
,,,0.00019399,0.027200002
,,,0.000194,0.024000001
,,,0.00019401,0.024000001
,,,0.00019402,0.024000001
,,,0.00019403,0.023200001
,,,0.00019404,0.025600002
,,,0.00019405,0.024000001
,,,0.00019406,0.025600002
,,,0.00019407,0.025600002
,,,0.00019408,0.024800001
,,,0.00019409,0.025600002
,,,0.0001941,0.024800001
,,,0.00019411,0.024800001
,,,0.00019412,0.023200001
,,,0.00019413,0.024800001
,,,0.00019414,0.024000001
,,,0.00019415,0.024800001
,,,0.00019416,0.024800001
,,,0.00019417,0.024800001
,,,0.00019418,0.024000001
,,,0.00019419,0.023200001
,,,0.0001942,0.024800001
,,,0.00019421,0.024800001
,,,0.00019422,0.024000001
,,,0.00019423,0.024000001
,,,0.00019424,0.023200001
,,,0.00019425,0.025600002
,,,0.00019426,0.024000001
,,,0.00019427,0.024800001
,,,0.00019428,0.024000001
,,,0.00019429,0.022400001
,,,0.0001943,0.024000001
,,,0.00019431,0.024800001
,,,0.00019432,0.024800001
,,,0.00019433,0.024000001
,,,0.00019434,0.024800001
,,,0.00019435,0.024800001
,,,0.00019436,0.024000001
,,,0.00019437,0.024000001
,,,0.00019438,0.023200001
,,,0.00019439,0.021600001
,,,0.0001944,0.025600002
,,,0.00019441,0.025600002
,,,0.00019442,0.026400002
,,,0.00019443,0.023200001
,,,0.00019444,0.025600002
,,,0.00019445,0.024000001
,,,0.00019446,0.024000001
,,,0.00019447,0.024000001
,,,0.00019448,0.024000001
,,,0.00019449,0.022400001
,,,0.0001945,0.023200001
,,,0.00019451,0.024800001
,,,0.00019452,0.024800001
,,,0.00019453,0.024000001
,,,0.00019454,0.024800001
,,,0.00019455,0.024800001
,,,0.00019456,0.023200001
,,,0.00019457,0.024000001
,,,0.00019458,0.024000001
,,,0.00019459,0.024800001
,,,0.0001946,0.024000001
,,,0.00019461,0.023200001
,,,0.00019462,0.024000001
,,,0.00019463,0.024800001
,,,0.00019464,0.024000001
,,,0.00019465,0.025600002
,,,0.00019466,0.024000001
,,,0.00019467,0.025600002
,,,0.00019468,0.024000001
,,,0.00019469,0.024000001
,,,0.0001947,0.024000001
,,,0.00019471,0.024000001
,,,0.00019472,0.024000001
,,,0.00019473,0.025600002
,,,0.00019474,0.024000001
,,,0.00019475,0.023200001
,,,0.00019476,0.026400002
,,,0.00019477,0.025600002
,,,0.00019478,0.024000001
,,,0.00019479,0.024000001
,,,0.0001948,0.024000001
,,,0.00019481,0.024000001
,,,0.00019482,0.024000001
,,,0.00019483,0.024000001
,,,0.00019484,0.024000001
,,,0.00019485,0.024000001
,,,0.00019486,0.024000001
,,,0.00019487,0.024000001
,,,0.00019488,0.024800001
,,,0.00019489,0.024000001
,,,0.0001949,0.024000001
,,,0.00019491,0.020800001
,,,0.00019492,0.023200001
,,,0.00019493,0.022400001
,,,0.00019494,0.025600002
,,,0.00019495,0.026400002
,,,0.00019496,0.024000001
,,,0.00019497,0.024800001
,,,0.00019498,0.023200001
,,,0.00019499,0.023200001
,,,0.000195,0.024000001
,,,0.00019501,0.025600002
,,,0.00019502,0.024800001
,,,0.00019503,0.024800001
,,,0.00019504,0.024800001
,,,0.00019505,0.024800001
,,,0.00019506,0.024000001
,,,0.00019507,0.023200001
,,,0.00019508,0.024800001
,,,0.00019509,0.025600002
,,,0.0001951,0.024000001
,,,0.00019511,0.024000001
,,,0.00019512,0.023200001
,,,0.00019513,0.026400002
,,,0.00019514,0.024000001
,,,0.00019515,0.024000001
,,,0.00019516,0.024800001
,,,0.00019517,0.024800001
,,,0.00019518,0.024000001
,,,0.00019519,0.024000001
,,,0.0001952,0.024800001
,,,0.00019521,0.025600002
,,,0.00019522,0.024000001
,,,0.00019523,0.024000001
,,,0.00019524,0.023200001
,,,0.00019525,0.025600002
,,,0.00019526,0.024800001
,,,0.00019527,0.023200001
,,,0.00019528,0.024800001
,,,0.00019529,0.023200001
,,,0.0001953,0.024800001
,,,0.00019531,0.024000001
,,,0.00019532,0.024000001
,,,0.00019533,0.024000001
,,,0.00019534,0.024000001
,,,0.00019535,0.024000001
,,,0.00019536,0.024800001
,,,0.00019537,0.024000001
,,,0.00019538,0.024800001
,,,0.00019539,0.022400001
,,,0.0001954,0.024000001
,,,0.00019541,0.024000001
,,,0.00019542,0.025600002
,,,0.00019543,0.024000001
,,,0.00019544,0.023200001
,,,0.00019545,0.024000001
,,,0.00019546,0.024800001
,,,0.00019547,0.024800001
,,,0.00019548,0.023200001
,,,0.00019549,0.025600002
,,,0.0001955,0.023200001
,,,0.00019551,0.026400002
,,,0.00019552,0.024000001
,,,0.00019553,0.023200001
,,,0.00019554,0.024800001
,,,0.00019555,0.024000001
,,,0.00019556,0.023200001
,,,0.00019557,0.024000001
,,,0.00019558,0.024000001
,,,0.00019559,0.024800001
,,,0.0001956,0.024000001
,,,0.00019561,0.024800001
,,,0.00019562,0.024000001
,,,0.00019563,0.024000001
,,,0.00019564,0.024000001
,,,0.00019565,0.024000001
,,,0.00019566,0.024000001
,,,0.00019567,0.024000001
,,,0.00019568,0.024000001
,,,0.00019569,0.024000001
,,,0.0001957,0.025600002
,,,0.00019571,0.024000001
,,,0.00019572,0.023200001
,,,0.00019573,0.024000001
,,,0.00019574,0.024000001
,,,0.00019575,0.024000001
,,,0.00019576,0.024000001
,,,0.00019577,0.022400001
,,,0.00019578,0.023200001
,,,0.00019579,0.024000001
,,,0.0001958,0.024000001
,,,0.00019581,0.024000001
,,,0.00019582,0.024800001
,,,0.00019583,0.024000001
,,,0.00019584,0.023200001
,,,0.00019585,0.025600002
,,,0.00019586,0.024000001
,,,0.00019587,0.024000001
,,,0.00019588,0.022400001
,,,0.00019589,0.024000001
,,,0.0001959,0.024000001
,,,0.00019591,0.024800001
,,,0.00019592,0.024000001
,,,0.00019593,0.024800001
,,,0.00019594,0.024000001
,,,0.00019595,0.024000001
,,,0.00019596,0.026400002
,,,0.00019597,0.024000001
,,,0.00019598,0.024000001
,,,0.00019599,0.024000001
,,,0.000196,0.024000001
,,,0.00019601,0.024000001
,,,0.00019602,0.024000001
,,,0.00019603,0.025600002
,,,0.00019604,0.025600002
,,,0.00019605,0.024000001
,,,0.00019606,0.025600002
,,,0.00019607,0.025600002
,,,0.00019608,0.022400001
,,,0.00019609,0.024800001
,,,0.0001961,0.024800001
,,,0.00019611,0.024000001
,,,0.00019612,0.025600002
,,,0.00019613,0.024000001
,,,0.00019614,0.024000001
,,,0.00019615,0.024000001
,,,0.00019616,0.024000001
,,,0.00019617,0.024800001
,,,0.00019618,0.023200001
,,,0.00019619,0.024000001
,,,0.0001962,0.024800001
,,,0.00019621,0.025600002
,,,0.00019622,0.024000001
,,,0.00019623,0.024800001
,,,0.00019624,0.024000001
,,,0.00019625,0.024000001
,,,0.00019626,0.024000001
,,,0.00019627,0.024800001
,,,0.00019628,0.024000001
,,,0.00019629,0.024800001
,,,0.0001963,0.024800001
,,,0.00019631,0.021600001
,,,0.00019632,0.024000001
,,,0.00019633,0.024800001
,,,0.00019634,0.024000001
,,,0.00019635,0.024800001
,,,0.00019636,0.023200001
,,,0.00019637,0.024000001
,,,0.00019638,0.024000001
,,,0.00019639,0.024800001
,,,0.0001964,0.024800001
,,,0.00019641,0.024000001
,,,0.00019642,0.025600002
,,,0.00019643,0.023200001
,,,0.00019644,0.025600002
,,,0.00019645,0.024000001
,,,0.00019646,0.024800001
,,,0.00019647,0.024000001
,,,0.00019648,0.024000001
,,,0.00019649,0.024000001
,,,0.0001965,0.025600002
,,,0.00019651,0.024000001
,,,0.00019652,0.024000001
,,,0.00019653,0.025600002
,,,0.00019654,0.024000001
,,,0.00019655,0.024000001
,,,0.00019656,0.024000001
,,,0.00019657,0.024000001
,,,0.00019658,0.024000001
,,,0.00019659,0.023200001
,,,0.0001966,0.024000001
,,,0.00019661,0.024000001
,,,0.00019662,0.024800001
,,,0.00019663,0.024000001
,,,0.00019664,0.023200001
,,,0.00019665,0.024800001
,,,0.00019666,0.024000001
,,,0.00019667,0.026400002
,,,0.00019668,0.024800001
,,,0.00019669,0.025600002
,,,0.0001967,0.024000001
,,,0.00019671,0.023200001
,,,0.00019672,0.025600002
,,,0.00019673,0.024800001
,,,0.00019674,0.024000001
,,,0.00019675,0.026400002
,,,0.00019676,0.024000001
,,,0.00019677,0.026400002
,,,0.00019678,0.024800001
,,,0.00019679,0.024000001
,,,0.0001968,0.024800001
,,,0.00019681,0.024000001
,,,0.00019682,0.024000001
,,,0.00019683,0.023200001
,,,0.00019684,0.024800001
,,,0.00019685,0.024800001
,,,0.00019686,0.024000001
,,,0.00019687,0.024000001
,,,0.00019688,0.024000001
,,,0.00019689,0.024800001
,,,0.0001969,0.024800001
,,,0.00019691,0.023200001
,,,0.00019692,0.024800001
,,,0.00019693,0.024000001
,,,0.00019694,0.024000001
,,,0.00019695,0.023200001
,,,0.00019696,0.024800001
,,,0.00019697,0.024000001
,,,0.00019698,0.024800001
,,,0.00019699,0.024000001
,,,0.000197,0.024000001
,,,0.00019701,0.026400002
,,,0.00019702,0.023200001
,,,0.00019703,0.024000001
,,,0.00019704,0.025600002
,,,0.00019705,0.024000001
,,,0.00019706,0.021600001
,,,0.00019707,0.024800001
,,,0.00019708,0.023200001
,,,0.00019709,0.024000001
,,,0.0001971,0.024000001
,,,0.00019711,0.024000001
,,,0.00019712,0.024000001
,,,0.00019713,0.024000001
,,,0.00019714,0.023200001
,,,0.00019715,0.024000001
,,,0.00019716,0.024000001
,,,0.00019717,0.024000001
,,,0.00019718,0.025600002
,,,0.00019719,0.023200001
,,,0.0001972,0.023200001
,,,0.00019721,0.024000001
,,,0.00019722,0.024800001
,,,0.00019723,0.024000001
,,,0.00019724,0.023200001
,,,0.00019725,0.024000001
,,,0.00019726,0.025600002
,,,0.00019727,0.024000001
,,,0.00019728,0.024000001
,,,0.00019729,0.023200001
,,,0.0001973,0.024000001
,,,0.00019731,0.024000001
,,,0.00019732,0.027200002
,,,0.00019733,0.023200001
,,,0.00019734,0.025600002
,,,0.00019735,0.024000001
,,,0.00019736,0.024000001
,,,0.00019737,0.024000001
,,,0.00019738,0.024000001
,,,0.00019739,0.023200001
,,,0.0001974,0.025600002
,,,0.00019741,0.025600002
,,,0.00019742,0.024000001
,,,0.00019743,0.024000001
,,,0.00019744,0.023200001
,,,0.00019745,0.024800001
,,,0.00019746,0.023200001
,,,0.00019747,0.024000001
,,,0.00019748,0.024000001
,,,0.00019749,0.026400002
,,,0.0001975,0.024000001
,,,0.00019751,0.024000001
,,,0.00019752,0.024800001
,,,0.00019753,0.024800001
,,,0.00019754,0.024000001
,,,0.00019755,0.024000001
,,,0.00019756,0.023200001
,,,0.00019757,0.024000001
,,,0.00019758,0.024000001
,,,0.00019759,0.024800001
,,,0.0001976,0.024800001
,,,0.00019761,0.025600002
,,,0.00019762,0.025600002
,,,0.00019763,0.024000001
,,,0.00019764,0.024800001
,,,0.00019765,0.024000001
,,,0.00019766,0.024000001
,,,0.00019767,0.024800001
,,,0.00019768,0.024000001
,,,0.00019769,0.024800001
,,,0.0001977,0.024000001
,,,0.00019771,0.023200001
,,,0.00019772,0.024000001
,,,0.00019773,0.024000001
,,,0.00019774,0.024800001
,,,0.00019775,0.024000001
,,,0.00019776,0.024800001
,,,0.00019777,0.024000001
,,,0.00019778,0.024800001
,,,0.00019779,0.024000001
,,,0.0001978,0.024000001
,,,0.00019781,0.024000001
,,,0.00019782,0.024000001
,,,0.00019783,0.024000001
,,,0.00019784,0.024000001
,,,0.00019785,0.023200001
,,,0.00019786,0.024000001
,,,0.00019787,0.024000001
,,,0.00019788,0.026400002
,,,0.00019789,0.024800001
,,,0.0001979,0.025600002
,,,0.00019791,0.023200001
,,,0.00019792,0.024800001
,,,0.00019793,0.024000001
,,,0.00019794,0.025600002
,,,0.00019795,0.024000001
,,,0.00019796,0.023200001
,,,0.00019797,0.023200001
,,,0.00019798,0.024000001
,,,0.00019799,0.024000001
,,,0.000198,0.024000001
,,,0.00019801,0.024800001
,,,0.00019802,0.024000001
,,,0.00019803,0.025600002
,,,0.00019804,0.024800001
,,,0.00019805,0.025600002
,,,0.00019806,0.024000001
,,,0.00019807,0.024000001
,,,0.00019808,0.024000001
,,,0.00019809,0.024800001
,,,0.0001981,0.024800001
,,,0.00019811,0.024000001
,,,0.00019812,0.024000001
,,,0.00019813,0.024800001
,,,0.00019814,0.024000001
,,,0.00019815,0.024000001
,,,0.00019816,0.024800001
,,,0.00019817,0.023200001
,,,0.00019818,0.024000001
,,,0.00019819,0.025600002
,,,0.0001982,0.024000001
,,,0.00019821,0.024800001
,,,0.00019822,0.024000001
,,,0.00019823,0.023200001
,,,0.00019824,0.024000001
,,,0.00019825,0.024800001
,,,0.00019826,0.024800001
,,,0.00019827,0.023200001
,,,0.00019828,0.024000001
,,,0.00019829,0.024000001
,,,0.0001983,0.024000001
,,,0.00019831,0.027200002
,,,0.00019832,0.024800001
,,,0.00019833,0.024800001
,,,0.00019834,0.025600002
,,,0.00019835,0.025600002
,,,0.00019836,0.024800001
,,,0.00019837,0.023200001
,,,0.00019838,0.024000001
,,,0.00019839,0.024000001
,,,0.0001984,0.024000001
,,,0.00019841,0.023200001
,,,0.00019842,0.024000001
,,,0.00019843,0.023200001
,,,0.00019844,0.024000001
,,,0.00019845,0.024800001
,,,0.00019846,0.024800001
,,,0.00019847,0.024800001
,,,0.00019848,0.024800001
,,,0.00019849,0.023200001
,,,0.0001985,0.023200001
,,,0.00019851,0.025600002
,,,0.00019852,0.024000001
,,,0.00019853,0.024000001
,,,0.00019854,0.023200001
,,,0.00019855,0.022400001
,,,0.00019856,0.024000001
,,,0.00019857,0.024000001
,,,0.00019858,0.022400001
,,,0.00019859,0.023200001
,,,0.0001986,0.024000001
,,,0.00019861,0.024000001
,,,0.00019862,0.023200001
,,,0.00019863,0.024800001
,,,0.00019864,0.024000001
,,,0.00019865,0.024000001
,,,0.00019866,0.024000001
,,,0.00019867,0.024000001
,,,0.00019868,0.024800001
,,,0.00019869,0.024000001
,,,0.0001987,0.024800001
,,,0.00019871,0.024800001
,,,0.00019872,0.024000001
,,,0.00019873,0.024000001
,,,0.00019874,0.024000001
,,,0.00019875,0.024800001
,,,0.00019876,0.025600002
,,,0.00019877,0.023200001
,,,0.00019878,0.024800001
,,,0.00019879,0.023200001
,,,0.0001988,0.024000001
,,,0.00019881,0.023200001
,,,0.00019882,0.024800001
,,,0.00019883,0.023200001
,,,0.00019884,0.024000001
,,,0.00019885,0.024000001
,,,0.00019886,0.024800001
,,,0.00019887,0.026400002
,,,0.00019888,0.024000001
,,,0.00019889,0.024800001
,,,0.0001989,0.023200001
,,,0.00019891,0.024800001
,,,0.00019892,0.024000001
,,,0.00019893,0.025600002
,,,0.00019894,0.025600002
,,,0.00019895,0.024800001
,,,0.00019896,0.025600002
,,,0.00019897,0.024000001
,,,0.00019898,0.025600002
,,,0.00019899,0.024800001
,,,0.000199,0.024800001
,,,0.00019901,0.024800001
,,,0.00019902,0.024800001
,,,0.00019903,0.024800001
,,,0.00019904,0.024000001
,,,0.00019905,0.024000001
,,,0.00019906,0.022400001
,,,0.00019907,0.024800001
,,,0.00019908,0.024000001
,,,0.00019909,0.024000001
,,,0.0001991,0.024000001
,,,0.00019911,0.025600002
,,,0.00019912,0.025600002
,,,0.00019913,0.024800001
,,,0.00019914,0.024800001
,,,0.00019915,0.024000001
,,,0.00019916,0.024000001
,,,0.00019917,0.024800001
,,,0.00019918,0.024000001
,,,0.00019919,0.024800001
,,,0.0001992,0.024000001
,,,0.00019921,0.024000001
,,,0.00019922,0.023200001
,,,0.00019923,0.025600002
,,,0.00019924,0.024800001
,,,0.00019925,0.024000001
,,,0.00019926,0.024000001
,,,0.00019927,0.024000001
,,,0.00019928,0.023200001
,,,0.00019929,0.024000001
,,,0.0001993,0.025600002
,,,0.00019931,0.024800001
,,,0.00019932,0.024800001
,,,0.00019933,0.023200001
,,,0.00019934,0.024000001
,,,0.00019935,0.024800001
,,,0.00019936,0.023200001
,,,0.00019937,0.023200001
,,,0.00019938,0.024800001
,,,0.00019939,0.024000001
,,,0.0001994,0.025600002
,,,0.00019941,0.025600002
,,,0.00019942,0.024800001
,,,0.00019943,0.024000001
,,,0.00019944,0.024000001
,,,0.00019945,0.024000001
,,,0.00019946,0.022400001
,,,0.00019947,0.024000001
,,,0.00019948,0.025600002
,,,0.00019949,0.024800001
,,,0.0001995,0.024800001
,,,0.00019951,0.024800001
,,,0.00019952,0.025600002
,,,0.00019953,0.024800001
,,,0.00019954,0.024800001
,,,0.00019955,0.023200001
,,,0.00019956,0.025600002
,,,0.00019957,0.024000001
,,,0.00019958,0.025600002
,,,0.00019959,0.023200001
,,,0.0001996,0.024800001
,,,0.00019961,0.024000001
,,,0.00019962,0.024000001
,,,0.00019963,0.024000001
,,,0.00019964,0.022400001
,,,0.00019965,0.024000001
,,,0.00019966,0.024800001
,,,0.00019967,0.024800001
,,,0.00019968,0.024000001
,,,0.00019969,0.024800001
,,,0.0001997,0.025600002
,,,0.00019971,0.024800001
,,,0.00019972,0.024800001
,,,0.00019973,0.024000001
,,,0.00019974,0.024000001
,,,0.00019975,0.025600002
,,,0.00019976,0.024000001
,,,0.00019977,0.024000001
,,,0.00019978,0.024800001
,,,0.00019979,0.024000001
,,,0.0001998,0.024000001
,,,0.00019981,0.024000001
,,,0.00019982,0.024800001
,,,0.00019983,0.024000001
,,,0.00019984,0.024800001
,,,0.00019985,0.023200001
,,,0.00019986,0.024800001
,,,0.00019987,0.025600002
,,,0.00019988,0.023200001
,,,0.00019989,0.022400001
,,,0.0001999,0.025600002
,,,0.00019991,0.025600002
,,,0.00019992,0.024000001
,,,0.00019993,0.024000001
,,,0.00019994,0.024800001
,,,0.00019995,0.024000001
,,,0.00019996,0.024000001
,,,0.00019997,0.024000001
,,,0.00019998,0.024000001
,,,0.00019999,0.024000001
,,,0.0002,0.021600001
,,,0.00020001,0.024000001
,,,0.00020002,0.022400001
,,,0.00020003,0.023200001
,,,0.00020004,0.026400002
,,,0.00020005,0.022400001
,,,0.00020006,0.024000001
,,,0.00020007,0.023200001
,,,0.00020008,0.026400002
,,,0.00020009,0.024000001
,,,0.0002001,0.025600002
,,,0.00020011,0.024000001
,,,0.00020012,0.024000001
,,,0.00020013,0.024800001
,,,0.00020014,0.024800001
,,,0.00020015,0.024000001
,,,0.00020016,0.023200001
,,,0.00020017,0.024800001
,,,0.00020018,0.024000001
,,,0.00020019,0.023200001
,,,0.0002002,0.023200001
,,,0.00020021,0.024000001
,,,0.00020022,0.024000001
,,,0.00020023,0.024000001
,,,0.00020024,0.024800001
,,,0.00020025,0.024800001
,,,0.00020026,0.025600002
,,,0.00020027,0.022400001
,,,0.00020028,0.025600002
,,,0.00020029,0.024800001
,,,0.0002003,0.024000001
,,,0.00020031,0.024000001
,,,0.00020032,0.023200001
,,,0.00020033,0.024800001
,,,0.00020034,0.025600002
,,,0.00020035,0.024000001
,,,0.00020036,0.024800001
,,,0.00020037,0.025600002
,,,0.00020038,0.024000001
,,,0.00020039,0.024000001
,,,0.0002004,0.025600002
,,,0.00020041,0.024000001
,,,0.00020042,0.024000001
,,,0.00020043,0.023200001
,,,0.00020044,0.024000001
,,,0.00020045,0.023200001
,,,0.00020046,0.023200001
,,,0.00020047,0.024000001
,,,0.00020048,0.024000001
,,,0.00020049,0.024800001
,,,0.0002005,0.024000001
,,,0.00020051,0.024000001
,,,0.00020052,0.024800001
,,,0.00020053,0.024000001
,,,0.00020054,0.024000001
,,,0.00020055,0.023200001
,,,0.00020056,0.024000001
,,,0.00020057,0.025600002
,,,0.00020058,0.024800001
,,,0.00020059,0.024000001
,,,0.0002006,0.024000001
,,,0.00020061,0.024000001
,,,0.00020062,0.024000001
,,,0.00020063,0.021600001
,,,0.00020064,0.023200001
,,,0.00020065,0.024800001
,,,0.00020066,0.024000001
,,,0.00020067,0.024000001
,,,0.00020068,0.024000001
,,,0.00020069,0.024800001
,,,0.0002007,0.023200001
,,,0.00020071,0.024000001
,,,0.00020072,0.024000001
,,,0.00020073,0.024000001
,,,0.00020074,0.024000001
,,,0.00020075,0.024000001
,,,0.00020076,0.024000001
,,,0.00020077,0.024000001
,,,0.00020078,0.025600002
,,,0.00020079,0.024800001
,,,0.0002008,0.025600002
,,,0.00020081,0.024000001
,,,0.00020082,0.024000001
,,,0.00020083,0.024800001
,,,0.00020084,0.023200001
,,,0.00020085,0.024000001
,,,0.00020086,0.024000001
,,,0.00020087,0.022400001
,,,0.00020088,0.024800001
,,,0.00020089,0.025600002
,,,0.0002009,0.024000001
,,,0.00020091,0.024800001
,,,0.00020092,0.024800001
,,,0.00020093,0.024800001
,,,0.00020094,0.024000001
,,,0.00020095,0.023200001
,,,0.00020096,0.024000001
,,,0.00020097,0.024000001
,,,0.00020098,0.024000001
,,,0.00020099,0.024800001
,,,0.000201,0.023200001
,,,0.00020101,0.023200001
,,,0.00020102,0.024000001
,,,0.00020103,0.024000001
,,,0.00020104,0.024000001
,,,0.00020105,0.024000001
,,,0.00020106,0.024000001
,,,0.00020107,0.024000001
,,,0.00020108,0.023200001
,,,0.00020109,0.023200001
,,,0.0002011,0.024000001
,,,0.00020111,0.024000001
,,,0.00020112,0.024000001
,,,0.00020113,0.024000001
,,,0.00020114,0.023200001
,,,0.00020115,0.024000001
,,,0.00020116,0.025600002
,,,0.00020117,0.024000001
,,,0.00020118,0.025600002
,,,0.00020119,0.024000001
,,,0.0002012,0.024000001
,,,0.00020121,0.024000001
,,,0.00020122,0.023200001
,,,0.00020123,0.024000001
,,,0.00020124,0.024000001
,,,0.00020125,0.024000001
,,,0.00020126,0.024000001
,,,0.00020127,0.024000001
,,,0.00020128,0.024800001
,,,0.00020129,0.023200001
,,,0.0002013,0.024000001
,,,0.00020131,0.024000001
,,,0.00020132,0.024800001
,,,0.00020133,0.025600002
,,,0.00020134,0.025600002
,,,0.00020135,0.024800001
,,,0.00020136,0.024000001
,,,0.00020137,0.025600002
,,,0.00020138,0.025600002
,,,0.00020139,0.024000001
,,,0.0002014,0.025600002
,,,0.00020141,0.025600002
,,,0.00020142,0.024000001
,,,0.00020143,0.024800001
,,,0.00020144,0.024800001
,,,0.00020145,0.024800001
,,,0.00020146,0.024000001
,,,0.00020147,0.023200001
,,,0.00020148,0.023200001
,,,0.00020149,0.024800001
,,,0.0002015,0.023200001
,,,0.00020151,0.024000001
,,,0.00020152,0.024000001
,,,0.00020153,0.024000001
,,,0.00020154,0.025600002
,,,0.00020155,0.024000001
,,,0.00020156,0.025600002
,,,0.00020157,0.024800001
,,,0.00020158,0.024800001
,,,0.00020159,0.025600002
,,,0.0002016,0.023200001
,,,0.00020161,0.025600002
,,,0.00020162,0.023200001
,,,0.00020163,0.025600002
,,,0.00020164,0.024000001
,,,0.00020165,0.024000001
,,,0.00020166,0.024000001
,,,0.00020167,0.024800001
,,,0.00020168,0.025600002
,,,0.00020169,0.024000001
,,,0.0002017,0.024800001
,,,0.00020171,0.024800001
,,,0.00020172,0.024000001
,,,0.00020173,0.024800001
,,,0.00020174,0.024000001
,,,0.00020175,0.024000001
,,,0.00020176,0.024800001
,,,0.00020177,0.023200001
,,,0.00020178,0.024800001
,,,0.00020179,0.024800001
,,,0.0002018,0.023200001
,,,0.00020181,0.024800001
,,,0.00020182,0.023200001
,,,0.00020183,0.024000001
,,,0.00020184,0.024800001
,,,0.00020185,0.024000001
,,,0.00020186,0.024800001
,,,0.00020187,0.024000001
,,,0.00020188,0.024800001
,,,0.00020189,0.024000001
,,,0.0002019,0.024800001
,,,0.00020191,0.024000001
,,,0.00020192,0.024000001
,,,0.00020193,0.024000001
,,,0.00020194,0.024000001
,,,0.00020195,0.024000001
,,,0.00020196,0.024000001
,,,0.00020197,0.024000001
,,,0.00020198,0.023200001
,,,0.00020199,0.024000001
,,,0.000202,0.024000001
,,,0.00020201,0.025600002
,,,0.00020202,0.025600002
,,,0.00020203,0.023200001
,,,0.00020204,0.024000001
,,,0.00020205,0.024800001
,,,0.00020206,0.024800001
,,,0.00020207,0.024000001
,,,0.00020208,0.025600002
,,,0.00020209,0.026400002
,,,0.0002021,0.022400001
,,,0.00020211,0.024800001
,,,0.00020212,0.024000001
,,,0.00020213,0.024800001
,,,0.00020214,0.023200001
,,,0.00020215,0.024000001
,,,0.00020216,0.024800001
,,,0.00020217,0.024800001
,,,0.00020218,0.024000001
,,,0.00020219,0.023200001
,,,0.0002022,0.022400001
,,,0.00020221,0.025600002
,,,0.00020222,0.025600002
,,,0.00020223,0.024000001
,,,0.00020224,0.024000001
,,,0.00020225,0.023200001
,,,0.00020226,0.024800001
,,,0.00020227,0.023200001
,,,0.00020228,0.024000001
,,,0.00020229,0.024800001
,,,0.0002023,0.023200001
,,,0.00020231,0.023200001
,,,0.00020232,0.024000001
,,,0.00020233,0.024000001
,,,0.00020234,0.025600002
,,,0.00020235,0.024000001
,,,0.00020236,0.022400001
,,,0.00020237,0.024000001
,,,0.00020238,0.026400002
,,,0.00020239,0.025600002
,,,0.0002024,0.023200001
,,,0.00020241,0.023200001
,,,0.00020242,0.022400001
,,,0.00020243,0.024000001
,,,0.00020244,0.026400002
,,,0.00020245,0.024800001
,,,0.00020246,0.024000001
,,,0.00020247,0.023200001
,,,0.00020248,0.023200001
,,,0.00020249,0.024000001
,,,0.0002025,0.025600002
,,,0.00020251,0.024000001
,,,0.00020252,0.023200001
,,,0.00020253,0.023200001
,,,0.00020254,0.024000001
,,,0.00020255,0.023200001
,,,0.00020256,0.025600002
,,,0.00020257,0.024000001
,,,0.00020258,0.024800001
,,,0.00020259,0.022400001
,,,0.0002026,0.024000001
,,,0.00020261,0.024800001
,,,0.00020262,0.025600002
,,,0.00020263,0.024800001
,,,0.00020264,0.024000001
,,,0.00020265,0.024000001
,,,0.00020266,0.024000001
,,,0.00020267,0.024800001
,,,0.00020268,0.024800001
,,,0.00020269,0.024800001
,,,0.0002027,0.024000001
,,,0.00020271,0.024000001
,,,0.00020272,0.024000001
,,,0.00020273,0.024000001
,,,0.00020274,0.024800001
,,,0.00020275,0.023200001
,,,0.00020276,0.024000001
,,,0.00020277,0.025600002
,,,0.00020278,0.024800001
,,,0.00020279,0.024000001
,,,0.0002028,0.024000001
,,,0.00020281,0.027200002
,,,0.00020282,0.024000001
,,,0.00020283,0.024800001
,,,0.00020284,0.024000001
,,,0.00020285,0.024000001
,,,0.00020286,0.024000001
,,,0.00020287,0.023200001
,,,0.00020288,0.024000001
,,,0.00020289,0.024000001
,,,0.0002029,0.025600002
,,,0.00020291,0.024800001
,,,0.00020292,0.024800001
,,,0.00020293,0.023200001
,,,0.00020294,0.024000001
,,,0.00020295,0.024000001
,,,0.00020296,0.023200001
,,,0.00020297,0.023200001
,,,0.00020298,0.023200001
,,,0.00020299,0.023200001
,,,0.000203,0.024000001
,,,0.00020301,0.024000001
,,,0.00020302,0.024000001
,,,0.00020303,0.023200001
,,,0.00020304,0.024000001
,,,0.00020305,0.025600002
,,,0.00020306,0.024800001
,,,0.00020307,0.024000001
,,,0.00020308,0.024000001
,,,0.00020309,0.024800001
,,,0.0002031,0.023200001
,,,0.00020311,0.023200001
,,,0.00020312,0.023200001
,,,0.00020313,0.024000001
,,,0.00020314,0.024000001
,,,0.00020315,0.022400001
,,,0.00020316,0.023200001
,,,0.00020317,0.024800001
,,,0.00020318,0.024000001
,,,0.00020319,0.023200001
,,,0.0002032,0.024000001
,,,0.00020321,0.024000001
,,,0.00020322,0.024000001
,,,0.00020323,0.023200001
,,,0.00020324,0.024000001
,,,0.00020325,0.023200001
,,,0.00020326,0.024000001
,,,0.00020327,0.025600002
,,,0.00020328,0.024800001
,,,0.00020329,0.024800001
,,,0.0002033,0.024000001
,,,0.00020331,0.024800001
,,,0.00020332,0.025600002
,,,0.00020333,0.025600002
,,,0.00020334,0.023200001
,,,0.00020335,0.024800001
,,,0.00020336,0.024000001
,,,0.00020337,0.024800001
,,,0.00020338,0.024800001
,,,0.00020339,0.024800001
,,,0.0002034,0.024800001
,,,0.00020341,0.024000001
,,,0.00020342,0.024000001
,,,0.00020343,0.023200001
,,,0.00020344,0.024800001
,,,0.00020345,0.024000001
,,,0.00020346,0.023200001
,,,0.00020347,0.023200001
,,,0.00020348,0.024800001
,,,0.00020349,0.025600002
,,,0.0002035,0.024000001
,,,0.00020351,0.024800001
,,,0.00020352,0.024000001
,,,0.00020353,0.024800001
,,,0.00020354,0.024000001
,,,0.00020355,0.024800001
,,,0.00020356,0.026400002
,,,0.00020357,0.024800001
,,,0.00020358,0.024000001
,,,0.00020359,0.024800001
,,,0.0002036,0.021600001
,,,0.00020361,0.024800001
,,,0.00020362,0.024000001
,,,0.00020363,0.024000001
,,,0.00020364,0.024800001
,,,0.00020365,0.024800001
,,,0.00020366,0.024800001
,,,0.00020367,0.026400002
,,,0.00020368,0.024800001
,,,0.00020369,0.025600002
,,,0.0002037,0.024800001
,,,0.00020371,0.023200001
,,,0.00020372,0.024000001
,,,0.00020373,0.024000001
,,,0.00020374,0.024000001
,,,0.00020375,0.025600002
,,,0.00020376,0.024800001
,,,0.00020377,0.025600002
,,,0.00020378,0.024000001
,,,0.00020379,0.022400001
,,,0.0002038,0.025600002
,,,0.00020381,0.023200001
,,,0.00020382,0.024000001
,,,0.00020383,0.023200001
,,,0.00020384,0.024000001
,,,0.00020385,0.024800001
,,,0.00020386,0.024000001
,,,0.00020387,0.023200001
,,,0.00020388,0.023200001
,,,0.00020389,0.025600002
,,,0.0002039,0.024000001
,,,0.00020391,0.022400001
,,,0.00020392,0.024800001
,,,0.00020393,0.024000001
,,,0.00020394,0.024000001
,,,0.00020395,0.024000001
,,,0.00020396,0.023200001
,,,0.00020397,0.024000001
,,,0.00020398,0.024800001
,,,0.00020399,0.024000001
,,,0.000204,0.024000001
,,,0.00020401,0.024000001
,,,0.00020402,0.024000001
,,,0.00020403,0.024000001
,,,0.00020404,0.023200001
,,,0.00020405,0.024000001
,,,0.00020406,0.024800001
,,,0.00020407,0.023200001
,,,0.00020408,0.023200001
,,,0.00020409,0.024800001
,,,0.0002041,0.024000001
,,,0.00020411,0.024800001
,,,0.00020412,0.024000001
,,,0.00020413,0.024000001
,,,0.00020414,0.024000001
,,,0.00020415,0.024800001
,,,0.00020416,0.024800001
,,,0.00020417,0.024800001
,,,0.00020418,0.024000001
,,,0.00020419,0.025600002
,,,0.0002042,0.024000001
,,,0.00020421,0.024800001
,,,0.00020422,0.024000001
,,,0.00020423,0.025600002
,,,0.00020424,0.025600002
,,,0.00020425,0.023200001
,,,0.00020426,0.024000001
,,,0.00020427,0.024000001
,,,0.00020428,0.024000001
,,,0.00020429,0.024000001
,,,0.0002043,0.024800001
,,,0.00020431,0.025600002
,,,0.00020432,0.024000001
,,,0.00020433,0.025600002
,,,0.00020434,0.026400002
,,,0.00020435,0.024000001
,,,0.00020436,0.025600002
,,,0.00020437,0.025600002
,,,0.00020438,0.024800001
,,,0.00020439,0.024000001
,,,0.0002044,0.024800001
,,,0.00020441,0.023200001
,,,0.00020442,0.024800001
,,,0.00020443,0.024000001
,,,0.00020444,0.024000001
,,,0.00020445,0.025600002
,,,0.00020446,0.024000001
,,,0.00020447,0.024000001
,,,0.00020448,0.024800001
,,,0.00020449,0.024000001
,,,0.0002045,0.024800001
,,,0.00020451,0.024800001
,,,0.00020452,0.023200001
,,,0.00020453,0.024800001
,,,0.00020454,0.024800001
,,,0.00020455,0.024000001
,,,0.00020456,0.024800001
,,,0.00020457,0.024000001
,,,0.00020458,0.024800001
,,,0.00020459,0.024000001
,,,0.0002046,0.024000001
,,,0.00020461,0.024800001
,,,0.00020462,0.023200001
,,,0.00020463,0.024000001
,,,0.00020464,0.024800001
,,,0.00020465,0.023200001
,,,0.00020466,0.024000001
,,,0.00020467,0.024000001
,,,0.00020468,0.024000001
,,,0.00020469,0.023200001
,,,0.0002047,0.024800001
,,,0.00020471,0.024000001
,,,0.00020472,0.024800001
,,,0.00020473,0.024800001
,,,0.00020474,0.024800001
,,,0.00020475,0.024000001
,,,0.00020476,0.024000001
,,,0.00020477,0.023200001
,,,0.00020478,0.024800001
,,,0.00020479,0.024000001
,,,0.0002048,0.023200001
,,,0.00020481,0.025600002
,,,0.00020482,0.024000001
,,,0.00020483,0.024000001
,,,0.00020484,0.024000001
,,,0.00020485,0.023200001
,,,0.00020486,0.024800001
,,,0.00020487,0.024000001
,,,0.00020488,0.024000001
,,,0.00020489,0.022400001
,,,0.0002049,0.022400001
,,,0.00020491,0.024000001
,,,0.00020492,0.024000001
,,,0.00020493,0.024000001
,,,0.00020494,0.024000001
,,,0.00020495,0.024000001
,,,0.00020496,0.024000001
,,,0.00020497,0.024000001
,,,0.00020498,0.024800001
,,,0.00020499,0.024000001
,,,0.000205,0.025600002
,,,0.00020501,0.024800001
,,,0.00020502,0.024000001
,,,0.00020503,0.024800001
,,,0.00020504,0.024800001
,,,0.00020505,0.024000001
,,,0.00020506,0.024000001
,,,0.00020507,0.024000001
,,,0.00020508,0.024800001
,,,0.00020509,0.024000001
,,,0.0002051,0.024000001
,,,0.00020511,0.024000001
,,,0.00020512,0.024000001
,,,0.00020513,0.026400002
,,,0.00020514,0.024800001
,,,0.00020515,0.023200001
,,,0.00020516,0.024000001
,,,0.00020517,0.024000001
,,,0.00020518,0.024000001
,,,0.00020519,0.024000001
,,,0.0002052,0.024000001
,,,0.00020521,0.025600002
,,,0.00020522,0.025600002
,,,0.00020523,0.024800001
,,,0.00020524,0.024800001
,,,0.00020525,0.024800001
,,,0.00020526,0.024800001
,,,0.00020527,0.024000001
,,,0.00020528,0.024000001
,,,0.00020529,0.024000001
,,,0.0002053,0.027200002
,,,0.00020531,0.022400001
,,,0.00020532,0.024000001
,,,0.00020533,0.023200001
,,,0.00020534,0.024000001
,,,0.00020535,0.024800001
,,,0.00020536,0.024800001
,,,0.00020537,0.023200001
,,,0.00020538,0.025600002
,,,0.00020539,0.024000001
,,,0.0002054,0.024800001
,,,0.00020541,0.024000001
,,,0.00020542,0.023200001
,,,0.00020543,0.025600002
,,,0.00020544,0.024000001
,,,0.00020545,0.024800001
,,,0.00020546,0.023200001
,,,0.00020547,0.024800001
,,,0.00020548,0.024000001
,,,0.00020549,0.025600002
,,,0.0002055,0.023200001
,,,0.00020551,0.024000001
,,,0.00020552,0.024800001
,,,0.00020553,0.024800001
,,,0.00020554,0.023200001
,,,0.00020555,0.023200001
,,,0.00020556,0.024000001
,,,0.00020557,0.024000001
,,,0.00020558,0.024000001
,,,0.00020559,0.024800001
,,,0.0002056,0.026400002
,,,0.00020561,0.025600002
,,,0.00020562,0.024000001
,,,0.00020563,0.024800001
,,,0.00020564,0.024000001
,,,0.00020565,0.024000001
,,,0.00020566,0.024000001
,,,0.00020567,0.024800001
,,,0.00020568,0.024000001
,,,0.00020569,0.023200001
,,,0.0002057,0.024000001
,,,0.00020571,0.024000001
,,,0.00020572,0.024000001
,,,0.00020573,0.024800001
,,,0.00020574,0.024000001
,,,0.00020575,0.024800001
,,,0.00020576,0.024800001
,,,0.00020577,0.024000001
,,,0.00020578,0.024800001
,,,0.00020579,0.024800001
,,,0.0002058,0.024000001
,,,0.00020581,0.024000001
,,,0.00020582,0.024800001
,,,0.00020583,0.024000001
,,,0.00020584,0.024000001
,,,0.00020585,0.023200001
,,,0.00020586,0.025600002
,,,0.00020587,0.021600001
,,,0.00020588,0.024000001
,,,0.00020589,0.024000001
,,,0.0002059,0.024000001
,,,0.00020591,0.024000001
,,,0.00020592,0.024800001
,,,0.00020593,0.024000001
,,,0.00020594,0.025600002
,,,0.00020595,0.024000001
,,,0.00020596,0.023200001
,,,0.00020597,0.024000001
,,,0.00020598,0.024800001
,,,0.00020599,0.025600002
,,,0.000206,0.025600002
,,,0.00020601,0.024000001
,,,0.00020602,0.024000001
,,,0.00020603,0.024000001
,,,0.00020604,0.024000001
,,,0.00020605,0.024000001
,,,0.00020606,0.024000001
,,,0.00020607,0.022400001
,,,0.00020608,0.023200001
,,,0.00020609,0.023200001
,,,0.0002061,0.024000001
,,,0.00020611,0.024000001
,,,0.00020612,0.024000001
,,,0.00020613,0.024000001
,,,0.00020614,0.026400002
,,,0.00020615,0.026400002
,,,0.00020616,0.024800001
,,,0.00020617,0.024800001
,,,0.00020618,0.023200001
,,,0.00020619,0.024800001
,,,0.0002062,0.024000001
,,,0.00020621,0.024800001
,,,0.00020622,0.025600002
,,,0.00020623,0.024800001
,,,0.00020624,0.024000001
,,,0.00020625,0.022400001
,,,0.00020626,0.023200001
,,,0.00020627,0.023200001
,,,0.00020628,0.026400002
,,,0.00020629,0.024000001
,,,0.0002063,0.025600002
,,,0.00020631,0.025600002
,,,0.00020632,0.021600001
,,,0.00020633,0.023200001
,,,0.00020634,0.023200001
,,,0.00020635,0.024000001
,,,0.00020636,0.023200001
,,,0.00020637,0.024800001
,,,0.00020638,0.024000001
,,,0.00020639,0.024000001
,,,0.0002064,0.025600002
,,,0.00020641,0.024800001
,,,0.00020642,0.024000001
,,,0.00020643,0.024000001
,,,0.00020644,0.024000001
,,,0.00020645,0.024000001
,,,0.00020646,0.024000001
,,,0.00020647,0.024800001
,,,0.00020648,0.024000001
,,,0.00020649,0.024800001
,,,0.0002065,0.026400002
,,,0.00020651,0.024000001
,,,0.00020652,0.024800001
,,,0.00020653,0.026400002
,,,0.00020654,0.024000001
,,,0.00020655,0.024000001
,,,0.00020656,0.024800001
,,,0.00020657,0.024000001
,,,0.00020658,0.023200001
,,,0.00020659,0.024800001
,,,0.0002066,0.022400001
,,,0.00020661,0.024000001
,,,0.00020662,0.024000001
,,,0.00020663,0.025600002
,,,0.00020664,0.024800001
,,,0.00020665,0.025600002
,,,0.00020666,0.024800001
,,,0.00020667,0.023200001
,,,0.00020668,0.026400002
,,,0.00020669,0.024000001
,,,0.0002067,0.024800001
,,,0.00020671,0.024800001
,,,0.00020672,0.025600002
,,,0.00020673,0.025600002
,,,0.00020674,0.024800001
,,,0.00020675,0.023200001
,,,0.00020676,0.024000001
,,,0.00020677,0.024800001
,,,0.00020678,0.024000001
,,,0.00020679,0.024000001
,,,0.0002068,0.024000001
,,,0.00020681,0.024000001
,,,0.00020682,0.024000001
,,,0.00020683,0.024000001
,,,0.00020684,0.024000001
,,,0.00020685,0.025600002
,,,0.00020686,0.025600002
,,,0.00020687,0.024000001
,,,0.00020688,0.024000001
,,,0.00020689,0.022400001
,,,0.0002069,0.024800001
,,,0.00020691,0.022400001
,,,0.00020692,0.024000001
,,,0.00020693,0.024000001
,,,0.00020694,0.024000001
,,,0.00020695,0.024000001
,,,0.00020696,0.024800001
,,,0.00020697,0.024000001
,,,0.00020698,0.024800001
,,,0.00020699,0.024000001
,,,0.000207,0.025600002
,,,0.00020701,0.024000001
,,,0.00020702,0.023200001
,,,0.00020703,0.024000001
,,,0.00020704,0.024800001
,,,0.00020705,0.024000001
,,,0.00020706,0.024800001
,,,0.00020707,0.024800001
,,,0.00020708,0.025600002
,,,0.00020709,0.024000001
,,,0.0002071,0.023200001
,,,0.00020711,0.024000001
,,,0.00020712,0.024000001
,,,0.00020713,0.024800001
,,,0.00020714,0.024000001
,,,0.00020715,0.024000001
,,,0.00020716,0.023200001
,,,0.00020717,0.025600002
,,,0.00020718,0.024800001
,,,0.00020719,0.024000001
,,,0.0002072,0.025600002
,,,0.00020721,0.024800001
,,,0.00020722,0.025600002
,,,0.00020723,0.025600002
,,,0.00020724,0.024800001
,,,0.00020725,0.024000001
,,,0.00020726,0.023200001
,,,0.00020727,0.024000001
,,,0.00020728,0.024800001
,,,0.00020729,0.024800001
,,,0.0002073,0.024800001
,,,0.00020731,0.023200001
,,,0.00020732,0.024800001
,,,0.00020733,0.021600001
,,,0.00020734,0.024800001
,,,0.00020735,0.024000001
,,,0.00020736,0.024000001
,,,0.00020737,0.024800001
,,,0.00020738,0.024000001
,,,0.00020739,0.024000001
,,,0.0002074,0.024800001
,,,0.00020741,0.024800001
,,,0.00020742,0.023200001
,,,0.00020743,0.024000001
,,,0.00020744,0.023200001
,,,0.00020745,0.024800001
,,,0.00020746,0.024800001
,,,0.00020747,0.024800001
,,,0.00020748,0.024000001
,,,0.00020749,0.026400002
,,,0.0002075,0.023200001
,,,0.00020751,0.024000001
,,,0.00020752,0.024000001
,,,0.00020753,0.024800001
,,,0.00020754,0.024800001
,,,0.00020755,0.024000001
,,,0.00020756,0.024000001
,,,0.00020757,0.024800001
,,,0.00020758,0.024000001
,,,0.00020759,0.024000001
,,,0.0002076,0.024000001
,,,0.00020761,0.022400001
,,,0.00020762,0.024800001
,,,0.00020763,0.025600002
,,,0.00020764,0.024000001
,,,0.00020765,0.024800001
,,,0.00020766,0.024000001
,,,0.00020767,0.024000001
,,,0.00020768,0.024000001
,,,0.00020769,0.024800001
,,,0.0002077,0.024800001
,,,0.00020771,0.024000001
,,,0.00020772,0.024000001
,,,0.00020773,0.024000001
,,,0.00020774,0.023200001
,,,0.00020775,0.023200001
,,,0.00020776,0.023200001
,,,0.00020777,0.025600002
,,,0.00020778,0.024000001
,,,0.00020779,0.024000001
,,,0.0002078,0.024000001
,,,0.00020781,0.023200001
,,,0.00020782,0.024000001
,,,0.00020783,0.024800001
,,,0.00020784,0.023200001
,,,0.00020785,0.024000001
,,,0.00020786,0.022400001
,,,0.00020787,0.023200001
,,,0.00020788,0.024800001
,,,0.00020789,0.024800001
,,,0.0002079,0.024800001
,,,0.00020791,0.025600002
,,,0.00020792,0.024800001
,,,0.00020793,0.024000001
,,,0.00020794,0.024800001
,,,0.00020795,0.024000001
,,,0.00020796,0.024800001
,,,0.00020797,0.024000001
,,,0.00020798,0.023200001
,,,0.00020799,0.024000001
,,,0.000208,0.025600002
,,,0.00020801,0.024000001
,,,0.00020802,0.024800001
,,,0.00020803,0.024800001
,,,0.00020804,0.024000001
,,,0.00020805,0.023200001
,,,0.00020806,0.024000001
,,,0.00020807,0.024000001
,,,0.00020808,0.024800001
,,,0.00020809,0.024800001
,,,0.0002081,0.023200001
,,,0.00020811,0.024800001
,,,0.00020812,0.023200001
,,,0.00020813,0.024000001
,,,0.00020814,0.024000001
,,,0.00020815,0.024000001
,,,0.00020816,0.024000001
,,,0.00020817,0.023200001
,,,0.00020818,0.024800001
,,,0.00020819,0.024000001
,,,0.0002082,0.024000001
,,,0.00020821,0.024800001
,,,0.00020822,0.024800001
,,,0.00020823,0.024000001
,,,0.00020824,0.024800001
,,,0.00020825,0.024800001
,,,0.00020826,0.024000001
,,,0.00020827,0.024000001
,,,0.00020828,0.024000001
,,,0.00020829,0.024800001
,,,0.0002083,0.024000001
,,,0.00020831,0.024800001
,,,0.00020832,0.023200001
,,,0.00020833,0.024000001
,,,0.00020834,0.025600002
,,,0.00020835,0.023200001
,,,0.00020836,0.024000001
,,,0.00020837,0.023200001
,,,0.00020838,0.023200001
,,,0.00020839,0.025600002
,,,0.0002084,0.023200001
,,,0.00020841,0.024000001
,,,0.00020842,0.023200001
,,,0.00020843,0.024000001
,,,0.00020844,0.024000001
,,,0.00020845,0.024000001
,,,0.00020846,0.024800001
,,,0.00020847,0.023200001
,,,0.00020848,0.024800001
,,,0.00020849,0.024000001
,,,0.0002085,0.023200001
,,,0.00020851,0.024800001
,,,0.00020852,0.024000001
,,,0.00020853,0.024000001
,,,0.00020854,0.026400002
,,,0.00020855,0.026400002
,,,0.00020856,0.023200001
,,,0.00020857,0.024000001
,,,0.00020858,0.023200001
,,,0.00020859,0.024000001
,,,0.0002086,0.024000001
,,,0.00020861,0.024000001
,,,0.00020862,0.024000001
,,,0.00020863,0.024000001
,,,0.00020864,0.023200001
,,,0.00020865,0.025600002
,,,0.00020866,0.024000001
,,,0.00020867,0.023200001
,,,0.00020868,0.025600002
,,,0.00020869,0.024800001
,,,0.0002087,0.024000001
,,,0.00020871,0.024800001
,,,0.00020872,0.024000001
,,,0.00020873,0.024000001
,,,0.00020874,0.024000001
,,,0.00020875,0.024800001
,,,0.00020876,0.024000001
,,,0.00020877,0.024800001
,,,0.00020878,0.024800001
,,,0.00020879,0.024000001
,,,0.0002088,0.023200001
,,,0.00020881,0.024800001
,,,0.00020882,0.024000001
,,,0.00020883,0.024000001
,,,0.00020884,0.024800001
,,,0.00020885,0.023200001
,,,0.00020886,0.025600002
,,,0.00020887,0.026400002
,,,0.00020888,0.023200001
,,,0.00020889,0.023200001
,,,0.0002089,0.022400001
,,,0.00020891,0.024000001
,,,0.00020892,0.023200001
,,,0.00020893,0.024000001
,,,0.00020894,0.024000001
,,,0.00020895,0.024000001
,,,0.00020896,0.024000001
,,,0.00020897,0.024000001
,,,0.00020898,0.024000001
,,,0.00020899,0.024800001
,,,0.000209,0.024800001
,,,0.00020901,0.024000001
,,,0.00020902,0.024000001
,,,0.00020903,0.023200001
,,,0.00020904,0.024800001
,,,0.00020905,0.024800001
,,,0.00020906,0.024800001
,,,0.00020907,0.024000001
,,,0.00020908,0.024000001
,,,0.00020909,0.024000001
,,,0.0002091,0.024000001
,,,0.00020911,0.024800001
,,,0.00020912,0.024000001
,,,0.00020913,0.024000001
,,,0.00020914,0.024000001
,,,0.00020915,0.024000001
,,,0.00020916,0.024000001
,,,0.00020917,0.024000001
,,,0.00020918,0.024000001
,,,0.00020919,0.024800001
,,,0.0002092,0.024000001
,,,0.00020921,0.024800001
,,,0.00020922,0.024000001
,,,0.00020923,0.024800001
,,,0.00020924,0.023200001
,,,0.00020925,0.021600001
,,,0.00020926,0.024800001
,,,0.00020927,0.024800001
,,,0.00020928,0.024000001
,,,0.00020929,0.023200001
,,,0.0002093,0.024800001
,,,0.00020931,0.023200001
,,,0.00020932,0.023200001
,,,0.00020933,0.024000001
,,,0.00020934,0.024000001
,,,0.00020935,0.025600002
,,,0.00020936,0.024000001
,,,0.00020937,0.024000001
,,,0.00020938,0.024000001
,,,0.00020939,0.024000001
,,,0.0002094,0.024000001
,,,0.00020941,0.024000001
,,,0.00020942,0.024000001
,,,0.00020943,0.023200001
,,,0.00020944,0.024000001
,,,0.00020945,0.024000001
,,,0.00020946,0.024800001
,,,0.00020947,0.022400001
,,,0.00020948,0.024000001
,,,0.00020949,0.024000001
,,,0.0002095,0.024000001
,,,0.00020951,0.025600002
,,,0.00020952,0.024000001
,,,0.00020953,0.024000001
,,,0.00020954,0.023200001
,,,0.00020955,0.024000001
,,,0.00020956,0.024000001
,,,0.00020957,0.024000001
,,,0.00020958,0.024000001
,,,0.00020959,0.024000001
,,,0.0002096,0.023200001
,,,0.00020961,0.023200001
,,,0.00020962,0.024800001
,,,0.00020963,0.023200001
,,,0.00020964,0.024000001
,,,0.00020965,0.025600002
,,,0.00020966,0.024000001
,,,0.00020967,0.023200001
,,,0.00020968,0.024800001
,,,0.00020969,0.023200001
,,,0.0002097,0.023200001
,,,0.00020971,0.024000001
,,,0.00020972,0.024000001
,,,0.00020973,0.024000001
,,,0.00020974,0.024000001
,,,0.00020975,0.022400001
,,,0.00020976,0.024000001
,,,0.00020977,0.024800001
,,,0.00020978,0.024000001
,,,0.00020979,0.023200001
,,,0.0002098,0.024000001
,,,0.00020981,0.024800001
,,,0.00020982,0.024800001
,,,0.00020983,0.025600002
,,,0.00020984,0.026400002
,,,0.00020985,0.022400001
,,,0.00020986,0.023200001
,,,0.00020987,0.024000001
,,,0.00020988,0.024800001
,,,0.00020989,0.024800001
,,,0.0002099,0.022400001
,,,0.00020991,0.024800001
,,,0.00020992,0.024000001
,,,0.00020993,0.024000001
,,,0.00020994,0.024000001
,,,0.00020995,0.024800001
,,,0.00020996,0.024000001
,,,0.00020997,0.024000001
,,,0.00020998,0.025600002
,,,0.00020999,0.024000001
,,,0.00021,0.024000001
,,,0.00021001,0.024000001
,,,0.00021002,0.024800001
,,,0.00021003,0.024000001
,,,0.00021004,0.024000001
,,,0.00021005,0.024800001
,,,0.00021006,0.025600002
,,,0.00021007,0.024800001
,,,0.00021008,0.024000001
,,,0.00021009,0.024000001
,,,0.0002101,0.024000001
,,,0.00021011,0.024800001
,,,0.00021012,0.024800001
,,,0.00021013,0.024000001
,,,0.00021014,0.025600002
,,,0.00021015,0.024800001
,,,0.00021016,0.024000001
,,,0.00021017,0.024000001
,,,0.00021018,0.024000001
,,,0.00021019,0.025600002
,,,0.0002102,0.024800001
,,,0.00021021,0.024000001
,,,0.00021022,0.024000001
,,,0.00021023,0.023200001
,,,0.00021024,0.024000001
,,,0.00021025,0.024000001
,,,0.00021026,0.023200001
,,,0.00021027,0.024000001
,,,0.00021028,0.024800001
,,,0.00021029,0.024000001
,,,0.0002103,0.024800001
,,,0.00021031,0.024000001
,,,0.00021032,0.024000001
,,,0.00021033,0.024000001
,,,0.00021034,0.024000001
,,,0.00021035,0.024000001
,,,0.00021036,0.024000001
,,,0.00021037,0.025600002
,,,0.00021038,0.024000001
,,,0.00021039,0.024000001
,,,0.0002104,0.024000001
,,,0.00021041,0.024800001
,,,0.00021042,0.024000001
,,,0.00021043,0.024800001
,,,0.00021044,0.024000001
,,,0.00021045,0.024800001
,,,0.00021046,0.024800001
,,,0.00021047,0.023200001
,,,0.00021048,0.024800001
,,,0.00021049,0.025600002
,,,0.0002105,0.024800001
,,,0.00021051,0.023200001
,,,0.00021052,0.024000001
,,,0.00021053,0.024000001
,,,0.00021054,0.024000001
,,,0.00021055,0.024800001
,,,0.00021056,0.024000001
,,,0.00021057,0.024000001
,,,0.00021058,0.024000001
,,,0.00021059,0.024000001
,,,0.0002106,0.024800001
,,,0.00021061,0.024000001
,,,0.00021062,0.024800001
,,,0.00021063,0.022400001
,,,0.00021064,0.026400002
,,,0.00021065,0.024000001
,,,0.00021066,0.024000001
,,,0.00021067,0.024800001
,,,0.00021068,0.025600002
,,,0.00021069,0.024800001
,,,0.0002107,0.024000001
,,,0.00021071,0.024000001
,,,0.00021072,0.024000001
,,,0.00021073,0.022400001
,,,0.00021074,0.024000001
,,,0.00021075,0.024000001
,,,0.00021076,0.024000001
,,,0.00021077,0.023200001
,,,0.00021078,0.021600001
,,,0.00021079,0.023200001
,,,0.0002108,0.024000001
,,,0.00021081,0.024800001
,,,0.00021082,0.024000001
,,,0.00021083,0.024000001
,,,0.00021084,0.025600002
,,,0.00021085,0.023200001
,,,0.00021086,0.024000001
,,,0.00021087,0.024000001
,,,0.00021088,0.024000001
,,,0.00021089,0.023200001
,,,0.0002109,0.024000001
,,,0.00021091,0.024800001
,,,0.00021092,0.024000001
,,,0.00021093,0.024000001
,,,0.00021094,0.023200001
,,,0.00021095,0.024800001
,,,0.00021096,0.023200001
,,,0.00021097,0.024000001
,,,0.00021098,0.024000001
,,,0.00021099,0.023200001
,,,0.000211,0.025600002
,,,0.00021101,0.024800001
,,,0.00021102,0.024000001
,,,0.00021103,0.024000001
,,,0.00021104,0.024000001
,,,0.00021105,0.024000001
,,,0.00021106,0.024800001
,,,0.00021107,0.023200001
,,,0.00021108,0.024000001
,,,0.00021109,0.024800001
,,,0.0002111,0.024800001
,,,0.00021111,0.026400002
,,,0.00021112,0.025600002
,,,0.00021113,0.024000001
,,,0.00021114,0.025600002
,,,0.00021115,0.024000001
,,,0.00021116,0.024000001
,,,0.00021117,0.024000001
,,,0.00021118,0.024000001
,,,0.00021119,0.024800001
,,,0.0002112,0.025600002
,,,0.00021121,0.025600002
,,,0.00021122,0.024000001
,,,0.00021123,0.024000001
,,,0.00021124,0.024000001
,,,0.00021125,0.025600002
,,,0.00021126,0.026400002
,,,0.00021127,0.023200001
,,,0.00021128,0.024000001
,,,0.00021129,0.025600002
,,,0.0002113,0.024800001
,,,0.00021131,0.024000001
,,,0.00021132,0.024800001
,,,0.00021133,0.024000001
,,,0.00021134,0.025600002
,,,0.00021135,0.024000001
,,,0.00021136,0.022400001
,,,0.00021137,0.024800001
,,,0.00021138,0.024000001
,,,0.00021139,0.023200001
,,,0.0002114,0.024800001
,,,0.00021141,0.023200001
,,,0.00021142,0.024000001
,,,0.00021143,0.023200001
,,,0.00021144,0.024000001
,,,0.00021145,0.023200001
,,,0.00021146,0.024800001
,,,0.00021147,0.023200001
,,,0.00021148,0.023200001
,,,0.00021149,0.026400002
,,,0.0002115,0.024800001
,,,0.00021151,0.023200001
,,,0.00021152,0.024000001
,,,0.00021153,0.024000001
,,,0.00021154,0.024000001
,,,0.00021155,0.024800001
,,,0.00021156,0.024000001
,,,0.00021157,0.023200001
,,,0.00021158,0.024000001
,,,0.00021159,0.024000001
,,,0.0002116,0.024800001
,,,0.00021161,0.024000001
,,,0.00021162,0.024000001
,,,0.00021163,0.024000001
,,,0.00021164,0.024800001
,,,0.00021165,0.024000001
,,,0.00021166,0.024000001
,,,0.00021167,0.024800001
,,,0.00021168,0.026400002
,,,0.00021169,0.024800001
,,,0.0002117,0.024000001
,,,0.00021171,0.023200001
,,,0.00021172,0.025600002
,,,0.00021173,0.025600002
,,,0.00021174,0.025600002
,,,0.00021175,0.025600002
,,,0.00021176,0.025600002
,,,0.00021177,0.024000001
,,,0.00021178,0.024800001
,,,0.00021179,0.022400001
,,,0.0002118,0.024000001
,,,0.00021181,0.024000001
,,,0.00021182,0.024000001
,,,0.00021183,0.024000001
,,,0.00021184,0.024000001
,,,0.00021185,0.024000001
,,,0.00021186,0.026400002
,,,0.00021187,0.024000001
,,,0.00021188,0.024800001
,,,0.00021189,0.024800001
,,,0.0002119,0.024000001
,,,0.00021191,0.024000001
,,,0.00021192,0.024800001
,,,0.00021193,0.024000001
,,,0.00021194,0.024000001
,,,0.00021195,0.024000001
,,,0.00021196,0.024000001
,,,0.00021197,0.024000001
,,,0.00021198,0.025600002
,,,0.00021199,0.024000001
,,,0.000212,0.024000001
,,,0.00021201,0.023200001
,,,0.00021202,0.026400002
,,,0.00021203,0.022400001
,,,0.00021204,0.024800001
,,,0.00021205,0.025600002
,,,0.00021206,0.024800001
,,,0.00021207,0.023200001
,,,0.00021208,0.024000001
,,,0.00021209,0.024000001
,,,0.0002121,0.025600002
,,,0.00021211,0.024800001
,,,0.00021212,0.023200001
,,,0.00021213,0.022400001
,,,0.00021214,0.024000001
,,,0.00021215,0.024800001
,,,0.00021216,0.023200001
,,,0.00021217,0.024000001
,,,0.00021218,0.024000001
,,,0.00021219,0.024000001
,,,0.0002122,0.024000001
,,,0.00021221,0.024000001
,,,0.00021222,0.024000001
,,,0.00021223,0.025600002
,,,0.00021224,0.024000001
,,,0.00021225,0.024800001
,,,0.00021226,0.024800001
,,,0.00021227,0.024000001
,,,0.00021228,0.024000001
,,,0.00021229,0.024000001
,,,0.0002123,0.024800001
,,,0.00021231,0.024800001
,,,0.00021232,0.024000001
,,,0.00021233,0.024000001
,,,0.00021234,0.024800001
,,,0.00021235,0.026400002
,,,0.00021236,0.024000001
,,,0.00021237,0.025600002
,,,0.00021238,0.024800001
,,,0.00021239,0.024800001
,,,0.0002124,0.024800001
,,,0.00021241,0.024000001
,,,0.00021242,0.024000001
,,,0.00021243,0.024800001
,,,0.00021244,0.025600002
,,,0.00021245,0.024000001
,,,0.00021246,0.024000001
,,,0.00021247,0.023200001
,,,0.00021248,0.024000001
,,,0.00021249,0.024000001
,,,0.0002125,0.024800001
,,,0.00021251,0.024000001
,,,0.00021252,0.022400001
,,,0.00021253,0.023200001
,,,0.00021254,0.024800001
,,,0.00021255,0.024800001
,,,0.00021256,0.025600002
,,,0.00021257,0.024800001
,,,0.00021258,0.024800001
,,,0.00021259,0.024800001
,,,0.0002126,0.024000001
,,,0.00021261,0.023200001
,,,0.00021262,0.024000001
,,,0.00021263,0.024000001
,,,0.00021264,0.025600002
,,,0.00021265,0.023200001
,,,0.00021266,0.024000001
,,,0.00021267,0.024800001
,,,0.00021268,0.024800001
,,,0.00021269,0.023200001
,,,0.0002127,0.024800001
,,,0.00021271,0.024800001
,,,0.00021272,0.023200001
,,,0.00021273,0.022400001
,,,0.00021274,0.024000001
,,,0.00021275,0.024800001
,,,0.00021276,0.024000001
,,,0.00021277,0.024000001
,,,0.00021278,0.025600002
,,,0.00021279,0.024000001
,,,0.0002128,0.024000001
,,,0.00021281,0.023200001
,,,0.00021282,0.024000001
,,,0.00021283,0.023200001
,,,0.00021284,0.023200001
,,,0.00021285,0.024800001
,,,0.00021286,0.024000001
,,,0.00021287,0.024800001
,,,0.00021288,0.024000001
,,,0.00021289,0.024000001
,,,0.0002129,0.025600002
,,,0.00021291,0.023200001
,,,0.00021292,0.024000001
,,,0.00021293,0.024000001
,,,0.00021294,0.022400001
,,,0.00021295,0.023200001
,,,0.00021296,0.023200001
,,,0.00021297,0.024000001
,,,0.00021298,0.025600002
,,,0.00021299,0.024800001
,,,0.000213,0.024800001
,,,0.00021301,0.024000001
,,,0.00021302,0.024000001
,,,0.00021303,0.024000001
,,,0.00021304,0.024800001
,,,0.00021305,0.024000001
,,,0.00021306,0.024800001
,,,0.00021307,0.024000001
,,,0.00021308,0.024800001
,,,0.00021309,0.024800001
,,,0.0002131,0.024800001
,,,0.00021311,0.024000001
,,,0.00021312,0.024000001
,,,0.00021313,0.024000001
,,,0.00021314,0.024000001
,,,0.00021315,0.024000001
,,,0.00021316,0.024000001
,,,0.00021317,0.024800001
,,,0.00021318,0.024800001
,,,0.00021319,0.024000001
,,,0.0002132,0.023200001
,,,0.00021321,0.024000001
,,,0.00021322,0.025600002
,,,0.00021323,0.024800001
,,,0.00021324,0.025600002
,,,0.00021325,0.024000001
,,,0.00021326,0.025600002
,,,0.00021327,0.022400001
,,,0.00021328,0.024800001
,,,0.00021329,0.024800001
,,,0.0002133,0.024000001
,,,0.00021331,0.026400002
,,,0.00021332,0.024000001
,,,0.00021333,0.024000001
,,,0.00021334,0.024800001
,,,0.00021335,0.023200001
,,,0.00021336,0.023200001
,,,0.00021337,0.023200001
,,,0.00021338,0.025600002
,,,0.00021339,0.024000001
,,,0.0002134,0.025600002
,,,0.00021341,0.024800001
,,,0.00021342,0.024800001
,,,0.00021343,0.024000001
,,,0.00021344,0.024000001
,,,0.00021345,0.024000001
,,,0.00021346,0.022400001
,,,0.00021347,0.025600002
,,,0.00021348,0.024000001
,,,0.00021349,0.024800001
,,,0.0002135,0.024000001
,,,0.00021351,0.024800001
,,,0.00021352,0.024800001
,,,0.00021353,0.024000001
,,,0.00021354,0.026400002
,,,0.00021355,0.024800001
,,,0.00021356,0.024000001
,,,0.00021357,0.024000001
,,,0.00021358,0.024000001
,,,0.00021359,0.024000001
,,,0.0002136,0.022400001
,,,0.00021361,0.024000001
,,,0.00021362,0.023200001
,,,0.00021363,0.024000001
,,,0.00021364,0.023200001
,,,0.00021365,0.024000001
,,,0.00021366,0.024000001
,,,0.00021367,0.024800001
,,,0.00021368,0.024800001
,,,0.00021369,0.024000001
,,,0.0002137,0.024800001
,,,0.00021371,0.025600002
,,,0.00021372,0.024800001
,,,0.00021373,0.024000001
,,,0.00021374,0.024800001
,,,0.00021375,0.023200001
,,,0.00021376,0.024000001
,,,0.00021377,0.024000001
,,,0.00021378,0.024000001
,,,0.00021379,0.024000001
,,,0.0002138,0.024000001
,,,0.00021381,0.024000001
,,,0.00021382,0.024000001
,,,0.00021383,0.024000001
,,,0.00021384,0.024000001
,,,0.00021385,0.024000001
,,,0.00021386,0.024000001
,,,0.00021387,0.024800001
,,,0.00021388,0.024800001
,,,0.00021389,0.024000001
,,,0.0002139,0.025600002
,,,0.00021391,0.023200001
,,,0.00021392,0.025600002
,,,0.00021393,0.024000001
,,,0.00021394,0.024000001
,,,0.00021395,0.024000001
,,,0.00021396,0.023200001
,,,0.00021397,0.024800001
,,,0.00021398,0.025600002
,,,0.00021399,0.024000001
,,,0.000214,0.023200001
,,,0.00021401,0.025600002
,,,0.00021402,0.024000001
,,,0.00021403,0.024000001
,,,0.00021404,0.024800001
,,,0.00021405,0.024000001
,,,0.00021406,0.024800001
,,,0.00021407,0.024000001
,,,0.00021408,0.024000001
,,,0.00021409,0.024000001
,,,0.0002141,0.024000001
,,,0.00021411,0.023200001
,,,0.00021412,0.026400002
,,,0.00021413,0.023200001
,,,0.00021414,0.024000001
,,,0.00021415,0.024000001
,,,0.00021416,0.026400002
,,,0.00021417,0.024000001
,,,0.00021418,0.024000001
,,,0.00021419,0.024800001
,,,0.0002142,0.023200001
,,,0.00021421,0.024000001
,,,0.00021422,0.023200001
,,,0.00021423,0.024000001
,,,0.00021424,0.026400002
,,,0.00021425,0.024000001
,,,0.00021426,0.024800001
,,,0.00021427,0.024800001
,,,0.00021428,0.025600002
,,,0.00021429,0.025600002
,,,0.0002143,0.024800001
,,,0.00021431,0.023200001
,,,0.00021432,0.024000001
,,,0.00021433,0.024000001
,,,0.00021434,0.024800001
,,,0.00021435,0.024800001
,,,0.00021436,0.025600002
,,,0.00021437,0.024000001
,,,0.00021438,0.024000001
,,,0.00021439,0.022400001
,,,0.0002144,0.024800001
,,,0.00021441,0.024000001
,,,0.00021442,0.024000001
,,,0.00021443,0.024000001
,,,0.00021444,0.025600002
,,,0.00021445,0.024000001
,,,0.00021446,0.025600002
,,,0.00021447,0.023200001
,,,0.00021448,0.024800001
,,,0.00021449,0.024000001
,,,0.0002145,0.024000001
,,,0.00021451,0.023200001
,,,0.00021452,0.023200001
,,,0.00021453,0.024000001
,,,0.00021454,0.024000001
,,,0.00021455,0.024800001
,,,0.00021456,0.023200001
,,,0.00021457,0.024800001
,,,0.00021458,0.024000001
,,,0.00021459,0.023200001
,,,0.0002146,0.024800001
,,,0.00021461,0.024000001
,,,0.00021462,0.024000001
,,,0.00021463,0.024800001
,,,0.00021464,0.023200001
,,,0.00021465,0.023200001
,,,0.00021466,0.024000001
,,,0.00021467,0.024000001
,,,0.00021468,0.021600001
,,,0.00021469,0.022400001
,,,0.0002147,0.023200001
,,,0.00021471,0.024000001
,,,0.00021472,0.024800001
,,,0.00021473,0.024000001
,,,0.00021474,0.024000001
,,,0.00021475,0.024000001
,,,0.00021476,0.023200001
,,,0.00021477,0.025600002
,,,0.00021478,0.024800001
,,,0.00021479,0.024000001
,,,0.0002148,0.024000001
,,,0.00021481,0.025600002
,,,0.00021482,0.024000001
,,,0.00021483,0.024800001
,,,0.00021484,0.025600002
,,,0.00021485,0.024000001
,,,0.00021486,0.024000001
,,,0.00021487,0.024000001
,,,0.00021488,0.024000001
,,,0.00021489,0.024800001
,,,0.0002149,0.024000001
,,,0.00021491,0.024000001
,,,0.00021492,0.024800001
,,,0.00021493,0.025600002
,,,0.00021494,0.024800001
,,,0.00021495,0.024000001
,,,0.00021496,0.024800001
,,,0.00021497,0.024000001
,,,0.00021498,0.024000001
,,,0.00021499,0.024000001
,,,0.000215,0.024800001
,,,0.00021501,0.024000001
,,,0.00021502,0.023200001
,,,0.00021503,0.024000001
,,,0.00021504,0.024800001
,,,0.00021505,0.024800001
,,,0.00021506,0.024800001
,,,0.00021507,0.024000001
,,,0.00021508,0.024800001
,,,0.00021509,0.024800001
,,,0.0002151,0.024800001
,,,0.00021511,0.024000001
,,,0.00021512,0.025600002
,,,0.00021513,0.024000001
,,,0.00021514,0.024000001
,,,0.00021515,0.024000001
,,,0.00021516,0.024000001
,,,0.00021517,0.024000001
,,,0.00021518,0.025600002
,,,0.00021519,0.023200001
,,,0.0002152,0.024000001
,,,0.00021521,0.024000001
,,,0.00021522,0.024800001
,,,0.00021523,0.024800001
,,,0.00021524,0.024000001
,,,0.00021525,0.024000001
,,,0.00021526,0.023200001
,,,0.00021527,0.024000001
,,,0.00021528,0.024000001
,,,0.00021529,0.024000001
,,,0.0002153,0.024000001
,,,0.00021531,0.024800001
,,,0.00021532,0.024000001
,,,0.00021533,0.024000001
,,,0.00021534,0.024000001
,,,0.00021535,0.024000001
,,,0.00021536,0.024800001
,,,0.00021537,0.024000001
,,,0.00021538,0.024800001
,,,0.00021539,0.024000001
,,,0.0002154,0.024800001
,,,0.00021541,0.023200001
,,,0.00021542,0.024800001
,,,0.00021543,0.024000001
,,,0.00021544,0.024800001
,,,0.00021545,0.024800001
,,,0.00021546,0.024000001
,,,0.00021547,0.024000001
,,,0.00021548,0.024000001
,,,0.00021549,0.024800001
,,,0.0002155,0.024000001
,,,0.00021551,0.024000001
,,,0.00021552,0.023200001
,,,0.00021553,0.024000001
,,,0.00021554,0.024800001
,,,0.00021555,0.023200001
,,,0.00021556,0.024000001
,,,0.00021557,0.024000001
,,,0.00021558,0.024000001
,,,0.00021559,0.024000001
,,,0.0002156,0.024000001
,,,0.00021561,0.024000001
,,,0.00021562,0.024000001
,,,0.00021563,0.024800001
,,,0.00021564,0.024800001
,,,0.00021565,0.024000001
,,,0.00021566,0.024800001
,,,0.00021567,0.023200001
,,,0.00021568,0.024000001
,,,0.00021569,0.024000001
,,,0.0002157,0.024000001
,,,0.00021571,0.024000001
,,,0.00021572,0.024000001
,,,0.00021573,0.023200001
,,,0.00021574,0.024000001
,,,0.00021575,0.024800001
,,,0.00021576,0.024000001
,,,0.00021577,0.024000001
,,,0.00021578,0.024000001
,,,0.00021579,0.025600002
,,,0.0002158,0.024800001
,,,0.00021581,0.024000001
,,,0.00021582,0.024000001
,,,0.00021583,0.023200001
,,,0.00021584,0.024000001
,,,0.00021585,0.024800001
,,,0.00021586,0.024000001
,,,0.00021587,0.024000001
,,,0.00021588,0.024000001
,,,0.00021589,0.024000001
,,,0.0002159,0.024000001
,,,0.00021591,0.024800001
,,,0.00021592,0.025600002
,,,0.00021593,0.023200001
,,,0.00021594,0.024000001
,,,0.00021595,0.024000001
,,,0.00021596,0.024000001
,,,0.00021597,0.024000001
,,,0.00021598,0.024000001
,,,0.00021599,0.024800001
,,,0.000216,0.025600002
,,,0.00021601,0.025600002
,,,0.00021602,0.024000001
,,,0.00021603,0.024800001
,,,0.00021604,0.025600002
,,,0.00021605,0.025600002
,,,0.00021606,0.024000001
,,,0.00021607,0.024000001
,,,0.00021608,0.024000001
,,,0.00021609,0.024800001
,,,0.0002161,0.024000001
,,,0.00021611,0.024000001
,,,0.00021612,0.025600002
,,,0.00021613,0.024800001
,,,0.00021614,0.024000001
,,,0.00021615,0.022400001
,,,0.00021616,0.024000001
,,,0.00021617,0.024000001
,,,0.00021618,0.024000001
,,,0.00021619,0.024800001
,,,0.0002162,0.024000001
,,,0.00021621,0.024000001
,,,0.00021622,0.024000001
,,,0.00021623,0.025600002
,,,0.00021624,0.024000001
,,,0.00021625,0.024000001
,,,0.00021626,0.024800001
,,,0.00021627,0.024800001
,,,0.00021628,0.024000001
,,,0.00021629,0.024800001
,,,0.0002163,0.024000001
,,,0.00021631,0.023200001
,,,0.00021632,0.024800001
,,,0.00021633,0.024800001
,,,0.00021634,0.025600002
,,,0.00021635,0.024800001
,,,0.00021636,0.024000001
,,,0.00021637,0.024000001
,,,0.00021638,0.025600002
,,,0.00021639,0.024800001
,,,0.0002164,0.022400001
,,,0.00021641,0.024800001
,,,0.00021642,0.023200001
,,,0.00021643,0.024000001
,,,0.00021644,0.022400001
,,,0.00021645,0.022400001
,,,0.00021646,0.024000001
,,,0.00021647,0.025600002
,,,0.00021648,0.023200001
,,,0.00021649,0.025600002
,,,0.0002165,0.024000001
,,,0.00021651,0.024000001
,,,0.00021652,0.024800001
,,,0.00021653,0.024000001
,,,0.00021654,0.024000001
,,,0.00021655,0.024000001
,,,0.00021656,0.024000001
,,,0.00021657,0.024800001
,,,0.00021658,0.024000001
,,,0.00021659,0.021600001
,,,0.0002166,0.026400002
,,,0.00021661,0.023200001
,,,0.00021662,0.023200001
,,,0.00021663,0.023200001
,,,0.00021664,0.025600002
,,,0.00021665,0.024000001
,,,0.00021666,0.023200001
,,,0.00021667,0.024000001
,,,0.00021668,0.022400001
,,,0.00021669,0.024800001
,,,0.0002167,0.024800001
,,,0.00021671,0.024800001
,,,0.00021672,0.023200001
,,,0.00021673,0.024000001
,,,0.00021674,0.024000001
,,,0.00021675,0.024800001
,,,0.00021676,0.026400002
,,,0.00021677,0.024000001
,,,0.00021678,0.024000001
,,,0.00021679,0.023200001
,,,0.0002168,0.024000001
,,,0.00021681,0.025600002
,,,0.00021682,0.024800001
,,,0.00021683,0.024000001
,,,0.00021684,0.024800001
,,,0.00021685,0.024000001
,,,0.00021686,0.024000001
,,,0.00021687,0.024800001
,,,0.00021688,0.024000001
,,,0.00021689,0.024800001
,,,0.0002169,0.023200001
,,,0.00021691,0.024000001
,,,0.00021692,0.024000001
,,,0.00021693,0.022400001
,,,0.00021694,0.024000001
,,,0.00021695,0.024000001
,,,0.00021696,0.024000001
,,,0.00021697,0.023200001
,,,0.00021698,0.025600002
,,,0.00021699,0.024000001
,,,0.000217,0.024800001
,,,0.00021701,0.024800001
,,,0.00021702,0.024000001
,,,0.00021703,0.024000001
,,,0.00021704,0.024000001
,,,0.00021705,0.024000001
,,,0.00021706,0.024800001
,,,0.00021707,0.022400001
,,,0.00021708,0.024800001
,,,0.00021709,0.024000001
,,,0.0002171,0.025600002
,,,0.00021711,0.024000001
,,,0.00021712,0.024000001
,,,0.00021713,0.024000001
,,,0.00021714,0.024000001
,,,0.00021715,0.025600002
,,,0.00021716,0.025600002
,,,0.00021717,0.024000001
,,,0.00021718,0.024800001
,,,0.00021719,0.024000001
,,,0.0002172,0.024000001
,,,0.00021721,0.025600002
,,,0.00021722,0.024000001
,,,0.00021723,0.024000001
,,,0.00021724,0.024000001
,,,0.00021725,0.024800001
,,,0.00021726,0.024000001
,,,0.00021727,0.022400001
,,,0.00021728,0.024000001
,,,0.00021729,0.024000001
,,,0.0002173,0.024000001
,,,0.00021731,0.024000001
,,,0.00021732,0.024000001
,,,0.00021733,0.025600002
,,,0.00021734,0.024800001
,,,0.00021735,0.023200001
,,,0.00021736,0.025600002
,,,0.00021737,0.023200001
,,,0.00021738,0.024000001
,,,0.00021739,0.025600002
,,,0.0002174,0.023200001
,,,0.00021741,0.024000001
,,,0.00021742,0.026400002
,,,0.00021743,0.024000001
,,,0.00021744,0.024000001
,,,0.00021745,0.023200001
,,,0.00021746,0.024800001
,,,0.00021747,0.024800001
,,,0.00021748,0.024000001
,,,0.00021749,0.024800001
,,,0.0002175,0.024000001
,,,0.00021751,0.022400001
,,,0.00021752,0.023200001
,,,0.00021753,0.024000001
,,,0.00021754,0.024000001
,,,0.00021755,0.025600002
,,,0.00021756,0.024000001
,,,0.00021757,0.023200001
,,,0.00021758,0.024000001
,,,0.00021759,0.025600002
,,,0.0002176,0.022400001
,,,0.00021761,0.024000001
,,,0.00021762,0.024800001
,,,0.00021763,0.024800001
,,,0.00021764,0.024000001
,,,0.00021765,0.025600002
,,,0.00021766,0.024000001
,,,0.00021767,0.024000001
,,,0.00021768,0.022400001
,,,0.00021769,0.024000001
,,,0.0002177,0.022400001
,,,0.00021771,0.023200001
,,,0.00021772,0.024800001
,,,0.00021773,0.024000001
,,,0.00021774,0.024800001
,,,0.00021775,0.024800001
,,,0.00021776,0.024800001
,,,0.00021777,0.024800001
,,,0.00021778,0.024000001
,,,0.00021779,0.024000001
,,,0.0002178,0.024000001
,,,0.00021781,0.023200001
,,,0.00021782,0.025600002
,,,0.00021783,0.024000001
,,,0.00021784,0.024000001
,,,0.00021785,0.023200001
,,,0.00021786,0.025600002
,,,0.00021787,0.024000001
,,,0.00021788,0.024800001
,,,0.00021789,0.025600002
,,,0.0002179,0.024800001
,,,0.00021791,0.024800001
,,,0.00021792,0.024800001
,,,0.00021793,0.024000001
,,,0.00021794,0.024000001
,,,0.00021795,0.024800001
,,,0.00021796,0.024000001
,,,0.00021797,0.024800001
,,,0.00021798,0.024000001
,,,0.00021799,0.024000001
,,,0.000218,0.024000001
,,,0.00021801,0.023200001
,,,0.00021802,0.024000001
,,,0.00021803,0.025600002
,,,0.00021804,0.024000001
,,,0.00021805,0.024000001
,,,0.00021806,0.021600001
,,,0.00021807,0.021600001
,,,0.00021808,0.024800001
,,,0.00021809,0.023200001
,,,0.0002181,0.024800001
,,,0.00021811,0.023200001
,,,0.00021812,0.026400002
,,,0.00021813,0.024000001
,,,0.00021814,0.024000001
,,,0.00021815,0.024000001
,,,0.00021816,0.024800001
,,,0.00021817,0.023200001
,,,0.00021818,0.023200001
,,,0.00021819,0.023200001
,,,0.0002182,0.024800001
,,,0.00021821,0.024800001
,,,0.00021822,0.023200001
,,,0.00021823,0.024000001
,,,0.00021824,0.024800001
,,,0.00021825,0.024000001
,,,0.00021826,0.024000001
,,,0.00021827,0.024000001
,,,0.00021828,0.023200001
,,,0.00021829,0.024000001
,,,0.0002183,0.024800001
,,,0.00021831,0.024800001
,,,0.00021832,0.024000001
,,,0.00021833,0.024000001
,,,0.00021834,0.022400001
,,,0.00021835,0.024000001
,,,0.00021836,0.023200001
,,,0.00021837,0.024800001
,,,0.00021838,0.024000001
,,,0.00021839,0.024000001
,,,0.0002184,0.024000001
,,,0.00021841,0.024000001
,,,0.00021842,0.024800001
,,,0.00021843,0.024000001
,,,0.00021844,0.024800001
,,,0.00021845,0.024800001
,,,0.00021846,0.024800001
,,,0.00021847,0.024000001
,,,0.00021848,0.024000001
,,,0.00021849,0.023200001
,,,0.0002185,0.024000001
,,,0.00021851,0.024000001
,,,0.00021852,0.024000001
,,,0.00021853,0.024000001
,,,0.00021854,0.024800001
,,,0.00021855,0.023200001
,,,0.00021856,0.024000001
,,,0.00021857,0.024000001
,,,0.00021858,0.024000001
,,,0.00021859,0.024800001
,,,0.0002186,0.024800001
,,,0.00021861,0.023200001
,,,0.00021862,0.024000001
,,,0.00021863,0.024000001
,,,0.00021864,0.025600002
,,,0.00021865,0.023200001
,,,0.00021866,0.024800001
,,,0.00021867,0.024000001
,,,0.00021868,0.024000001
,,,0.00021869,0.024000001
,,,0.0002187,0.025600002
,,,0.00021871,0.024000001
,,,0.00021872,0.024000001
,,,0.00021873,0.024000001
,,,0.00021874,0.024800001
,,,0.00021875,0.024000001
,,,0.00021876,0.024800001
,,,0.00021877,0.024000001
,,,0.00021878,0.023200001
,,,0.00021879,0.024000001
,,,0.0002188,0.024800001
,,,0.00021881,0.025600002
,,,0.00021882,0.024000001
,,,0.00021883,0.024000001
,,,0.00021884,0.024000001
,,,0.00021885,0.023200001
,,,0.00021886,0.024000001
,,,0.00021887,0.023200001
,,,0.00021888,0.022400001
,,,0.00021889,0.023200001
,,,0.0002189,0.024000001
,,,0.00021891,0.024000001
,,,0.00021892,0.024000001
,,,0.00021893,0.024800001
,,,0.00021894,0.025600002
,,,0.00021895,0.025600002
,,,0.00021896,0.024000001
,,,0.00021897,0.024000001
,,,0.00021898,0.023200001
,,,0.00021899,0.024000001
,,,0.000219,0.024800001
,,,0.00021901,0.024000001
,,,0.00021902,0.023200001
,,,0.00021903,0.024800001
,,,0.00021904,0.024800001
,,,0.00021905,0.024800001
,,,0.00021906,0.024000001
,,,0.00021907,0.024000001
,,,0.00021908,0.024000001
,,,0.00021909,0.025600002
,,,0.0002191,0.024000001
,,,0.00021911,0.024000001
,,,0.00021912,0.025600002
,,,0.00021913,0.024000001
,,,0.00021914,0.024000001
,,,0.00021915,0.024800001
,,,0.00021916,0.023200001
,,,0.00021917,0.024000001
,,,0.00021918,0.024800001
,,,0.00021919,0.024000001
,,,0.0002192,0.024000001
,,,0.00021921,0.024000001
,,,0.00021922,0.023200001
,,,0.00021923,0.024000001
,,,0.00021924,0.024800001
,,,0.00021925,0.024800001
,,,0.00021926,0.025600002
,,,0.00021927,0.025600002
,,,0.00021928,0.024000001
,,,0.00021929,0.025600002
,,,0.0002193,0.024000001
,,,0.00021931,0.024800001
,,,0.00021932,0.024000001
,,,0.00021933,0.024000001
,,,0.00021934,0.024800001
,,,0.00021935,0.024800001
,,,0.00021936,0.024000001
,,,0.00021937,0.024000001
,,,0.00021938,0.024000001
,,,0.00021939,0.024000001
,,,0.0002194,0.024800001
,,,0.00021941,0.023200001
,,,0.00021942,0.023200001
,,,0.00021943,0.024000001
,,,0.00021944,0.024000001
,,,0.00021945,0.024000001
,,,0.00021946,0.024000001
,,,0.00021947,0.024000001
,,,0.00021948,0.024000001
,,,0.00021949,0.024000001
,,,0.0002195,0.023200001
,,,0.00021951,0.024000001
,,,0.00021952,0.024000001
,,,0.00021953,0.023200001
,,,0.00021954,0.024800001
,,,0.00021955,0.022400001
,,,0.00021956,0.024000001
,,,0.00021957,0.022400001
,,,0.00021958,0.024000001
,,,0.00021959,0.024000001
,,,0.0002196,0.024000001
,,,0.00021961,0.024800001
,,,0.00021962,0.024000001
,,,0.00021963,0.023200001
,,,0.00021964,0.024800001
,,,0.00021965,0.024000001
,,,0.00021966,0.025600002
,,,0.00021967,0.024800001
,,,0.00021968,0.024000001
,,,0.00021969,0.024800001
,,,0.0002197,0.024800001
,,,0.00021971,0.022400001
,,,0.00021972,0.023200001
,,,0.00021973,0.024000001
,,,0.00021974,0.024800001
,,,0.00021975,0.024000001
,,,0.00021976,0.024000001
,,,0.00021977,0.024000001
,,,0.00021978,0.024800001
,,,0.00021979,0.024800001
,,,0.0002198,0.024000001
,,,0.00021981,0.024000001
,,,0.00021982,0.024000001
,,,0.00021983,0.023200001
,,,0.00021984,0.024800001
,,,0.00021985,0.024000001
,,,0.00021986,0.025600002
,,,0.00021987,0.024800001
,,,0.00021988,0.024000001
,,,0.00021989,0.026400002
,,,0.0002199,0.025600002
,,,0.00021991,0.024000001
,,,0.00021992,0.024800001
,,,0.00021993,0.023200001
,,,0.00021994,0.025600002
,,,0.00021995,0.024000001
,,,0.00021996,0.024000001
,,,0.00021997,0.024000001
,,,0.00021998,0.024000001
,,,0.00021999,0.023200001
,,,0.00022,0.024800001
,,,0.00022001,0.025600002
,,,0.00022002,0.025600002
,,,0.00022003,0.024000001
,,,0.00022004,0.022400001
,,,0.00022005,0.024000001
,,,0.00022006,0.024000001
,,,0.00022007,0.023200001
,,,0.00022008,0.023200001
,,,0.00022009,0.024000001
,,,0.0002201,0.025600002
,,,0.00022011,0.024800001
,,,0.00022012,0.024000001
,,,0.00022013,0.023200001
,,,0.00022014,0.024000001
,,,0.00022015,0.024000001
,,,0.00022016,0.024000001
,,,0.00022017,0.025600002
,,,0.00022018,0.024000001
,,,0.00022019,0.021600001
,,,0.0002202,0.024000001
,,,0.00022021,0.024800001
,,,0.00022022,0.023200001
,,,0.00022023,0.022400001
,,,0.00022024,0.024800001
,,,0.00022025,0.024000001
,,,0.00022026,0.024000001
,,,0.00022027,0.024000001
,,,0.00022028,0.024000001
,,,0.00022029,0.023200001
,,,0.0002203,0.025600002
,,,0.00022031,0.025600002
,,,0.00022032,0.023200001
,,,0.00022033,0.024000001
,,,0.00022034,0.023200001
,,,0.00022035,0.025600002
,,,0.00022036,0.025600002
,,,0.00022037,0.024800001
,,,0.00022038,0.024800001
,,,0.00022039,0.024000001
,,,0.0002204,0.025600002
,,,0.00022041,0.024000001
,,,0.00022042,0.024000001
,,,0.00022043,0.024000001
,,,0.00022044,0.024000001
,,,0.00022045,0.023200001
,,,0.00022046,0.023200001
,,,0.00022047,0.024800001
,,,0.00022048,0.023200001
,,,0.00022049,0.024000001
,,,0.0002205,0.024000001
,,,0.00022051,0.025600002
,,,0.00022052,0.024000001
,,,0.00022053,0.024800001
,,,0.00022054,0.024800001
,,,0.00022055,0.024000001
,,,0.00022056,0.022400001
,,,0.00022057,0.027200002
,,,0.00022058,0.024000001
,,,0.00022059,0.024000001
,,,0.0002206,0.026400002
,,,0.00022061,0.024000001
,,,0.00022062,0.026400002
,,,0.00022063,0.024000001
,,,0.00022064,0.024000001
,,,0.00022065,0.025600002
,,,0.00022066,0.024800001
,,,0.00022067,0.024800001
,,,0.00022068,0.024000001
,,,0.00022069,0.024000001
,,,0.0002207,0.024000001
,,,0.00022071,0.024000001
,,,0.00022072,0.024000001
,,,0.00022073,0.024000001
,,,0.00022074,0.026400002
,,,0.00022075,0.024000001
,,,0.00022076,0.026400002
,,,0.00022077,0.024000001
,,,0.00022078,0.024000001
,,,0.00022079,0.024000001
,,,0.0002208,0.024000001
,,,0.00022081,0.024800001
,,,0.00022082,0.024000001
,,,0.00022083,0.024000001
,,,0.00022084,0.024000001
,,,0.00022085,0.024000001
,,,0.00022086,0.024000001
,,,0.00022087,0.023200001
,,,0.00022088,0.024000001
,,,0.00022089,0.024000001
,,,0.0002209,0.024000001
,,,0.00022091,0.024000001
,,,0.00022092,0.024000001
,,,0.00022093,0.024800001
,,,0.00022094,0.024000001
,,,0.00022095,0.025600002
,,,0.00022096,0.024000001
,,,0.00022097,0.022400001
,,,0.00022098,0.024000001
,,,0.00022099,0.024000001
,,,0.000221,0.024800001
,,,0.00022101,0.024000001
,,,0.00022102,0.024000001
,,,0.00022103,0.023200001
,,,0.00022104,0.024000001
,,,0.00022105,0.024000001
,,,0.00022106,0.024000001
,,,0.00022107,0.024000001
,,,0.00022108,0.024800001
,,,0.00022109,0.024000001
,,,0.0002211,0.024800001
,,,0.00022111,0.024000001
,,,0.00022112,0.024000001
,,,0.00022113,0.022400001
,,,0.00022114,0.024800001
,,,0.00022115,0.023200001
,,,0.00022116,0.024000001
,,,0.00022117,0.023200001
,,,0.00022118,0.025600002
,,,0.00022119,0.024000001
,,,0.0002212,0.024000001
,,,0.00022121,0.024000001
,,,0.00022122,0.024000001
,,,0.00022123,0.024000001
,,,0.00022124,0.026400002
,,,0.00022125,0.024000001
,,,0.00022126,0.024800001
,,,0.00022127,0.025600002
,,,0.00022128,0.024000001
,,,0.00022129,0.024000001
,,,0.0002213,0.024800001
,,,0.00022131,0.023200001
,,,0.00022132,0.024000001
,,,0.00022133,0.024000001
,,,0.00022134,0.022400001
,,,0.00022135,0.024000001
,,,0.00022136,0.024800001
,,,0.00022137,0.024000001
,,,0.00022138,0.024000001
,,,0.00022139,0.024800001
,,,0.0002214,0.025600002
,,,0.00022141,0.024000001
,,,0.00022142,0.024800001
,,,0.00022143,0.024800001
,,,0.00022144,0.025600002
,,,0.00022145,0.024000001
,,,0.00022146,0.024000001
,,,0.00022147,0.025600002
,,,0.00022148,0.024000001
,,,0.00022149,0.024800001
,,,0.0002215,0.024000001
,,,0.00022151,0.025600002
,,,0.00022152,0.025600002
,,,0.00022153,0.024000001
,,,0.00022154,0.023200001
,,,0.00022155,0.024000001
,,,0.00022156,0.024000001
,,,0.00022157,0.024800001
,,,0.00022158,0.023200001
,,,0.00022159,0.024000001
,,,0.0002216,0.024800001
,,,0.00022161,0.024800001
,,,0.00022162,0.024000001
,,,0.00022163,0.024000001
,,,0.00022164,0.024000001
,,,0.00022165,0.022400001
,,,0.00022166,0.024800001
,,,0.00022167,0.024000001
,,,0.00022168,0.024000001
,,,0.00022169,0.024000001
,,,0.0002217,0.024800001
,,,0.00022171,0.024000001
,,,0.00022172,0.025600002
,,,0.00022173,0.024000001
,,,0.00022174,0.024000001
,,,0.00022175,0.024800001
,,,0.00022176,0.025600002
,,,0.00022177,0.024800001
,,,0.00022178,0.024000001
,,,0.00022179,0.024000001
,,,0.0002218,0.024000001
,,,0.00022181,0.025600002
,,,0.00022182,0.024000001
,,,0.00022183,0.024000001
,,,0.00022184,0.025600002
,,,0.00022185,0.024000001
,,,0.00022186,0.025600002
,,,0.00022187,0.024000001
,,,0.00022188,0.024000001
,,,0.00022189,0.023200001
,,,0.0002219,0.025600002
,,,0.00022191,0.023200001
,,,0.00022192,0.024000001
,,,0.00022193,0.024800001
,,,0.00022194,0.024000001
,,,0.00022195,0.022400001
,,,0.00022196,0.024800001
,,,0.00022197,0.024000001
,,,0.00022198,0.025600002
,,,0.00022199,0.023200001
,,,0.000222,0.025600002
,,,0.00022201,0.024000001
,,,0.00022202,0.024000001
,,,0.00022203,0.024000001
,,,0.00022204,0.025600002
,,,0.00022205,0.023200001
,,,0.00022206,0.025600002
,,,0.00022207,0.024000001
,,,0.00022208,0.025600002
,,,0.00022209,0.023200001
,,,0.0002221,0.024800001
,,,0.00022211,0.024000001
,,,0.00022212,0.023200001
,,,0.00022213,0.024000001
,,,0.00022214,0.024800001
,,,0.00022215,0.024000001
,,,0.00022216,0.025600002
,,,0.00022217,0.024000001
,,,0.00022218,0.023200001
,,,0.00022219,0.022400001
,,,0.0002222,0.024800001
,,,0.00022221,0.024800001
,,,0.00022222,0.024800001
,,,0.00022223,0.022400001
,,,0.00022224,0.024000001
,,,0.00022225,0.024000001
,,,0.00022226,0.022400001
,,,0.00022227,0.023200001
,,,0.00022228,0.027200002
,,,0.00022229,0.024000001
,,,0.0002223,0.024000001
,,,0.00022231,0.024800001
,,,0.00022232,0.023200001
,,,0.00022233,0.024000001
,,,0.00022234,0.024800001
,,,0.00022235,0.024000001
,,,0.00022236,0.024800001
,,,0.00022237,0.023200001
,,,0.00022238,0.024000001
,,,0.00022239,0.024000001
,,,0.0002224,0.023200001
,,,0.00022241,0.024000001
,,,0.00022242,0.024000001
,,,0.00022243,0.024000001
,,,0.00022244,0.024800001
,,,0.00022245,0.025600002
,,,0.00022246,0.024000001
,,,0.00022247,0.024000001
,,,0.00022248,0.024000001
,,,0.00022249,0.024000001
,,,0.0002225,0.024000001
,,,0.00022251,0.024800001
,,,0.00022252,0.022400001
,,,0.00022253,0.023200001
,,,0.00022254,0.024000001
,,,0.00022255,0.024800001
,,,0.00022256,0.024800001
,,,0.00022257,0.024800001
,,,0.00022258,0.025600002
,,,0.00022259,0.024000001
,,,0.0002226,0.024000001
,,,0.00022261,0.024000001
,,,0.00022262,0.024000001
,,,0.00022263,0.025600002
,,,0.00022264,0.024000001
,,,0.00022265,0.024800001
,,,0.00022266,0.023200001
,,,0.00022267,0.025600002
,,,0.00022268,0.026400002
,,,0.00022269,0.024000001
,,,0.0002227,0.023200001
,,,0.00022271,0.024000001
,,,0.00022272,0.025600002
,,,0.00022273,0.024000001
,,,0.00022274,0.024000001
,,,0.00022275,0.024000001
,,,0.00022276,0.024800001
,,,0.00022277,0.022400001
,,,0.00022278,0.024000001
,,,0.00022279,0.024000001
,,,0.0002228,0.024800001
,,,0.00022281,0.023200001
,,,0.00022282,0.024800001
,,,0.00022283,0.023200001
,,,0.00022284,0.024000001
,,,0.00022285,0.024800001
,,,0.00022286,0.026400002
,,,0.00022287,0.026400002
,,,0.00022288,0.024800001
,,,0.00022289,0.023200001
,,,0.0002229,0.023200001
,,,0.00022291,0.024000001
,,,0.00022292,0.025600002
,,,0.00022293,0.025600002
,,,0.00022294,0.021600001
,,,0.00022295,0.024800001
,,,0.00022296,0.024800001
,,,0.00022297,0.024000001
,,,0.00022298,0.025600002
,,,0.00022299,0.024800001
,,,0.000223,0.024000001
,,,0.00022301,0.024000001
,,,0.00022302,0.024000001
,,,0.00022303,0.023200001
,,,0.00022304,0.024000001
,,,0.00022305,0.024000001
,,,0.00022306,0.025600002
,,,0.00022307,0.023200001
,,,0.00022308,0.024800001
,,,0.00022309,0.024800001
,,,0.0002231,0.024000001
,,,0.00022311,0.024000001
,,,0.00022312,0.022400001
,,,0.00022313,0.025600002
,,,0.00022314,0.025600002
,,,0.00022315,0.023200001
,,,0.00022316,0.024000001
,,,0.00022317,0.023200001
,,,0.00022318,0.024000001
,,,0.00022319,0.023200001
,,,0.0002232,0.024000001
,,,0.00022321,0.024800001
,,,0.00022322,0.024000001
,,,0.00022323,0.024800001
,,,0.00022324,0.024000001
,,,0.00022325,0.024800001
,,,0.00022326,0.024000001
,,,0.00022327,0.024800001
,,,0.00022328,0.024000001
,,,0.00022329,0.024000001
,,,0.0002233,0.025600002
,,,0.00022331,0.024000001
,,,0.00022332,0.025600002
,,,0.00022333,0.024800001
,,,0.00022334,0.024000001
,,,0.00022335,0.024800001
,,,0.00022336,0.024000001
,,,0.00022337,0.024000001
,,,0.00022338,0.025600002
,,,0.00022339,0.023200001
,,,0.0002234,0.024000001
,,,0.00022341,0.024000001
,,,0.00022342,0.025600002
,,,0.00022343,0.023200001
,,,0.00022344,0.024000001
,,,0.00022345,0.024000001
,,,0.00022346,0.024000001
,,,0.00022347,0.024000001
,,,0.00022348,0.024000001
,,,0.00022349,0.024000001
,,,0.0002235,0.024000001
,,,0.00022351,0.025600002
,,,0.00022352,0.024800001
,,,0.00022353,0.024800001
,,,0.00022354,0.024000001
,,,0.00022355,0.023200001
,,,0.00022356,0.025600002
,,,0.00022357,0.024800001
,,,0.00022358,0.023200001
,,,0.00022359,0.024800001
,,,0.0002236,0.024000001
,,,0.00022361,0.025600002
,,,0.00022362,0.024800001
,,,0.00022363,0.024000001
,,,0.00022364,0.024000001
,,,0.00022365,0.024800001
,,,0.00022366,0.024000001
,,,0.00022367,0.025600002
,,,0.00022368,0.024800001
,,,0.00022369,0.025600002
,,,0.0002237,0.024800001
,,,0.00022371,0.023200001
,,,0.00022372,0.024800001
,,,0.00022373,0.024000001
,,,0.00022374,0.024000001
,,,0.00022375,0.024800001
,,,0.00022376,0.024000001
,,,0.00022377,0.024000001
,,,0.00022378,0.025600002
,,,0.00022379,0.022400001
,,,0.0002238,0.024800001
,,,0.00022381,0.024800001
,,,0.00022382,0.023200001
,,,0.00022383,0.024000001
,,,0.00022384,0.024800001
,,,0.00022385,0.024800001
,,,0.00022386,0.023200001
,,,0.00022387,0.024800001
,,,0.00022388,0.024000001
,,,0.00022389,0.025600002
,,,0.0002239,0.025600002
,,,0.00022391,0.025600002
,,,0.00022392,0.024000001
,,,0.00022393,0.025600002
,,,0.00022394,0.024000001
,,,0.00022395,0.024000001
,,,0.00022396,0.025600002
,,,0.00022397,0.024800001
,,,0.00022398,0.024000001
,,,0.00022399,0.024000001
,,,0.000224,0.025600002
,,,0.00022401,0.023200001
,,,0.00022402,0.024000001
,,,0.00022403,0.024000001
,,,0.00022404,0.022400001
,,,0.00022405,0.024800001
,,,0.00022406,0.023200001
,,,0.00022407,0.024800001
,,,0.00022408,0.024000001
,,,0.00022409,0.027200002
,,,0.0002241,0.025600002
,,,0.00022411,0.024000001
,,,0.00022412,0.024800001
,,,0.00022413,0.024000001
,,,0.00022414,0.023200001
,,,0.00022415,0.021600001
,,,0.00022416,0.024000001
,,,0.00022417,0.024800001
,,,0.00022418,0.025600002
,,,0.00022419,0.025600002
,,,0.0002242,0.024800001
,,,0.00022421,0.025600002
,,,0.00022422,0.024000001
,,,0.00022423,0.022400001
,,,0.00022424,0.023200001
,,,0.00022425,0.024800001
,,,0.00022426,0.025600002
,,,0.00022427,0.024000001
,,,0.00022428,0.025600002
,,,0.00022429,0.025600002
,,,0.0002243,0.024800001
,,,0.00022431,0.023200001
,,,0.00022432,0.024000001
,,,0.00022433,0.024000001
,,,0.00022434,0.024000001
,,,0.00022435,0.024000001
,,,0.00022436,0.024800001
,,,0.00022437,0.024000001
,,,0.00022438,0.025600002
,,,0.00022439,0.024800001
,,,0.0002244,0.024000001
,,,0.00022441,0.025600002
,,,0.00022442,0.023200001
,,,0.00022443,0.022400001
,,,0.00022444,0.024000001
,,,0.00022445,0.024000001
,,,0.00022446,0.026400002
,,,0.00022447,0.024800001
,,,0.00022448,0.024000001
,,,0.00022449,0.024800001
,,,0.0002245,0.024800001
,,,0.00022451,0.023200001
,,,0.00022452,0.024000001
,,,0.00022453,0.024800001
,,,0.00022454,0.024000001
,,,0.00022455,0.024000001
,,,0.00022456,0.024800001
,,,0.00022457,0.024800001
,,,0.00022458,0.024000001
,,,0.00022459,0.024000001
,,,0.0002246,0.025600002
,,,0.00022461,0.024800001
,,,0.00022462,0.025600002
,,,0.00022463,0.024000001
,,,0.00022464,0.025600002
,,,0.00022465,0.024800001
,,,0.00022466,0.024000001
,,,0.00022467,0.024000001
,,,0.00022468,0.023200001
,,,0.00022469,0.024800001
,,,0.0002247,0.026400002
,,,0.00022471,0.024000001
,,,0.00022472,0.024000001
,,,0.00022473,0.025600002
,,,0.00022474,0.024800001
,,,0.00022475,0.024000001
,,,0.00022476,0.022400001
,,,0.00022477,0.024800001
,,,0.00022478,0.024000001
,,,0.00022479,0.023200001
,,,0.0002248,0.023200001
,,,0.00022481,0.024000001
,,,0.00022482,0.023200001
,,,0.00022483,0.023200001
,,,0.00022484,0.025600002
,,,0.00022485,0.024800001
,,,0.00022486,0.024800001
,,,0.00022487,0.024000001
,,,0.00022488,0.024800001
,,,0.00022489,0.024000001
,,,0.0002249,0.024800001
,,,0.00022491,0.024000001
,,,0.00022492,0.024000001
,,,0.00022493,0.024800001
,,,0.00022494,0.024800001
,,,0.00022495,0.024800001
,,,0.00022496,0.024800001
,,,0.00022497,0.024000001
,,,0.00022498,0.024000001
,,,0.00022499,0.024000001
,,,0.000225,0.024000001
,,,0.00022501,0.025600002
,,,0.00022502,0.024800001
,,,0.00022503,0.024800001
,,,0.00022504,0.025600002
,,,0.00022505,0.024000001
,,,0.00022506,0.024800001
,,,0.00022507,0.024000001
,,,0.00022508,0.024000001
,,,0.00022509,0.024000001
,,,0.0002251,0.022400001
,,,0.00022511,0.024000001
,,,0.00022512,0.024800001
,,,0.00022513,0.024000001
,,,0.00022514,0.025600002
,,,0.00022515,0.024000001
,,,0.00022516,0.024800001
,,,0.00022517,0.025600002
,,,0.00022518,0.022400001
,,,0.00022519,0.023200001
,,,0.0002252,0.024000001
,,,0.00022521,0.025600002
,,,0.00022522,0.024000001
,,,0.00022523,0.024000001
,,,0.00022524,0.025600002
,,,0.00022525,0.025600002
,,,0.00022526,0.026400002
,,,0.00022527,0.024000001
,,,0.00022528,0.024000001
,,,0.00022529,0.024800001
,,,0.0002253,0.025600002
,,,0.00022531,0.024800001
,,,0.00022532,0.024000001
,,,0.00022533,0.024000001
,,,0.00022534,0.024800001
,,,0.00022535,0.024800001
,,,0.00022536,0.023200001
,,,0.00022537,0.024000001
,,,0.00022538,0.023200001
,,,0.00022539,0.024000001
,,,0.0002254,0.025600002
,,,0.00022541,0.024000001
,,,0.00022542,0.024800001
,,,0.00022543,0.024000001
,,,0.00022544,0.024000001
,,,0.00022545,0.024800001
,,,0.00022546,0.023200001
,,,0.00022547,0.024000001
,,,0.00022548,0.024800001
,,,0.00022549,0.023200001
,,,0.0002255,0.025600002
,,,0.00022551,0.024000001
,,,0.00022552,0.025600002
,,,0.00022553,0.023200001
,,,0.00022554,0.024000001
,,,0.00022555,0.024000001
,,,0.00022556,0.023200001
,,,0.00022557,0.024000001
,,,0.00022558,0.025600002
,,,0.00022559,0.024800001
,,,0.0002256,0.024800001
,,,0.00022561,0.025600002
,,,0.00022562,0.024800001
,,,0.00022563,0.024800001
,,,0.00022564,0.025600002
,,,0.00022565,0.024000001
,,,0.00022566,0.026400002
,,,0.00022567,0.024000001
,,,0.00022568,0.025600002
,,,0.00022569,0.025600002
,,,0.0002257,0.024800001
,,,0.00022571,0.024000001
,,,0.00022572,0.024000001
,,,0.00022573,0.024000001
,,,0.00022574,0.024000001
,,,0.00022575,0.024000001
,,,0.00022576,0.024000001
,,,0.00022577,0.024000001
,,,0.00022578,0.024000001
,,,0.00022579,0.023200001
,,,0.0002258,0.023200001
,,,0.00022581,0.025600002
,,,0.00022582,0.024800001
,,,0.00022583,0.023200001
,,,0.00022584,0.024000001
,,,0.00022585,0.024000001
,,,0.00022586,0.022400001
,,,0.00022587,0.024800001
,,,0.00022588,0.024000001
,,,0.00022589,0.024000001
,,,0.0002259,0.028000002
,,,0.00022591,0.023200001
,,,0.00022592,0.024000001
,,,0.00022593,0.024800001
,,,0.00022594,0.024800001
,,,0.00022595,0.025600002
,,,0.00022596,0.024800001
,,,0.00022597,0.024800001
,,,0.00022598,0.024800001
,,,0.00022599,0.024000001
,,,0.000226,0.025600002
,,,0.00022601,0.024000001
,,,0.00022602,0.024000001
,,,0.00022603,0.024800001
,,,0.00022604,0.024800001
,,,0.00022605,0.022400001
,,,0.00022606,0.023200001
,,,0.00022607,0.025600002
,,,0.00022608,0.024000001
,,,0.00022609,0.024800001
,,,0.0002261,0.024800001
,,,0.00022611,0.024000001
,,,0.00022612,0.024800001
,,,0.00022613,0.024000001
,,,0.00022614,0.024000001
,,,0.00022615,0.024800001
,,,0.00022616,0.024000001
,,,0.00022617,0.025600002
,,,0.00022618,0.025600002
,,,0.00022619,0.022400001
,,,0.0002262,0.025600002
,,,0.00022621,0.024800001
,,,0.00022622,0.024000001
,,,0.00022623,0.024800001
,,,0.00022624,0.024800001
,,,0.00022625,0.024000001
,,,0.00022626,0.026400002
,,,0.00022627,0.024800001
,,,0.00022628,0.023200001
,,,0.00022629,0.024000001
,,,0.0002263,0.025600002
,,,0.00022631,0.024000001
,,,0.00022632,0.024800001
,,,0.00022633,0.024000001
,,,0.00022634,0.025600002
,,,0.00022635,0.023200001
,,,0.00022636,0.024000001
,,,0.00022637,0.024000001
,,,0.00022638,0.024000001
,,,0.00022639,0.023200001
,,,0.0002264,0.024000001
,,,0.00022641,0.023200001
,,,0.00022642,0.024000001
,,,0.00022643,0.024000001
,,,0.00022644,0.024000001
,,,0.00022645,0.023200001
,,,0.00022646,0.024000001
,,,0.00022647,0.024800001
,,,0.00022648,0.023200001
,,,0.00022649,0.024800001
,,,0.0002265,0.024800001
,,,0.00022651,0.024800001
,,,0.00022652,0.024000001
,,,0.00022653,0.024000001
,,,0.00022654,0.024000001
,,,0.00022655,0.023200001
,,,0.00022656,0.024800001
,,,0.00022657,0.024000001
,,,0.00022658,0.024000001
,,,0.00022659,0.025600002
,,,0.0002266,0.023200001
,,,0.00022661,0.024800001
,,,0.00022662,0.025600002
,,,0.00022663,0.024800001
,,,0.00022664,0.025600002
,,,0.00022665,0.024000001
,,,0.00022666,0.024000001
,,,0.00022667,0.024000001
,,,0.00022668,0.024000001
,,,0.00022669,0.024000001
,,,0.0002267,0.024000001
,,,0.00022671,0.024000001
,,,0.00022672,0.023200001
,,,0.00022673,0.023200001
,,,0.00022674,0.024000001
,,,0.00022675,0.024800001
,,,0.00022676,0.023200001
,,,0.00022677,0.024800001
,,,0.00022678,0.024000001
,,,0.00022679,0.023200001
,,,0.0002268,0.024000001
,,,0.00022681,0.023200001
,,,0.00022682,0.024000001
,,,0.00022683,0.024800001
,,,0.00022684,0.024000001
,,,0.00022685,0.022400001
,,,0.00022686,0.025600002
,,,0.00022687,0.024800001
,,,0.00022688,0.023200001
,,,0.00022689,0.025600002
,,,0.0002269,0.024800001
,,,0.00022691,0.024000001
,,,0.00022692,0.025600002
,,,0.00022693,0.024000001
,,,0.00022694,0.025600002
,,,0.00022695,0.024800001
,,,0.00022696,0.024800001
,,,0.00022697,0.024000001
,,,0.00022698,0.024800001
,,,0.00022699,0.023200001
,,,0.000227,0.027200002
,,,0.00022701,0.024000001
,,,0.00022702,0.024000001
,,,0.00022703,0.024000001
,,,0.00022704,0.025600002
,,,0.00022705,0.025600002
,,,0.00022706,0.024800001
,,,0.00022707,0.023200001
,,,0.00022708,0.024000001
,,,0.00022709,0.024800001
,,,0.0002271,0.025600002
,,,0.00022711,0.024800001
,,,0.00022712,0.024800001
,,,0.00022713,0.024800001
,,,0.00022714,0.024000001
,,,0.00022715,0.024000001
,,,0.00022716,0.025600002
,,,0.00022717,0.024000001
,,,0.00022718,0.023200001
,,,0.00022719,0.024000001
,,,0.0002272,0.024800001
,,,0.00022721,0.024800001
,,,0.00022722,0.024000001
,,,0.00022723,0.024000001
,,,0.00022724,0.024000001
,,,0.00022725,0.024000001
,,,0.00022726,0.024800001
,,,0.00022727,0.024000001
,,,0.00022728,0.024000001
,,,0.00022729,0.022400001
,,,0.0002273,0.024000001
,,,0.00022731,0.024800001
,,,0.00022732,0.024000001
,,,0.00022733,0.023200001
,,,0.00022734,0.024000001
,,,0.00022735,0.024000001
,,,0.00022736,0.024800001
,,,0.00022737,0.024000001
,,,0.00022738,0.024000001
,,,0.00022739,0.023200001
,,,0.0002274,0.024000001
,,,0.00022741,0.024000001
,,,0.00022742,0.023200001
,,,0.00022743,0.023200001
,,,0.00022744,0.024800001
,,,0.00022745,0.024000001
,,,0.00022746,0.024000001
,,,0.00022747,0.024000001
,,,0.00022748,0.024000001
,,,0.00022749,0.024800001
,,,0.0002275,0.023200001
,,,0.00022751,0.024000001
,,,0.00022752,0.022400001
,,,0.00022753,0.024800001
,,,0.00022754,0.024000001
,,,0.00022755,0.024000001
,,,0.00022756,0.025600002
,,,0.00022757,0.024800001
,,,0.00022758,0.024800001
,,,0.00022759,0.024000001
,,,0.0002276,0.024000001
,,,0.00022761,0.024000001
,,,0.00022762,0.024800001
,,,0.00022763,0.024000001
,,,0.00022764,0.025600002
,,,0.00022765,0.025600002
,,,0.00022766,0.023200001
,,,0.00022767,0.024000001
,,,0.00022768,0.024000001
,,,0.00022769,0.024800001
,,,0.0002277,0.024800001
,,,0.00022771,0.024000001
,,,0.00022772,0.023200001
,,,0.00022773,0.024000001
,,,0.00022774,0.024000001
,,,0.00022775,0.024000001
,,,0.00022776,0.023200001
,,,0.00022777,0.024800001
,,,0.00022778,0.024000001
,,,0.00022779,0.023200001
,,,0.0002278,0.025600002
,,,0.00022781,0.023200001
,,,0.00022782,0.024000001
,,,0.00022783,0.024800001
,,,0.00022784,0.023200001
,,,0.00022785,0.023200001
,,,0.00022786,0.024000001
,,,0.00022787,0.023200001
,,,0.00022788,0.024000001
,,,0.00022789,0.024800001
,,,0.0002279,0.023200001
,,,0.00022791,0.024800001
,,,0.00022792,0.024800001
,,,0.00022793,0.024000001
,,,0.00022794,0.024800001
,,,0.00022795,0.024800001
,,,0.00022796,0.024800001
,,,0.00022797,0.026400002
,,,0.00022798,0.023200001
,,,0.00022799,0.024000001
,,,0.000228,0.024000001
,,,0.00022801,0.025600002
,,,0.00022802,0.026400002
,,,0.00022803,0.024800001
,,,0.00022804,0.024000001
,,,0.00022805,0.024000001
,,,0.00022806,0.024000001
,,,0.00022807,0.024000001
,,,0.00022808,0.024000001
,,,0.00022809,0.024000001
,,,0.0002281,0.024000001
,,,0.00022811,0.024800001
,,,0.00022812,0.025600002
,,,0.00022813,0.024000001
,,,0.00022814,0.023200001
,,,0.00022815,0.024000001
,,,0.00022816,0.024000001
,,,0.00022817,0.024000001
,,,0.00022818,0.024000001
,,,0.00022819,0.024000001
,,,0.0002282,0.025600002
,,,0.00022821,0.024000001
,,,0.00022822,0.024000001
,,,0.00022823,0.024000001
,,,0.00022824,0.024000001
,,,0.00022825,0.024000001
,,,0.00022826,0.023200001
,,,0.00022827,0.024800001
,,,0.00022828,0.024800001
,,,0.00022829,0.024000001
,,,0.0002283,0.024000001
,,,0.00022831,0.024800001
,,,0.00022832,0.024800001
,,,0.00022833,0.023200001
,,,0.00022834,0.024000001
,,,0.00022835,0.024000001
,,,0.00022836,0.024800001
,,,0.00022837,0.023200001
,,,0.00022838,0.024000001
,,,0.00022839,0.024000001
,,,0.0002284,0.025600002
,,,0.00022841,0.024000001
,,,0.00022842,0.024000001
,,,0.00022843,0.024000001
,,,0.00022844,0.024000001
,,,0.00022845,0.024000001
,,,0.00022846,0.024800001
,,,0.00022847,0.024000001
,,,0.00022848,0.024000001
,,,0.00022849,0.024800001
,,,0.0002285,0.024000001
,,,0.00022851,0.023200001
,,,0.00022852,0.024000001
,,,0.00022853,0.025600002
,,,0.00022854,0.024800001
,,,0.00022855,0.025600002
,,,0.00022856,0.024800001
,,,0.00022857,0.024000001
,,,0.00022858,0.024000001
,,,0.00022859,0.023200001
,,,0.0002286,0.024000001
,,,0.00022861,0.023200001
,,,0.00022862,0.024000001
,,,0.00022863,0.024800001
,,,0.00022864,0.022400001
,,,0.00022865,0.024800001
,,,0.00022866,0.023200001
,,,0.00022867,0.023200001
,,,0.00022868,0.024000001
,,,0.00022869,0.024800001
,,,0.0002287,0.025600002
,,,0.00022871,0.024000001
,,,0.00022872,0.024800001
,,,0.00022873,0.024000001
,,,0.00022874,0.024000001
,,,0.00022875,0.022400001
,,,0.00022876,0.024800001
,,,0.00022877,0.024000001
,,,0.00022878,0.024000001
,,,0.00022879,0.024800001
,,,0.0002288,0.025600002
,,,0.00022881,0.024000001
,,,0.00022882,0.023200001
,,,0.00022883,0.024800001
,,,0.00022884,0.024000001
,,,0.00022885,0.023200001
,,,0.00022886,0.023200001
,,,0.00022887,0.024800001
,,,0.00022888,0.024000001
,,,0.00022889,0.025600002
,,,0.0002289,0.024800001
,,,0.00022891,0.023200001
,,,0.00022892,0.024000001
,,,0.00022893,0.023200001
,,,0.00022894,0.024000001
,,,0.00022895,0.023200001
,,,0.00022896,0.023200001
,,,0.00022897,0.025600002
,,,0.00022898,0.023200001
,,,0.00022899,0.022400001
,,,0.000229,0.024800001
,,,0.00022901,0.024000001
,,,0.00022902,0.024000001
,,,0.00022903,0.023200001
,,,0.00022904,0.024000001
,,,0.00022905,0.024800001
,,,0.00022906,0.024000001
,,,0.00022907,0.024000001
,,,0.00022908,0.025600002
,,,0.00022909,0.024800001
,,,0.0002291,0.024000001
,,,0.00022911,0.024000001
,,,0.00022912,0.024000001
,,,0.00022913,0.024000001
,,,0.00022914,0.024000001
,,,0.00022915,0.024800001
,,,0.00022916,0.024000001
,,,0.00022917,0.023200001
,,,0.00022918,0.024000001
,,,0.00022919,0.024800001
,,,0.0002292,0.024800001
,,,0.00022921,0.024000001
,,,0.00022922,0.023200001
,,,0.00022923,0.024800001
,,,0.00022924,0.024000001
,,,0.00022925,0.024000001
,,,0.00022926,0.024000001
,,,0.00022927,0.023200001
,,,0.00022928,0.024000001
,,,0.00022929,0.022400001
,,,0.0002293,0.024000001
,,,0.00022931,0.023200001
,,,0.00022932,0.024000001
,,,0.00022933,0.024000001
,,,0.00022934,0.024800001
,,,0.00022935,0.024000001
,,,0.00022936,0.023200001
,,,0.00022937,0.025600002
,,,0.00022938,0.024000001
,,,0.00022939,0.024000001
,,,0.0002294,0.024000001
,,,0.00022941,0.024000001
,,,0.00022942,0.023200001
,,,0.00022943,0.022400001
,,,0.00022944,0.024000001
,,,0.00022945,0.023200001
,,,0.00022946,0.024000001
,,,0.00022947,0.024000001
,,,0.00022948,0.025600002
,,,0.00022949,0.024800001
,,,0.0002295,0.024800001
,,,0.00022951,0.024800001
,,,0.00022952,0.024000001
,,,0.00022953,0.024000001
,,,0.00022954,0.024000001
,,,0.00022955,0.024000001
,,,0.00022956,0.024000001
,,,0.00022957,0.024000001
,,,0.00022958,0.024800001
,,,0.00022959,0.024000001
,,,0.0002296,0.024800001
,,,0.00022961,0.024800001
,,,0.00022962,0.024000001
,,,0.00022963,0.025600002
,,,0.00022964,0.025600002
,,,0.00022965,0.023200001
,,,0.00022966,0.024000001
,,,0.00022967,0.025600002
,,,0.00022968,0.024000001
,,,0.00022969,0.023200001
,,,0.0002297,0.024800001
,,,0.00022971,0.025600002
,,,0.00022972,0.023200001
,,,0.00022973,0.024000001
,,,0.00022974,0.024000001
,,,0.00022975,0.024000001
,,,0.00022976,0.024000001
,,,0.00022977,0.023200001
,,,0.00022978,0.024000001
,,,0.00022979,0.024800001
,,,0.0002298,0.024800001
,,,0.00022981,0.024000001
,,,0.00022982,0.024000001
,,,0.00022983,0.024800001
,,,0.00022984,0.023200001
,,,0.00022985,0.024800001
,,,0.00022986,0.026400002
,,,0.00022987,0.024000001
,,,0.00022988,0.022400001
,,,0.00022989,0.024000001
,,,0.0002299,0.024000001
,,,0.00022991,0.024000001
,,,0.00022992,0.024000001
,,,0.00022993,0.024000001
,,,0.00022994,0.024000001
,,,0.00022995,0.024000001
,,,0.00022996,0.026400002
,,,0.00022997,0.023200001
,,,0.00022998,0.024800001
,,,0.00022999,0.024000001
,,,0.00023,0.024000001
,,,0.00023001,0.025600002
,,,0.00023002,0.024800001
,,,0.00023003,0.024000001
,,,0.00023004,0.024800001
,,,0.00023005,0.024000001
,,,0.00023006,0.023200001
,,,0.00023007,0.024000001
,,,0.00023008,0.024800001
,,,0.00023009,0.024000001
,,,0.0002301,0.024000001
,,,0.00023011,0.024000001
,,,0.00023012,0.023200001
,,,0.00023013,0.024000001
,,,0.00023014,0.025600002
,,,0.00023015,0.024000001
,,,0.00023016,0.024800001
,,,0.00023017,0.024000001
,,,0.00023018,0.024000001
,,,0.00023019,0.024000001
,,,0.0002302,0.024000001
,,,0.00023021,0.024800001
,,,0.00023022,0.024000001
,,,0.00023023,0.025600002
,,,0.00023024,0.024800001
,,,0.00023025,0.024800001
,,,0.00023026,0.024000001
,,,0.00023027,0.024000001
,,,0.00023028,0.024000001
,,,0.00023029,0.022400001
,,,0.0002303,0.025600002
,,,0.00023031,0.023200001
,,,0.00023032,0.024800001
,,,0.00023033,0.024000001
,,,0.00023034,0.023200001
,,,0.00023035,0.024000001
,,,0.00023036,0.024000001
,,,0.00023037,0.024000001
,,,0.00023038,0.024000001
,,,0.00023039,0.024000001
,,,0.0002304,0.025600002
,,,0.00023041,0.024800001
,,,0.00023042,0.023200001
,,,0.00023043,0.024000001
,,,0.00023044,0.024800001
,,,0.00023045,0.025600002
,,,0.00023046,0.024000001
,,,0.00023047,0.024000001
,,,0.00023048,0.024000001
,,,0.00023049,0.024000001
,,,0.0002305,0.023200001
,,,0.00023051,0.024000001
,,,0.00023052,0.024800001
,,,0.00023053,0.023200001
,,,0.00023054,0.027200002
,,,0.00023055,0.024800001
,,,0.00023056,0.025600002
,,,0.00023057,0.024800001
,,,0.00023058,0.024000001
,,,0.00023059,0.024000001
,,,0.0002306,0.024800001
,,,0.00023061,0.024000001
,,,0.00023062,0.024000001
,,,0.00023063,0.024800001
,,,0.00023064,0.024000001
,,,0.00023065,0.024000001
,,,0.00023066,0.024000001
,,,0.00023067,0.024800001
,,,0.00023068,0.024800001
,,,0.00023069,0.024000001
,,,0.0002307,0.024000001
,,,0.00023071,0.022400001
,,,0.00023072,0.024800001
,,,0.00023073,0.024800001
,,,0.00023074,0.024800001
,,,0.00023075,0.024000001
,,,0.00023076,0.023200001
,,,0.00023077,0.025600002
,,,0.00023078,0.024000001
,,,0.00023079,0.023200001
,,,0.0002308,0.024800001
,,,0.00023081,0.024000001
,,,0.00023082,0.024000001
,,,0.00023083,0.023200001
,,,0.00023084,0.023200001
,,,0.00023085,0.023200001
,,,0.00023086,0.025600002
,,,0.00023087,0.023200001
,,,0.00023088,0.024000001
,,,0.00023089,0.023200001
,,,0.0002309,0.025600002
,,,0.00023091,0.025600002
,,,0.00023092,0.024000001
,,,0.00023093,0.023200001
,,,0.00023094,0.023200001
,,,0.00023095,0.024000001
,,,0.00023096,0.024000001
,,,0.00023097,0.025600002
,,,0.00023098,0.026400002
,,,0.00023099,0.023200001
,,,0.000231,0.024000001
,,,0.00023101,0.024800001
,,,0.00023102,0.024000001
,,,0.00023103,0.025600002
,,,0.00023104,0.024000001
,,,0.00023105,0.024000001
,,,0.00023106,0.024000001
,,,0.00023107,0.024000001
,,,0.00023108,0.022400001
,,,0.00023109,0.024000001
,,,0.0002311,0.024000001
,,,0.00023111,0.024800001
,,,0.00023112,0.024800001
,,,0.00023113,0.022400001
,,,0.00023114,0.024000001
,,,0.00023115,0.025600002
,,,0.00023116,0.024800001
,,,0.00023117,0.024000001
,,,0.00023118,0.024800001
,,,0.00023119,0.024000001
,,,0.0002312,0.024000001
,,,0.00023121,0.024800001
,,,0.00023122,0.024000001
,,,0.00023123,0.023200001
,,,0.00023124,0.024800001
,,,0.00023125,0.024800001
,,,0.00023126,0.024000001
,,,0.00023127,0.024000001
,,,0.00023128,0.022400001
,,,0.00023129,0.024000001
,,,0.0002313,0.024000001
,,,0.00023131,0.023200001
,,,0.00023132,0.025600002
,,,0.00023133,0.023200001
,,,0.00023134,0.024000001
,,,0.00023135,0.024000001
,,,0.00023136,0.024000001
,,,0.00023137,0.024000001
,,,0.00023138,0.024000001
,,,0.00023139,0.023200001
,,,0.0002314,0.024800001
,,,0.00023141,0.024000001
,,,0.00023142,0.023200001
,,,0.00023143,0.024000001
,,,0.00023144,0.024000001
,,,0.00023145,0.024000001
,,,0.00023146,0.024800001
,,,0.00023147,0.025600002
,,,0.00023148,0.024800001
,,,0.00023149,0.024000001
,,,0.0002315,0.024800001
,,,0.00023151,0.024000001
,,,0.00023152,0.024000001
,,,0.00023153,0.025600002
,,,0.00023154,0.024800001
,,,0.00023155,0.024000001
,,,0.00023156,0.024000001
,,,0.00023157,0.024000001
,,,0.00023158,0.024800001
,,,0.00023159,0.023200001
,,,0.0002316,0.024000001
,,,0.00023161,0.025600002
,,,0.00023162,0.025600002
,,,0.00023163,0.024800001
,,,0.00023164,0.025600002
,,,0.00023165,0.024000001
,,,0.00023166,0.024000001
,,,0.00023167,0.024800001
,,,0.00023168,0.024000001
,,,0.00023169,0.026400002
,,,0.0002317,0.024800001
,,,0.00023171,0.024000001
,,,0.00023172,0.024000001
,,,0.00023173,0.024000001
,,,0.00023174,0.023200001
,,,0.00023175,0.024800001
,,,0.00023176,0.024000001
,,,0.00023177,0.024000001
,,,0.00023178,0.024000001
,,,0.00023179,0.025600002
,,,0.0002318,0.025600002
,,,0.00023181,0.023200001
,,,0.00023182,0.024000001
,,,0.00023183,0.024000001
,,,0.00023184,0.024000001
,,,0.00023185,0.024000001
,,,0.00023186,0.024800001
,,,0.00023187,0.024000001
,,,0.00023188,0.024000001
,,,0.00023189,0.024000001
,,,0.0002319,0.025600002
,,,0.00023191,0.024000001
,,,0.00023192,0.022400001
,,,0.00023193,0.024000001
,,,0.00023194,0.024800001
,,,0.00023195,0.024000001
,,,0.00023196,0.024000001
,,,0.00023197,0.023200001
,,,0.00023198,0.024800001
,,,0.00023199,0.025600002
,,,0.000232,0.024800001
,,,0.00023201,0.024800001
,,,0.00023202,0.025600002
,,,0.00023203,0.024000001
,,,0.00023204,0.025600002
,,,0.00023205,0.024000001
,,,0.00023206,0.024800001
,,,0.00023207,0.024000001
,,,0.00023208,0.024800001
,,,0.00023209,0.025600002
,,,0.0002321,0.024000001
,,,0.00023211,0.024800001
,,,0.00023212,0.024000001
,,,0.00023213,0.024000001
,,,0.00023214,0.024800001
,,,0.00023215,0.024000001
,,,0.00023216,0.025600002
,,,0.00023217,0.024000001
,,,0.00023218,0.024000001
,,,0.00023219,0.024000001
,,,0.0002322,0.024000001
,,,0.00023221,0.023200001
,,,0.00023222,0.024000001
,,,0.00023223,0.025600002
,,,0.00023224,0.025600002
,,,0.00023225,0.024000001
,,,0.00023226,0.024000001
,,,0.00023227,0.024800001
,,,0.00023228,0.024000001
,,,0.00023229,0.024000001
,,,0.0002323,0.024800001
,,,0.00023231,0.024000001
,,,0.00023232,0.024000001
,,,0.00023233,0.025600002
,,,0.00023234,0.024800001
,,,0.00023235,0.024000001
,,,0.00023236,0.024800001
,,,0.00023237,0.024000001
,,,0.00023238,0.024800001
,,,0.00023239,0.024800001
,,,0.0002324,0.024000001
,,,0.00023241,0.024800001
,,,0.00023242,0.022400001
,,,0.00023243,0.024800001
,,,0.00023244,0.023200001
,,,0.00023245,0.024000001
,,,0.00023246,0.024000001
,,,0.00023247,0.025600002
,,,0.00023248,0.024800001
,,,0.00023249,0.024800001
,,,0.0002325,0.024000001
,,,0.00023251,0.023200001
,,,0.00023252,0.024000001
,,,0.00023253,0.025600002
,,,0.00023254,0.024000001
,,,0.00023255,0.022400001
,,,0.00023256,0.024000001
,,,0.00023257,0.024000001
,,,0.00023258,0.022400001
,,,0.00023259,0.024000001
,,,0.0002326,0.025600002
,,,0.00023261,0.025600002
,,,0.00023262,0.023200001
,,,0.00023263,0.024000001
,,,0.00023264,0.024800001
,,,0.00023265,0.023200001
,,,0.00023266,0.024800001
,,,0.00023267,0.024800001
,,,0.00023268,0.025600002
,,,0.00023269,0.024000001
,,,0.0002327,0.024800001
,,,0.00023271,0.024000001
,,,0.00023272,0.024800001
,,,0.00023273,0.024000001
,,,0.00023274,0.024800001
,,,0.00023275,0.025600002
,,,0.00023276,0.024800001
,,,0.00023277,0.023200001
,,,0.00023278,0.022400001
,,,0.00023279,0.023200001
,,,0.0002328,0.024000001
,,,0.00023281,0.025600002
,,,0.00023282,0.024000001
,,,0.00023283,0.024000001
,,,0.00023284,0.024800001
,,,0.00023285,0.024800001
,,,0.00023286,0.024000001
,,,0.00023287,0.024000001
,,,0.00023288,0.024000001
,,,0.00023289,0.025600002
,,,0.0002329,0.025600002
,,,0.00023291,0.025600002
,,,0.00023292,0.024000001
,,,0.00023293,0.022400001
,,,0.00023294,0.025600002
,,,0.00023295,0.022400001
,,,0.00023296,0.024800001
,,,0.00023297,0.024000001
,,,0.00023298,0.025600002
,,,0.00023299,0.024000001
,,,0.000233,0.024000001
,,,0.00023301,0.024800001
,,,0.00023302,0.024800001
,,,0.00023303,0.023200001
,,,0.00023304,0.023200001
,,,0.00023305,0.024000001
,,,0.00023306,0.024000001
,,,0.00023307,0.023200001
,,,0.00023308,0.024800001
,,,0.00023309,0.024000001
,,,0.0002331,0.026400002
,,,0.00023311,0.023200001
,,,0.00023312,0.024000001
,,,0.00023313,0.023200001
,,,0.00023314,0.024800001
,,,0.00023315,0.024000001
,,,0.00023316,0.024000001
,,,0.00023317,0.024000001
,,,0.00023318,0.024000001
,,,0.00023319,0.024800001
,,,0.0002332,0.025600002
,,,0.00023321,0.023200001
,,,0.00023322,0.024000001
,,,0.00023323,0.024000001
,,,0.00023324,0.024800001
,,,0.00023325,0.024000001
,,,0.00023326,0.025600002
,,,0.00023327,0.024000001
,,,0.00023328,0.024000001
,,,0.00023329,0.024000001
,,,0.0002333,0.026400002
,,,0.00023331,0.023200001
,,,0.00023332,0.024800001
,,,0.00023333,0.024800001
,,,0.00023334,0.024000001
,,,0.00023335,0.024800001
,,,0.00023336,0.024000001
,,,0.00023337,0.024800001
,,,0.00023338,0.024000001
,,,0.00023339,0.024800001
,,,0.0002334,0.024000001
,,,0.00023341,0.024000001
,,,0.00023342,0.024000001
,,,0.00023343,0.024000001
,,,0.00023344,0.024800001
,,,0.00023345,0.025600002
,,,0.00023346,0.022400001
,,,0.00023347,0.023200001
,,,0.00023348,0.023200001
,,,0.00023349,0.024000001
,,,0.0002335,0.025600002
,,,0.00023351,0.024000001
,,,0.00023352,0.024000001
,,,0.00023353,0.024000001
,,,0.00023354,0.024000001
,,,0.00023355,0.024000001
,,,0.00023356,0.024000001
,,,0.00023357,0.024000001
,,,0.00023358,0.023200001
,,,0.00023359,0.023200001
,,,0.0002336,0.024000001
,,,0.00023361,0.024800001
,,,0.00023362,0.025600002
,,,0.00023363,0.025600002
,,,0.00023364,0.024800001
,,,0.00023365,0.024000001
,,,0.00023366,0.024000001
,,,0.00023367,0.024000001
,,,0.00023368,0.024800001
,,,0.00023369,0.024000001
,,,0.0002337,0.024000001
,,,0.00023371,0.024000001
,,,0.00023372,0.024000001
,,,0.00023373,0.024800001
,,,0.00023374,0.024000001
,,,0.00023375,0.025600002
,,,0.00023376,0.024000001
,,,0.00023377,0.024800001
,,,0.00023378,0.024000001
,,,0.00023379,0.023200001
,,,0.0002338,0.025600002
,,,0.00023381,0.024000001
,,,0.00023382,0.023200001
,,,0.00023383,0.024800001
,,,0.00023384,0.024000001
,,,0.00023385,0.024000001
,,,0.00023386,0.024000001
,,,0.00023387,0.024000001
,,,0.00023388,0.024000001
,,,0.00023389,0.024000001
,,,0.0002339,0.024000001
,,,0.00023391,0.024000001
,,,0.00023392,0.024000001
,,,0.00023393,0.024800001
,,,0.00023394,0.024800001
,,,0.00023395,0.024800001
,,,0.00023396,0.023200001
,,,0.00023397,0.024800001
,,,0.00023398,0.024000001
,,,0.00023399,0.023200001
,,,0.000234,0.024800001
,,,0.00023401,0.024000001
,,,0.00023402,0.024000001
,,,0.00023403,0.024000001
,,,0.00023404,0.024000001
,,,0.00023405,0.023200001
,,,0.00023406,0.025600002
,,,0.00023407,0.025600002
,,,0.00023408,0.023200001
,,,0.00023409,0.024800001
,,,0.0002341,0.024000001
,,,0.00023411,0.024000001
,,,0.00023412,0.024000001
,,,0.00023413,0.024000001
,,,0.00023414,0.023200001
,,,0.00023415,0.024800001
,,,0.00023416,0.025600002
,,,0.00023417,0.022400001
,,,0.00023418,0.024000001
,,,0.00023419,0.025600002
,,,0.0002342,0.024000001
,,,0.00023421,0.024800001
,,,0.00023422,0.024000001
,,,0.00023423,0.024800001
,,,0.00023424,0.024800001
,,,0.00023425,0.024000001
,,,0.00023426,0.023200001
,,,0.00023427,0.024800001
,,,0.00023428,0.024800001
,,,0.00023429,0.024800001
,,,0.0002343,0.024800001
,,,0.00023431,0.024800001
,,,0.00023432,0.024000001
,,,0.00023433,0.024000001
,,,0.00023434,0.024000001
,,,0.00023435,0.024800001
,,,0.00023436,0.024000001
,,,0.00023437,0.025600002
,,,0.00023438,0.024000001
,,,0.00023439,0.024800001
,,,0.0002344,0.024000001
,,,0.00023441,0.024800001
,,,0.00023442,0.024800001
,,,0.00023443,0.024000001
,,,0.00023444,0.022400001
,,,0.00023445,0.024800001
,,,0.00023446,0.024800001
,,,0.00023447,0.024000001
,,,0.00023448,0.023200001
,,,0.00023449,0.026400002
,,,0.0002345,0.024800001
,,,0.00023451,0.024000001
,,,0.00023452,0.022400001
,,,0.00023453,0.024000001
,,,0.00023454,0.024000001
,,,0.00023455,0.024000001
,,,0.00023456,0.024000001
,,,0.00023457,0.023200001
,,,0.00023458,0.024000001
,,,0.00023459,0.024000001
,,,0.0002346,0.024000001
,,,0.00023461,0.026400002
,,,0.00023462,0.024000001
,,,0.00023463,0.024800001
,,,0.00023464,0.023200001
,,,0.00023465,0.022400001
,,,0.00023466,0.023200001
,,,0.00023467,0.024000001
,,,0.00023468,0.024800001
,,,0.00023469,0.023200001
,,,0.0002347,0.024000001
,,,0.00023471,0.024000001
,,,0.00023472,0.023200001
,,,0.00023473,0.021600001
,,,0.00023474,0.024000001
,,,0.00023475,0.024800001
,,,0.00023476,0.025600002
,,,0.00023477,0.024000001
,,,0.00023478,0.024000001
,,,0.00023479,0.024800001
,,,0.0002348,0.024000001
,,,0.00023481,0.024000001
,,,0.00023482,0.025600002
,,,0.00023483,0.024800001
,,,0.00023484,0.024800001
,,,0.00023485,0.023200001
,,,0.00023486,0.024800001
,,,0.00023487,0.023200001
,,,0.00023488,0.024800001
,,,0.00023489,0.025600002
,,,0.0002349,0.024800001
,,,0.00023491,0.023200001
,,,0.00023492,0.024000001
,,,0.00023493,0.024800001
,,,0.00023494,0.024800001
,,,0.00023495,0.024800001
,,,0.00023496,0.024000001
,,,0.00023497,0.023200001
,,,0.00023498,0.024000001
,,,0.00023499,0.024000001
,,,0.000235,0.023200001
,,,0.00023501,0.024800001
,,,0.00023502,0.024800001
,,,0.00023503,0.023200001
,,,0.00023504,0.026400002
,,,0.00023505,0.024800001
,,,0.00023506,0.024000001
,,,0.00023507,0.024000001
,,,0.00023508,0.023200001
,,,0.00023509,0.024800001
,,,0.0002351,0.024000001
,,,0.00023511,0.024000001
,,,0.00023512,0.024000001
,,,0.00023513,0.024800001
,,,0.00023514,0.024000001
,,,0.00023515,0.024800001
,,,0.00023516,0.024000001
,,,0.00023517,0.023200001
,,,0.00023518,0.024000001
,,,0.00023519,0.024000001
,,,0.0002352,0.023200001
,,,0.00023521,0.025600002
,,,0.00023522,0.024000001
,,,0.00023523,0.024000001
,,,0.00023524,0.023200001
,,,0.00023525,0.024800001
,,,0.00023526,0.024000001
,,,0.00023527,0.025600002
,,,0.00023528,0.025600002
,,,0.00023529,0.024000001
,,,0.0002353,0.024800001
,,,0.00023531,0.024000001
,,,0.00023532,0.025600002
,,,0.00023533,0.024800001
,,,0.00023534,0.024000001
,,,0.00023535,0.024800001
,,,0.00023536,0.024000001
,,,0.00023537,0.023200001
,,,0.00023538,0.023200001
,,,0.00023539,0.023200001
,,,0.0002354,0.023200001
,,,0.00023541,0.025600002
,,,0.00023542,0.023200001
,,,0.00023543,0.024000001
,,,0.00023544,0.024800001
,,,0.00023545,0.026400002
,,,0.00023546,0.025600002
,,,0.00023547,0.024000001
,,,0.00023548,0.024000001
,,,0.00023549,0.023200001
,,,0.0002355,0.024000001
,,,0.00023551,0.025600002
,,,0.00023552,0.025600002
,,,0.00023553,0.024800001
,,,0.00023554,0.025600002
,,,0.00023555,0.023200001
,,,0.00023556,0.024000001
,,,0.00023557,0.024000001
,,,0.00023558,0.025600002
,,,0.00023559,0.024000001
,,,0.0002356,0.024800001
,,,0.00023561,0.024000001
,,,0.00023562,0.024000001
,,,0.00023563,0.024000001
,,,0.00023564,0.024000001
,,,0.00023565,0.024000001
,,,0.00023566,0.024800001
,,,0.00023567,0.024000001
,,,0.00023568,0.023200001
,,,0.00023569,0.024000001
,,,0.0002357,0.024800001
,,,0.00023571,0.024000001
,,,0.00023572,0.024000001
,,,0.00023573,0.024000001
,,,0.00023574,0.024000001
,,,0.00023575,0.024800001
,,,0.00023576,0.025600002
,,,0.00023577,0.025600002
,,,0.00023578,0.023200001
,,,0.00023579,0.024000001
,,,0.0002358,0.024000001
,,,0.00023581,0.024000001
,,,0.00023582,0.024000001
,,,0.00023583,0.023200001
,,,0.00023584,0.024800001
,,,0.00023585,0.024000001
,,,0.00023586,0.024000001
,,,0.00023587,0.024000001
,,,0.00023588,0.023200001
,,,0.00023589,0.023200001
,,,0.0002359,0.025600002
,,,0.00023591,0.025600002
,,,0.00023592,0.024000001
,,,0.00023593,0.025600002
,,,0.00023594,0.024000001
,,,0.00023595,0.024000001
,,,0.00023596,0.024800001
,,,0.00023597,0.024800001
,,,0.00023598,0.024000001
,,,0.00023599,0.024800001
,,,0.000236,0.024000001
,,,0.00023601,0.024000001
,,,0.00023602,0.024000001
,,,0.00023603,0.024800001
,,,0.00023604,0.025600002
,,,0.00023605,0.024800001
,,,0.00023606,0.024800001
,,,0.00023607,0.024000001
,,,0.00023608,0.024000001
,,,0.00023609,0.024000001
,,,0.0002361,0.024000001
,,,0.00023611,0.024000001
,,,0.00023612,0.024000001
,,,0.00023613,0.024000001
,,,0.00023614,0.024000001
,,,0.00023615,0.024800001
,,,0.00023616,0.024800001
,,,0.00023617,0.023200001
,,,0.00023618,0.024000001
,,,0.00023619,0.024000001
,,,0.0002362,0.024800001
,,,0.00023621,0.023200001
,,,0.00023622,0.023200001
,,,0.00023623,0.024000001
,,,0.00023624,0.024000001
,,,0.00023625,0.024000001
,,,0.00023626,0.024000001
,,,0.00023627,0.024000001
,,,0.00023628,0.024000001
,,,0.00023629,0.025600002
,,,0.0002363,0.024800001
,,,0.00023631,0.024800001
,,,0.00023632,0.025600002
,,,0.00023633,0.025600002
,,,0.00023634,0.024000001
,,,0.00023635,0.024000001
,,,0.00023636,0.024000001
,,,0.00023637,0.026400002
,,,0.00023638,0.024800001
,,,0.00023639,0.024000001
,,,0.0002364,0.024000001
,,,0.00023641,0.024000001
,,,0.00023642,0.024000001
,,,0.00023643,0.024800001
,,,0.00023644,0.025600002
,,,0.00023645,0.025600002
,,,0.00023646,0.024000001
,,,0.00023647,0.024000001
,,,0.00023648,0.025600002
,,,0.00023649,0.024000001
,,,0.0002365,0.024800001
,,,0.00023651,0.024800001
,,,0.00023652,0.024000001
,,,0.00023653,0.026400002
,,,0.00023654,0.024000001
,,,0.00023655,0.024000001
,,,0.00023656,0.024000001
,,,0.00023657,0.024000001
,,,0.00023658,0.024000001
,,,0.00023659,0.023200001
,,,0.0002366,0.024000001
,,,0.00023661,0.024000001
,,,0.00023662,0.024000001
,,,0.00023663,0.024000001
,,,0.00023664,0.024800001
,,,0.00023665,0.024000001
,,,0.00023666,0.024000001
,,,0.00023667,0.024800001
,,,0.00023668,0.024000001
,,,0.00023669,0.025600002
,,,0.0002367,0.024000001
,,,0.00023671,0.024000001
,,,0.00023672,0.024800001
,,,0.00023673,0.024800001
,,,0.00023674,0.024000001
,,,0.00023675,0.024000001
,,,0.00023676,0.024800001
,,,0.00023677,0.025600002
,,,0.00023678,0.024000001
,,,0.00023679,0.023200001
,,,0.0002368,0.024000001
,,,0.00023681,0.024000001
,,,0.00023682,0.024000001
,,,0.00023683,0.024000001
,,,0.00023684,0.024800001
,,,0.00023685,0.024000001
,,,0.00023686,0.025600002
,,,0.00023687,0.025600002
,,,0.00023688,0.024000001
,,,0.00023689,0.024800001
,,,0.0002369,0.025600002
,,,0.00023691,0.023200001
,,,0.00023692,0.023200001
,,,0.00023693,0.024000001
,,,0.00023694,0.024000001
,,,0.00023695,0.024800001
,,,0.00023696,0.023200001
,,,0.00023697,0.024000001
,,,0.00023698,0.024000001
,,,0.00023699,0.024000001
,,,0.000237,0.026400002
,,,0.00023701,0.025600002
,,,0.00023702,0.024800001
,,,0.00023703,0.024800001
,,,0.00023704,0.024800001
,,,0.00023705,0.022400001
,,,0.00023706,0.024000001
,,,0.00023707,0.023200001
,,,0.00023708,0.025600002
,,,0.00023709,0.023200001
,,,0.0002371,0.024000001
,,,0.00023711,0.024000001
,,,0.00023712,0.025600002
,,,0.00023713,0.024800001
,,,0.00023714,0.024800001
,,,0.00023715,0.024800001
,,,0.00023716,0.024000001
,,,0.00023717,0.023200001
,,,0.00023718,0.024800001
,,,0.00023719,0.024800001
,,,0.0002372,0.024000001
,,,0.00023721,0.025600002
,,,0.00023722,0.024000001
,,,0.00023723,0.024000001
,,,0.00023724,0.024000001
,,,0.00023725,0.024000001
,,,0.00023726,0.025600002
,,,0.00023727,0.024000001
,,,0.00023728,0.024000001
,,,0.00023729,0.023200001
,,,0.0002373,0.024000001
,,,0.00023731,0.024000001
,,,0.00023732,0.024800001
,,,0.00023733,0.023200001
,,,0.00023734,0.024800001
,,,0.00023735,0.024800001
,,,0.00023736,0.024000001
,,,0.00023737,0.026400002
,,,0.00023738,0.024000001
,,,0.00023739,0.024000001
,,,0.0002374,0.024800001
,,,0.00023741,0.024000001
,,,0.00023742,0.025600002
,,,0.00023743,0.025600002
,,,0.00023744,0.024000001
,,,0.00023745,0.024800001
,,,0.00023746,0.024000001
,,,0.00023747,0.024800001
,,,0.00023748,0.023200001
,,,0.00023749,0.024000001
,,,0.0002375,0.024000001
,,,0.00023751,0.024000001
,,,0.00023752,0.024000001
,,,0.00023753,0.023200001
,,,0.00023754,0.024800001
,,,0.00023755,0.023200001
,,,0.00023756,0.024000001
,,,0.00023757,0.024000001
,,,0.00023758,0.023200001
,,,0.00023759,0.024000001
,,,0.0002376,0.024000001
,,,0.00023761,0.024800001
,,,0.00023762,0.023200001
,,,0.00023763,0.024000001
,,,0.00023764,0.024800001
,,,0.00023765,0.024000001
,,,0.00023766,0.024000001
,,,0.00023767,0.024800001
,,,0.00023768,0.024000001
,,,0.00023769,0.025600002
,,,0.0002377,0.024800001
,,,0.00023771,0.024800001
,,,0.00023772,0.024800001
,,,0.00023773,0.025600002
,,,0.00023774,0.025600002
,,,0.00023775,0.024800001
,,,0.00023776,0.024000001
,,,0.00023777,0.024000001
,,,0.00023778,0.024000001
,,,0.00023779,0.024000001
,,,0.0002378,0.024800001
,,,0.00023781,0.024000001
,,,0.00023782,0.023200001
,,,0.00023783,0.022400001
,,,0.00023784,0.024000001
,,,0.00023785,0.024000001
,,,0.00023786,0.024000001
,,,0.00023787,0.024000001
,,,0.00023788,0.023200001
,,,0.00023789,0.024800001
,,,0.0002379,0.023200001
,,,0.00023791,0.023200001
,,,0.00023792,0.024000001
,,,0.00023793,0.024000001
,,,0.00023794,0.024000001
,,,0.00023795,0.023200001
,,,0.00023796,0.025600002
,,,0.00023797,0.024800001
,,,0.00023798,0.025600002
,,,0.00023799,0.022400001
,,,0.000238,0.025600002
,,,0.00023801,0.024000001
,,,0.00023802,0.024000001
,,,0.00023803,0.024800001
,,,0.00023804,0.024000001
,,,0.00023805,0.024000001
,,,0.00023806,0.023200001
,,,0.00023807,0.024000001
,,,0.00023808,0.024000001
,,,0.00023809,0.024800001
,,,0.0002381,0.022400001
,,,0.00023811,0.023200001
,,,0.00023812,0.024000001
,,,0.00023813,0.024000001
,,,0.00023814,0.024800001
,,,0.00023815,0.024000001
,,,0.00023816,0.024000001
,,,0.00023817,0.024000001
,,,0.00023818,0.024800001
,,,0.00023819,0.024000001
,,,0.0002382,0.024800001
,,,0.00023821,0.024800001
,,,0.00023822,0.024000001
,,,0.00023823,0.023200001
,,,0.00023824,0.024800001
,,,0.00023825,0.024800001
,,,0.00023826,0.023200001
,,,0.00023827,0.024800001
,,,0.00023828,0.024800001
,,,0.00023829,0.024000001
,,,0.0002383,0.024800001
,,,0.00023831,0.024800001
,,,0.00023832,0.024000001
,,,0.00023833,0.024800001
,,,0.00023834,0.024000001
,,,0.00023835,0.023200001
,,,0.00023836,0.024000001
,,,0.00023837,0.024800001
,,,0.00023838,0.024800001
,,,0.00023839,0.024000001
,,,0.0002384,0.024000001
,,,0.00023841,0.024800001
,,,0.00023842,0.024800001
,,,0.00023843,0.024000001
,,,0.00023844,0.022400001
,,,0.00023845,0.024800001
,,,0.00023846,0.025600002
,,,0.00023847,0.025600002
,,,0.00023848,0.023200001
,,,0.00023849,0.026400002
,,,0.0002385,0.024000001
,,,0.00023851,0.024000001
,,,0.00023852,0.024000001
,,,0.00023853,0.024000001
,,,0.00023854,0.024800001
,,,0.00023855,0.024000001
,,,0.00023856,0.024000001
,,,0.00023857,0.024000001
,,,0.00023858,0.024000001
,,,0.00023859,0.025600002
,,,0.0002386,0.025600002
,,,0.00023861,0.023200001
,,,0.00023862,0.022400001
,,,0.00023863,0.024000001
,,,0.00023864,0.024800001
,,,0.00023865,0.024000001
,,,0.00023866,0.024000001
,,,0.00023867,0.024000001
,,,0.00023868,0.024800001
,,,0.00023869,0.024000001
,,,0.0002387,0.022400001
,,,0.00023871,0.024800001
,,,0.00023872,0.024000001
,,,0.00023873,0.023200001
,,,0.00023874,0.024800001
,,,0.00023875,0.024800001
,,,0.00023876,0.025600002
,,,0.00023877,0.023200001
,,,0.00023878,0.024000001
,,,0.00023879,0.021600001
,,,0.0002388,0.024800001
,,,0.00023881,0.024000001
,,,0.00023882,0.023200001
,,,0.00023883,0.024000001
,,,0.00023884,0.024000001
,,,0.00023885,0.024000001
,,,0.00023886,0.025600002
,,,0.00023887,0.023200001
,,,0.00023888,0.025600002
,,,0.00023889,0.024000001
,,,0.0002389,0.024000001
,,,0.00023891,0.023200001
,,,0.00023892,0.024000001
,,,0.00023893,0.024000001
,,,0.00023894,0.023200001
,,,0.00023895,0.024000001
,,,0.00023896,0.024800001
,,,0.00023897,0.023200001
,,,0.00023898,0.024800001
,,,0.00023899,0.024000001
,,,0.000239,0.024800001
,,,0.00023901,0.024000001
,,,0.00023902,0.024000001
,,,0.00023903,0.023200001
,,,0.00023904,0.024000001
,,,0.00023905,0.023200001
,,,0.00023906,0.023200001
,,,0.00023907,0.024000001
,,,0.00023908,0.024000001
,,,0.00023909,0.024000001
,,,0.0002391,0.024800001
,,,0.00023911,0.024800001
,,,0.00023912,0.024000001
,,,0.00023913,0.024800001
,,,0.00023914,0.024000001
,,,0.00023915,0.022400001
,,,0.00023916,0.026400002
,,,0.00023917,0.024000001
,,,0.00023918,0.023200001
,,,0.00023919,0.024000001
,,,0.0002392,0.024000001
,,,0.00023921,0.024000001
,,,0.00023922,0.024000001
,,,0.00023923,0.024000001
,,,0.00023924,0.024000001
,,,0.00023925,0.024000001
,,,0.00023926,0.024000001
,,,0.00023927,0.024800001
,,,0.00023928,0.024800001
,,,0.00023929,0.024000001
,,,0.0002393,0.024000001
,,,0.00023931,0.023200001
,,,0.00023932,0.024000001
,,,0.00023933,0.023200001
,,,0.00023934,0.025600002
,,,0.00023935,0.024000001
,,,0.00023936,0.024000001
,,,0.00023937,0.024000001
,,,0.00023938,0.024000001
,,,0.00023939,0.024800001
,,,0.0002394,0.024000001
,,,0.00023941,0.024000001
,,,0.00023942,0.024000001
,,,0.00023943,0.024000001
,,,0.00023944,0.024000001
,,,0.00023945,0.023200001
,,,0.00023946,0.024800001
,,,0.00023947,0.024000001
,,,0.00023948,0.022400001
,,,0.00023949,0.025600002
,,,0.0002395,0.023200001
,,,0.00023951,0.024000001
,,,0.00023952,0.024800001
,,,0.00023953,0.024000001
,,,0.00023954,0.023200001
,,,0.00023955,0.024800001
,,,0.00023956,0.024000001
,,,0.00023957,0.024000001
,,,0.00023958,0.024000001
,,,0.00023959,0.023200001
,,,0.0002396,0.022400001
,,,0.00023961,0.025600002
,,,0.00023962,0.024800001
,,,0.00023963,0.024000001
,,,0.00023964,0.024000001
,,,0.00023965,0.024800001
,,,0.00023966,0.024000001
,,,0.00023967,0.025600002
,,,0.00023968,0.024000001
,,,0.00023969,0.023200001
,,,0.0002397,0.025600002
,,,0.00023971,0.024800001
,,,0.00023972,0.024000001
,,,0.00023973,0.026400002
,,,0.00023974,0.026400002
,,,0.00023975,0.024000001
,,,0.00023976,0.024800001
,,,0.00023977,0.024000001
,,,0.00023978,0.024800001
,,,0.00023979,0.025600002
,,,0.0002398,0.024800001
,,,0.00023981,0.023200001
,,,0.00023982,0.024800001
,,,0.00023983,0.022400001
,,,0.00023984,0.024000001
,,,0.00023985,0.023200001
,,,0.00023986,0.022400001
,,,0.00023987,0.024000001
,,,0.00023988,0.023200001
,,,0.00023989,0.024000001
,,,0.0002399,0.024000001
,,,0.00023991,0.024000001
,,,0.00023992,0.026400002
,,,0.00023993,0.024000001
,,,0.00023994,0.024000001
,,,0.00023995,0.024000001
,,,0.00023996,0.024000001
,,,0.00023997,0.024800001
,,,0.00023998,0.023200001
,,,0.00023999,0.025600002
,,,0.00024,0.024000001
,,,0.00024001,0.024000001
,,,0.00024002,0.024800001
,,,0.00024003,0.024800001
,,,0.00024004,0.023200001
,,,0.00024005,0.025600002
,,,0.00024006,0.024000001
,,,0.00024007,0.023200001
,,,0.00024008,0.023200001
,,,0.00024009,0.024000001
,,,0.0002401,0.023200001
,,,0.00024011,0.024800001
,,,0.00024012,0.024800001
,,,0.00024013,0.024800001
,,,0.00024014,0.024000001
,,,0.00024015,0.025600002
,,,0.00024016,0.024800001
,,,0.00024017,0.022400001
,,,0.00024018,0.025600002
,,,0.00024019,0.024000001
,,,0.0002402,0.025600002
,,,0.00024021,0.024000001
,,,0.00024022,0.024000001
,,,0.00024023,0.023200001
,,,0.00024024,0.025600002
,,,0.00024025,0.024800001
,,,0.00024026,0.024000001
,,,0.00024027,0.025600002
,,,0.00024028,0.025600002
,,,0.00024029,0.022400001
,,,0.0002403,0.024000001
,,,0.00024031,0.023200001
,,,0.00024032,0.024800001
,,,0.00024033,0.023200001
,,,0.00024034,0.023200001
,,,0.00024035,0.024800001
,,,0.00024036,0.024000001
,,,0.00024037,0.025600002
,,,0.00024038,0.024000001
,,,0.00024039,0.025600002
,,,0.0002404,0.024000001
,,,0.00024041,0.023200001
,,,0.00024042,0.024000001
,,,0.00024043,0.024000001
,,,0.00024044,0.023200001
,,,0.00024045,0.024800001
,,,0.00024046,0.025600002
,,,0.00024047,0.025600002
,,,0.00024048,0.024000001
,,,0.00024049,0.024000001
,,,0.0002405,0.024800001
,,,0.00024051,0.024000001
,,,0.00024052,0.024800001
,,,0.00024053,0.023200001
,,,0.00024054,0.024800001
,,,0.00024055,0.024800001
,,,0.00024056,0.025600002
,,,0.00024057,0.024000001
,,,0.00024058,0.025600002
,,,0.00024059,0.021600001
,,,0.0002406,0.023200001
,,,0.00024061,0.024000001
,,,0.00024062,0.024000001
,,,0.00024063,0.024000001
,,,0.00024064,0.024000001
,,,0.00024065,0.024000001
,,,0.00024066,0.025600002
,,,0.00024067,0.024800001
,,,0.00024068,0.024000001
,,,0.00024069,0.024000001
,,,0.0002407,0.023200001
,,,0.00024071,0.024000001
,,,0.00024072,0.023200001
,,,0.00024073,0.024000001
,,,0.00024074,0.023200001
,,,0.00024075,0.024000001
,,,0.00024076,0.024000001
,,,0.00024077,0.024800001
,,,0.00024078,0.023200001
,,,0.00024079,0.024800001
,,,0.0002408,0.024000001
,,,0.00024081,0.024800001
,,,0.00024082,0.024800001
,,,0.00024083,0.024000001
,,,0.00024084,0.024000001
,,,0.00024085,0.023200001
,,,0.00024086,0.025600002
,,,0.00024087,0.025600002
,,,0.00024088,0.023200001
,,,0.00024089,0.024800001
,,,0.0002409,0.024800001
,,,0.00024091,0.024000001
,,,0.00024092,0.024800001
,,,0.00024093,0.025600002
,,,0.00024094,0.024000001
,,,0.00024095,0.023200001
,,,0.00024096,0.024000001
,,,0.00024097,0.024000001
,,,0.00024098,0.026400002
,,,0.00024099,0.024000001
,,,0.000241,0.023200001
,,,0.00024101,0.024000001
,,,0.00024102,0.024800001
,,,0.00024103,0.025600002
,,,0.00024104,0.024000001
,,,0.00024105,0.024000001
,,,0.00024106,0.024000001
,,,0.00024107,0.022400001
,,,0.00024108,0.024800001
,,,0.00024109,0.023200001
,,,0.0002411,0.024000001
,,,0.00024111,0.025600002
,,,0.00024112,0.024000001
,,,0.00024113,0.024000001
,,,0.00024114,0.024000001
,,,0.00024115,0.024000001
,,,0.00024116,0.024800001
,,,0.00024117,0.023200001
,,,0.00024118,0.024000001
,,,0.00024119,0.024000001
,,,0.0002412,0.024000001
,,,0.00024121,0.023200001
,,,0.00024122,0.024000001
,,,0.00024123,0.024800001
,,,0.00024124,0.024800001
,,,0.00024125,0.024800001
,,,0.00024126,0.024000001
,,,0.00024127,0.024000001
,,,0.00024128,0.024000001
,,,0.00024129,0.024000001
,,,0.0002413,0.024000001
,,,0.00024131,0.024000001
,,,0.00024132,0.024800001
,,,0.00024133,0.025600002
,,,0.00024134,0.024800001
,,,0.00024135,0.024800001
,,,0.00024136,0.022400001
,,,0.00024137,0.027200002
,,,0.00024138,0.024000001
,,,0.00024139,0.022400001
,,,0.0002414,0.024000001
,,,0.00024141,0.025600002
,,,0.00024142,0.024800001
,,,0.00024143,0.024800001
,,,0.00024144,0.026400002
,,,0.00024145,0.022400001
,,,0.00024146,0.024000001
,,,0.00024147,0.024800001
,,,0.00024148,0.025600002
,,,0.00024149,0.024800001
,,,0.0002415,0.024000001
,,,0.00024151,0.025600002
,,,0.00024152,0.024000001
,,,0.00024153,0.024800001
,,,0.00024154,0.024800001
,,,0.00024155,0.024000001
,,,0.00024156,0.024000001
,,,0.00024157,0.024000001
,,,0.00024158,0.023200001
,,,0.00024159,0.024800001
,,,0.0002416,0.023200001
,,,0.00024161,0.024000001
,,,0.00024162,0.024800001
,,,0.00024163,0.024000001
,,,0.00024164,0.023200001
,,,0.00024165,0.024800001
,,,0.00024166,0.024000001
,,,0.00024167,0.024000001
,,,0.00024168,0.024800001
,,,0.00024169,0.024000001
,,,0.0002417,0.024000001
,,,0.00024171,0.024000001
,,,0.00024172,0.022400001
,,,0.00024173,0.023200001
,,,0.00024174,0.023200001
,,,0.00024175,0.024000001
,,,0.00024176,0.024000001
,,,0.00024177,0.024800001
,,,0.00024178,0.024800001
,,,0.00024179,0.022400001
,,,0.0002418,0.024800001
,,,0.00024181,0.024000001
,,,0.00024182,0.024000001
,,,0.00024183,0.025600002
,,,0.00024184,0.024800001
,,,0.00024185,0.025600002
,,,0.00024186,0.024000001
,,,0.00024187,0.024000001
,,,0.00024188,0.024800001
,,,0.00024189,0.024000001
,,,0.0002419,0.025600002
,,,0.00024191,0.024800001
,,,0.00024192,0.024800001
,,,0.00024193,0.023200001
,,,0.00024194,0.024000001
,,,0.00024195,0.024000001
,,,0.00024196,0.024800001
,,,0.00024197,0.025600002
,,,0.00024198,0.024000001
,,,0.00024199,0.024800001
,,,0.000242,0.024800001
,,,0.00024201,0.024000001
,,,0.00024202,0.024800001
,,,0.00024203,0.024000001
,,,0.00024204,0.024000001
,,,0.00024205,0.024800001
,,,0.00024206,0.025600002
,,,0.00024207,0.024800001
,,,0.00024208,0.024800001
,,,0.00024209,0.024000001
,,,0.0002421,0.025600002
,,,0.00024211,0.024000001
,,,0.00024212,0.024800001
,,,0.00024213,0.023200001
,,,0.00024214,0.024800001
,,,0.00024215,0.024000001
,,,0.00024216,0.024800001
,,,0.00024217,0.024000001
,,,0.00024218,0.025600002
,,,0.00024219,0.024000001
,,,0.0002422,0.024000001
,,,0.00024221,0.024800001
,,,0.00024222,0.024000001
,,,0.00024223,0.024800001
,,,0.00024224,0.024000001
,,,0.00024225,0.024800001
,,,0.00024226,0.024800001
,,,0.00024227,0.024800001
,,,0.00024228,0.024000001
,,,0.00024229,0.024800001
,,,0.0002423,0.023200001
,,,0.00024231,0.025600002
,,,0.00024232,0.025600002
,,,0.00024233,0.024000001
,,,0.00024234,0.024000001
,,,0.00024235,0.024000001
,,,0.00024236,0.025600002
,,,0.00024237,0.023200001
,,,0.00024238,0.024800001
,,,0.00024239,0.024000001
,,,0.0002424,0.021600001
,,,0.00024241,0.024000001
,,,0.00024242,0.024000001
,,,0.00024243,0.024800001
,,,0.00024244,0.024800001
,,,0.00024245,0.023200001
,,,0.00024246,0.024000001
,,,0.00024247,0.025600002
,,,0.00024248,0.023200001
,,,0.00024249,0.025600002
,,,0.0002425,0.024000001
,,,0.00024251,0.024000001
,,,0.00024252,0.024800001
,,,0.00024253,0.024000001
,,,0.00024254,0.024000001
,,,0.00024255,0.025600002
,,,0.00024256,0.023200001
,,,0.00024257,0.024800001
,,,0.00024258,0.023200001
,,,0.00024259,0.024000001
,,,0.0002426,0.025600002
,,,0.00024261,0.024000001
,,,0.00024262,0.024000001
,,,0.00024263,0.024000001
,,,0.00024264,0.023200001
,,,0.00024265,0.024800001
,,,0.00024266,0.024800001
,,,0.00024267,0.025600002
,,,0.00024268,0.024000001
,,,0.00024269,0.024800001
,,,0.0002427,0.024000001
,,,0.00024271,0.025600002
,,,0.00024272,0.024800001
,,,0.00024273,0.024000001
,,,0.00024274,0.024800001
,,,0.00024275,0.024000001
,,,0.00024276,0.024000001
,,,0.00024277,0.024000001
,,,0.00024278,0.022400001
,,,0.00024279,0.024000001
,,,0.0002428,0.024800001
,,,0.00024281,0.024000001
,,,0.00024282,0.024800001
,,,0.00024283,0.024800001
,,,0.00024284,0.023200001
,,,0.00024285,0.024000001
,,,0.00024286,0.025600002
,,,0.00024287,0.024000001
,,,0.00024288,0.024000001
,,,0.00024289,0.024000001
,,,0.0002429,0.024000001
,,,0.00024291,0.024000001
,,,0.00024292,0.024800001
,,,0.00024293,0.023200001
,,,0.00024294,0.024000001
,,,0.00024295,0.024800001
,,,0.00024296,0.024000001
,,,0.00024297,0.024800001
,,,0.00024298,0.022400001
,,,0.00024299,0.023200001
,,,0.000243,0.022400001
,,,0.00024301,0.022400001
,,,0.00024302,0.024000001
,,,0.00024303,0.024000001
,,,0.00024304,0.024000001
,,,0.00024305,0.024000001
,,,0.00024306,0.024800001
,,,0.00024307,0.025600002
,,,0.00024308,0.025600002
,,,0.00024309,0.024800001
,,,0.0002431,0.026400002
,,,0.00024311,0.024000001
,,,0.00024312,0.025600002
,,,0.00024313,0.024000001
,,,0.00024314,0.024800001
,,,0.00024315,0.024000001
,,,0.00024316,0.024000001
,,,0.00024317,0.024800001
,,,0.00024318,0.025600002
,,,0.00024319,0.024000001
,,,0.0002432,0.022400001
,,,0.00024321,0.022400001
,,,0.00024322,0.024000001
,,,0.00024323,0.026400002
,,,0.00024324,0.025600002
,,,0.00024325,0.023200001
,,,0.00024326,0.023200001
,,,0.00024327,0.023200001
,,,0.00024328,0.023200001
,,,0.00024329,0.024800001
,,,0.0002433,0.024800001
,,,0.00024331,0.024000001
,,,0.00024332,0.023200001
,,,0.00024333,0.022400001
,,,0.00024334,0.024000001
,,,0.00024335,0.025600002
,,,0.00024336,0.025600002
,,,0.00024337,0.024800001
,,,0.00024338,0.022400001
,,,0.00024339,0.023200001
,,,0.0002434,0.023200001
,,,0.00024341,0.025600002
,,,0.00024342,0.025600002
,,,0.00024343,0.024000001
,,,0.00024344,0.024000001
,,,0.00024345,0.024000001
,,,0.00024346,0.024000001
,,,0.00024347,0.024000001
,,,0.00024348,0.024000001
,,,0.00024349,0.024000001
,,,0.0002435,0.024800001
,,,0.00024351,0.024000001
,,,0.00024352,0.025600002
,,,0.00024353,0.025600002
,,,0.00024354,0.024800001
,,,0.00024355,0.024000001
,,,0.00024356,0.023200001
,,,0.00024357,0.024000001
,,,0.00024358,0.024000001
,,,0.00024359,0.024000001
,,,0.0002436,0.024000001
,,,0.00024361,0.024000001
,,,0.00024362,0.025600002
,,,0.00024363,0.024000001
,,,0.00024364,0.024000001
,,,0.00024365,0.024800001
,,,0.00024366,0.024000001
,,,0.00024367,0.024000001
,,,0.00024368,0.024000001
,,,0.00024369,0.026400002
,,,0.0002437,0.024800001
,,,0.00024371,0.024000001
,,,0.00024372,0.024000001
,,,0.00024373,0.024800001
,,,0.00024374,0.024000001
,,,0.00024375,0.024800001
,,,0.00024376,0.024000001
,,,0.00024377,0.024000001
,,,0.00024378,0.025600002
,,,0.00024379,0.023200001
,,,0.0002438,0.024000001
,,,0.00024381,0.024800001
,,,0.00024382,0.024000001
,,,0.00024383,0.024000001
,,,0.00024384,0.024000001
,,,0.00024385,0.023200001
,,,0.00024386,0.023200001
,,,0.00024387,0.022400001
,,,0.00024388,0.024800001
,,,0.00024389,0.023200001
,,,0.0002439,0.025600002
,,,0.00024391,0.024000001
,,,0.00024392,0.025600002
,,,0.00024393,0.024800001
,,,0.00024394,0.023200001
,,,0.00024395,0.024800001
,,,0.00024396,0.024000001
,,,0.00024397,0.024000001
,,,0.00024398,0.024000001
,,,0.00024399,0.024000001
,,,0.000244,0.024000001
,,,0.00024401,0.025600002
,,,0.00024402,0.024800001
,,,0.00024403,0.024000001
,,,0.00024404,0.026400002
,,,0.00024405,0.024800001
,,,0.00024406,0.024000001
,,,0.00024407,0.023200001
,,,0.00024408,0.024000001
,,,0.00024409,0.024000001
,,,0.0002441,0.024000001
,,,0.00024411,0.023200001
,,,0.00024412,0.024000001
,,,0.00024413,0.024000001
,,,0.00024414,0.025600002
,,,0.00024415,0.024800001
,,,0.00024416,0.023200001
,,,0.00024417,0.024000001
,,,0.00024418,0.024800001
,,,0.00024419,0.024000001
,,,0.0002442,0.025600002
,,,0.00024421,0.024000001
,,,0.00024422,0.024800001
,,,0.00024423,0.024800001
,,,0.00024424,0.024000001
,,,0.00024425,0.024000001
,,,0.00024426,0.025600002
,,,0.00024427,0.024000001
,,,0.00024428,0.024000001
,,,0.00024429,0.024000001
,,,0.0002443,0.023200001
,,,0.00024431,0.024000001
,,,0.00024432,0.024000001
,,,0.00024433,0.024800001
,,,0.00024434,0.024000001
,,,0.00024435,0.024000001
,,,0.00024436,0.023200001
,,,0.00024437,0.024000001
,,,0.00024438,0.022400001
,,,0.00024439,0.024000001
,,,0.0002444,0.024000001
,,,0.00024441,0.024000001
,,,0.00024442,0.023200001
,,,0.00024443,0.024000001
,,,0.00024444,0.023200001
,,,0.00024445,0.025600002
,,,0.00024446,0.024000001
,,,0.00024447,0.024800001
,,,0.00024448,0.024000001
,,,0.00024449,0.022400001
,,,0.0002445,0.024800001
,,,0.00024451,0.024000001
,,,0.00024452,0.024800001
,,,0.00024453,0.022400001
,,,0.00024454,0.025600002
,,,0.00024455,0.024800001
,,,0.00024456,0.024000001
,,,0.00024457,0.023200001
,,,0.00024458,0.024800001
,,,0.00024459,0.023200001
,,,0.0002446,0.024800001
,,,0.00024461,0.024000001
,,,0.00024462,0.024000001
,,,0.00024463,0.024800001
,,,0.00024464,0.024000001
,,,0.00024465,0.023200001
,,,0.00024466,0.024000001
,,,0.00024467,0.024000001
,,,0.00024468,0.024800001
,,,0.00024469,0.024000001
,,,0.0002447,0.024800001
,,,0.00024471,0.022400001
,,,0.00024472,0.024000001
,,,0.00024473,0.024000001
,,,0.00024474,0.024800001
,,,0.00024475,0.024000001
,,,0.00024476,0.024000001
,,,0.00024477,0.025600002
,,,0.00024478,0.024000001
,,,0.00024479,0.024000001
,,,0.0002448,0.024800001
,,,0.00024481,0.023200001
,,,0.00024482,0.024000001
,,,0.00024483,0.024000001
,,,0.00024484,0.024800001
,,,0.00024485,0.022400001
,,,0.00024486,0.024800001
,,,0.00024487,0.025600002
,,,0.00024488,0.023200001
,,,0.00024489,0.025600002
,,,0.0002449,0.025600002
,,,0.00024491,0.023200001
,,,0.00024492,0.024000001
,,,0.00024493,0.024800001
,,,0.00024494,0.024000001
,,,0.00024495,0.024800001
,,,0.00024496,0.024000001
,,,0.00024497,0.024800001
,,,0.00024498,0.023200001
,,,0.00024499,0.024000001
,,,0.000245,0.022400001
,,,0.00024501,0.025600002
,,,0.00024502,0.024000001
,,,0.00024503,0.024000001
,,,0.00024504,0.024800001
,,,0.00024505,0.025600002
,,,0.00024506,0.024800001
,,,0.00024507,0.023200001
,,,0.00024508,0.024000001
,,,0.00024509,0.024000001
,,,0.0002451,0.025600002
,,,0.00024511,0.024800001
,,,0.00024512,0.023200001
,,,0.00024513,0.023200001
,,,0.00024514,0.024800001
,,,0.00024515,0.024800001
,,,0.00024516,0.024000001
,,,0.00024517,0.024000001
,,,0.00024518,0.024000001
,,,0.00024519,0.024800001
,,,0.0002452,0.024000001
,,,0.00024521,0.024000001
,,,0.00024522,0.024000001
,,,0.00024523,0.024800001
,,,0.00024524,0.024800001
,,,0.00024525,0.024800001
,,,0.00024526,0.024000001
,,,0.00024527,0.025600002
,,,0.00024528,0.024800001
,,,0.00024529,0.023200001
,,,0.0002453,0.024000001
,,,0.00024531,0.024800001
,,,0.00024532,0.024000001
,,,0.00024533,0.024800001
,,,0.00024534,0.023200001
,,,0.00024535,0.024000001
,,,0.00024536,0.024000001
,,,0.00024537,0.024000001
,,,0.00024538,0.024000001
,,,0.00024539,0.024000001
,,,0.0002454,0.024000001
,,,0.00024541,0.024000001
,,,0.00024542,0.024800001
,,,0.00024543,0.024000001
,,,0.00024544,0.024800001
,,,0.00024545,0.024800001
,,,0.00024546,0.025600002
,,,0.00024547,0.024000001
,,,0.00024548,0.024800001
,,,0.00024549,0.024000001
,,,0.0002455,0.024000001
,,,0.00024551,0.024000001
,,,0.00024552,0.024800001
,,,0.00024553,0.023200001
,,,0.00024554,0.024000001
,,,0.00024555,0.026400002
,,,0.00024556,0.024800001
,,,0.00024557,0.023200001
,,,0.00024558,0.024800001
,,,0.00024559,0.024800001
,,,0.0002456,0.023200001
,,,0.00024561,0.025600002
,,,0.00024562,0.024000001
,,,0.00024563,0.025600002
,,,0.00024564,0.024800001
,,,0.00024565,0.024000001
,,,0.00024566,0.023200001
,,,0.00024567,0.024800001
,,,0.00024568,0.024000001
,,,0.00024569,0.024000001
,,,0.0002457,0.024800001
,,,0.00024571,0.024000001
,,,0.00024572,0.024000001
,,,0.00024573,0.023200001
,,,0.00024574,0.024000001
,,,0.00024575,0.022400001
,,,0.00024576,0.024800001
,,,0.00024577,0.024000001
,,,0.00024578,0.022400001
,,,0.00024579,0.024000001
,,,0.0002458,0.024000001
,,,0.00024581,0.027200002
,,,0.00024582,0.024800001
,,,0.00024583,0.022400001
,,,0.00024584,0.024000001
,,,0.00024585,0.024000001
,,,0.00024586,0.022400001
,,,0.00024587,0.024800001
,,,0.00024588,0.024800001
,,,0.00024589,0.023200001
,,,0.0002459,0.024800001
,,,0.00024591,0.024000001
,,,0.00024592,0.024800001
,,,0.00024593,0.024000001
,,,0.00024594,0.023200001
,,,0.00024595,0.027200002
,,,0.00024596,0.025600002
,,,0.00024597,0.024800001
,,,0.00024598,0.022400001
,,,0.00024599,0.023200001
,,,0.000246,0.024000001
,,,0.00024601,0.024000001
,,,0.00024602,0.023200001
,,,0.00024603,0.023200001
,,,0.00024604,0.024000001
,,,0.00024605,0.025600002
,,,0.00024606,0.024000001
,,,0.00024607,0.025600002
,,,0.00024608,0.024800001
,,,0.00024609,0.024000001
,,,0.0002461,0.024000001
,,,0.00024611,0.025600002
,,,0.00024612,0.024000001
,,,0.00024613,0.024000001
,,,0.00024614,0.022400001
,,,0.00024615,0.024000001
,,,0.00024616,0.024800001
,,,0.00024617,0.025600002
,,,0.00024618,0.024000001
,,,0.00024619,0.025600002
,,,0.0002462,0.023200001
,,,0.00024621,0.023200001
,,,0.00024622,0.024000001
,,,0.00024623,0.023200001
,,,0.00024624,0.024000001
,,,0.00024625,0.024000001
,,,0.00024626,0.024000001
,,,0.00024627,0.024000001
,,,0.00024628,0.025600002
,,,0.00024629,0.024000001
,,,0.0002463,0.024000001
,,,0.00024631,0.024000001
,,,0.00024632,0.024800001
,,,0.00024633,0.024800001
,,,0.00024634,0.024000001
,,,0.00024635,0.023200001
,,,0.00024636,0.023200001
,,,0.00024637,0.026400002
,,,0.00024638,0.024000001
,,,0.00024639,0.024000001
,,,0.0002464,0.024000001
,,,0.00024641,0.024000001
,,,0.00024642,0.024800001
,,,0.00024643,0.024800001
,,,0.00024644,0.024800001
,,,0.00024645,0.024000001
,,,0.00024646,0.024000001
,,,0.00024647,0.024000001
,,,0.00024648,0.024000001
,,,0.00024649,0.024000001
,,,0.0002465,0.024800001
,,,0.00024651,0.024800001
,,,0.00024652,0.024000001
,,,0.00024653,0.023200001
,,,0.00024654,0.025600002
,,,0.00024655,0.022400001
,,,0.00024656,0.024000001
,,,0.00024657,0.024800001
,,,0.00024658,0.024800001
,,,0.00024659,0.024000001
,,,0.0002466,0.024000001
,,,0.00024661,0.024000001
,,,0.00024662,0.023200001
,,,0.00024663,0.024000001
,,,0.00024664,0.024000001
,,,0.00024665,0.023200001
,,,0.00024666,0.023200001
,,,0.00024667,0.024000001
,,,0.00024668,0.025600002
,,,0.00024669,0.024800001
,,,0.0002467,0.024000001
,,,0.00024671,0.024000001
,,,0.00024672,0.022400001
,,,0.00024673,0.024000001
,,,0.00024674,0.024000001
,,,0.00024675,0.024000001
,,,0.00024676,0.024000001
,,,0.00024677,0.024000001
,,,0.00024678,0.024000001
,,,0.00024679,0.024000001
,,,0.0002468,0.024000001
,,,0.00024681,0.024000001
,,,0.00024682,0.025600002
,,,0.00024683,0.024000001
,,,0.00024684,0.024800001
,,,0.00024685,0.025600002
,,,0.00024686,0.025600002
,,,0.00024687,0.024000001
,,,0.00024688,0.025600002
,,,0.00024689,0.024000001
,,,0.0002469,0.024000001
,,,0.00024691,0.024000001
,,,0.00024692,0.024800001
,,,0.00024693,0.022400001
,,,0.00024694,0.024000001
,,,0.00024695,0.026400002
,,,0.00024696,0.024000001
,,,0.00024697,0.024000001
,,,0.00024698,0.025600002
,,,0.00024699,0.025600002
,,,0.000247,0.024000001
,,,0.00024701,0.024000001
,,,0.00024702,0.024800001
,,,0.00024703,0.023200001
,,,0.00024704,0.024000001
,,,0.00024705,0.023200001
,,,0.00024706,0.024800001
,,,0.00024707,0.024000001
,,,0.00024708,0.024800001
,,,0.00024709,0.025600002
,,,0.0002471,0.024800001
,,,0.00024711,0.023200001
,,,0.00024712,0.023200001
,,,0.00024713,0.024000001
,,,0.00024714,0.024000001
,,,0.00024715,0.024800001
,,,0.00024716,0.023200001
,,,0.00024717,0.024800001
,,,0.00024718,0.025600002
,,,0.00024719,0.025600002
,,,0.0002472,0.026400002
,,,0.00024721,0.024800001
,,,0.00024722,0.024000001
,,,0.00024723,0.024000001
,,,0.00024724,0.024000001
,,,0.00024725,0.024000001
,,,0.00024726,0.024000001
,,,0.00024727,0.023200001
,,,0.00024728,0.022400001
,,,0.00024729,0.024000001
,,,0.0002473,0.024000001
,,,0.00024731,0.022400001
,,,0.00024732,0.026400002
,,,0.00024733,0.024800001
,,,0.00024734,0.024000001
,,,0.00024735,0.024000001
,,,0.00024736,0.024000001
,,,0.00024737,0.024800001
,,,0.00024738,0.025600002
,,,0.00024739,0.023200001
,,,0.0002474,0.024000001
,,,0.00024741,0.024000001
,,,0.00024742,0.023200001
,,,0.00024743,0.024800001
,,,0.00024744,0.024800001
,,,0.00024745,0.024000001
,,,0.00024746,0.024000001
,,,0.00024747,0.024000001
,,,0.00024748,0.024800001
,,,0.00024749,0.024000001
,,,0.0002475,0.024000001
,,,0.00024751,0.024800001
,,,0.00024752,0.023200001
,,,0.00024753,0.024800001
,,,0.00024754,0.025600002
,,,0.00024755,0.025600002
,,,0.00024756,0.025600002
,,,0.00024757,0.022400001
,,,0.00024758,0.024800001
,,,0.00024759,0.024000001
,,,0.0002476,0.024800001
,,,0.00024761,0.024000001
,,,0.00024762,0.024000001
,,,0.00024763,0.026400002
,,,0.00024764,0.025600002
,,,0.00024765,0.024000001
,,,0.00024766,0.025600002
,,,0.00024767,0.023200001
,,,0.00024768,0.023200001
,,,0.00024769,0.024000001
,,,0.0002477,0.024000001
,,,0.00024771,0.026400002
,,,0.00024772,0.024800001
,,,0.00024773,0.025600002
,,,0.00024774,0.024000001
,,,0.00024775,0.024000001
,,,0.00024776,0.025600002
,,,0.00024777,0.023200001
,,,0.00024778,0.024000001
,,,0.00024779,0.023200001
,,,0.0002478,0.023200001
,,,0.00024781,0.024800001
,,,0.00024782,0.024800001
,,,0.00024783,0.024000001
,,,0.00024784,0.024800001
,,,0.00024785,0.023200001
,,,0.00024786,0.024000001
,,,0.00024787,0.024800001
,,,0.00024788,0.024000001
,,,0.00024789,0.024000001
,,,0.0002479,0.024800001
,,,0.00024791,0.023200001
,,,0.00024792,0.024000001
,,,0.00024793,0.024800001
,,,0.00024794,0.024800001
,,,0.00024795,0.023200001
,,,0.00024796,0.024000001
,,,0.00024797,0.024000001
,,,0.00024798,0.024800001
,,,0.00024799,0.024000001
,,,0.000248,0.022400001
,,,0.00024801,0.024000001
,,,0.00024802,0.024000001
,,,0.00024803,0.024000001
,,,0.00024804,0.024800001
,,,0.00024805,0.024000001
,,,0.00024806,0.024000001
,,,0.00024807,0.025600002
,,,0.00024808,0.024000001
,,,0.00024809,0.024000001
,,,0.0002481,0.024000001
,,,0.00024811,0.023200001
,,,0.00024812,0.024000001
,,,0.00024813,0.024800001
,,,0.00024814,0.025600002
,,,0.00024815,0.024800001
,,,0.00024816,0.024000001
,,,0.00024817,0.024000001
,,,0.00024818,0.024800001
,,,0.00024819,0.024000001
,,,0.0002482,0.024800001
,,,0.00024821,0.024800001
,,,0.00024822,0.024800001
,,,0.00024823,0.024000001
,,,0.00024824,0.024800001
,,,0.00024825,0.024800001
,,,0.00024826,0.024000001
,,,0.00024827,0.023200001
,,,0.00024828,0.024800001
,,,0.00024829,0.024000001
,,,0.0002483,0.023200001
,,,0.00024831,0.024800001
,,,0.00024832,0.023200001
,,,0.00024833,0.026400002
,,,0.00024834,0.024000001
,,,0.00024835,0.024000001
,,,0.00024836,0.024000001
,,,0.00024837,0.024800001
,,,0.00024838,0.024000001
,,,0.00024839,0.024000001
,,,0.0002484,0.024800001
,,,0.00024841,0.025600002
,,,0.00024842,0.024800001
,,,0.00024843,0.024000001
,,,0.00024844,0.023200001
,,,0.00024845,0.024800001
,,,0.00024846,0.024000001
,,,0.00024847,0.026400002
,,,0.00024848,0.024000001
,,,0.00024849,0.024000001
,,,0.0002485,0.024000001
,,,0.00024851,0.024000001
,,,0.00024852,0.023200001
,,,0.00024853,0.025600002
,,,0.00024854,0.024000001
,,,0.00024855,0.023200001
,,,0.00024856,0.024000001
,,,0.00024857,0.024800001
,,,0.00024858,0.028000002
,,,0.00024859,0.024800001
,,,0.0002486,0.023200001
,,,0.00024861,0.027200002
,,,0.00024862,0.025600002
,,,0.00024863,0.023200001
,,,0.00024864,0.024000001
,,,0.00024865,0.024800001
,,,0.00024866,0.024000001
,,,0.00024867,0.024000001
,,,0.00024868,0.024000001
,,,0.00024869,0.024000001
,,,0.0002487,0.024800001
,,,0.00024871,0.024800001
,,,0.00024872,0.024000001
,,,0.00024873,0.024800001
,,,0.00024874,0.025600002
,,,0.00024875,0.024000001
,,,0.00024876,0.024000001
,,,0.00024877,0.024000001
,,,0.00024878,0.025600002
,,,0.00024879,0.024000001
,,,0.0002488,0.024800001
,,,0.00024881,0.024000001
,,,0.00024882,0.024000001
,,,0.00024883,0.024000001
,,,0.00024884,0.024800001
,,,0.00024885,0.024800001
,,,0.00024886,0.024000001
,,,0.00024887,0.022400001
,,,0.00024888,0.024000001
,,,0.00024889,0.024000001
,,,0.0002489,0.024800001
,,,0.00024891,0.024800001
,,,0.00024892,0.024800001
,,,0.00024893,0.025600002
,,,0.00024894,0.023200001
,,,0.00024895,0.023200001
,,,0.00024896,0.024000001
,,,0.00024897,0.024000001
,,,0.00024898,0.023200001
,,,0.00024899,0.026400002
,,,0.000249,0.025600002
,,,0.00024901,0.023200001
,,,0.00024902,0.024800001
,,,0.00024903,0.022400001
,,,0.00024904,0.024000001
,,,0.00024905,0.023200001
,,,0.00024906,0.025600002
,,,0.00024907,0.024000001
,,,0.00024908,0.023200001
,,,0.00024909,0.024800001
,,,0.0002491,0.024000001
,,,0.00024911,0.024000001
,,,0.00024912,0.024000001
,,,0.00024913,0.024000001
,,,0.00024914,0.024800001
,,,0.00024915,0.024800001
,,,0.00024916,0.024000001
,,,0.00024917,0.022400001
,,,0.00024918,0.024800001
,,,0.00024919,0.024000001
,,,0.0002492,0.024800001
,,,0.00024921,0.024800001
,,,0.00024922,0.024000001
,,,0.00024923,0.024000001
,,,0.00024924,0.025600002
,,,0.00024925,0.025600002
,,,0.00024926,0.025600002
,,,0.00024927,0.024800001
,,,0.00024928,0.024800001
,,,0.00024929,0.025600002
,,,0.0002493,0.024000001
,,,0.00024931,0.024000001
,,,0.00024932,0.024000001
,,,0.00024933,0.022400001
,,,0.00024934,0.024000001
,,,0.00024935,0.024800001
,,,0.00024936,0.025600002
,,,0.00024937,0.024800001
,,,0.00024938,0.024000001
,,,0.00024939,0.024800001
,,,0.0002494,0.024800001
,,,0.00024941,0.026400002
,,,0.00024942,0.024800001
,,,0.00024943,0.024000001
,,,0.00024944,0.023200001
,,,0.00024945,0.024000001
,,,0.00024946,0.025600002
,,,0.00024947,0.024800001
,,,0.00024948,0.023200001
,,,0.00024949,0.024000001
,,,0.0002495,0.024800001
,,,0.00024951,0.025600002
,,,0.00024952,0.024800001
,,,0.00024953,0.024000001
,,,0.00024954,0.024800001
,,,0.00024955,0.025600002
,,,0.00024956,0.024000001
,,,0.00024957,0.023200001
,,,0.00024958,0.024800001
,,,0.00024959,0.024000001
,,,0.0002496,0.024000001
,,,0.00024961,0.024800001
,,,0.00024962,0.024000001
,,,0.00024963,0.024000001
,,,0.00024964,0.024000001
,,,0.00024965,0.022400001
,,,0.00024966,0.024000001
,,,0.00024967,0.028000002
,,,0.00024968,0.024800001
,,,0.00024969,0.025600002
,,,0.0002497,0.024800001
,,,0.00024971,0.024000001
,,,0.00024972,0.024000001
,,,0.00024973,0.023200001
,,,0.00024974,0.022400001
,,,0.00024975,0.024800001
,,,0.00024976,0.024000001
,,,0.00024977,0.024000001
,,,0.00024978,0.024000001
,,,0.00024979,0.025600002
,,,0.0002498,0.024800001
,,,0.00024981,0.024800001
,,,0.00024982,0.024800001
,,,0.00024983,0.023200001
,,,0.00024984,0.023200001
,,,0.00024985,0.024000001
,,,0.00024986,0.024000001
,,,0.00024987,0.024800001
,,,0.00024988,0.024800001
,,,0.00024989,0.024000001
,,,0.0002499,0.025600002
,,,0.00024991,0.025600002
,,,0.00024992,0.024800001
,,,0.00024993,0.024000001
,,,0.00024994,0.023200001
,,,0.00024995,0.024800001
,,,0.00024996,0.024000001
,,,0.00024997,0.024000001
,,,0.00024998,0.024800001
,,,0.00024999,0.025600002
,,,0.00025,0.024000001
,,,0.00025001,0.024000001
,,,0.00025002,0.024000001
,,,0.00025003,0.024000001
,,,0.00025004,0.024000001
,,,0.00025005,0.024000001
,,,0.00025006,0.024800001
,,,0.00025007,0.024800001
,,,0.00025008,0.023200001
,,,0.00025009,0.024000001
,,,0.0002501,0.024000001
,,,0.00025011,0.023200001
,,,0.00025012,0.024000001
,,,0.00025013,0.023200001
,,,0.00025014,0.024000001
,,,0.00025015,0.024000001
,,,0.00025016,0.024000001
,,,0.00025017,0.024000001
,,,0.00025018,0.025600002
,,,0.00025019,0.024000001
,,,0.0002502,0.024000001
,,,0.00025021,0.023200001
,,,0.00025022,0.024000001
,,,0.00025023,0.024000001
,,,0.00025024,0.024000001
,,,0.00025025,0.023200001
,,,0.00025026,0.024000001
,,,0.00025027,0.024800001
,,,0.00025028,0.024000001
,,,0.00025029,0.024800001
,,,0.0002503,0.024000001
,,,0.00025031,0.025600002
,,,0.00025032,0.024000001
,,,0.00025033,0.024000001
,,,0.00025034,0.024000001
,,,0.00025035,0.023200001
,,,0.00025036,0.024000001
,,,0.00025037,0.023200001
,,,0.00025038,0.024000001
,,,0.00025039,0.024000001
,,,0.0002504,0.023200001
,,,0.00025041,0.024000001
,,,0.00025042,0.024000001
,,,0.00025043,0.024000001
,,,0.00025044,0.025600002
,,,0.00025045,0.023200001
,,,0.00025046,0.025600002
,,,0.00025047,0.024000001
,,,0.00025048,0.024000001
,,,0.00025049,0.025600002
,,,0.0002505,0.024000001
,,,0.00025051,0.024000001
,,,0.00025052,0.024000001
,,,0.00025053,0.024800001
,,,0.00025054,0.024000001
,,,0.00025055,0.026400002
,,,0.00025056,0.024000001
,,,0.00025057,0.024000001
,,,0.00025058,0.024000001
,,,0.00025059,0.024800001
,,,0.0002506,0.024800001
,,,0.00025061,0.024000001
,,,0.00025062,0.024000001
,,,0.00025063,0.024000001
,,,0.00025064,0.024800001
,,,0.00025065,0.024000001
,,,0.00025066,0.024000001
,,,0.00025067,0.024800001
,,,0.00025068,0.025600002
,,,0.00025069,0.024800001
,,,0.0002507,0.023200001
,,,0.00025071,0.024000001
,,,0.00025072,0.024800001
,,,0.00025073,0.024000001
,,,0.00025074,0.023200001
,,,0.00025075,0.024000001
,,,0.00025076,0.023200001
,,,0.00025077,0.024800001
,,,0.00025078,0.024800001
,,,0.00025079,0.024000001
,,,0.0002508,0.023200001
,,,0.00025081,0.024000001
,,,0.00025082,0.023200001
,,,0.00025083,0.024800001
,,,0.00025084,0.024800001
,,,0.00025085,0.025600002
,,,0.00025086,0.024000001
,,,0.00025087,0.024000001
,,,0.00025088,0.024800001
,,,0.00025089,0.024000001
,,,0.0002509,0.024000001
,,,0.00025091,0.024000001
,,,0.00025092,0.025600002
,,,0.00025093,0.024000001
,,,0.00025094,0.023200001
,,,0.00025095,0.024800001
,,,0.00025096,0.024000001
,,,0.00025097,0.024000001
,,,0.00025098,0.024800001
,,,0.00025099,0.024800001
,,,0.000251,0.024000001
,,,0.00025101,0.024000001
,,,0.00025102,0.024000001
,,,0.00025103,0.024000001
,,,0.00025104,0.024000001
,,,0.00025105,0.022400001
,,,0.00025106,0.024000001
,,,0.00025107,0.025600002
,,,0.00025108,0.026400002
,,,0.00025109,0.024800001
,,,0.0002511,0.024800001
,,,0.00025111,0.024000001
,,,0.00025112,0.024000001
,,,0.00025113,0.023200001
,,,0.00025114,0.024800001
,,,0.00025115,0.024000001
,,,0.00025116,0.025600002
,,,0.00025117,0.024000001
,,,0.00025118,0.024000001
,,,0.00025119,0.024000001
,,,0.0002512,0.025600002
,,,0.00025121,0.028000002
,,,0.00025122,0.024800001
,,,0.00025123,0.024800001
,,,0.00025124,0.024800001
,,,0.00025125,0.025600002
,,,0.00025126,0.023200001
,,,0.00025127,0.025600002
,,,0.00025128,0.024800001
,,,0.00025129,0.024000001
,,,0.0002513,0.024000001
,,,0.00025131,0.024000001
,,,0.00025132,0.024000001
,,,0.00025133,0.024000001
,,,0.00025134,0.024800001
,,,0.00025135,0.024000001
,,,0.00025136,0.024800001
,,,0.00025137,0.024800001
,,,0.00025138,0.024000001
,,,0.00025139,0.024800001
,,,0.0002514,0.024000001
,,,0.00025141,0.025600002
,,,0.00025142,0.023200001
,,,0.00025143,0.024000001
,,,0.00025144,0.024000001
,,,0.00025145,0.024800001
,,,0.00025146,0.024000001
,,,0.00025147,0.023200001
,,,0.00025148,0.023200001
,,,0.00025149,0.024000001
,,,0.0002515,0.024000001
,,,0.00025151,0.023200001
,,,0.00025152,0.024800001
,,,0.00025153,0.026400002
,,,0.00025154,0.024000001
,,,0.00025155,0.024000001
,,,0.00025156,0.024000001
,,,0.00025157,0.024000001
,,,0.00025158,0.024000001
,,,0.00025159,0.023200001
,,,0.0002516,0.023200001
,,,0.00025161,0.024800001
,,,0.00025162,0.024000001
,,,0.00025163,0.023200001
,,,0.00025164,0.024800001
,,,0.00025165,0.022400001
,,,0.00025166,0.024000001
,,,0.00025167,0.024800001
,,,0.00025168,0.025600002
,,,0.00025169,0.024000001
,,,0.0002517,0.024000001
,,,0.00025171,0.024000001
,,,0.00025172,0.025600002
,,,0.00025173,0.024800001
,,,0.00025174,0.024000001
,,,0.00025175,0.023200001
,,,0.00025176,0.024000001
,,,0.00025177,0.023200001
,,,0.00025178,0.023200001
,,,0.00025179,0.024800001
,,,0.0002518,0.022400001
,,,0.00025181,0.025600002
,,,0.00025182,0.024000001
,,,0.00025183,0.024000001
,,,0.00025184,0.023200001
,,,0.00025185,0.023200001
,,,0.00025186,0.023200001
,,,0.00025187,0.023200001
,,,0.00025188,0.025600002
,,,0.00025189,0.024800001
,,,0.0002519,0.024000001
,,,0.00025191,0.024000001
,,,0.00025192,0.025600002
,,,0.00025193,0.024000001
,,,0.00025194,0.023200001
,,,0.00025195,0.024000001
,,,0.00025196,0.024000001
,,,0.00025197,0.024000001
,,,0.00025198,0.024800001
,,,0.00025199,0.024000001
,,,0.000252,0.024800001
,,,0.00025201,0.024000001
,,,0.00025202,0.024000001
,,,0.00025203,0.024800001
,,,0.00025204,0.024800001
,,,0.00025205,0.024000001
,,,0.00025206,0.025600002
,,,0.00025207,0.024800001
,,,0.00025208,0.024000001
,,,0.00025209,0.024000001
,,,0.0002521,0.024000001
,,,0.00025211,0.024800001
,,,0.00025212,0.024000001
,,,0.00025213,0.024800001
,,,0.00025214,0.024000001
,,,0.00025215,0.024800001
,,,0.00025216,0.024800001
,,,0.00025217,0.024800001
,,,0.00025218,0.023200001
,,,0.00025219,0.024000001
,,,0.0002522,0.024800001
,,,0.00025221,0.024000001
,,,0.00025222,0.025600002
,,,0.00025223,0.022400001
,,,0.00025224,0.024800001
,,,0.00025225,0.024000001
,,,0.00025226,0.023200001
,,,0.00025227,0.024000001
,,,0.00025228,0.024800001
,,,0.00025229,0.024800001
,,,0.0002523,0.024800001
,,,0.00025231,0.024000001
,,,0.00025232,0.024800001
,,,0.00025233,0.025600002
,,,0.00025234,0.024000001
,,,0.00025235,0.024000001
,,,0.00025236,0.023200001
,,,0.00025237,0.024000001
,,,0.00025238,0.023200001
,,,0.00025239,0.025600002
,,,0.0002524,0.024000001
,,,0.00025241,0.024800001
,,,0.00025242,0.024800001
,,,0.00025243,0.024800001
,,,0.00025244,0.024800001
,,,0.00025245,0.024800001
,,,0.00025246,0.023200001
,,,0.00025247,0.024000001
,,,0.00025248,0.024800001
,,,0.00025249,0.023200001
,,,0.0002525,0.025600002
,,,0.00025251,0.023200001
,,,0.00025252,0.024000001
,,,0.00025253,0.025600002
,,,0.00025254,0.024800001
,,,0.00025255,0.024000001
,,,0.00025256,0.024800001
,,,0.00025257,0.024000001
,,,0.00025258,0.024000001
,,,0.00025259,0.024800001
,,,0.0002526,0.024800001
,,,0.00025261,0.024000001
,,,0.00025262,0.024000001
,,,0.00025263,0.025600002
,,,0.00025264,0.025600002
,,,0.00025265,0.022400001
,,,0.00025266,0.025600002
,,,0.00025267,0.023200001
,,,0.00025268,0.024000001
,,,0.00025269,0.024000001
,,,0.0002527,0.022400001
,,,0.00025271,0.024000001
,,,0.00025272,0.023200001
,,,0.00025273,0.024800001
,,,0.00025274,0.024000001
,,,0.00025275,0.024000001
,,,0.00025276,0.024800001
,,,0.00025277,0.024000001
,,,0.00025278,0.024000001
,,,0.00025279,0.024800001
,,,0.0002528,0.025600002
,,,0.00025281,0.023200001
,,,0.00025282,0.024000001
,,,0.00025283,0.024000001
,,,0.00025284,0.022400001
,,,0.00025285,0.024800001
,,,0.00025286,0.024000001
,,,0.00025287,0.024800001
,,,0.00025288,0.024800001
,,,0.00025289,0.025600002
,,,0.0002529,0.024000001
,,,0.00025291,0.023200001
,,,0.00025292,0.022400001
,,,0.00025293,0.024800001
,,,0.00025294,0.026400002
,,,0.00025295,0.024800001
,,,0.00025296,0.024000001
,,,0.00025297,0.025600002
,,,0.00025298,0.025600002
,,,0.00025299,0.024000001
,,,0.000253,0.024800001
,,,0.00025301,0.022400001
,,,0.00025302,0.024000001
,,,0.00025303,0.024000001
,,,0.00025304,0.023200001
,,,0.00025305,0.024000001
,,,0.00025306,0.024000001
,,,0.00025307,0.023200001
,,,0.00025308,0.024000001
,,,0.00025309,0.024800001
,,,0.0002531,0.025600002
,,,0.00025311,0.024800001
,,,0.00025312,0.025600002
,,,0.00025313,0.024000001
,,,0.00025314,0.024800001
,,,0.00025315,0.024000001
,,,0.00025316,0.023200001
,,,0.00025317,0.024800001
,,,0.00025318,0.024800001
,,,0.00025319,0.024000001
,,,0.0002532,0.024000001
,,,0.00025321,0.022400001
,,,0.00025322,0.024000001
,,,0.00025323,0.023200001
,,,0.00025324,0.024000001
,,,0.00025325,0.024000001
,,,0.00025326,0.024000001
,,,0.00025327,0.023200001
,,,0.00025328,0.024000001
,,,0.00025329,0.025600002
,,,0.0002533,0.025600002
,,,0.00025331,0.024000001
,,,0.00025332,0.023200001
,,,0.00025333,0.025600002
,,,0.00025334,0.023200001
,,,0.00025335,0.024000001
,,,0.00025336,0.025600002
,,,0.00025337,0.024000001
,,,0.00025338,0.024000001
,,,0.00025339,0.025600002
,,,0.0002534,0.024000001
,,,0.00025341,0.025600002
,,,0.00025342,0.024000001
,,,0.00025343,0.024000001
,,,0.00025344,0.024000001
,,,0.00025345,0.024000001
,,,0.00025346,0.024800001
,,,0.00025347,0.023200001
,,,0.00025348,0.025600002
,,,0.00025349,0.024800001
,,,0.0002535,0.024800001
,,,0.00025351,0.024000001
,,,0.00025352,0.025600002
,,,0.00025353,0.024000001
,,,0.00025354,0.024000001
,,,0.00025355,0.025600002
,,,0.00025356,0.025600002
,,,0.00025357,0.024000001
,,,0.00025358,0.021600001
,,,0.00025359,0.024800001
,,,0.0002536,0.022400001
,,,0.00025361,0.023200001
,,,0.00025362,0.024000001
,,,0.00025363,0.024800001
,,,0.00025364,0.024000001
,,,0.00025365,0.024000001
,,,0.00025366,0.024800001
,,,0.00025367,0.024000001
,,,0.00025368,0.024800001
,,,0.00025369,0.024800001
,,,0.0002537,0.023200001
,,,0.00025371,0.024000001
,,,0.00025372,0.024800001
,,,0.00025373,0.024000001
,,,0.00025374,0.024000001
,,,0.00025375,0.024800001
,,,0.00025376,0.025600002
,,,0.00025377,0.024000001
,,,0.00025378,0.024800001
,,,0.00025379,0.023200001
,,,0.0002538,0.024000001
,,,0.00025381,0.024000001
,,,0.00025382,0.024000001
,,,0.00025383,0.024000001
,,,0.00025384,0.024800001
,,,0.00025385,0.024000001
,,,0.00025386,0.024800001
,,,0.00025387,0.024000001
,,,0.00025388,0.024000001
,,,0.00025389,0.024800001
,,,0.0002539,0.024000001
,,,0.00025391,0.024000001
,,,0.00025392,0.024000001
,,,0.00025393,0.024800001
,,,0.00025394,0.024000001
,,,0.00025395,0.022400001
,,,0.00025396,0.024000001
,,,0.00025397,0.024000001
,,,0.00025398,0.024000001
,,,0.00025399,0.024800001
,,,0.000254,0.024000001
,,,0.00025401,0.024800001
,,,0.00025402,0.024800001
,,,0.00025403,0.024000001
,,,0.00025404,0.024000001
,,,0.00025405,0.024800001
,,,0.00025406,0.023200001
,,,0.00025407,0.024800001
,,,0.00025408,0.025600002
,,,0.00025409,0.024000001
,,,0.0002541,0.024000001
,,,0.00025411,0.024000001
,,,0.00025412,0.024000001
,,,0.00025413,0.024800001
,,,0.00025414,0.025600002
,,,0.00025415,0.025600002
,,,0.00025416,0.022400001
,,,0.00025417,0.024000001
,,,0.00025418,0.024000001
,,,0.00025419,0.024000001
,,,0.0002542,0.024000001
,,,0.00025421,0.024000001
,,,0.00025422,0.024800001
,,,0.00025423,0.023200001
,,,0.00025424,0.024800001
,,,0.00025425,0.024000001
,,,0.00025426,0.024000001
,,,0.00025427,0.024800001
,,,0.00025428,0.024000001
,,,0.00025429,0.024000001
,,,0.0002543,0.024800001
,,,0.00025431,0.024000001
,,,0.00025432,0.024000001
,,,0.00025433,0.024800001
,,,0.00025434,0.024000001
,,,0.00025435,0.024000001
,,,0.00025436,0.024000001
,,,0.00025437,0.024800001
,,,0.00025438,0.024000001
,,,0.00025439,0.024000001
,,,0.0002544,0.024000001
,,,0.00025441,0.024000001
,,,0.00025442,0.025600002
,,,0.00025443,0.024000001
,,,0.00025444,0.024000001
,,,0.00025445,0.024000001
,,,0.00025446,0.024000001
,,,0.00025447,0.024000001
,,,0.00025448,0.023200001
,,,0.00025449,0.024000001
,,,0.0002545,0.024000001
,,,0.00025451,0.024800001
,,,0.00025452,0.024800001
,,,0.00025453,0.026400002
,,,0.00025454,0.024000001
,,,0.00025455,0.022400001
,,,0.00025456,0.023200001
,,,0.00025457,0.023200001
,,,0.00025458,0.023200001
,,,0.00025459,0.022400001
,,,0.0002546,0.023200001
,,,0.00025461,0.025600002
,,,0.00025462,0.025600002
,,,0.00025463,0.024800001
,,,0.00025464,0.024000001
,,,0.00025465,0.024800001
,,,0.00025466,0.024000001
,,,0.00025467,0.024000001
,,,0.00025468,0.024000001
,,,0.00025469,0.024800001
,,,0.0002547,0.024800001
,,,0.00025471,0.024000001
,,,0.00025472,0.024000001
,,,0.00025473,0.024000001
,,,0.00025474,0.023200001
,,,0.00025475,0.024000001
,,,0.00025476,0.024000001
,,,0.00025477,0.023200001
,,,0.00025478,0.024000001
,,,0.00025479,0.024000001
,,,0.0002548,0.025600002
,,,0.00025481,0.024000001
,,,0.00025482,0.024000001
,,,0.00025483,0.023200001
,,,0.00025484,0.024000001
,,,0.00025485,0.024800001
,,,0.00025486,0.025600002
,,,0.00025487,0.024800001
,,,0.00025488,0.025600002
,,,0.00025489,0.024800001
,,,0.0002549,0.024800001
,,,0.00025491,0.025600002
,,,0.00025492,0.024000001
,,,0.00025493,0.024000001
,,,0.00025494,0.025600002
,,,0.00025495,0.024800001
,,,0.00025496,0.024000001
,,,0.00025497,0.022400001
,,,0.00025498,0.023200001
,,,0.00025499,0.024000001
,,,0.000255,0.024800001
,,,0.00025501,0.024000001
,,,0.00025502,0.024000001
,,,0.00025503,0.024800001
,,,0.00025504,0.024000001
,,,0.00025505,0.025600002
,,,0.00025506,0.024800001
,,,0.00025507,0.023200001
,,,0.00025508,0.024800001
,,,0.00025509,0.024000001
,,,0.0002551,0.024000001
,,,0.00025511,0.024000001
,,,0.00025512,0.024800001
,,,0.00025513,0.023200001
,,,0.00025514,0.026400002
,,,0.00025515,0.023200001
,,,0.00025516,0.024800001
,,,0.00025517,0.023200001
,,,0.00025518,0.024000001
,,,0.00025519,0.024800001
,,,0.0002552,0.024800001
,,,0.00025521,0.024800001
,,,0.00025522,0.024000001
,,,0.00025523,0.024800001
,,,0.00025524,0.024000001
,,,0.00025525,0.024000001
,,,0.00025526,0.024000001
,,,0.00025527,0.024000001
,,,0.00025528,0.023200001
,,,0.00025529,0.024000001
,,,0.0002553,0.024800001
,,,0.00025531,0.023200001
,,,0.00025532,0.023200001
,,,0.00025533,0.024800001
,,,0.00025534,0.024000001
,,,0.00025535,0.024000001
,,,0.00025536,0.025600002
,,,0.00025537,0.027200002
,,,0.00025538,0.025600002
,,,0.00025539,0.024000001
,,,0.0002554,0.025600002
,,,0.00025541,0.024000001
,,,0.00025542,0.024000001
,,,0.00025543,0.024000001
,,,0.00025544,0.024000001
,,,0.00025545,0.024000001
,,,0.00025546,0.025600002
,,,0.00025547,0.025600002
,,,0.00025548,0.023200001
,,,0.00025549,0.024800001
,,,0.0002555,0.025600002
,,,0.00025551,0.025600002
,,,0.00025552,0.023200001
,,,0.00025553,0.025600002
,,,0.00025554,0.024000001
,,,0.00025555,0.024800001
,,,0.00025556,0.023200001
,,,0.00025557,0.023200001
,,,0.00025558,0.024800001
,,,0.00025559,0.024800001
,,,0.0002556,0.024800001
,,,0.00025561,0.024000001
,,,0.00025562,0.024000001
,,,0.00025563,0.024800001
,,,0.00025564,0.024800001
,,,0.00025565,0.024000001
,,,0.00025566,0.024000001
,,,0.00025567,0.024800001
,,,0.00025568,0.025600002
,,,0.00025569,0.025600002
,,,0.0002557,0.024000001
,,,0.00025571,0.022400001
,,,0.00025572,0.024000001
,,,0.00025573,0.025600002
,,,0.00025574,0.024000001
,,,0.00025575,0.025600002
,,,0.00025576,0.024000001
,,,0.00025577,0.024000001
,,,0.00025578,0.024000001
,,,0.00025579,0.025600002
,,,0.0002558,0.024000001
,,,0.00025581,0.024000001
,,,0.00025582,0.023200001
,,,0.00025583,0.024000001
,,,0.00025584,0.024000001
,,,0.00025585,0.024800001
,,,0.00025586,0.024800001
,,,0.00025587,0.024800001
,,,0.00025588,0.024000001
,,,0.00025589,0.023200001
,,,0.0002559,0.024000001
,,,0.00025591,0.024800001
,,,0.00025592,0.023200001
,,,0.00025593,0.025600002
,,,0.00025594,0.024800001
,,,0.00025595,0.023200001
,,,0.00025596,0.024800001
,,,0.00025597,0.024000001
,,,0.00025598,0.027200002
,,,0.00025599,0.024000001
,,,0.000256,0.024000001
,,,0.00025601,0.023200001
,,,0.00025602,0.024800001
,,,0.00025603,0.024800001
,,,0.00025604,0.024000001
,,,0.00025605,0.022400001
,,,0.00025606,0.023200001
,,,0.00025607,0.024000001
,,,0.00025608,0.024800001
,,,0.00025609,0.024000001
,,,0.0002561,0.023200001
,,,0.00025611,0.024000001
,,,0.00025612,0.023200001
,,,0.00025613,0.024800001
,,,0.00025614,0.024000001
,,,0.00025615,0.022400001
,,,0.00025616,0.024000001
,,,0.00025617,0.024800001
,,,0.00025618,0.024000001
,,,0.00025619,0.024000001
,,,0.0002562,0.023200001
,,,0.00025621,0.024000001
,,,0.00025622,0.022400001
,,,0.00025623,0.025600002
,,,0.00025624,0.024000001
,,,0.00025625,0.024000001
,,,0.00025626,0.023200001
,,,0.00025627,0.024000001
,,,0.00025628,0.024800001
,,,0.00025629,0.025600002
,,,0.0002563,0.024800001
,,,0.00025631,0.024800001
,,,0.00025632,0.024800001
,,,0.00025633,0.024000001
,,,0.00025634,0.024000001
,,,0.00025635,0.024000001
,,,0.00025636,0.023200001
,,,0.00025637,0.024000001
,,,0.00025638,0.024000001
,,,0.00025639,0.024000001
,,,0.0002564,0.023200001
,,,0.00025641,0.024000001
,,,0.00025642,0.026400002
,,,0.00025643,0.024800001
,,,0.00025644,0.024000001
,,,0.00025645,0.024000001
,,,0.00025646,0.024000001
,,,0.00025647,0.024000001
,,,0.00025648,0.024800001
,,,0.00025649,0.024000001
,,,0.0002565,0.024000001
,,,0.00025651,0.024000001
,,,0.00025652,0.024000001
,,,0.00025653,0.023200001
,,,0.00025654,0.023200001
,,,0.00025655,0.025600002
,,,0.00025656,0.024000001
,,,0.00025657,0.024000001
,,,0.00025658,0.024000001
,,,0.00025659,0.024800001
,,,0.0002566,0.024800001
,,,0.00025661,0.023200001
,,,0.00025662,0.024800001
,,,0.00025663,0.024000001
,,,0.00025664,0.024000001
,,,0.00025665,0.024000001
,,,0.00025666,0.024000001
,,,0.00025667,0.024800001
,,,0.00025668,0.024800001
,,,0.00025669,0.023200001
,,,0.0002567,0.024800001
,,,0.00025671,0.024000001
,,,0.00025672,0.024000001
,,,0.00025673,0.024000001
,,,0.00025674,0.024000001
,,,0.00025675,0.023200001
,,,0.00025676,0.024000001
,,,0.00025677,0.024000001
,,,0.00025678,0.024000001
,,,0.00025679,0.023200001
,,,0.0002568,0.024800001
,,,0.00025681,0.024000001
,,,0.00025682,0.024000001
,,,0.00025683,0.023200001
,,,0.00025684,0.025600002
,,,0.00025685,0.024800001
,,,0.00025686,0.024000001
,,,0.00025687,0.025600002
,,,0.00025688,0.024800001
,,,0.00025689,0.024800001
,,,0.0002569,0.024000001
,,,0.00025691,0.024000001
,,,0.00025692,0.025600002
,,,0.00025693,0.024000001
,,,0.00025694,0.024000001
,,,0.00025695,0.024000001
,,,0.00025696,0.024800001
,,,0.00025697,0.024000001
,,,0.00025698,0.024000001
,,,0.00025699,0.025600002
,,,0.000257,0.022400001
,,,0.00025701,0.024000001
,,,0.00025702,0.023200001
,,,0.00025703,0.024000001
,,,0.00025704,0.024000001
,,,0.00025705,0.024000001
,,,0.00025706,0.025600002
,,,0.00025707,0.024800001
,,,0.00025708,0.024000001
,,,0.00025709,0.024000001
,,,0.0002571,0.024800001
,,,0.00025711,0.023200001
,,,0.00025712,0.025600002
,,,0.00025713,0.023200001
,,,0.00025714,0.025600002
,,,0.00025715,0.023200001
,,,0.00025716,0.024000001
,,,0.00025717,0.023200001
,,,0.00025718,0.024000001
,,,0.00025719,0.026400002
,,,0.0002572,0.024800001
,,,0.00025721,0.023200001
,,,0.00025722,0.024000001
,,,0.00025723,0.024000001
,,,0.00025724,0.024000001
,,,0.00025725,0.024800001
,,,0.00025726,0.024000001
,,,0.00025727,0.023200001
,,,0.00025728,0.023200001
,,,0.00025729,0.024000001
,,,0.0002573,0.024000001
,,,0.00025731,0.024800001
,,,0.00025732,0.023200001
,,,0.00025733,0.024000001
,,,0.00025734,0.025600002
,,,0.00025735,0.024800001
,,,0.00025736,0.023200001
,,,0.00025737,0.024000001
,,,0.00025738,0.024800001
,,,0.00025739,0.025600002
,,,0.0002574,0.024000001
,,,0.00025741,0.025600002
,,,0.00025742,0.023200001
,,,0.00025743,0.024000001
,,,0.00025744,0.025600002
,,,0.00025745,0.024000001
,,,0.00025746,0.024000001
,,,0.00025747,0.024800001
,,,0.00025748,0.024000001
,,,0.00025749,0.024000001
,,,0.0002575,0.025600002
,,,0.00025751,0.024800001
,,,0.00025752,0.024000001
,,,0.00025753,0.024800001
,,,0.00025754,0.024000001
,,,0.00025755,0.024800001
,,,0.00025756,0.024000001
,,,0.00025757,0.024800001
,,,0.00025758,0.024000001
,,,0.00025759,0.024000001
,,,0.0002576,0.024000001
,,,0.00025761,0.024000001
,,,0.00025762,0.022400001
,,,0.00025763,0.023200001
,,,0.00025764,0.024800001
,,,0.00025765,0.025600002
,,,0.00025766,0.024800001
,,,0.00025767,0.025600002
,,,0.00025768,0.024000001
,,,0.00025769,0.024000001
,,,0.0002577,0.023200001
,,,0.00025771,0.024000001
,,,0.00025772,0.024000001
,,,0.00025773,0.024000001
,,,0.00025774,0.024000001
,,,0.00025775,0.024800001
,,,0.00025776,0.024800001
,,,0.00025777,0.024000001
,,,0.00025778,0.024000001
,,,0.00025779,0.024000001
,,,0.0002578,0.024000001
,,,0.00025781,0.024000001
,,,0.00025782,0.024800001
,,,0.00025783,0.024000001
,,,0.00025784,0.024000001
,,,0.00025785,0.024000001
,,,0.00025786,0.024800001
,,,0.00025787,0.021600001
,,,0.00025788,0.024000001
,,,0.00025789,0.024800001
,,,0.0002579,0.025600002
,,,0.00025791,0.025600002
,,,0.00025792,0.023200001
,,,0.00025793,0.024800001
,,,0.00025794,0.024000001
,,,0.00025795,0.024000001
,,,0.00025796,0.024000001
,,,0.00025797,0.024000001
,,,0.00025798,0.024800001
,,,0.00025799,0.024000001
,,,0.000258,0.024000001
,,,0.00025801,0.024000001
,,,0.00025802,0.024000001
,,,0.00025803,0.024000001
,,,0.00025804,0.024000001
,,,0.00025805,0.023200001
,,,0.00025806,0.024000001
,,,0.00025807,0.024000001
,,,0.00025808,0.025600002
,,,0.00025809,0.024000001
,,,0.0002581,0.024000001
,,,0.00025811,0.024000001
,,,0.00025812,0.024800001
,,,0.00025813,0.024800001
,,,0.00025814,0.023200001
,,,0.00025815,0.024000001
,,,0.00025816,0.024000001
,,,0.00025817,0.024000001
,,,0.00025818,0.024000001
,,,0.00025819,0.024000001
,,,0.0002582,0.024000001
,,,0.00025821,0.024000001
,,,0.00025822,0.024800001
,,,0.00025823,0.024800001
,,,0.00025824,0.024000001
,,,0.00025825,0.023200001
,,,0.00025826,0.025600002
,,,0.00025827,0.023200001
,,,0.00025828,0.025600002
,,,0.00025829,0.026400002
,,,0.0002583,0.024800001
,,,0.00025831,0.023200001
,,,0.00025832,0.025600002
,,,0.00025833,0.024000001
,,,0.00025834,0.024000001
,,,0.00025835,0.024000001
,,,0.00025836,0.024800001
,,,0.00025837,0.023200001
,,,0.00025838,0.024000001
,,,0.00025839,0.024800001
,,,0.0002584,0.024800001
,,,0.00025841,0.024000001
,,,0.00025842,0.024800001
,,,0.00025843,0.024000001
,,,0.00025844,0.024000001
,,,0.00025845,0.022400001
,,,0.00025846,0.024800001
,,,0.00025847,0.024000001
,,,0.00025848,0.024800001
,,,0.00025849,0.023200001
,,,0.0002585,0.024000001
,,,0.00025851,0.025600002
,,,0.00025852,0.023200001
,,,0.00025853,0.024000001
,,,0.00025854,0.024000001
,,,0.00025855,0.024000001
,,,0.00025856,0.024800001
,,,0.00025857,0.024000001
,,,0.00025858,0.024800001
,,,0.00025859,0.024000001
,,,0.0002586,0.023200001
,,,0.00025861,0.024800001
,,,0.00025862,0.024000001
,,,0.00025863,0.024000001
,,,0.00025864,0.024800001
,,,0.00025865,0.023200001
,,,0.00025866,0.024000001
,,,0.00025867,0.024000001
,,,0.00025868,0.023200001
,,,0.00025869,0.024800001
,,,0.0002587,0.024000001
,,,0.00025871,0.024800001
,,,0.00025872,0.024000001
,,,0.00025873,0.023200001
,,,0.00025874,0.024800001
,,,0.00025875,0.024000001
,,,0.00025876,0.024000001
,,,0.00025877,0.024000001
,,,0.00025878,0.022400001
,,,0.00025879,0.024000001
,,,0.0002588,0.024800001
,,,0.00025881,0.024000001
,,,0.00025882,0.024800001
,,,0.00025883,0.023200001
,,,0.00025884,0.024000001
,,,0.00025885,0.023200001
,,,0.00025886,0.024800001
,,,0.00025887,0.023200001
,,,0.00025888,0.024000001
,,,0.00025889,0.023200001
,,,0.0002589,0.024800001
,,,0.00025891,0.024800001
,,,0.00025892,0.023200001
,,,0.00025893,0.024800001
,,,0.00025894,0.024800001
,,,0.00025895,0.024800001
,,,0.00025896,0.025600002
,,,0.00025897,0.025600002
,,,0.00025898,0.024000001
,,,0.00025899,0.023200001
,,,0.000259,0.024000001
,,,0.00025901,0.024000001
,,,0.00025902,0.024000001
,,,0.00025903,0.024000001
,,,0.00025904,0.024000001
,,,0.00025905,0.024000001
,,,0.00025906,0.024000001
,,,0.00025907,0.024000001
,,,0.00025908,0.024000001
,,,0.00025909,0.024800001
,,,0.0002591,0.024800001
,,,0.00025911,0.024000001
,,,0.00025912,0.023200001
,,,0.00025913,0.024000001
,,,0.00025914,0.025600002
,,,0.00025915,0.024800001
,,,0.00025916,0.024000001
,,,0.00025917,0.024800001
,,,0.00025918,0.022400001
,,,0.00025919,0.024000001
,,,0.0002592,0.024800001
,,,0.00025921,0.025600002
,,,0.00025922,0.023200001
,,,0.00025923,0.023200001
,,,0.00025924,0.024800001
,,,0.00025925,0.024000001
,,,0.00025926,0.024800001
,,,0.00025927,0.024000001
,,,0.00025928,0.023200001
,,,0.00025929,0.023200001
,,,0.0002593,0.024000001
,,,0.00025931,0.023200001
,,,0.00025932,0.023200001
,,,0.00025933,0.024800001
,,,0.00025934,0.024000001
,,,0.00025935,0.024000001
,,,0.00025936,0.025600002
,,,0.00025937,0.024800001
,,,0.00025938,0.024000001
,,,0.00025939,0.024000001
,,,0.0002594,0.024000001
,,,0.00025941,0.024000001
,,,0.00025942,0.024800001
,,,0.00025943,0.024800001
,,,0.00025944,0.023200001
,,,0.00025945,0.024800001
,,,0.00025946,0.024000001
,,,0.00025947,0.024800001
,,,0.00025948,0.024000001
,,,0.00025949,0.026400002
,,,0.0002595,0.024000001
,,,0.00025951,0.024800001
,,,0.00025952,0.024000001
,,,0.00025953,0.024000001
,,,0.00025954,0.024800001
,,,0.00025955,0.024800001
,,,0.00025956,0.024800001
,,,0.00025957,0.024800001
,,,0.00025958,0.024800001
,,,0.00025959,0.024000001
,,,0.0002596,0.024000001
,,,0.00025961,0.024800001
,,,0.00025962,0.024000001
,,,0.00025963,0.024800001
,,,0.00025964,0.024000001
,,,0.00025965,0.024000001
,,,0.00025966,0.024000001
,,,0.00025967,0.024000001
,,,0.00025968,0.024000001
,,,0.00025969,0.024000001
,,,0.0002597,0.023200001
,,,0.00025971,0.024000001
,,,0.00025972,0.025600002
,,,0.00025973,0.024000001
,,,0.00025974,0.024000001
,,,0.00025975,0.025600002
,,,0.00025976,0.024000001
,,,0.00025977,0.024000001
,,,0.00025978,0.024800001
,,,0.00025979,0.024000001
,,,0.0002598,0.023200001
,,,0.00025981,0.024800001
,,,0.00025982,0.024800001
,,,0.00025983,0.022400001
,,,0.00025984,0.024000001
,,,0.00025985,0.024000001
,,,0.00025986,0.026400002
,,,0.00025987,0.023200001
,,,0.00025988,0.024000001
,,,0.00025989,0.024000001
,,,0.0002599,0.025600002
,,,0.00025991,0.025600002
,,,0.00025992,0.024000001
,,,0.00025993,0.023200001
,,,0.00025994,0.024000001
,,,0.00025995,0.025600002
,,,0.00025996,0.024000001
,,,0.00025997,0.024800001
,,,0.00025998,0.024800001
,,,0.00025999,0.025600002
,,,0.00026,0.024000001
,,,0.00026001,0.027200002
,,,0.00026002,0.024000001
,,,0.00026003,0.024000001
,,,0.00026004,0.024800001
,,,0.00026005,0.024800001
,,,0.00026006,0.023200001
,,,0.00026007,0.024000001
,,,0.00026008,0.025600002
,,,0.00026009,0.024000001
,,,0.0002601,0.024800001
,,,0.00026011,0.024000001
,,,0.00026012,0.023200001
,,,0.00026013,0.024800001
,,,0.00026014,0.024000001
,,,0.00026015,0.024000001
,,,0.00026016,0.024000001
,,,0.00026017,0.024800001
,,,0.00026018,0.023200001
,,,0.00026019,0.024000001
,,,0.0002602,0.024800001
,,,0.00026021,0.025600002
,,,0.00026022,0.024000001
,,,0.00026023,0.024800001
,,,0.00026024,0.024800001
,,,0.00026025,0.024000001
,,,0.00026026,0.024000001
,,,0.00026027,0.024000001
,,,0.00026028,0.022400001
,,,0.00026029,0.024800001
,,,0.0002603,0.024000001
,,,0.00026031,0.024000001
,,,0.00026032,0.023200001
,,,0.00026033,0.024800001
,,,0.00026034,0.024000001
,,,0.00026035,0.024000001
,,,0.00026036,0.024000001
,,,0.00026037,0.024000001
,,,0.00026038,0.023200001
,,,0.00026039,0.024000001
,,,0.0002604,0.023200001
,,,0.00026041,0.023200001
,,,0.00026042,0.024000001
,,,0.00026043,0.024000001
,,,0.00026044,0.024800001
,,,0.00026045,0.023200001
,,,0.00026046,0.024000001
,,,0.00026047,0.024800001
,,,0.00026048,0.024000001
,,,0.00026049,0.025600002
,,,0.0002605,0.024000001
,,,0.00026051,0.023200001
,,,0.00026052,0.023200001
,,,0.00026053,0.023200001
,,,0.00026054,0.024000001
,,,0.00026055,0.024000001
,,,0.00026056,0.025600002
,,,0.00026057,0.024000001
,,,0.00026058,0.024000001
,,,0.00026059,0.024000001
,,,0.0002606,0.024000001
,,,0.00026061,0.023200001
,,,0.00026062,0.024800001
,,,0.00026063,0.022400001
,,,0.00026064,0.024000001
,,,0.00026065,0.024000001
,,,0.00026066,0.022400001
,,,0.00026067,0.024000001
,,,0.00026068,0.024000001
,,,0.00026069,0.024000001
,,,0.0002607,0.024800001
,,,0.00026071,0.024800001
,,,0.00026072,0.025600002
,,,0.00026073,0.024000001
,,,0.00026074,0.024000001
,,,0.00026075,0.024000001
,,,0.00026076,0.024800001
,,,0.00026077,0.024800001
,,,0.00026078,0.024800001
,,,0.00026079,0.024000001
,,,0.0002608,0.024800001
,,,0.00026081,0.024800001
,,,0.00026082,0.024000001
,,,0.00026083,0.024800001
,,,0.00026084,0.025600002
,,,0.00026085,0.022400001
,,,0.00026086,0.024000001
,,,0.00026087,0.024000001
,,,0.00026088,0.024800001
,,,0.00026089,0.023200001
,,,0.0002609,0.025600002
,,,0.00026091,0.024000001
,,,0.00026092,0.024000001
,,,0.00026093,0.024800001
,,,0.00026094,0.023200001
,,,0.00026095,0.024800001
,,,0.00026096,0.024000001
,,,0.00026097,0.023200001
,,,0.00026098,0.024000001
,,,0.00026099,0.024800001
,,,0.000261,0.024000001
,,,0.00026101,0.022400001
,,,0.00026102,0.024000001
,,,0.00026103,0.024800001
,,,0.00026104,0.022400001
,,,0.00026105,0.022400001
,,,0.00026106,0.024000001
,,,0.00026107,0.024800001
,,,0.00026108,0.024000001
,,,0.00026109,0.024800001
,,,0.0002611,0.023200001
,,,0.00026111,0.024800001
,,,0.00026112,0.025600002
,,,0.00026113,0.024000001
,,,0.00026114,0.024800001
,,,0.00026115,0.023200001
,,,0.00026116,0.025600002
,,,0.00026117,0.024000001
,,,0.00026118,0.024000001
,,,0.00026119,0.025600002
,,,0.0002612,0.024800001
,,,0.00026121,0.025600002
,,,0.00026122,0.023200001
,,,0.00026123,0.024800001
,,,0.00026124,0.024800001
,,,0.00026125,0.024000001
,,,0.00026126,0.024000001
,,,0.00026127,0.024000001
,,,0.00026128,0.025600002
,,,0.00026129,0.023200001
,,,0.0002613,0.024000001
,,,0.00026131,0.025600002
,,,0.00026132,0.024000001
,,,0.00026133,0.024800001
,,,0.00026134,0.023200001
,,,0.00026135,0.024000001
,,,0.00026136,0.024000001
,,,0.00026137,0.024800001
,,,0.00026138,0.025600002
,,,0.00026139,0.022400001
,,,0.0002614,0.022400001
,,,0.00026141,0.024800001
,,,0.00026142,0.027200002
,,,0.00026143,0.024000001
,,,0.00026144,0.024000001
,,,0.00026145,0.023200001
,,,0.00026146,0.024000001
,,,0.00026147,0.025600002
,,,0.00026148,0.025600002
,,,0.00026149,0.024000001
,,,0.0002615,0.024800001
,,,0.00026151,0.023200001
,,,0.00026152,0.023200001
,,,0.00026153,0.025600002
,,,0.00026154,0.024000001
,,,0.00026155,0.023200001
,,,0.00026156,0.024800001
,,,0.00026157,0.024800001
,,,0.00026158,0.024000001
,,,0.00026159,0.024000001
,,,0.0002616,0.024000001
,,,0.00026161,0.024000001
,,,0.00026162,0.023200001
,,,0.00026163,0.023200001
,,,0.00026164,0.023200001
,,,0.00026165,0.023200001
,,,0.00026166,0.023200001
,,,0.00026167,0.024000001
,,,0.00026168,0.024000001
,,,0.00026169,0.024000001
,,,0.0002617,0.023200001
,,,0.00026171,0.024000001
,,,0.00026172,0.023200001
,,,0.00026173,0.023200001
,,,0.00026174,0.024800001
,,,0.00026175,0.024000001
,,,0.00026176,0.024800001
,,,0.00026177,0.023200001
,,,0.00026178,0.024000001
,,,0.00026179,0.024800001
,,,0.0002618,0.024000001
,,,0.00026181,0.024000001
,,,0.00026182,0.022400001
,,,0.00026183,0.024000001
,,,0.00026184,0.024000001
,,,0.00026185,0.025600002
,,,0.00026186,0.024000001
,,,0.00026187,0.023200001
,,,0.00026188,0.025600002
,,,0.00026189,0.024000001
,,,0.0002619,0.024000001
,,,0.00026191,0.024800001
,,,0.00026192,0.024000001
,,,0.00026193,0.024800001
,,,0.00026194,0.024000001
,,,0.00026195,0.025600002
,,,0.00026196,0.024000001
,,,0.00026197,0.024000001
,,,0.00026198,0.024800001
,,,0.00026199,0.024800001
,,,0.000262,0.023200001
,,,0.00026201,0.023200001
,,,0.00026202,0.024800001
,,,0.00026203,0.024000001
,,,0.00026204,0.024000001
,,,0.00026205,0.024800001
,,,0.00026206,0.025600002
,,,0.00026207,0.024800001
,,,0.00026208,0.025600002
,,,0.00026209,0.024000001
,,,0.0002621,0.023200001
,,,0.00026211,0.024800001
,,,0.00026212,0.024000001
,,,0.00026213,0.025600002
,,,0.00026214,0.024000001
,,,0.00026215,0.024000001
,,,0.00026216,0.024800001
,,,0.00026217,0.024000001
,,,0.00026218,0.024000001
,,,0.00026219,0.023200001
,,,0.0002622,0.024800001
,,,0.00026221,0.022400001
,,,0.00026222,0.024800001
,,,0.00026223,0.023200001
,,,0.00026224,0.024000001
,,,0.00026225,0.024000001
,,,0.00026226,0.024800001
,,,0.00026227,0.023200001
,,,0.00026228,0.024000001
,,,0.00026229,0.024000001
,,,0.0002623,0.024800001
,,,0.00026231,0.024000001
,,,0.00026232,0.024800001
,,,0.00026233,0.023200001
,,,0.00026234,0.024800001
,,,0.00026235,0.024000001
,,,0.00026236,0.024800001
,,,0.00026237,0.024000001
,,,0.00026238,0.024000001
,,,0.00026239,0.024800001
,,,0.0002624,0.024000001
,,,0.00026241,0.024000001
,,,0.00026242,0.026400002
,,,0.00026243,0.024000001
,,,0.00026244,0.024000001
,,,0.00026245,0.022400001
,,,0.00026246,0.023200001
,,,0.00026247,0.025600002
,,,0.00026248,0.024800001
,,,0.00026249,0.024800001
,,,0.0002625,0.024000001
,,,0.00026251,0.025600002
,,,0.00026252,0.024000001
,,,0.00026253,0.024800001
,,,0.00026254,0.024000001
,,,0.00026255,0.024000001
,,,0.00026256,0.023200001
,,,0.00026257,0.024800001
,,,0.00026258,0.024800001
,,,0.00026259,0.023200001
,,,0.0002626,0.023200001
,,,0.00026261,0.023200001
,,,0.00026262,0.024000001
,,,0.00026263,0.024000001
,,,0.00026264,0.025600002
,,,0.00026265,0.024000001
,,,0.00026266,0.024000001
,,,0.00026267,0.024000001
,,,0.00026268,0.024000001
,,,0.00026269,0.024000001
,,,0.0002627,0.024000001
,,,0.00026271,0.024000001
,,,0.00026272,0.025600002
,,,0.00026273,0.024000001
,,,0.00026274,0.025600002
,,,0.00026275,0.024000001
,,,0.00026276,0.024800001
,,,0.00026277,0.023200001
,,,0.00026278,0.024800001
,,,0.00026279,0.024800001
,,,0.0002628,0.023200001
,,,0.00026281,0.024000001
,,,0.00026282,0.024000001
,,,0.00026283,0.024000001
,,,0.00026284,0.022400001
,,,0.00026285,0.024000001
,,,0.00026286,0.024000001
,,,0.00026287,0.024800001
,,,0.00026288,0.024000001
,,,0.00026289,0.025600002
,,,0.0002629,0.024000001
,,,0.00026291,0.024800001
,,,0.00026292,0.024000001
,,,0.00026293,0.024000001
,,,0.00026294,0.023200001
,,,0.00026295,0.024000001
,,,0.00026296,0.024000001
,,,0.00026297,0.022400001
,,,0.00026298,0.024000001
,,,0.00026299,0.024000001
,,,0.000263,0.024800001
,,,0.00026301,0.024800001
,,,0.00026302,0.024000001
,,,0.00026303,0.024000001
,,,0.00026304,0.024800001
,,,0.00026305,0.024000001
,,,0.00026306,0.024000001
,,,0.00026307,0.024000001
,,,0.00026308,0.024000001
,,,0.00026309,0.026400002
,,,0.0002631,0.024000001
,,,0.00026311,0.024800001
,,,0.00026312,0.024000001
,,,0.00026313,0.023200001
,,,0.00026314,0.024000001
,,,0.00026315,0.024000001
,,,0.00026316,0.024000001
,,,0.00026317,0.024800001
,,,0.00026318,0.023200001
,,,0.00026319,0.024000001
,,,0.0002632,0.024000001
,,,0.00026321,0.024800001
,,,0.00026322,0.023200001
,,,0.00026323,0.024800001
,,,0.00026324,0.024000001
,,,0.00026325,0.024000001
,,,0.00026326,0.024800001
,,,0.00026327,0.024000001
,,,0.00026328,0.024000001
,,,0.00026329,0.024000001
,,,0.0002633,0.023200001
,,,0.00026331,0.024000001
,,,0.00026332,0.024000001
,,,0.00026333,0.022400001
,,,0.00026334,0.024000001
,,,0.00026335,0.024800001
,,,0.00026336,0.024800001
,,,0.00026337,0.024000001
,,,0.00026338,0.024800001
,,,0.00026339,0.023200001
,,,0.0002634,0.024800001
,,,0.00026341,0.024800001
,,,0.00026342,0.025600002
,,,0.00026343,0.024000001
,,,0.00026344,0.024000001
,,,0.00026345,0.024800001
,,,0.00026346,0.024800001
,,,0.00026347,0.024800001
,,,0.00026348,0.025600002
,,,0.00026349,0.023200001
,,,0.0002635,0.024000001
,,,0.00026351,0.024000001
,,,0.00026352,0.024000001
,,,0.00026353,0.024800001
,,,0.00026354,0.023200001
,,,0.00026355,0.024800001
,,,0.00026356,0.024800001
,,,0.00026357,0.024800001
,,,0.00026358,0.023200001
,,,0.00026359,0.023200001
,,,0.0002636,0.024000001
,,,0.00026361,0.024000001
,,,0.00026362,0.024000001
,,,0.00026363,0.021600001
,,,0.00026364,0.024800001
,,,0.00026365,0.024800001
,,,0.00026366,0.024000001
,,,0.00026367,0.024800001
,,,0.00026368,0.024800001
,,,0.00026369,0.023200001
,,,0.0002637,0.024000001
,,,0.00026371,0.024000001
,,,0.00026372,0.024000001
,,,0.00026373,0.024000001
,,,0.00026374,0.024000001
,,,0.00026375,0.024000001
,,,0.00026376,0.022400001
,,,0.00026377,0.025600002
,,,0.00026378,0.024800001
,,,0.00026379,0.023200001
,,,0.0002638,0.025600002
,,,0.00026381,0.024000001
,,,0.00026382,0.025600002
,,,0.00026383,0.024000001
,,,0.00026384,0.024000001
,,,0.00026385,0.024000001
,,,0.00026386,0.024800001
,,,0.00026387,0.024000001
,,,0.00026388,0.025600002
,,,0.00026389,0.024800001
,,,0.0002639,0.023200001
,,,0.00026391,0.024800001
,,,0.00026392,0.024000001
,,,0.00026393,0.024000001
,,,0.00026394,0.024800001
,,,0.00026395,0.022400001
,,,0.00026396,0.024800001
,,,0.00026397,0.023200001
,,,0.00026398,0.024000001
,,,0.00026399,0.024000001
,,,0.000264,0.024000001
,,,0.00026401,0.026400002
,,,0.00026402,0.024000001
,,,0.00026403,0.024000001
,,,0.00026404,0.022400001
,,,0.00026405,0.024800001
,,,0.00026406,0.024800001
,,,0.00026407,0.024000001
,,,0.00026408,0.023200001
,,,0.00026409,0.023200001
,,,0.0002641,0.024800001
,,,0.00026411,0.024000001
,,,0.00026412,0.024000001
,,,0.00026413,0.022400001
,,,0.00026414,0.024000001
,,,0.00026415,0.024800001
,,,0.00026416,0.024800001
,,,0.00026417,0.025600002
,,,0.00026418,0.024000001
,,,0.00026419,0.024000001
,,,0.0002642,0.025600002
,,,0.00026421,0.024000001
,,,0.00026422,0.024800001
,,,0.00026423,0.024800001
,,,0.00026424,0.023200001
,,,0.00026425,0.025600002
,,,0.00026426,0.024000001
,,,0.00026427,0.024800001
,,,0.00026428,0.024000001
,,,0.00026429,0.023200001
,,,0.0002643,0.023200001
,,,0.00026431,0.023200001
,,,0.00026432,0.023200001
,,,0.00026433,0.023200001
,,,0.00026434,0.024800001
,,,0.00026435,0.025600002
,,,0.00026436,0.025600002
,,,0.00026437,0.024000001
,,,0.00026438,0.024800001
,,,0.00026439,0.024000001
,,,0.0002644,0.024000001
,,,0.00026441,0.024000001
,,,0.00026442,0.023200001
,,,0.00026443,0.024800001
,,,0.00026444,0.022400001
,,,0.00026445,0.024000001
,,,0.00026446,0.024800001
,,,0.00026447,0.024800001
,,,0.00026448,0.024000001
,,,0.00026449,0.024800001
,,,0.0002645,0.024000001
,,,0.00026451,0.022400001
,,,0.00026452,0.024800001
,,,0.00026453,0.022400001
,,,0.00026454,0.024000001
,,,0.00026455,0.024000001
,,,0.00026456,0.024000001
,,,0.00026457,0.024000001
,,,0.00026458,0.025600002
,,,0.00026459,0.025600002
,,,0.0002646,0.024000001
,,,0.00026461,0.024800001
,,,0.00026462,0.024800001
,,,0.00026463,0.025600002
,,,0.00026464,0.024800001
,,,0.00026465,0.023200001
,,,0.00026466,0.024000001
,,,0.00026467,0.024000001
,,,0.00026468,0.024800001
,,,0.00026469,0.024000001
,,,0.0002647,0.024800001
,,,0.00026471,0.024000001
,,,0.00026472,0.024000001
,,,0.00026473,0.022400001
,,,0.00026474,0.025600002
,,,0.00026475,0.024800001
,,,0.00026476,0.024800001
,,,0.00026477,0.024000001
,,,0.00026478,0.024000001
,,,0.00026479,0.023200001
,,,0.0002648,0.024000001
,,,0.00026481,0.023200001
,,,0.00026482,0.024800001
,,,0.00026483,0.024000001
,,,0.00026484,0.024000001
,,,0.00026485,0.024000001
,,,0.00026486,0.024800001
,,,0.00026487,0.024800001
,,,0.00026488,0.025600002
,,,0.00026489,0.025600002
,,,0.0002649,0.024000001
,,,0.00026491,0.024000001
,,,0.00026492,0.024000001
,,,0.00026493,0.024800001
,,,0.00026494,0.024000001
,,,0.00026495,0.024000001
,,,0.00026496,0.024000001
,,,0.00026497,0.024000001
,,,0.00026498,0.024000001
,,,0.00026499,0.024000001
,,,0.000265,0.024000001
,,,0.00026501,0.024000001
,,,0.00026502,0.024800001
,,,0.00026503,0.024800001
,,,0.00026504,0.024800001
,,,0.00026505,0.025600002
,,,0.00026506,0.024800001
,,,0.00026507,0.024800001
,,,0.00026508,0.024800001
,,,0.00026509,0.024800001
,,,0.0002651,0.024800001
,,,0.00026511,0.024800001
,,,0.00026512,0.024800001
,,,0.00026513,0.024000001
,,,0.00026514,0.024000001
,,,0.00026515,0.022400001
,,,0.00026516,0.024000001
,,,0.00026517,0.023200001
,,,0.00026518,0.024800001
,,,0.00026519,0.024800001
,,,0.0002652,0.024800001
,,,0.00026521,0.024000001
,,,0.00026522,0.023200001
,,,0.00026523,0.024800001
,,,0.00026524,0.024800001
,,,0.00026525,0.021600001
,,,0.00026526,0.024800001
,,,0.00026527,0.024800001
,,,0.00026528,0.022400001
,,,0.00026529,0.023200001
,,,0.0002653,0.025600002
,,,0.00026531,0.025600002
,,,0.00026532,0.023200001
,,,0.00026533,0.023200001
,,,0.00026534,0.024000001
,,,0.00026535,0.024800001
,,,0.00026536,0.025600002
,,,0.00026537,0.024000001
,,,0.00026538,0.024000001
,,,0.00026539,0.024000001
,,,0.0002654,0.024000001
,,,0.00026541,0.025600002
,,,0.00026542,0.024000001
,,,0.00026543,0.024800001
,,,0.00026544,0.024000001
,,,0.00026545,0.023200001
,,,0.00026546,0.024000001
,,,0.00026547,0.025600002
,,,0.00026548,0.024000001
,,,0.00026549,0.024000001
,,,0.0002655,0.022400001
,,,0.00026551,0.024800001
,,,0.00026552,0.023200001
,,,0.00026553,0.024000001
,,,0.00026554,0.024000001
,,,0.00026555,0.023200001
,,,0.00026556,0.024000001
,,,0.00026557,0.024000001
,,,0.00026558,0.024000001
,,,0.00026559,0.026400002
,,,0.0002656,0.024800001
,,,0.00026561,0.023200001
,,,0.00026562,0.024000001
,,,0.00026563,0.025600002
,,,0.00026564,0.024000001
,,,0.00026565,0.023200001
,,,0.00026566,0.024000001
,,,0.00026567,0.024000001
,,,0.00026568,0.024800001
,,,0.00026569,0.023200001
,,,0.0002657,0.024000001
,,,0.00026571,0.024000001
,,,0.00026572,0.024800001
,,,0.00026573,0.024800001
,,,0.00026574,0.024800001
,,,0.00026575,0.023200001
,,,0.00026576,0.024800001
,,,0.00026577,0.024800001
,,,0.00026578,0.022400001
,,,0.00026579,0.024800001
,,,0.0002658,0.026400002
,,,0.00026581,0.024000001
,,,0.00026582,0.023200001
,,,0.00026583,0.024800001
,,,0.00026584,0.024800001
,,,0.00026585,0.024800001
,,,0.00026586,0.024000001
,,,0.00026587,0.024000001
,,,0.00026588,0.025600002
,,,0.00026589,0.024800001
,,,0.0002659,0.024800001
,,,0.00026591,0.024000001
,,,0.00026592,0.024000001
,,,0.00026593,0.023200001
,,,0.00026594,0.024800001
,,,0.00026595,0.025600002
,,,0.00026596,0.024800001
,,,0.00026597,0.023200001
,,,0.00026598,0.023200001
,,,0.00026599,0.023200001
,,,0.000266,0.024800001
,,,0.00026601,0.024000001
,,,0.00026602,0.024000001
,,,0.00026603,0.024000001
,,,0.00026604,0.024000001
,,,0.00026605,0.023200001
,,,0.00026606,0.024000001
,,,0.00026607,0.023200001
,,,0.00026608,0.026400002
,,,0.00026609,0.024000001
,,,0.0002661,0.023200001
,,,0.00026611,0.024800001
,,,0.00026612,0.024800001
,,,0.00026613,0.023200001
,,,0.00026614,0.024000001
,,,0.00026615,0.024000001
,,,0.00026616,0.024000001
,,,0.00026617,0.024000001
,,,0.00026618,0.025600002
,,,0.00026619,0.024800001
,,,0.0002662,0.025600002
,,,0.00026621,0.024000001
,,,0.00026622,0.024000001
,,,0.00026623,0.024000001
,,,0.00026624,0.024000001
,,,0.00026625,0.024000001
,,,0.00026626,0.024800001
,,,0.00026627,0.024000001
,,,0.00026628,0.024000001
,,,0.00026629,0.023200001
,,,0.0002663,0.024800001
,,,0.00026631,0.023200001
,,,0.00026632,0.023200001
,,,0.00026633,0.024000001
,,,0.00026634,0.025600002
,,,0.00026635,0.024000001
,,,0.00026636,0.022400001
,,,0.00026637,0.023200001
,,,0.00026638,0.023200001
,,,0.00026639,0.025600002
,,,0.0002664,0.024000001
,,,0.00026641,0.024800001
,,,0.00026642,0.024000001
,,,0.00026643,0.024000001
,,,0.00026644,0.024000001
,,,0.00026645,0.023200001
,,,0.00026646,0.024000001
,,,0.00026647,0.024000001
,,,0.00026648,0.024000001
,,,0.00026649,0.024800001
,,,0.0002665,0.024800001
,,,0.00026651,0.022400001
,,,0.00026652,0.024800001
,,,0.00026653,0.024000001
,,,0.00026654,0.024000001
,,,0.00026655,0.024000001
,,,0.00026656,0.025600002
,,,0.00026657,0.024000001
,,,0.00026658,0.024800001
,,,0.00026659,0.024800001
,,,0.0002666,0.026400002
,,,0.00026661,0.021600001
,,,0.00026662,0.024000001
,,,0.00026663,0.024000001
,,,0.00026664,0.026400002
,,,0.00026665,0.024000001
,,,0.00026666,0.024800001
,,,0.00026667,0.024000001
,,,0.00026668,0.023200001
,,,0.00026669,0.023200001
,,,0.0002667,0.025600002
,,,0.00026671,0.024000001
,,,0.00026672,0.024000001
,,,0.00026673,0.024000001
,,,0.00026674,0.024000001
,,,0.00026675,0.023200001
,,,0.00026676,0.024000001
,,,0.00026677,0.024000001
,,,0.00026678,0.024800001
,,,0.00026679,0.024000001
,,,0.0002668,0.024800001
,,,0.00026681,0.024000001
,,,0.00026682,0.024000001
,,,0.00026683,0.024000001
,,,0.00026684,0.024000001
,,,0.00026685,0.024000001
,,,0.00026686,0.025600002
,,,0.00026687,0.024000001
,,,0.00026688,0.024800001
,,,0.00026689,0.023200001
,,,0.0002669,0.024000001
,,,0.00026691,0.024000001
,,,0.00026692,0.024000001
,,,0.00026693,0.024000001
,,,0.00026694,0.024800001
,,,0.00026695,0.024800001
,,,0.00026696,0.023200001
,,,0.00026697,0.024000001
,,,0.00026698,0.024000001
,,,0.00026699,0.024000001
,,,0.000267,0.025600002
,,,0.00026701,0.024000001
,,,0.00026702,0.024800001
,,,0.00026703,0.024800001
,,,0.00026704,0.022400001
,,,0.00026705,0.025600002
,,,0.00026706,0.024800001
,,,0.00026707,0.024800001
,,,0.00026708,0.024000001
,,,0.00026709,0.023200001
,,,0.0002671,0.024000001
,,,0.00026711,0.024000001
,,,0.00026712,0.024800001
,,,0.00026713,0.024800001
,,,0.00026714,0.024000001
,,,0.00026715,0.024000001
,,,0.00026716,0.024000001
,,,0.00026717,0.024000001
,,,0.00026718,0.024000001
,,,0.00026719,0.024000001
,,,0.0002672,0.024000001
,,,0.00026721,0.025600002
,,,0.00026722,0.023200001
,,,0.00026723,0.024000001
,,,0.00026724,0.024800001
,,,0.00026725,0.025600002
,,,0.00026726,0.024000001
,,,0.00026727,0.024000001
,,,0.00026728,0.024000001
,,,0.00026729,0.023200001
,,,0.0002673,0.024000001
,,,0.00026731,0.024000001
,,,0.00026732,0.024000001
,,,0.00026733,0.024800001
,,,0.00026734,0.024000001
,,,0.00026735,0.023200001
,,,0.00026736,0.024000001
,,,0.00026737,0.024000001
,,,0.00026738,0.024800001
,,,0.00026739,0.024000001
,,,0.0002674,0.023200001
,,,0.00026741,0.023200001
,,,0.00026742,0.024800001
,,,0.00026743,0.026400002
,,,0.00026744,0.024000001
,,,0.00026745,0.024000001
,,,0.00026746,0.024000001
,,,0.00026747,0.024000001
,,,0.00026748,0.024800001
,,,0.00026749,0.024000001
,,,0.0002675,0.024000001
,,,0.00026751,0.024800001
,,,0.00026752,0.024000001
,,,0.00026753,0.024800001
,,,0.00026754,0.025600002
,,,0.00026755,0.024800001
,,,0.00026756,0.024000001
,,,0.00026757,0.023200001
,,,0.00026758,0.024000001
,,,0.00026759,0.023200001
,,,0.0002676,0.024000001
,,,0.00026761,0.024000001
,,,0.00026762,0.022400001
,,,0.00026763,0.024000001
,,,0.00026764,0.023200001
,,,0.00026765,0.024000001
,,,0.00026766,0.025600002
,,,0.00026767,0.023200001
,,,0.00026768,0.024000001
,,,0.00026769,0.024000001
,,,0.0002677,0.025600002
,,,0.00026771,0.024000001
,,,0.00026772,0.024000001
,,,0.00026773,0.024800001
,,,0.00026774,0.024000001
,,,0.00026775,0.025600002
,,,0.00026776,0.024000001
,,,0.00026777,0.024800001
,,,0.00026778,0.024000001
,,,0.00026779,0.024000001
,,,0.0002678,0.024800001
,,,0.00026781,0.023200001
,,,0.00026782,0.022400001
,,,0.00026783,0.024000001
,,,0.00026784,0.024000001
,,,0.00026785,0.024000001
,,,0.00026786,0.024000001
,,,0.00026787,0.026400002
,,,0.00026788,0.024800001
,,,0.00026789,0.024000001
,,,0.0002679,0.024800001
,,,0.00026791,0.025600002
,,,0.00026792,0.025600002
,,,0.00026793,0.026400002
,,,0.00026794,0.024000001
,,,0.00026795,0.024800001
,,,0.00026796,0.024800001
,,,0.00026797,0.024000001
,,,0.00026798,0.025600002
,,,0.00026799,0.024000001
,,,0.000268,0.024000001
,,,0.00026801,0.025600002
,,,0.00026802,0.024000001
,,,0.00026803,0.024000001
,,,0.00026804,0.025600002
,,,0.00026805,0.024000001
,,,0.00026806,0.023200001
,,,0.00026807,0.024000001
,,,0.00026808,0.025600002
,,,0.00026809,0.024800001
,,,0.0002681,0.023200001
,,,0.00026811,0.024000001
,,,0.00026812,0.024000001
,,,0.00026813,0.024800001
,,,0.00026814,0.024000001
,,,0.00026815,0.024000001
,,,0.00026816,0.024000001
,,,0.00026817,0.023200001
,,,0.00026818,0.023200001
,,,0.00026819,0.024800001
,,,0.0002682,0.023200001
,,,0.00026821,0.024800001
,,,0.00026822,0.024800001
,,,0.00026823,0.026400002
,,,0.00026824,0.024000001
,,,0.00026825,0.024000001
,,,0.00026826,0.024000001
,,,0.00026827,0.024000001
,,,0.00026828,0.025600002
,,,0.00026829,0.024000001
,,,0.0002683,0.025600002
,,,0.00026831,0.024000001
,,,0.00026832,0.024000001
,,,0.00026833,0.023200001
,,,0.00026834,0.024800001
,,,0.00026835,0.023200001
,,,0.00026836,0.025600002
,,,0.00026837,0.024000001
,,,0.00026838,0.025600002
,,,0.00026839,0.024800001
,,,0.0002684,0.023200001
,,,0.00026841,0.024000001
,,,0.00026842,0.024800001
,,,0.00026843,0.024000001
,,,0.00026844,0.024000001
,,,0.00026845,0.024800001
,,,0.00026846,0.023200001
,,,0.00026847,0.024800001
,,,0.00026848,0.023200001
,,,0.00026849,0.024800001
,,,0.0002685,0.023200001
,,,0.00026851,0.024000001
,,,0.00026852,0.024000001
,,,0.00026853,0.027200002
,,,0.00026854,0.023200001
,,,0.00026855,0.024000001
,,,0.00026856,0.027200002
,,,0.00026857,0.024000001
,,,0.00026858,0.021600001
,,,0.00026859,0.024000001
,,,0.0002686,0.024000001
,,,0.00026861,0.023200001
,,,0.00026862,0.024000001
,,,0.00026863,0.024000001
,,,0.00026864,0.024000001
,,,0.00026865,0.024800001
,,,0.00026866,0.024000001
,,,0.00026867,0.024000001
,,,0.00026868,0.024000001
,,,0.00026869,0.023200001
,,,0.0002687,0.024000001
,,,0.00026871,0.025600002
,,,0.00026872,0.024000001
,,,0.00026873,0.025600002
,,,0.00026874,0.024800001
,,,0.00026875,0.025600002
,,,0.00026876,0.024000001
,,,0.00026877,0.023200001
,,,0.00026878,0.023200001
,,,0.00026879,0.024800001
,,,0.0002688,0.024000001
,,,0.00026881,0.024000001
,,,0.00026882,0.023200001
,,,0.00026883,0.023200001
,,,0.00026884,0.024800001
,,,0.00026885,0.025600002
,,,0.00026886,0.025600002
,,,0.00026887,0.024800001
,,,0.00026888,0.023200001
,,,0.00026889,0.023200001
,,,0.0002689,0.024800001
,,,0.00026891,0.024800001
,,,0.00026892,0.025600002
,,,0.00026893,0.025600002
,,,0.00026894,0.023200001
,,,0.00026895,0.024000001
,,,0.00026896,0.024000001
,,,0.00026897,0.024000001
,,,0.00026898,0.024000001
,,,0.00026899,0.024800001
,,,0.000269,0.024800001
,,,0.00026901,0.024000001
,,,0.00026902,0.024000001
,,,0.00026903,0.024000001
,,,0.00026904,0.023200001
,,,0.00026905,0.023200001
,,,0.00026906,0.024800001
,,,0.00026907,0.024800001
,,,0.00026908,0.025600002
,,,0.00026909,0.024800001
,,,0.0002691,0.024000001
,,,0.00026911,0.025600002
,,,0.00026912,0.024800001
,,,0.00026913,0.023200001
,,,0.00026914,0.024000001
,,,0.00026915,0.024000001
,,,0.00026916,0.024000001
,,,0.00026917,0.024000001
,,,0.00026918,0.024000001
,,,0.00026919,0.023200001
,,,0.0002692,0.024000001
,,,0.00026921,0.024800001
,,,0.00026922,0.024000001
,,,0.00026923,0.024000001
,,,0.00026924,0.025600002
,,,0.00026925,0.025600002
,,,0.00026926,0.024000001
,,,0.00026927,0.025600002
,,,0.00026928,0.024800001
,,,0.00026929,0.024000001
,,,0.0002693,0.023200001
,,,0.00026931,0.025600002
,,,0.00026932,0.024000001
,,,0.00026933,0.025600002
,,,0.00026934,0.023200001
,,,0.00026935,0.025600002
,,,0.00026936,0.024000001
,,,0.00026937,0.024800001
,,,0.00026938,0.024000001
,,,0.00026939,0.023200001
,,,0.0002694,0.024000001
,,,0.00026941,0.024800001
,,,0.00026942,0.022400001
,,,0.00026943,0.024000001
,,,0.00026944,0.024000001
,,,0.00026945,0.024000001
,,,0.00026946,0.024000001
,,,0.00026947,0.024000001
,,,0.00026948,0.024000001
,,,0.00026949,0.024800001
,,,0.0002695,0.022400001
,,,0.00026951,0.024000001
,,,0.00026952,0.024000001
,,,0.00026953,0.025600002
,,,0.00026954,0.023200001
,,,0.00026955,0.023200001
,,,0.00026956,0.024000001
,,,0.00026957,0.024000001
,,,0.00026958,0.024000001
,,,0.00026959,0.024000001
,,,0.0002696,0.025600002
,,,0.00026961,0.024000001
,,,0.00026962,0.024000001
,,,0.00026963,0.024000001
,,,0.00026964,0.022400001
,,,0.00026965,0.024800001
,,,0.00026966,0.023200001
,,,0.00026967,0.026400002
,,,0.00026968,0.025600002
,,,0.00026969,0.024800001
,,,0.0002697,0.024000001
,,,0.00026971,0.023200001
,,,0.00026972,0.024000001
,,,0.00026973,0.023200001
,,,0.00026974,0.024800001
,,,0.00026975,0.024000001
,,,0.00026976,0.024000001
,,,0.00026977,0.022400001
,,,0.00026978,0.024800001
,,,0.00026979,0.024000001
,,,0.0002698,0.024000001
,,,0.00026981,0.025600002
,,,0.00026982,0.025600002
,,,0.00026983,0.025600002
,,,0.00026984,0.024000001
,,,0.00026985,0.024800001
,,,0.00026986,0.024800001
,,,0.00026987,0.025600002
,,,0.00026988,0.024000001
,,,0.00026989,0.022400001
,,,0.0002699,0.024800001
,,,0.00026991,0.026400002
,,,0.00026992,0.024000001
,,,0.00026993,0.025600002
,,,0.00026994,0.024800001
,,,0.00026995,0.024800001
,,,0.00026996,0.024000001
,,,0.00026997,0.024000001
,,,0.00026998,0.024000001
,,,0.00026999,0.024000001
,,,0.00027,0.024000001
,,,0.00027001,0.024800001
,,,0.00027002,0.024000001
,,,0.00027003,0.025600002
,,,0.00027004,0.024000001
,,,0.00027005,0.024000001
,,,0.00027006,0.024000001
,,,0.00027007,0.024800001
,,,0.00027008,0.024000001
,,,0.00027009,0.024000001
,,,0.0002701,0.024000001
,,,0.00027011,0.024000001
,,,0.00027012,0.025600002
,,,0.00027013,0.023200001
,,,0.00027014,0.024000001
,,,0.00027015,0.024000001
,,,0.00027016,0.024000001
,,,0.00027017,0.024800001
,,,0.00027018,0.023200001
,,,0.00027019,0.024800001
,,,0.0002702,0.024800001
,,,0.00027021,0.024000001
,,,0.00027022,0.024800001
,,,0.00027023,0.025600002
,,,0.00027024,0.024000001
,,,0.00027025,0.023200001
,,,0.00027026,0.024000001
,,,0.00027027,0.024800001
,,,0.00027028,0.024000001
,,,0.00027029,0.024000001
,,,0.0002703,0.024800001
,,,0.00027031,0.024000001
,,,0.00027032,0.024000001
,,,0.00027033,0.024000001
,,,0.00027034,0.024000001
,,,0.00027035,0.024000001
,,,0.00027036,0.023200001
,,,0.00027037,0.024000001
,,,0.00027038,0.024000001
,,,0.00027039,0.024000001
,,,0.0002704,0.026400002
,,,0.00027041,0.024000001
,,,0.00027042,0.023200001
,,,0.00027043,0.024000001
,,,0.00027044,0.024000001
,,,0.00027045,0.023200001
,,,0.00027046,0.024000001
,,,0.00027047,0.024800001
,,,0.00027048,0.024000001
,,,0.00027049,0.024800001
,,,0.0002705,0.023200001
,,,0.00027051,0.024000001
,,,0.00027052,0.024000001
,,,0.00027053,0.024800001
,,,0.00027054,0.025600002
,,,0.00027055,0.024800001
,,,0.00027056,0.024000001
,,,0.00027057,0.024800001
,,,0.00027058,0.024000001
,,,0.00027059,0.024800001
,,,0.0002706,0.024000001
,,,0.00027061,0.026400002
,,,0.00027062,0.023200001
,,,0.00027063,0.024000001
,,,0.00027064,0.026400002
,,,0.00027065,0.021600001
,,,0.00027066,0.024000001
,,,0.00027067,0.022400001
,,,0.00027068,0.025600002
,,,0.00027069,0.024000001
,,,0.0002707,0.024000001
,,,0.00027071,0.024000001
,,,0.00027072,0.024000001
,,,0.00027073,0.024000001
,,,0.00027074,0.023200001
,,,0.00027075,0.024000001
,,,0.00027076,0.024800001
,,,0.00027077,0.025600002
,,,0.00027078,0.023200001
,,,0.00027079,0.024800001
,,,0.0002708,0.024000001
,,,0.00027081,0.024000001
,,,0.00027082,0.025600002
,,,0.00027083,0.024000001
,,,0.00027084,0.024000001
,,,0.00027085,0.024000001
,,,0.00027086,0.024000001
,,,0.00027087,0.024000001
,,,0.00027088,0.024800001
,,,0.00027089,0.025600002
,,,0.0002709,0.024000001
,,,0.00027091,0.024000001
,,,0.00027092,0.023200001
,,,0.00027093,0.024000001
,,,0.00027094,0.024000001
,,,0.00027095,0.024000001
,,,0.00027096,0.024000001
,,,0.00027097,0.024800001
,,,0.00027098,0.024000001
,,,0.00027099,0.024000001
,,,0.000271,0.026400002
,,,0.00027101,0.024800001
,,,0.00027102,0.024800001
,,,0.00027103,0.024000001
,,,0.00027104,0.024000001
,,,0.00027105,0.024000001
,,,0.00027106,0.024000001
,,,0.00027107,0.024800001
,,,0.00027108,0.024000001
,,,0.00027109,0.021600001
,,,0.0002711,0.023200001
,,,0.00027111,0.023200001
,,,0.00027112,0.024000001
,,,0.00027113,0.024000001
,,,0.00027114,0.024000001
,,,0.00027115,0.024000001
,,,0.00027116,0.024000001
,,,0.00027117,0.023200001
,,,0.00027118,0.024800001
,,,0.00027119,0.025600002
,,,0.0002712,0.023200001
,,,0.00027121,0.023200001
,,,0.00027122,0.024000001
,,,0.00027123,0.024000001
,,,0.00027124,0.024000001
,,,0.00027125,0.024800001
,,,0.00027126,0.023200001
,,,0.00027127,0.023200001
,,,0.00027128,0.024800001
,,,0.00027129,0.022400001
,,,0.0002713,0.024000001
,,,0.00027131,0.023200001
,,,0.00027132,0.024000001
,,,0.00027133,0.024000001
,,,0.00027134,0.024800001
,,,0.00027135,0.024800001
,,,0.00027136,0.024800001
,,,0.00027137,0.024000001
,,,0.00027138,0.024000001
,,,0.00027139,0.024000001
,,,0.0002714,0.024000001
,,,0.00027141,0.024800001
,,,0.00027142,0.024800001
,,,0.00027143,0.024800001
,,,0.00027144,0.026400002
,,,0.00027145,0.024800001
,,,0.00027146,0.024000001
,,,0.00027147,0.026400002
,,,0.00027148,0.024000001
,,,0.00027149,0.024800001
,,,0.0002715,0.024000001
,,,0.00027151,0.025600002
,,,0.00027152,0.024000001
,,,0.00027153,0.023200001
,,,0.00027154,0.023200001
,,,0.00027155,0.023200001
,,,0.00027156,0.024800001
,,,0.00027157,0.024000001
,,,0.00027158,0.024000001
,,,0.00027159,0.024000001
,,,0.0002716,0.025600002
,,,0.00027161,0.026400002
,,,0.00027162,0.024000001
,,,0.00027163,0.024000001
,,,0.00027164,0.025600002
,,,0.00027165,0.024800001
,,,0.00027166,0.025600002
,,,0.00027167,0.022400001
,,,0.00027168,0.024800001
,,,0.00027169,0.024000001
,,,0.0002717,0.025600002
,,,0.00027171,0.024000001
,,,0.00027172,0.024000001
,,,0.00027173,0.022400001
,,,0.00027174,0.025600002
,,,0.00027175,0.023200001
,,,0.00027176,0.025600002
,,,0.00027177,0.024000001
,,,0.00027178,0.023200001
,,,0.00027179,0.023200001
,,,0.0002718,0.024800001
,,,0.00027181,0.023200001
,,,0.00027182,0.024000001
,,,0.00027183,0.024800001
,,,0.00027184,0.024000001
,,,0.00027185,0.024000001
,,,0.00027186,0.022400001
,,,0.00027187,0.024800001
,,,0.00027188,0.024000001
,,,0.00027189,0.023200001
,,,0.0002719,0.024000001
,,,0.00027191,0.024800001
,,,0.00027192,0.024800001
,,,0.00027193,0.024800001
,,,0.00027194,0.024800001
,,,0.00027195,0.022400001
,,,0.00027196,0.025600002
,,,0.00027197,0.024800001
,,,0.00027198,0.024000001
,,,0.00027199,0.024000001
,,,0.000272,0.024000001
,,,0.00027201,0.024000001
,,,0.00027202,0.024000001
,,,0.00027203,0.024800001
,,,0.00027204,0.023200001
,,,0.00027205,0.024000001
,,,0.00027206,0.024000001
,,,0.00027207,0.024000001
,,,0.00027208,0.024000001
,,,0.00027209,0.024000001
,,,0.0002721,0.023200001
,,,0.00027211,0.024800001
,,,0.00027212,0.024000001
,,,0.00027213,0.023200001
,,,0.00027214,0.024800001
,,,0.00027215,0.023200001
,,,0.00027216,0.025600002
,,,0.00027217,0.024800001
,,,0.00027218,0.025600002
,,,0.00027219,0.023200001
,,,0.0002722,0.024800001
,,,0.00027221,0.024000001
,,,0.00027222,0.024800001
,,,0.00027223,0.024000001
,,,0.00027224,0.023200001
,,,0.00027225,0.024000001
,,,0.00027226,0.024000001
,,,0.00027227,0.024000001
,,,0.00027228,0.024800001
,,,0.00027229,0.024000001
,,,0.0002723,0.024800001
,,,0.00027231,0.024000001
,,,0.00027232,0.024000001
,,,0.00027233,0.025600002
,,,0.00027234,0.024000001
,,,0.00027235,0.025600002
,,,0.00027236,0.023200001
,,,0.00027237,0.024800001
,,,0.00027238,0.024000001
,,,0.00027239,0.024800001
,,,0.0002724,0.024000001
,,,0.00027241,0.024000001
,,,0.00027242,0.024000001
,,,0.00027243,0.024800001
,,,0.00027244,0.024000001
,,,0.00027245,0.024000001
,,,0.00027246,0.025600002
,,,0.00027247,0.024000001
,,,0.00027248,0.024800001
,,,0.00027249,0.022400001
,,,0.0002725,0.024000001
,,,0.00027251,0.024000001
,,,0.00027252,0.024000001
,,,0.00027253,0.024000001
,,,0.00027254,0.024800001
,,,0.00027255,0.024800001
,,,0.00027256,0.024000001
,,,0.00027257,0.024800001
,,,0.00027258,0.024800001
,,,0.00027259,0.023200001
,,,0.0002726,0.024000001
,,,0.00027261,0.025600002
,,,0.00027262,0.024800001
,,,0.00027263,0.023200001
,,,0.00027264,0.023200001
,,,0.00027265,0.024800001
,,,0.00027266,0.024000001
,,,0.00027267,0.023200001
,,,0.00027268,0.024000001
,,,0.00027269,0.024000001
,,,0.0002727,0.024000001
,,,0.00027271,0.024000001
,,,0.00027272,0.024800001
,,,0.00027273,0.022400001
,,,0.00027274,0.024000001
,,,0.00027275,0.024800001
,,,0.00027276,0.024000001
,,,0.00027277,0.023200001
,,,0.00027278,0.024000001
,,,0.00027279,0.024000001
,,,0.0002728,0.024800001
,,,0.00027281,0.025600002
,,,0.00027282,0.024000001
,,,0.00027283,0.024800001
,,,0.00027284,0.024000001
,,,0.00027285,0.025600002
,,,0.00027286,0.024800001
,,,0.00027287,0.024000001
,,,0.00027288,0.022400001
,,,0.00027289,0.024000001
,,,0.0002729,0.023200001
,,,0.00027291,0.021600001
,,,0.00027292,0.025600002
,,,0.00027293,0.024000001
,,,0.00027294,0.024000001
,,,0.00027295,0.022400001
,,,0.00027296,0.024000001
,,,0.00027297,0.024000001
,,,0.00027298,0.024000001
,,,0.00027299,0.023200001
,,,0.000273,0.024800001
,,,0.00027301,0.023200001
,,,0.00027302,0.025600002
,,,0.00027303,0.024000001
,,,0.00027304,0.025600002
,,,0.00027305,0.023200001
,,,0.00027306,0.024000001
,,,0.00027307,0.025600002
,,,0.00027308,0.024000001
,,,0.00027309,0.023200001
,,,0.0002731,0.025600002
,,,0.00027311,0.023200001
,,,0.00027312,0.024000001
,,,0.00027313,0.022400001
,,,0.00027314,0.025600002
,,,0.00027315,0.022400001
,,,0.00027316,0.024800001
,,,0.00027317,0.024800001
,,,0.00027318,0.024000001
,,,0.00027319,0.024000001
,,,0.0002732,0.024000001
,,,0.00027321,0.022400001
,,,0.00027322,0.024000001
,,,0.00027323,0.024000001
,,,0.00027324,0.025600002
,,,0.00027325,0.024800001
,,,0.00027326,0.024000001
,,,0.00027327,0.024000001
,,,0.00027328,0.024000001
,,,0.00027329,0.024000001
,,,0.0002733,0.024800001
,,,0.00027331,0.024000001
,,,0.00027332,0.024000001
,,,0.00027333,0.024000001
,,,0.00027334,0.024000001
,,,0.00027335,0.024800001
,,,0.00027336,0.024000001
,,,0.00027337,0.024000001
,,,0.00027338,0.025600002
,,,0.00027339,0.024800001
,,,0.0002734,0.023200001
,,,0.00027341,0.023200001
,,,0.00027342,0.024000001
,,,0.00027343,0.022400001
,,,0.00027344,0.024800001
,,,0.00027345,0.024800001
,,,0.00027346,0.024800001
,,,0.00027347,0.024000001
,,,0.00027348,0.024000001
,,,0.00027349,0.023200001
,,,0.0002735,0.023200001
,,,0.00027351,0.024000001
,,,0.00027352,0.024000001
,,,0.00027353,0.024000001
,,,0.00027354,0.023200001
,,,0.00027355,0.023200001
,,,0.00027356,0.024000001
,,,0.00027357,0.025600002
,,,0.00027358,0.024800001
,,,0.00027359,0.025600002
,,,0.0002736,0.024800001
,,,0.00027361,0.023200001
,,,0.00027362,0.024000001
,,,0.00027363,0.024800001
,,,0.00027364,0.024000001
,,,0.00027365,0.023200001
,,,0.00027366,0.024800001
,,,0.00027367,0.024000001
,,,0.00027368,0.024000001
,,,0.00027369,0.024800001
,,,0.0002737,0.025600002
,,,0.00027371,0.023200001
,,,0.00027372,0.024000001
,,,0.00027373,0.023200001
,,,0.00027374,0.024000001
,,,0.00027375,0.024000001
,,,0.00027376,0.024000001
,,,0.00027377,0.024800001
,,,0.00027378,0.024800001
,,,0.00027379,0.024000001
,,,0.0002738,0.024000001
,,,0.00027381,0.024000001
,,,0.00027382,0.024000001
,,,0.00027383,0.024000001
,,,0.00027384,0.023200001
,,,0.00027385,0.027200002
,,,0.00027386,0.025600002
,,,0.00027387,0.023200001
,,,0.00027388,0.024000001
,,,0.00027389,0.023200001
,,,0.0002739,0.023200001
,,,0.00027391,0.024000001
,,,0.00027392,0.024000001
,,,0.00027393,0.024000001
,,,0.00027394,0.024000001
,,,0.00027395,0.023200001
,,,0.00027396,0.022400001
,,,0.00027397,0.024000001
,,,0.00027398,0.024000001
,,,0.00027399,0.025600002
,,,0.000274,0.023200001
,,,0.00027401,0.023200001
,,,0.00027402,0.024000001
,,,0.00027403,0.024800001
,,,0.00027404,0.025600002
,,,0.00027405,0.024000001
,,,0.00027406,0.024000001
,,,0.00027407,0.025600002
,,,0.00027408,0.023200001
,,,0.00027409,0.023200001
,,,0.0002741,0.022400001
,,,0.00027411,0.023200001
,,,0.00027412,0.024000001
,,,0.00027413,0.024800001
,,,0.00027414,0.024000001
,,,0.00027415,0.024000001
,,,0.00027416,0.024000001
,,,0.00027417,0.024000001
,,,0.00027418,0.024000001
,,,0.00027419,0.023200001
,,,0.0002742,0.023200001
,,,0.00027421,0.024000001
,,,0.00027422,0.024800001
,,,0.00027423,0.024800001
,,,0.00027424,0.024000001
,,,0.00027425,0.024800001
,,,0.00027426,0.024800001
,,,0.00027427,0.024000001
,,,0.00027428,0.024000001
,,,0.00027429,0.024000001
,,,0.0002743,0.024000001
,,,0.00027431,0.024000001
,,,0.00027432,0.024000001
,,,0.00027433,0.025600002
,,,0.00027434,0.023200001
,,,0.00027435,0.022400001
,,,0.00027436,0.025600002
,,,0.00027437,0.025600002
,,,0.00027438,0.023200001
,,,0.00027439,0.022400001
,,,0.0002744,0.024800001
,,,0.00027441,0.024000001
,,,0.00027442,0.024800001
,,,0.00027443,0.024800001
,,,0.00027444,0.024000001
,,,0.00027445,0.024000001
,,,0.00027446,0.024000001
,,,0.00027447,0.024800001
,,,0.00027448,0.024800001
,,,0.00027449,0.024000001
,,,0.0002745,0.024800001
,,,0.00027451,0.024000001
,,,0.00027452,0.024800001
,,,0.00027453,0.023200001
,,,0.00027454,0.024800001
,,,0.00027455,0.023200001
,,,0.00027456,0.024800001
,,,0.00027457,0.024000001
,,,0.00027458,0.024800001
,,,0.00027459,0.025600002
,,,0.0002746,0.024000001
,,,0.00027461,0.024000001
,,,0.00027462,0.024000001
,,,0.00027463,0.023200001
,,,0.00027464,0.024000001
,,,0.00027465,0.025600002
,,,0.00027466,0.023200001
,,,0.00027467,0.024000001
,,,0.00027468,0.024800001
,,,0.00027469,0.022400001
,,,0.0002747,0.024800001
,,,0.00027471,0.024000001
,,,0.00027472,0.024000001
,,,0.00027473,0.021600001
,,,0.00027474,0.024000001
,,,0.00027475,0.024000001
,,,0.00027476,0.024000001
,,,0.00027477,0.024000001
,,,0.00027478,0.025600002
,,,0.00027479,0.024000001
,,,0.0002748,0.024000001
,,,0.00027481,0.024000001
,,,0.00027482,0.023200001
,,,0.00027483,0.023200001
,,,0.00027484,0.025600002
,,,0.00027485,0.022400001
,,,0.00027486,0.023200001
,,,0.00027487,0.022400001
,,,0.00027488,0.022400001
,,,0.00027489,0.024000001
,,,0.0002749,0.024000001
,,,0.00027491,0.024000001
,,,0.00027492,0.024000001
,,,0.00027493,0.024000001
,,,0.00027494,0.022400001
,,,0.00027495,0.023200001
,,,0.00027496,0.023200001
,,,0.00027497,0.024000001
,,,0.00027498,0.024000001
,,,0.00027499,0.024000001
,,,0.000275,0.024000001
,,,0.00027501,0.024000001
,,,0.00027502,0.024000001
,,,0.00027503,0.024000001
,,,0.00027504,0.025600002
,,,0.00027505,0.023200001
,,,0.00027506,0.023200001
,,,0.00027507,0.025600002
,,,0.00027508,0.024000001
,,,0.00027509,0.024800001
,,,0.0002751,0.024000001
,,,0.00027511,0.024000001
,,,0.00027512,0.024000001
,,,0.00027513,0.024800001
,,,0.00027514,0.022400001
,,,0.00027515,0.024000001
,,,0.00027516,0.024000001
,,,0.00027517,0.024000001
,,,0.00027518,0.024000001
,,,0.00027519,0.024000001
,,,0.0002752,0.024800001
,,,0.00027521,0.024000001
,,,0.00027522,0.025600002
,,,0.00027523,0.024000001
,,,0.00027524,0.024000001
,,,0.00027525,0.023200001
,,,0.00027526,0.024000001
,,,0.00027527,0.024000001
,,,0.00027528,0.024800001
,,,0.00027529,0.024800001
,,,0.0002753,0.024000001
,,,0.00027531,0.023200001
,,,0.00027532,0.024000001
,,,0.00027533,0.024000001
,,,0.00027534,0.024000001
,,,0.00027535,0.024000001
,,,0.00027536,0.024800001
,,,0.00027537,0.025600002
,,,0.00027538,0.024800001
,,,0.00027539,0.024000001
,,,0.0002754,0.025600002
,,,0.00027541,0.024000001
,,,0.00027542,0.022400001
,,,0.00027543,0.023200001
,,,0.00027544,0.024000001
,,,0.00027545,0.024800001
,,,0.00027546,0.022400001
,,,0.00027547,0.024000001
,,,0.00027548,0.024000001
,,,0.00027549,0.024800001
,,,0.0002755,0.024800001
,,,0.00027551,0.024800001
,,,0.00027552,0.024000001
,,,0.00027553,0.024000001
,,,0.00027554,0.024800001
,,,0.00027555,0.023200001
,,,0.00027556,0.024800001
,,,0.00027557,0.023200001
,,,0.00027558,0.025600002
,,,0.00027559,0.027200002
,,,0.0002756,0.025600002
,,,0.00027561,0.024000001
,,,0.00027562,0.024800001
,,,0.00027563,0.024000001
,,,0.00027564,0.024000001
,,,0.00027565,0.024000001
,,,0.00027566,0.024000001
,,,0.00027567,0.024800001
,,,0.00027568,0.025600002
,,,0.00027569,0.024000001
,,,0.0002757,0.024800001
,,,0.00027571,0.023200001
,,,0.00027572,0.024000001
,,,0.00027573,0.024800001
,,,0.00027574,0.024000001
,,,0.00027575,0.023200001
,,,0.00027576,0.024000001
,,,0.00027577,0.023200001
,,,0.00027578,0.025600002
,,,0.00027579,0.023200001
,,,0.0002758,0.024000001
,,,0.00027581,0.024000001
,,,0.00027582,0.024000001
,,,0.00027583,0.025600002
,,,0.00027584,0.024800001
,,,0.00027585,0.022400001
,,,0.00027586,0.024000001
,,,0.00027587,0.024000001
,,,0.00027588,0.024800001
,,,0.00027589,0.024000001
,,,0.0002759,0.024800001
,,,0.00027591,0.024000001
,,,0.00027592,0.024800001
,,,0.00027593,0.026400002
,,,0.00027594,0.023200001
,,,0.00027595,0.024000001
,,,0.00027596,0.024800001
,,,0.00027597,0.024800001
,,,0.00027598,0.024000001
,,,0.00027599,0.024800001
,,,0.000276,0.024000001
,,,0.00027601,0.024000001
,,,0.00027602,0.024000001
,,,0.00027603,0.025600002
,,,0.00027604,0.024000001
,,,0.00027605,0.024000001
,,,0.00027606,0.025600002
,,,0.00027607,0.024000001
,,,0.00027608,0.023200001
,,,0.00027609,0.023200001
,,,0.0002761,0.024000001
,,,0.00027611,0.023200001
,,,0.00027612,0.024000001
,,,0.00027613,0.024800001
,,,0.00027614,0.024000001
,,,0.00027615,0.024000001
,,,0.00027616,0.026400002
,,,0.00027617,0.024800001
,,,0.00027618,0.024000001
,,,0.00027619,0.024000001
,,,0.0002762,0.024800001
,,,0.00027621,0.024800001
,,,0.00027622,0.024800001
,,,0.00027623,0.024800001
,,,0.00027624,0.023200001
,,,0.00027625,0.025600002
,,,0.00027626,0.024000001
,,,0.00027627,0.023200001
,,,0.00027628,0.024800001
,,,0.00027629,0.024000001
,,,0.0002763,0.022400001
,,,0.00027631,0.023200001
,,,0.00027632,0.023200001
,,,0.00027633,0.024000001
,,,0.00027634,0.024800001
,,,0.00027635,0.024800001
,,,0.00027636,0.024800001
,,,0.00027637,0.024000001
,,,0.00027638,0.024000001
,,,0.00027639,0.024000001
,,,0.0002764,0.024000001
,,,0.00027641,0.024800001
,,,0.00027642,0.025600002
,,,0.00027643,0.024000001
,,,0.00027644,0.023200001
,,,0.00027645,0.024000001
,,,0.00027646,0.024800001
,,,0.00027647,0.023200001
,,,0.00027648,0.024800001
,,,0.00027649,0.024800001
,,,0.0002765,0.024000001
,,,0.00027651,0.023200001
,,,0.00027652,0.024000001
,,,0.00027653,0.023200001
,,,0.00027654,0.024800001
,,,0.00027655,0.024800001
,,,0.00027656,0.024000001
,,,0.00027657,0.024000001
,,,0.00027658,0.024000001
,,,0.00027659,0.025600002
,,,0.0002766,0.024800001
,,,0.00027661,0.024800001
,,,0.00027662,0.024800001
,,,0.00027663,0.024800001
,,,0.00027664,0.024000001
,,,0.00027665,0.021600001
,,,0.00027666,0.024000001
,,,0.00027667,0.024800001
,,,0.00027668,0.024000001
,,,0.00027669,0.024800001
,,,0.0002767,0.024800001
,,,0.00027671,0.025600002
,,,0.00027672,0.024000001
,,,0.00027673,0.024800001
,,,0.00027674,0.024800001
,,,0.00027675,0.024000001
,,,0.00027676,0.025600002
,,,0.00027677,0.024000001
,,,0.00027678,0.024000001
,,,0.00027679,0.024000001
,,,0.0002768,0.024000001
,,,0.00027681,0.025600002
,,,0.00027682,0.023200001
,,,0.00027683,0.024000001
,,,0.00027684,0.024800001
,,,0.00027685,0.026400002
,,,0.00027686,0.024000001
,,,0.00027687,0.024000001
,,,0.00027688,0.023200001
,,,0.00027689,0.024000001
,,,0.0002769,0.024800001
,,,0.00027691,0.024000001
,,,0.00027692,0.024800001
,,,0.00027693,0.025600002
,,,0.00027694,0.024000001
,,,0.00027695,0.024000001
,,,0.00027696,0.024000001
,,,0.00027697,0.024800001
,,,0.00027698,0.024000001
,,,0.00027699,0.024800001
,,,0.000277,0.024000001
,,,0.00027701,0.024000001
,,,0.00027702,0.023200001
,,,0.00027703,0.024000001
,,,0.00027704,0.024800001
,,,0.00027705,0.024800001
,,,0.00027706,0.022400001
,,,0.00027707,0.023200001
,,,0.00027708,0.024800001
,,,0.00027709,0.024800001
,,,0.0002771,0.024000001
,,,0.00027711,0.024800001
,,,0.00027712,0.024800001
,,,0.00027713,0.024000001
,,,0.00027714,0.023200001
,,,0.00027715,0.024000001
,,,0.00027716,0.025600002
,,,0.00027717,0.024800001
,,,0.00027718,0.024000001
,,,0.00027719,0.024000001
,,,0.0002772,0.024000001
,,,0.00027721,0.024000001
,,,0.00027722,0.024000001
,,,0.00027723,0.024000001
,,,0.00027724,0.024800001
,,,0.00027725,0.024800001
,,,0.00027726,0.025600002
,,,0.00027727,0.025600002
,,,0.00027728,0.024000001
,,,0.00027729,0.022400001
,,,0.0002773,0.024000001
,,,0.00027731,0.024000001
,,,0.00027732,0.024800001
,,,0.00027733,0.024800001
,,,0.00027734,0.025600002
,,,0.00027735,0.024800001
,,,0.00027736,0.022400001
,,,0.00027737,0.024800001
,,,0.00027738,0.022400001
,,,0.00027739,0.024800001
,,,0.0002774,0.024000001
,,,0.00027741,0.023200001
,,,0.00027742,0.024000001
,,,0.00027743,0.023200001
,,,0.00027744,0.024800001
,,,0.00027745,0.024000001
,,,0.00027746,0.024000001
,,,0.00027747,0.024800001
,,,0.00027748,0.024800001
,,,0.00027749,0.024000001
,,,0.0002775,0.024000001
,,,0.00027751,0.025600002
,,,0.00027752,0.024000001
,,,0.00027753,0.024800001
,,,0.00027754,0.024000001
,,,0.00027755,0.024800001
,,,0.00027756,0.023200001
,,,0.00027757,0.024800001
,,,0.00027758,0.025600002
,,,0.00027759,0.024000001
,,,0.0002776,0.024800001
,,,0.00027761,0.023200001
,,,0.00027762,0.024000001
,,,0.00027763,0.024800001
,,,0.00027764,0.024000001
,,,0.00027765,0.024000001
,,,0.00027766,0.025600002
,,,0.00027767,0.024000001
,,,0.00027768,0.024000001
,,,0.00027769,0.023200001
,,,0.0002777,0.024000001
,,,0.00027771,0.024800001
,,,0.00027772,0.024800001
,,,0.00027773,0.024000001
,,,0.00027774,0.024800001
,,,0.00027775,0.024000001
,,,0.00027776,0.025600002
,,,0.00027777,0.023200001
,,,0.00027778,0.024000001
,,,0.00027779,0.024000001
,,,0.0002778,0.024800001
,,,0.00027781,0.024000001
,,,0.00027782,0.024800001
,,,0.00027783,0.024000001
,,,0.00027784,0.024800001
,,,0.00027785,0.023200001
,,,0.00027786,0.024000001
,,,0.00027787,0.024000001
,,,0.00027788,0.024000001
,,,0.00027789,0.024800001
,,,0.0002779,0.024000001
,,,0.00027791,0.024000001
,,,0.00027792,0.023200001
,,,0.00027793,0.024000001
,,,0.00027794,0.024800001
,,,0.00027795,0.024000001
,,,0.00027796,0.025600002
,,,0.00027797,0.024000001
,,,0.00027798,0.024000001
,,,0.00027799,0.024800001
,,,0.000278,0.022400001
,,,0.00027801,0.024000001
,,,0.00027802,0.024800001
,,,0.00027803,0.024000001
,,,0.00027804,0.024000001
,,,0.00027805,0.024000001
,,,0.00027806,0.024800001
,,,0.00027807,0.025600002
,,,0.00027808,0.024000001
,,,0.00027809,0.024800001
,,,0.0002781,0.024000001
,,,0.00027811,0.024000001
,,,0.00027812,0.024000001
,,,0.00027813,0.024000001
,,,0.00027814,0.024800001
,,,0.00027815,0.025600002
,,,0.00027816,0.024000001
,,,0.00027817,0.024000001
,,,0.00027818,0.022400001
,,,0.00027819,0.023200001
,,,0.0002782,0.023200001
,,,0.00027821,0.024800001
,,,0.00027822,0.024800001
,,,0.00027823,0.024800001
,,,0.00027824,0.024000001
,,,0.00027825,0.025600002
,,,0.00027826,0.025600002
,,,0.00027827,0.024000001
,,,0.00027828,0.025600002
,,,0.00027829,0.024000001
,,,0.0002783,0.024800001
,,,0.00027831,0.024000001
,,,0.00027832,0.024800001
,,,0.00027833,0.024800001
,,,0.00027834,0.024800001
,,,0.00027835,0.024000001
,,,0.00027836,0.024000001
,,,0.00027837,0.023200001
,,,0.00027838,0.024000001
,,,0.00027839,0.024000001
,,,0.0002784,0.024000001
,,,0.00027841,0.025600002
,,,0.00027842,0.025600002
,,,0.00027843,0.024000001
,,,0.00027844,0.023200001
,,,0.00027845,0.025600002
,,,0.00027846,0.024000001
,,,0.00027847,0.024000001
,,,0.00027848,0.024800001
,,,0.00027849,0.025600002
,,,0.0002785,0.027200002
,,,0.00027851,0.024800001
,,,0.00027852,0.024000001
,,,0.00027853,0.024000001
,,,0.00027854,0.024000001
,,,0.00027855,0.024000001
,,,0.00027856,0.024000001
,,,0.00027857,0.024800001
,,,0.00027858,0.024800001
,,,0.00027859,0.022400001
,,,0.0002786,0.024800001
,,,0.00027861,0.024000001
,,,0.00027862,0.024000001
,,,0.00027863,0.024000001
,,,0.00027864,0.024000001
,,,0.00027865,0.025600002
,,,0.00027866,0.024800001
,,,0.00027867,0.024000001
,,,0.00027868,0.024800001
,,,0.00027869,0.024000001
,,,0.0002787,0.024000001
,,,0.00027871,0.024000001
,,,0.00027872,0.023200001
,,,0.00027873,0.024800001
,,,0.00027874,0.025600002
,,,0.00027875,0.024800001
,,,0.00027876,0.025600002
,,,0.00027877,0.024800001
,,,0.00027878,0.024000001
,,,0.00027879,0.023200001
,,,0.0002788,0.025600002
,,,0.00027881,0.024000001
,,,0.00027882,0.024000001
,,,0.00027883,0.024000001
,,,0.00027884,0.024000001
,,,0.00027885,0.024000001
,,,0.00027886,0.021600001
,,,0.00027887,0.024000001
,,,0.00027888,0.024800001
,,,0.00027889,0.023200001
,,,0.0002789,0.023200001
,,,0.00027891,0.026400002
,,,0.00027892,0.024000001
,,,0.00027893,0.024000001
,,,0.00027894,0.024000001
,,,0.00027895,0.024800001
,,,0.00027896,0.024800001
,,,0.00027897,0.026400002
,,,0.00027898,0.024000001
,,,0.00027899,0.024000001
,,,0.000279,0.024800001
,,,0.00027901,0.024800001
,,,0.00027902,0.024000001
,,,0.00027903,0.024000001
,,,0.00027904,0.024000001
,,,0.00027905,0.023200001
,,,0.00027906,0.024000001
,,,0.00027907,0.025600002
,,,0.00027908,0.023200001
,,,0.00027909,0.024000001
,,,0.0002791,0.024800001
,,,0.00027911,0.024000001
,,,0.00027912,0.023200001
,,,0.00027913,0.023200001
,,,0.00027914,0.023200001
,,,0.00027915,0.024000001
,,,0.00027916,0.024800001
,,,0.00027917,0.024000001
,,,0.00027918,0.024800001
,,,0.00027919,0.023200001
,,,0.0002792,0.024800001
,,,0.00027921,0.024000001
,,,0.00027922,0.024000001
,,,0.00027923,0.023200001
,,,0.00027924,0.024800001
,,,0.00027925,0.024000001
,,,0.00027926,0.024800001
,,,0.00027927,0.024800001
,,,0.00027928,0.024000001
,,,0.00027929,0.024800001
,,,0.0002793,0.025600002
,,,0.00027931,0.023200001
,,,0.00027932,0.024800001
,,,0.00027933,0.024800001
,,,0.00027934,0.025600002
,,,0.00027935,0.024000001
,,,0.00027936,0.024000001
,,,0.00027937,0.024000001
,,,0.00027938,0.022400001
,,,0.00027939,0.024000001
,,,0.0002794,0.023200001
,,,0.00027941,0.024000001
,,,0.00027942,0.024800001
,,,0.00027943,0.024800001
,,,0.00027944,0.023200001
,,,0.00027945,0.023200001
,,,0.00027946,0.023200001
,,,0.00027947,0.024800001
,,,0.00027948,0.025600002
,,,0.00027949,0.024000001
,,,0.0002795,0.024000001
,,,0.00027951,0.024000001
,,,0.00027952,0.024000001
,,,0.00027953,0.024000001
,,,0.00027954,0.026400002
,,,0.00027955,0.025600002
,,,0.00027956,0.024000001
,,,0.00027957,0.023200001
,,,0.00027958,0.024800001
,,,0.00027959,0.024800001
,,,0.0002796,0.024000001
,,,0.00027961,0.023200001
,,,0.00027962,0.024000001
,,,0.00027963,0.024000001
,,,0.00027964,0.024000001
,,,0.00027965,0.024800001
,,,0.00027966,0.024800001
,,,0.00027967,0.024000001
,,,0.00027968,0.022400001
,,,0.00027969,0.024000001
,,,0.0002797,0.024000001
,,,0.00027971,0.023200001
,,,0.00027972,0.024000001
,,,0.00027973,0.024000001
,,,0.00027974,0.024800001
,,,0.00027975,0.024000001
,,,0.00027976,0.024000001
,,,0.00027977,0.021600001
,,,0.00027978,0.024000001
,,,0.00027979,0.024000001
,,,0.0002798,0.024800001
,,,0.00027981,0.025600002
,,,0.00027982,0.023200001
,,,0.00027983,0.024000001
,,,0.00027984,0.024000001
,,,0.00027985,0.024000001
,,,0.00027986,0.025600002
,,,0.00027987,0.024000001
,,,0.00027988,0.024800001
,,,0.00027989,0.024000001
,,,0.0002799,0.025600002
,,,0.00027991,0.024000001
,,,0.00027992,0.024000001
,,,0.00027993,0.024000001
,,,0.00027994,0.023200001
,,,0.00027995,0.023200001
,,,0.00027996,0.024000001
,,,0.00027997,0.024000001
,,,0.00027998,0.024800001
,,,0.00027999,0.024800001
,,,0.00028,0.024800001
,,,0.00028001,0.024000001
,,,0.00028002,0.024000001
,,,0.00028003,0.022400001
,,,0.00028004,0.024000001
,,,0.00028005,0.024000001
,,,0.00028006,0.025600002
,,,0.00028007,0.023200001
,,,0.00028008,0.024800001
,,,0.00028009,0.023200001
,,,0.0002801,0.024000001
,,,0.00028011,0.023200001
,,,0.00028012,0.025600002
,,,0.00028013,0.024000001
,,,0.00028014,0.024800001
,,,0.00028015,0.024800001
,,,0.00028016,0.024800001
,,,0.00028017,0.024000001
,,,0.00028018,0.026400002
,,,0.00028019,0.024000001
,,,0.0002802,0.024000001
,,,0.00028021,0.024000001
,,,0.00028022,0.024000001
,,,0.00028023,0.024000001
,,,0.00028024,0.024000001
,,,0.00028025,0.024800001
,,,0.00028026,0.025600002
,,,0.00028027,0.024800001
,,,0.00028028,0.024000001
,,,0.00028029,0.024800001
,,,0.0002803,0.024000001
,,,0.00028031,0.022400001
,,,0.00028032,0.025600002
,,,0.00028033,0.025600002
,,,0.00028034,0.024800001
,,,0.00028035,0.024000001
,,,0.00028036,0.024000001
,,,0.00028037,0.025600002
,,,0.00028038,0.024000001
,,,0.00028039,0.024000001
,,,0.0002804,0.024000001
,,,0.00028041,0.024000001
,,,0.00028042,0.024800001
,,,0.00028043,0.024800001
,,,0.00028044,0.024800001
,,,0.00028045,0.024000001
,,,0.00028046,0.024800001
,,,0.00028047,0.024000001
,,,0.00028048,0.024000001
,,,0.00028049,0.024000001
,,,0.0002805,0.025600002
,,,0.00028051,0.025600002
,,,0.00028052,0.023200001
,,,0.00028053,0.024000001
,,,0.00028054,0.024000001
,,,0.00028055,0.025600002
,,,0.00028056,0.026400002
,,,0.00028057,0.023200001
,,,0.00028058,0.024000001
,,,0.00028059,0.021600001
,,,0.0002806,0.024800001
,,,0.00028061,0.025600002
,,,0.00028062,0.024000001
,,,0.00028063,0.024000001
,,,0.00028064,0.024800001
,,,0.00028065,0.024800001
,,,0.00028066,0.023200001
,,,0.00028067,0.023200001
,,,0.00028068,0.024800001
,,,0.00028069,0.024000001
,,,0.0002807,0.025600002
,,,0.00028071,0.025600002
,,,0.00028072,0.024800001
,,,0.00028073,0.024000001
,,,0.00028074,0.024000001
,,,0.00028075,0.024000001
,,,0.00028076,0.024000001
,,,0.00028077,0.024000001
,,,0.00028078,0.025600002
,,,0.00028079,0.024000001
,,,0.0002808,0.023200001
,,,0.00028081,0.023200001
,,,0.00028082,0.024000001
,,,0.00028083,0.024000001
,,,0.00028084,0.024000001
,,,0.00028085,0.024000001
,,,0.00028086,0.024000001
,,,0.00028087,0.024800001
,,,0.00028088,0.022400001
,,,0.00028089,0.024000001
,,,0.0002809,0.024800001
,,,0.00028091,0.024000001
,,,0.00028092,0.025600002
,,,0.00028093,0.024000001
,,,0.00028094,0.024000001
,,,0.00028095,0.023200001
,,,0.00028096,0.024000001
,,,0.00028097,0.026400002
,,,0.00028098,0.024000001
,,,0.00028099,0.024000001
,,,0.000281,0.024000001
,,,0.00028101,0.023200001
,,,0.00028102,0.024000001
,,,0.00028103,0.024000001
,,,0.00028104,0.024800001
,,,0.00028105,0.022400001
,,,0.00028106,0.024000001
,,,0.00028107,0.022400001
,,,0.00028108,0.025600002
,,,0.00028109,0.022400001
,,,0.0002811,0.024800001
,,,0.00028111,0.021600001
,,,0.00028112,0.024000001
,,,0.00028113,0.024000001
,,,0.00028114,0.023200001
,,,0.00028115,0.024800001
,,,0.00028116,0.024000001
,,,0.00028117,0.024000001
,,,0.00028118,0.023200001
,,,0.00028119,0.024000001
,,,0.0002812,0.024000001
,,,0.00028121,0.024800001
,,,0.00028122,0.024800001
,,,0.00028123,0.024000001
,,,0.00028124,0.023200001
,,,0.00028125,0.024800001
,,,0.00028126,0.024800001
,,,0.00028127,0.024800001
,,,0.00028128,0.024000001
,,,0.00028129,0.024000001
,,,0.0002813,0.024000001
,,,0.00028131,0.023200001
,,,0.00028132,0.023200001
,,,0.00028133,0.024800001
,,,0.00028134,0.023200001
,,,0.00028135,0.024800001
,,,0.00028136,0.024000001
,,,0.00028137,0.022400001
,,,0.00028138,0.024800001
,,,0.00028139,0.024800001
,,,0.0002814,0.024000001
,,,0.00028141,0.024800001
,,,0.00028142,0.023200001
,,,0.00028143,0.024000001
,,,0.00028144,0.022400001
,,,0.00028145,0.023200001
,,,0.00028146,0.024000001
,,,0.00028147,0.023200001
,,,0.00028148,0.024000001
,,,0.00028149,0.024000001
,,,0.0002815,0.024000001
,,,0.00028151,0.024800001
,,,0.00028152,0.024800001
,,,0.00028153,0.025600002
,,,0.00028154,0.021600001
,,,0.00028155,0.024000001
,,,0.00028156,0.024000001
,,,0.00028157,0.024000001
,,,0.00028158,0.023200001
,,,0.00028159,0.025600002
,,,0.0002816,0.025600002
,,,0.00028161,0.023200001
,,,0.00028162,0.024800001
,,,0.00028163,0.023200001
,,,0.00028164,0.023200001
,,,0.00028165,0.023200001
,,,0.00028166,0.025600002
,,,0.00028167,0.025600002
,,,0.00028168,0.024800001
,,,0.00028169,0.024000001
,,,0.0002817,0.025600002
,,,0.00028171,0.024000001
,,,0.00028172,0.024800001
,,,0.00028173,0.024000001
,,,0.00028174,0.024800001
,,,0.00028175,0.024000001
,,,0.00028176,0.024800001
,,,0.00028177,0.024000001
,,,0.00028178,0.024000001
,,,0.00028179,0.024000001
,,,0.0002818,0.025600002
,,,0.00028181,0.024800001
,,,0.00028182,0.024000001
,,,0.00028183,0.024800001
,,,0.00028184,0.024000001
,,,0.00028185,0.022400001
,,,0.00028186,0.024000001
,,,0.00028187,0.023200001
,,,0.00028188,0.024000001
,,,0.00028189,0.024000001
,,,0.0002819,0.024000001
,,,0.00028191,0.024800001
,,,0.00028192,0.024000001
,,,0.00028193,0.024800001
,,,0.00028194,0.023200001
,,,0.00028195,0.024000001
,,,0.00028196,0.024000001
,,,0.00028197,0.024000001
,,,0.00028198,0.024000001
,,,0.00028199,0.024000001
,,,0.000282,0.023200001
,,,0.00028201,0.023200001
,,,0.00028202,0.024000001
,,,0.00028203,0.022400001
,,,0.00028204,0.024000001
,,,0.00028205,0.025600002
,,,0.00028206,0.024000001
,,,0.00028207,0.024000001
,,,0.00028208,0.024800001
,,,0.00028209,0.024000001
,,,0.0002821,0.023200001
,,,0.00028211,0.024000001
,,,0.00028212,0.025600002
,,,0.00028213,0.024800001
,,,0.00028214,0.023200001
,,,0.00028215,0.024000001
,,,0.00028216,0.023200001
,,,0.00028217,0.024000001
,,,0.00028218,0.024000001
,,,0.00028219,0.024000001
,,,0.0002822,0.023200001
,,,0.00028221,0.023200001
,,,0.00028222,0.024000001
,,,0.00028223,0.024000001
,,,0.00028224,0.024000001
,,,0.00028225,0.024000001
,,,0.00028226,0.025600002
,,,0.00028227,0.024000001
,,,0.00028228,0.023200001
,,,0.00028229,0.023200001
,,,0.0002823,0.024800001
,,,0.00028231,0.024000001
,,,0.00028232,0.024000001
,,,0.00028233,0.023200001
,,,0.00028234,0.024000001
,,,0.00028235,0.024800001
,,,0.00028236,0.023200001
,,,0.00028237,0.024000001
,,,0.00028238,0.023200001
,,,0.00028239,0.024800001
,,,0.0002824,0.024000001
,,,0.00028241,0.024800001
,,,0.00028242,0.024800001
,,,0.00028243,0.024800001
,,,0.00028244,0.024000001
,,,0.00028245,0.023200001
,,,0.00028246,0.026400002
,,,0.00028247,0.025600002
,,,0.00028248,0.024000001
,,,0.00028249,0.025600002
,,,0.0002825,0.023200001
,,,0.00028251,0.023200001
,,,0.00028252,0.024800001
,,,0.00028253,0.023200001
,,,0.00028254,0.024000001
,,,0.00028255,0.024000001
,,,0.00028256,0.024000001
,,,0.00028257,0.024800001
,,,0.00028258,0.023200001
,,,0.00028259,0.024000001
,,,0.0002826,0.024000001
,,,0.00028261,0.025600002
,,,0.00028262,0.025600002
,,,0.00028263,0.025600002
,,,0.00028264,0.024800001
,,,0.00028265,0.023200001
,,,0.00028266,0.024000001
,,,0.00028267,0.025600002
,,,0.00028268,0.024800001
,,,0.00028269,0.023200001
,,,0.0002827,0.023200001
,,,0.00028271,0.025600002
,,,0.00028272,0.022400001
,,,0.00028273,0.024000001
,,,0.00028274,0.024000001
,,,0.00028275,0.024800001
,,,0.00028276,0.024000001
,,,0.00028277,0.024000001
,,,0.00028278,0.023200001
,,,0.00028279,0.024000001
,,,0.0002828,0.024000001
,,,0.00028281,0.024800001
,,,0.00028282,0.024000001
,,,0.00028283,0.024800001
,,,0.00028284,0.024000001
,,,0.00028285,0.024000001
,,,0.00028286,0.023200001
,,,0.00028287,0.021600001
,,,0.00028288,0.024000001
,,,0.00028289,0.022400001
,,,0.0002829,0.023200001
,,,0.00028291,0.024000001
,,,0.00028292,0.024000001
,,,0.00028293,0.023200001
,,,0.00028294,0.024800001
,,,0.00028295,0.024000001
,,,0.00028296,0.026400002
,,,0.00028297,0.024800001
,,,0.00028298,0.024800001
,,,0.00028299,0.023200001
,,,0.000283,0.024000001
,,,0.00028301,0.024800001
,,,0.00028302,0.026400002
,,,0.00028303,0.024000001
,,,0.00028304,0.024000001
,,,0.00028305,0.023200001
,,,0.00028306,0.024000001
,,,0.00028307,0.024000001
,,,0.00028308,0.024000001
,,,0.00028309,0.024800001
,,,0.0002831,0.025600002
,,,0.00028311,0.023200001
,,,0.00028312,0.024800001
,,,0.00028313,0.024800001
,,,0.00028314,0.023200001
,,,0.00028315,0.024800001
,,,0.00028316,0.024000001
,,,0.00028317,0.023200001
,,,0.00028318,0.025600002
,,,0.00028319,0.024000001
,,,0.0002832,0.023200001
,,,0.00028321,0.024000001
,,,0.00028322,0.024800001
,,,0.00028323,0.024000001
,,,0.00028324,0.023200001
,,,0.00028325,0.026400002
,,,0.00028326,0.025600002
,,,0.00028327,0.024800001
,,,0.00028328,0.024000001
,,,0.00028329,0.024000001
,,,0.0002833,0.024000001
,,,0.00028331,0.025600002
,,,0.00028332,0.024000001
,,,0.00028333,0.023200001
,,,0.00028334,0.024000001
,,,0.00028335,0.023200001
,,,0.00028336,0.025600002
,,,0.00028337,0.024800001
,,,0.00028338,0.023200001
,,,0.00028339,0.025600002
,,,0.0002834,0.024800001
,,,0.00028341,0.023200001
,,,0.00028342,0.025600002
,,,0.00028343,0.024000001
,,,0.00028344,0.024800001
,,,0.00028345,0.024000001
,,,0.00028346,0.023200001
,,,0.00028347,0.024000001
,,,0.00028348,0.026400002
,,,0.00028349,0.027200002
,,,0.0002835,0.025600002
,,,0.00028351,0.023200001
,,,0.00028352,0.024000001
,,,0.00028353,0.024000001
,,,0.00028354,0.025600002
,,,0.00028355,0.023200001
,,,0.00028356,0.023200001
,,,0.00028357,0.023200001
,,,0.00028358,0.023200001
,,,0.00028359,0.025600002
,,,0.0002836,0.023200001
,,,0.00028361,0.025600002
,,,0.00028362,0.024000001
,,,0.00028363,0.022400001
,,,0.00028364,0.021600001
,,,0.00028365,0.024000001
,,,0.00028366,0.025600002
,,,0.00028367,0.024000001
,,,0.00028368,0.025600002
,,,0.00028369,0.023200001
,,,0.0002837,0.024000001
,,,0.00028371,0.024000001
,,,0.00028372,0.024000001
,,,0.00028373,0.024000001
,,,0.00028374,0.024000001
,,,0.00028375,0.024000001
,,,0.00028376,0.024000001
,,,0.00028377,0.024000001
,,,0.00028378,0.024000001
,,,0.00028379,0.024000001
,,,0.0002838,0.024000001
,,,0.00028381,0.024000001
,,,0.00028382,0.024000001
,,,0.00028383,0.022400001
,,,0.00028384,0.024800001
,,,0.00028385,0.024800001
,,,0.00028386,0.024800001
,,,0.00028387,0.024800001
,,,0.00028388,0.024800001
,,,0.00028389,0.024000001
,,,0.0002839,0.025600002
,,,0.00028391,0.024000001
,,,0.00028392,0.023200001
,,,0.00028393,0.024000001
,,,0.00028394,0.024000001
,,,0.00028395,0.024000001
,,,0.00028396,0.024800001
,,,0.00028397,0.023200001
,,,0.00028398,0.023200001
,,,0.00028399,0.025600002
,,,0.000284,0.024800001
,,,0.00028401,0.024000001
,,,0.00028402,0.024000001
,,,0.00028403,0.024000001
,,,0.00028404,0.024000001
,,,0.00028405,0.024800001
,,,0.00028406,0.021600001
,,,0.00028407,0.024800001
,,,0.00028408,0.024800001
,,,0.00028409,0.024000001
,,,0.0002841,0.023200001
,,,0.00028411,0.025600002
,,,0.00028412,0.025600002
,,,0.00028413,0.024000001
,,,0.00028414,0.024800001
,,,0.00028415,0.024000001
,,,0.00028416,0.024000001
,,,0.00028417,0.024000001
,,,0.00028418,0.024800001
,,,0.00028419,0.024000001
,,,0.0002842,0.025600002
,,,0.00028421,0.024000001
,,,0.00028422,0.023200001
,,,0.00028423,0.022400001
,,,0.00028424,0.024000001
,,,0.00028425,0.023200001
,,,0.00028426,0.024000001
,,,0.00028427,0.024000001
,,,0.00028428,0.025600002
,,,0.00028429,0.024000001
,,,0.0002843,0.024000001
,,,0.00028431,0.023200001
,,,0.00028432,0.024800001
,,,0.00028433,0.025600002
,,,0.00028434,0.024000001
,,,0.00028435,0.025600002
,,,0.00028436,0.024000001
,,,0.00028437,0.024000001
,,,0.00028438,0.024000001
,,,0.00028439,0.022400001
,,,0.0002844,0.024800001
,,,0.00028441,0.024800001
,,,0.00028442,0.024800001
,,,0.00028443,0.024000001
,,,0.00028444,0.024800001
,,,0.00028445,0.023200001
,,,0.00028446,0.023200001
,,,0.00028447,0.024000001
,,,0.00028448,0.025600002
,,,0.00028449,0.024000001
,,,0.0002845,0.024000001
,,,0.00028451,0.025600002
,,,0.00028452,0.024000001
,,,0.00028453,0.024800001
,,,0.00028454,0.025600002
,,,0.00028455,0.024000001
,,,0.00028456,0.024800001
,,,0.00028457,0.025600002
,,,0.00028458,0.024000001
,,,0.00028459,0.024000001
,,,0.0002846,0.021600001
,,,0.00028461,0.023200001
,,,0.00028462,0.025600002
,,,0.00028463,0.024000001
,,,0.00028464,0.023200001
,,,0.00028465,0.024000001
,,,0.00028466,0.025600002
,,,0.00028467,0.024800001
,,,0.00028468,0.024800001
,,,0.00028469,0.024000001
,,,0.0002847,0.023200001
,,,0.00028471,0.024000001
,,,0.00028472,0.024800001
,,,0.00028473,0.024000001
,,,0.00028474,0.024800001
,,,0.00028475,0.024000001
,,,0.00028476,0.024800001
,,,0.00028477,0.025600002
,,,0.00028478,0.025600002
,,,0.00028479,0.024800001
,,,0.0002848,0.024000001
,,,0.00028481,0.023200001
,,,0.00028482,0.023200001
,,,0.00028483,0.023200001
,,,0.00028484,0.023200001
,,,0.00028485,0.024800001
,,,0.00028486,0.024800001
,,,0.00028487,0.024800001
,,,0.00028488,0.024800001
,,,0.00028489,0.024000001
,,,0.0002849,0.023200001
,,,0.00028491,0.024000001
,,,0.00028492,0.026400002
,,,0.00028493,0.024000001
,,,0.00028494,0.024000001
,,,0.00028495,0.024800001
,,,0.00028496,0.024000001
,,,0.00028497,0.024800001
,,,0.00028498,0.024000001
,,,0.00028499,0.021600001
,,,0.000285,0.023200001
,,,0.00028501,0.024000001
,,,0.00028502,0.024000001
,,,0.00028503,0.024000001
,,,0.00028504,0.024800001
,,,0.00028505,0.024000001
,,,0.00028506,0.023200001
,,,0.00028507,0.024000001
,,,0.00028508,0.024800001
,,,0.00028509,0.025600002
,,,0.0002851,0.024000001
,,,0.00028511,0.024800001
,,,0.00028512,0.023200001
,,,0.00028513,0.024800001
,,,0.00028514,0.024000001
,,,0.00028515,0.024000001
,,,0.00028516,0.024000001
,,,0.00028517,0.024000001
,,,0.00028518,0.025600002
,,,0.00028519,0.023200001
,,,0.0002852,0.024000001
,,,0.00028521,0.024000001
,,,0.00028522,0.024800001
,,,0.00028523,0.024000001
,,,0.00028524,0.023200001
,,,0.00028525,0.025600002
,,,0.00028526,0.024000001
,,,0.00028527,0.024000001
,,,0.00028528,0.024800001
,,,0.00028529,0.024800001
,,,0.0002853,0.024800001
,,,0.00028531,0.023200001
,,,0.00028532,0.024000001
,,,0.00028533,0.024000001
,,,0.00028534,0.024800001
,,,0.00028535,0.024000001
,,,0.00028536,0.024000001
,,,0.00028537,0.024000001
,,,0.00028538,0.024000001
,,,0.00028539,0.024000001
,,,0.0002854,0.026400002
,,,0.00028541,0.023200001
,,,0.00028542,0.024000001
,,,0.00028543,0.024000001
,,,0.00028544,0.024800001
,,,0.00028545,0.024000001
,,,0.00028546,0.023200001
,,,0.00028547,0.023200001
,,,0.00028548,0.024800001
,,,0.00028549,0.024800001
,,,0.0002855,0.024000001
,,,0.00028551,0.024000001
,,,0.00028552,0.024800001
,,,0.00028553,0.024000001
,,,0.00028554,0.022400001
,,,0.00028555,0.024000001
,,,0.00028556,0.024000001
,,,0.00028557,0.024800001
,,,0.00028558,0.025600002
,,,0.00028559,0.024800001
,,,0.0002856,0.024800001
,,,0.00028561,0.024000001
,,,0.00028562,0.024000001
,,,0.00028563,0.025600002
,,,0.00028564,0.023200001
,,,0.00028565,0.024000001
,,,0.00028566,0.024800001
,,,0.00028567,0.024000001
,,,0.00028568,0.024000001
,,,0.00028569,0.024000001
,,,0.0002857,0.024000001
,,,0.00028571,0.023200001
,,,0.00028572,0.023200001
,,,0.00028573,0.023200001
,,,0.00028574,0.023200001
,,,0.00028575,0.024000001
,,,0.00028576,0.024000001
,,,0.00028577,0.024000001
,,,0.00028578,0.024800001
,,,0.00028579,0.024000001
,,,0.0002858,0.024800001
,,,0.00028581,0.024800001
,,,0.00028582,0.024000001
,,,0.00028583,0.024000001
,,,0.00028584,0.024800001
,,,0.00028585,0.024800001
,,,0.00028586,0.022400001
,,,0.00028587,0.024000001
,,,0.00028588,0.025600002
,,,0.00028589,0.024800001
,,,0.0002859,0.024800001
,,,0.00028591,0.024000001
,,,0.00028592,0.024000001
,,,0.00028593,0.023200001
,,,0.00028594,0.024000001
,,,0.00028595,0.023200001
,,,0.00028596,0.024000001
,,,0.00028597,0.024000001
,,,0.00028598,0.025600002
,,,0.00028599,0.024800001
,,,0.000286,0.022400001
,,,0.00028601,0.024000001
,,,0.00028602,0.025600002
,,,0.00028603,0.024800001
,,,0.00028604,0.024000001
,,,0.00028605,0.024000001
,,,0.00028606,0.024000001
,,,0.00028607,0.024000001
,,,0.00028608,0.024800001
,,,0.00028609,0.024800001
,,,0.0002861,0.025600002
,,,0.00028611,0.024000001
,,,0.00028612,0.023200001
,,,0.00028613,0.024000001
,,,0.00028614,0.024800001
,,,0.00028615,0.023200001
,,,0.00028616,0.023200001
,,,0.00028617,0.024000001
,,,0.00028618,0.024800001
,,,0.00028619,0.024800001
,,,0.0002862,0.025600002
,,,0.00028621,0.024800001
,,,0.00028622,0.025600002
,,,0.00028623,0.023200001
,,,0.00028624,0.024800001
,,,0.00028625,0.024000001
,,,0.00028626,0.023200001
,,,0.00028627,0.024800001
,,,0.00028628,0.025600002
,,,0.00028629,0.023200001
,,,0.0002863,0.025600002
,,,0.00028631,0.024800001
,,,0.00028632,0.024800001
,,,0.00028633,0.024800001
,,,0.00028634,0.024000001
,,,0.00028635,0.025600002
,,,0.00028636,0.024800001
,,,0.00028637,0.024000001
,,,0.00028638,0.023200001
,,,0.00028639,0.024000001
,,,0.0002864,0.024000001
,,,0.00028641,0.024000001
,,,0.00028642,0.025600002
,,,0.00028643,0.024800001
,,,0.00028644,0.023200001
,,,0.00028645,0.023200001
,,,0.00028646,0.024000001
,,,0.00028647,0.023200001
,,,0.00028648,0.024000001
,,,0.00028649,0.024000001
,,,0.0002865,0.024800001
,,,0.00028651,0.025600002
,,,0.00028652,0.024800001
,,,0.00028653,0.024000001
,,,0.00028654,0.024000001
,,,0.00028655,0.024800001
,,,0.00028656,0.024000001
,,,0.00028657,0.024000001
,,,0.00028658,0.025600002
,,,0.00028659,0.024000001
,,,0.0002866,0.024800001
,,,0.00028661,0.024000001
,,,0.00028662,0.023200001
,,,0.00028663,0.024000001
,,,0.00028664,0.024000001
,,,0.00028665,0.024800001
,,,0.00028666,0.024800001
,,,0.00028667,0.023200001
,,,0.00028668,0.024800001
,,,0.00028669,0.024000001
,,,0.0002867,0.024000001
,,,0.00028671,0.024000001
,,,0.00028672,0.024000001
,,,0.00028673,0.024000001
,,,0.00028674,0.023200001
,,,0.00028675,0.024800001
,,,0.00028676,0.024000001
,,,0.00028677,0.024000001
,,,0.00028678,0.024000001
,,,0.00028679,0.024000001
,,,0.0002868,0.024000001
,,,0.00028681,0.025600002
,,,0.00028682,0.024800001
,,,0.00028683,0.025600002
,,,0.00028684,0.024000001
,,,0.00028685,0.024800001
,,,0.00028686,0.023200001
,,,0.00028687,0.024000001
,,,0.00028688,0.025600002
,,,0.00028689,0.025600002
,,,0.0002869,0.025600002
,,,0.00028691,0.023200001
,,,0.00028692,0.024000001
,,,0.00028693,0.024000001
,,,0.00028694,0.022400001
,,,0.00028695,0.024000001
,,,0.00028696,0.023200001
,,,0.00028697,0.024000001
,,,0.00028698,0.024800001
,,,0.00028699,0.024000001
,,,0.000287,0.024000001
,,,0.00028701,0.024800001
,,,0.00028702,0.024000001
,,,0.00028703,0.023200001
,,,0.00028704,0.024800001
,,,0.00028705,0.024000001
,,,0.00028706,0.024000001
,,,0.00028707,0.024000001
,,,0.00028708,0.024000001
,,,0.00028709,0.024000001
,,,0.0002871,0.024000001
,,,0.00028711,0.024800001
,,,0.00028712,0.023200001
,,,0.00028713,0.024800001
,,,0.00028714,0.022400001
,,,0.00028715,0.023200001
,,,0.00028716,0.024000001
,,,0.00028717,0.023200001
,,,0.00028718,0.025600002
,,,0.00028719,0.023200001
,,,0.0002872,0.024800001
,,,0.00028721,0.024000001
,,,0.00028722,0.023200001
,,,0.00028723,0.024800001
,,,0.00028724,0.023200001
,,,0.00028725,0.024800001
,,,0.00028726,0.024000001
,,,0.00028727,0.026400002
,,,0.00028728,0.024000001
,,,0.00028729,0.024000001
,,,0.0002873,0.024000001
,,,0.00028731,0.024800001
,,,0.00028732,0.024000001
,,,0.00028733,0.024000001
,,,0.00028734,0.023200001
,,,0.00028735,0.025600002
,,,0.00028736,0.024000001
,,,0.00028737,0.024000001
,,,0.00028738,0.024800001
,,,0.00028739,0.024000001
,,,0.0002874,0.024800001
,,,0.00028741,0.024800001
,,,0.00028742,0.022400001
,,,0.00028743,0.024800001
,,,0.00028744,0.024000001
,,,0.00028745,0.023200001
,,,0.00028746,0.024800001
,,,0.00028747,0.024000001
,,,0.00028748,0.023200001
,,,0.00028749,0.024000001
,,,0.0002875,0.024000001
,,,0.00028751,0.024800001
,,,0.00028752,0.024000001
,,,0.00028753,0.024000001
,,,0.00028754,0.024800001
,,,0.00028755,0.024800001
,,,0.00028756,0.024800001
,,,0.00028757,0.024000001
,,,0.00028758,0.026400002
,,,0.00028759,0.024000001
,,,0.0002876,0.024000001
,,,0.00028761,0.022400001
,,,0.00028762,0.024800001
,,,0.00028763,0.024000001
,,,0.00028764,0.024000001
,,,0.00028765,0.024000001
,,,0.00028766,0.024800001
,,,0.00028767,0.023200001
,,,0.00028768,0.024800001
,,,0.00028769,0.025600002
,,,0.0002877,0.024000001
,,,0.00028771,0.024000001
,,,0.00028772,0.024000001
,,,0.00028773,0.024000001
,,,0.00028774,0.024800001
,,,0.00028775,0.024000001
,,,0.00028776,0.024800001
,,,0.00028777,0.023200001
,,,0.00028778,0.023200001
,,,0.00028779,0.024000001
,,,0.0002878,0.024800001
,,,0.00028781,0.024000001
,,,0.00028782,0.024000001
,,,0.00028783,0.024000001
,,,0.00028784,0.024800001
,,,0.00028785,0.024800001
,,,0.00028786,0.024000001
,,,0.00028787,0.024000001
,,,0.00028788,0.023200001
,,,0.00028789,0.024800001
,,,0.0002879,0.024800001
,,,0.00028791,0.024800001
,,,0.00028792,0.025600002
,,,0.00028793,0.024000001
,,,0.00028794,0.025600002
,,,0.00028795,0.023200001
,,,0.00028796,0.024000001
,,,0.00028797,0.024800001
,,,0.00028798,0.023200001
,,,0.00028799,0.024800001
,,,0.000288,0.024000001
,,,0.00028801,0.024000001
,,,0.00028802,0.024000001
,,,0.00028803,0.025600002
,,,0.00028804,0.027200002
,,,0.00028805,0.023200001
,,,0.00028806,0.024000001
,,,0.00028807,0.023200001
,,,0.00028808,0.025600002
,,,0.00028809,0.024800001
,,,0.0002881,0.024000001
,,,0.00028811,0.024800001
,,,0.00028812,0.024800001
,,,0.00028813,0.023200001
,,,0.00028814,0.023200001
,,,0.00028815,0.024800001
,,,0.00028816,0.024000001
,,,0.00028817,0.024800001
,,,0.00028818,0.024000001
,,,0.00028819,0.024000001
,,,0.0002882,0.025600002
,,,0.00028821,0.024800001
,,,0.00028822,0.024000001
,,,0.00028823,0.024800001
,,,0.00028824,0.024000001
,,,0.00028825,0.024800001
,,,0.00028826,0.024000001
,,,0.00028827,0.024000001
,,,0.00028828,0.024000001
,,,0.00028829,0.025600002
,,,0.0002883,0.024000001
,,,0.00028831,0.024800001
,,,0.00028832,0.024000001
,,,0.00028833,0.024800001
,,,0.00028834,0.026400002
,,,0.00028835,0.024000001
,,,0.00028836,0.027200002
,,,0.00028837,0.024000001
,,,0.00028838,0.024800001
,,,0.00028839,0.022400001
,,,0.0002884,0.024000001
,,,0.00028841,0.024000001
,,,0.00028842,0.023200001
,,,0.00028843,0.024000001
,,,0.00028844,0.024000001
,,,0.00028845,0.024000001
,,,0.00028846,0.024800001
,,,0.00028847,0.024000001
,,,0.00028848,0.024800001
,,,0.00028849,0.025600002
,,,0.0002885,0.023200001
,,,0.00028851,0.025600002
,,,0.00028852,0.024800001
,,,0.00028853,0.022400001
,,,0.00028854,0.024000001
,,,0.00028855,0.024000001
,,,0.00028856,0.025600002
,,,0.00028857,0.023200001
,,,0.00028858,0.024000001
,,,0.00028859,0.023200001
,,,0.0002886,0.024000001
,,,0.00028861,0.028000002
,,,0.00028862,0.024000001
,,,0.00028863,0.024800001
,,,0.00028864,0.024000001
,,,0.00028865,0.024000001
,,,0.00028866,0.024000001
,,,0.00028867,0.024800001
,,,0.00028868,0.024000001
,,,0.00028869,0.024000001
,,,0.0002887,0.024800001
,,,0.00028871,0.024000001
,,,0.00028872,0.025600002
,,,0.00028873,0.024000001
,,,0.00028874,0.024800001
,,,0.00028875,0.024800001
,,,0.00028876,0.024000001
,,,0.00028877,0.024800001
,,,0.00028878,0.024800001
,,,0.00028879,0.024800001
,,,0.0002888,0.024800001
,,,0.00028881,0.024800001
,,,0.00028882,0.024800001
,,,0.00028883,0.024000001
,,,0.00028884,0.024000001
,,,0.00028885,0.024000001
,,,0.00028886,0.024000001
,,,0.00028887,0.024000001
,,,0.00028888,0.024800001
,,,0.00028889,0.025600002
,,,0.0002889,0.025600002
,,,0.00028891,0.024800001
,,,0.00028892,0.024800001
,,,0.00028893,0.022400001
,,,0.00028894,0.023200001
,,,0.00028895,0.024000001
,,,0.00028896,0.024800001
,,,0.00028897,0.025600002
,,,0.00028898,0.025600002
,,,0.00028899,0.024800001
,,,0.000289,0.024000001
,,,0.00028901,0.024000001
,,,0.00028902,0.024800001
,,,0.00028903,0.024800001
,,,0.00028904,0.024800001
,,,0.00028905,0.024800001
,,,0.00028906,0.024000001
,,,0.00028907,0.024000001
,,,0.00028908,0.024000001
,,,0.00028909,0.024800001
,,,0.0002891,0.024000001
,,,0.00028911,0.024000001
,,,0.00028912,0.022400001
,,,0.00028913,0.024800001
,,,0.00028914,0.025600002
,,,0.00028915,0.023200001
,,,0.00028916,0.024000001
,,,0.00028917,0.024800001
,,,0.00028918,0.023200001
,,,0.00028919,0.021600001
,,,0.0002892,0.024000001
,,,0.00028921,0.024800001
,,,0.00028922,0.024000001
,,,0.00028923,0.024000001
,,,0.00028924,0.024000001
,,,0.00028925,0.024000001
,,,0.00028926,0.024000001
,,,0.00028927,0.022400001
,,,0.00028928,0.024800001
,,,0.00028929,0.024000001
,,,0.0002893,0.024000001
,,,0.00028931,0.025600002
,,,0.00028932,0.024800001
,,,0.00028933,0.024000001
,,,0.00028934,0.024000001
,,,0.00028935,0.024000001
,,,0.00028936,0.023200001
,,,0.00028937,0.024000001
,,,0.00028938,0.024800001
,,,0.00028939,0.024800001
,,,0.0002894,0.023200001
,,,0.00028941,0.024800001
,,,0.00028942,0.025600002
,,,0.00028943,0.024000001
,,,0.00028944,0.024000001
,,,0.00028945,0.024000001
,,,0.00028946,0.024000001
,,,0.00028947,0.024800001
,,,0.00028948,0.024800001
,,,0.00028949,0.024000001
,,,0.0002895,0.025600002
,,,0.00028951,0.024000001
,,,0.00028952,0.024800001
,,,0.00028953,0.024000001
,,,0.00028954,0.024800001
,,,0.00028955,0.024000001
,,,0.00028956,0.024000001
,,,0.00028957,0.024000001
,,,0.00028958,0.024800001
,,,0.00028959,0.024000001
,,,0.0002896,0.024000001
,,,0.00028961,0.024000001
,,,0.00028962,0.025600002
,,,0.00028963,0.023200001
,,,0.00028964,0.024800001
,,,0.00028965,0.024000001
,,,0.00028966,0.026400002
,,,0.00028967,0.026400002
,,,0.00028968,0.024000001
,,,0.00028969,0.023200001
,,,0.0002897,0.024000001
,,,0.00028971,0.025600002
,,,0.00028972,0.024000001
,,,0.00028973,0.024000001
,,,0.00028974,0.024800001
,,,0.00028975,0.023200001
,,,0.00028976,0.024000001
,,,0.00028977,0.024800001
,,,0.00028978,0.024000001
,,,0.00028979,0.024800001
,,,0.0002898,0.024000001
,,,0.00028981,0.024800001
,,,0.00028982,0.024000001
,,,0.00028983,0.024000001
,,,0.00028984,0.024000001
,,,0.00028985,0.024800001
,,,0.00028986,0.024000001
,,,0.00028987,0.024000001
,,,0.00028988,0.023200001
,,,0.00028989,0.024800001
,,,0.0002899,0.024000001
,,,0.00028991,0.024000001
,,,0.00028992,0.024000001
,,,0.00028993,0.024000001
,,,0.00028994,0.024000001
,,,0.00028995,0.025600002
,,,0.00028996,0.024800001
,,,0.00028997,0.024000001
,,,0.00028998,0.024000001
,,,0.00028999,0.025600002
,,,0.00029,0.024800001
,,,0.00029001,0.022400001
,,,0.00029002,0.024800001
,,,0.00029003,0.024000001
,,,0.00029004,0.025600002
,,,0.00029005,0.024000001
,,,0.00029006,0.025600002
,,,0.00029007,0.023200001
,,,0.00029008,0.023200001
,,,0.00029009,0.023200001
,,,0.0002901,0.024800001
,,,0.00029011,0.024000001
,,,0.00029012,0.025600002
,,,0.00029013,0.024000001
,,,0.00029014,0.024800001
,,,0.00029015,0.024000001
,,,0.00029016,0.024800001
,,,0.00029017,0.024000001
,,,0.00029018,0.021600001
,,,0.00029019,0.023200001
,,,0.0002902,0.024000001
,,,0.00029021,0.025600002
,,,0.00029022,0.024000001
,,,0.00029023,0.025600002
,,,0.00029024,0.024000001
,,,0.00029025,0.024000001
,,,0.00029026,0.024800001
,,,0.00029027,0.024000001
,,,0.00029028,0.022400001
,,,0.00029029,0.024000001
,,,0.0002903,0.024000001
,,,0.00029031,0.025600002
,,,0.00029032,0.024000001
,,,0.00029033,0.024000001
,,,0.00029034,0.024800001
,,,0.00029035,0.024000001
,,,0.00029036,0.024800001
,,,0.00029037,0.026400002
,,,0.00029038,0.024000001
,,,0.00029039,0.024000001
,,,0.0002904,0.024000001
,,,0.00029041,0.025600002
,,,0.00029042,0.024800001
,,,0.00029043,0.024800001
,,,0.00029044,0.024000001
,,,0.00029045,0.024800001
,,,0.00029046,0.025600002
,,,0.00029047,0.024800001
,,,0.00029048,0.024800001
,,,0.00029049,0.024800001
,,,0.0002905,0.025600002
,,,0.00029051,0.024800001
,,,0.00029052,0.024800001
,,,0.00029053,0.024800001
,,,0.00029054,0.024000001
,,,0.00029055,0.024000001
,,,0.00029056,0.027200002
,,,0.00029057,0.024000001
,,,0.00029058,0.026400002
,,,0.00029059,0.024000001
,,,0.0002906,0.023200001
,,,0.00029061,0.024000001
,,,0.00029062,0.024800001
,,,0.00029063,0.024800001
,,,0.00029064,0.024000001
,,,0.00029065,0.024800001
,,,0.00029066,0.024800001
,,,0.00029067,0.023200001
,,,0.00029068,0.024000001
,,,0.00029069,0.024000001
,,,0.0002907,0.024000001
,,,0.00029071,0.024800001
,,,0.00029072,0.023200001
,,,0.00029073,0.024800001
,,,0.00029074,0.022400001
,,,0.00029075,0.024000001
,,,0.00029076,0.024000001
,,,0.00029077,0.023200001
,,,0.00029078,0.024800001
,,,0.00029079,0.021600001
,,,0.0002908,0.024000001
,,,0.00029081,0.023200001
,,,0.00029082,0.024000001
,,,0.00029083,0.023200001
,,,0.00029084,0.024800001
,,,0.00029085,0.024800001
,,,0.00029086,0.024000001
,,,0.00029087,0.023200001
,,,0.00029088,0.024800001
,,,0.00029089,0.023200001
,,,0.0002909,0.024000001
,,,0.00029091,0.024000001
,,,0.00029092,0.024000001
,,,0.00029093,0.022400001
,,,0.00029094,0.024800001
,,,0.00029095,0.024000001
,,,0.00029096,0.024000001
,,,0.00029097,0.024800001
,,,0.00029098,0.024800001
,,,0.00029099,0.024800001
,,,0.000291,0.021600001
,,,0.00029101,0.024800001
,,,0.00029102,0.024000001
,,,0.00029103,0.024800001
,,,0.00029104,0.024000001
,,,0.00029105,0.024000001
,,,0.00029106,0.025600002
,,,0.00029107,0.024800001
,,,0.00029108,0.024000001
,,,0.00029109,0.025600002
,,,0.0002911,0.024800001
,,,0.00029111,0.024800001
,,,0.00029112,0.024000001
,,,0.00029113,0.024800001
,,,0.00029114,0.024000001
,,,0.00029115,0.023200001
,,,0.00029116,0.024800001
,,,0.00029117,0.024800001
,,,0.00029118,0.024800001
,,,0.00029119,0.023200001
,,,0.0002912,0.024800001
,,,0.00029121,0.024000001
,,,0.00029122,0.023200001
,,,0.00029123,0.025600002
,,,0.00029124,0.025600002
,,,0.00029125,0.024000001
,,,0.00029126,0.024000001
,,,0.00029127,0.022400001
,,,0.00029128,0.024000001
,,,0.00029129,0.024000001
,,,0.0002913,0.024000001
,,,0.00029131,0.025600002
,,,0.00029132,0.023200001
,,,0.00029133,0.023200001
,,,0.00029134,0.024000001
,,,0.00029135,0.025600002
,,,0.00029136,0.024000001
,,,0.00029137,0.023200001
,,,0.00029138,0.025600002
,,,0.00029139,0.024800001
,,,0.0002914,0.025600002
,,,0.00029141,0.024800001
,,,0.00029142,0.024000001
,,,0.00029143,0.025600002
,,,0.00029144,0.024000001
,,,0.00029145,0.024000001
,,,0.00029146,0.024000001
,,,0.00029147,0.024800001
,,,0.00029148,0.024000001
,,,0.00029149,0.025600002
,,,0.0002915,0.024000001
,,,0.00029151,0.024000001
,,,0.00029152,0.024800001
,,,0.00029153,0.024000001
,,,0.00029154,0.024000001
,,,0.00029155,0.024800001
,,,0.00029156,0.023200001
,,,0.00029157,0.023200001
,,,0.00029158,0.023200001
,,,0.00029159,0.024000001
,,,0.0002916,0.024000001
,,,0.00029161,0.025600002
,,,0.00029162,0.025600002
,,,0.00029163,0.023200001
,,,0.00029164,0.024000001
,,,0.00029165,0.024000001
,,,0.00029166,0.024000001
,,,0.00029167,0.024800001
,,,0.00029168,0.024800001
,,,0.00029169,0.024000001
,,,0.0002917,0.024000001
,,,0.00029171,0.024800001
,,,0.00029172,0.024000001
,,,0.00029173,0.023200001
,,,0.00029174,0.024000001
,,,0.00029175,0.023200001
,,,0.00029176,0.024000001
,,,0.00029177,0.024000001
,,,0.00029178,0.024000001
,,,0.00029179,0.024000001
,,,0.0002918,0.024000001
,,,0.00029181,0.025600002
,,,0.00029182,0.025600002
,,,0.00029183,0.024000001
,,,0.00029184,0.024000001
,,,0.00029185,0.024000001
,,,0.00029186,0.026400002
,,,0.00029187,0.023200001
,,,0.00029188,0.024000001
,,,0.00029189,0.024000001
,,,0.0002919,0.023200001
,,,0.00029191,0.025600002
,,,0.00029192,0.024000001
,,,0.00029193,0.023200001
,,,0.00029194,0.024800001
,,,0.00029195,0.023200001
,,,0.00029196,0.023200001
,,,0.00029197,0.024800001
,,,0.00029198,0.025600002
,,,0.00029199,0.024800001
,,,0.000292,0.024800001
,,,0.00029201,0.024800001
,,,0.00029202,0.024000001
,,,0.00029203,0.024000001
,,,0.00029204,0.024800001
,,,0.00029205,0.024000001
,,,0.00029206,0.024000001
,,,0.00029207,0.023200001
,,,0.00029208,0.024800001
,,,0.00029209,0.022400001
,,,0.0002921,0.023200001
,,,0.00029211,0.023200001
,,,0.00029212,0.023200001
,,,0.00029213,0.025600002
,,,0.00029214,0.024000001
,,,0.00029215,0.024000001
,,,0.00029216,0.024800001
,,,0.00029217,0.024000001
,,,0.00029218,0.024800001
,,,0.00029219,0.024000001
,,,0.0002922,0.024800001
,,,0.00029221,0.023200001
,,,0.00029222,0.025600002
,,,0.00029223,0.024800001
,,,0.00029224,0.023200001
,,,0.00029225,0.023200001
,,,0.00029226,0.023200001
,,,0.00029227,0.024000001
,,,0.00029228,0.024800001
,,,0.00029229,0.024000001
,,,0.0002923,0.024000001
,,,0.00029231,0.024000001
,,,0.00029232,0.024000001
,,,0.00029233,0.023200001
,,,0.00029234,0.023200001
,,,0.00029235,0.024000001
,,,0.00029236,0.024800001
,,,0.00029237,0.023200001
,,,0.00029238,0.024800001
,,,0.00029239,0.024000001
,,,0.0002924,0.024000001
,,,0.00029241,0.024000001
,,,0.00029242,0.023200001
,,,0.00029243,0.024000001
,,,0.00029244,0.024000001
,,,0.00029245,0.025600002
,,,0.00029246,0.024000001
,,,0.00029247,0.024000001
,,,0.00029248,0.024800001
,,,0.00029249,0.024000001
,,,0.0002925,0.024000001
,,,0.00029251,0.025600002
,,,0.00029252,0.024800001
,,,0.00029253,0.024000001
,,,0.00029254,0.024000001
,,,0.00029255,0.024800001
,,,0.00029256,0.023200001
,,,0.00029257,0.023200001
,,,0.00029258,0.024800001
,,,0.00029259,0.024800001
,,,0.0002926,0.024000001
,,,0.00029261,0.024000001
,,,0.00029262,0.025600002
,,,0.00029263,0.024800001
,,,0.00029264,0.022400001
,,,0.00029265,0.024800001
,,,0.00029266,0.024000001
,,,0.00029267,0.023200001
,,,0.00029268,0.024800001
,,,0.00029269,0.024000001
,,,0.0002927,0.024800001
,,,0.00029271,0.024000001
,,,0.00029272,0.024800001
,,,0.00029273,0.023200001
,,,0.00029274,0.024800001
,,,0.00029275,0.024000001
,,,0.00029276,0.024000001
,,,0.00029277,0.024800001
,,,0.00029278,0.024000001
,,,0.00029279,0.024800001
,,,0.0002928,0.024000001
,,,0.00029281,0.024000001
,,,0.00029282,0.025600002
,,,0.00029283,0.024000001
,,,0.00029284,0.024800001
,,,0.00029285,0.024000001
,,,0.00029286,0.024000001
,,,0.00029287,0.024000001
,,,0.00029288,0.024000001
,,,0.00029289,0.024800001
,,,0.0002929,0.024000001
,,,0.00029291,0.024800001
,,,0.00029292,0.025600002
,,,0.00029293,0.023200001
,,,0.00029294,0.022400001
,,,0.00029295,0.023200001
,,,0.00029296,0.025600002
,,,0.00029297,0.024000001
,,,0.00029298,0.024000001
,,,0.00029299,0.024800001
,,,0.000293,0.024800001
,,,0.00029301,0.024800001
,,,0.00029302,0.025600002
,,,0.00029303,0.025600002
,,,0.00029304,0.025600002
,,,0.00029305,0.024000001
,,,0.00029306,0.024000001
,,,0.00029307,0.024000001
,,,0.00029308,0.023200001
,,,0.00029309,0.024000001
,,,0.0002931,0.024800001
,,,0.00029311,0.024800001
,,,0.00029312,0.024800001
,,,0.00029313,0.023200001
,,,0.00029314,0.024000001
,,,0.00029315,0.024800001
,,,0.00029316,0.024800001
,,,0.00029317,0.023200001
,,,0.00029318,0.023200001
,,,0.00029319,0.023200001
,,,0.0002932,0.025600002
,,,0.00029321,0.025600002
,,,0.00029322,0.022400001
,,,0.00029323,0.024000001
,,,0.00029324,0.025600002
,,,0.00029325,0.025600002
,,,0.00029326,0.023200001
,,,0.00029327,0.023200001
,,,0.00029328,0.024000001
,,,0.00029329,0.024000001
,,,0.0002933,0.024800001
,,,0.00029331,0.024800001
,,,0.00029332,0.024000001
,,,0.00029333,0.021600001
,,,0.00029334,0.024800001
,,,0.00029335,0.024000001
,,,0.00029336,0.024800001
,,,0.00029337,0.024000001
,,,0.00029338,0.024000001
,,,0.00029339,0.023200001
,,,0.0002934,0.024000001
,,,0.00029341,0.024800001
,,,0.00029342,0.024800001
,,,0.00029343,0.024000001
,,,0.00029344,0.026400002
,,,0.00029345,0.024000001
,,,0.00029346,0.024800001
,,,0.00029347,0.024000001
,,,0.00029348,0.024800001
,,,0.00029349,0.024000001
,,,0.0002935,0.023200001
,,,0.00029351,0.023200001
,,,0.00029352,0.023200001
,,,0.00029353,0.024000001
,,,0.00029354,0.024000001
,,,0.00029355,0.024000001
,,,0.00029356,0.024800001
,,,0.00029357,0.024800001
,,,0.00029358,0.024000001
,,,0.00029359,0.024000001
,,,0.0002936,0.024000001
,,,0.00029361,0.025600002
,,,0.00029362,0.025600002
,,,0.00029363,0.024000001
,,,0.00029364,0.024000001
,,,0.00029365,0.024000001
,,,0.00029366,0.025600002
,,,0.00029367,0.025600002
,,,0.00029368,0.025600002
,,,0.00029369,0.023200001
,,,0.0002937,0.024000001
,,,0.00029371,0.024800001
,,,0.00029372,0.024000001
,,,0.00029373,0.024000001
,,,0.00029374,0.025600002
,,,0.00029375,0.024800001
,,,0.00029376,0.024800001
,,,0.00029377,0.023200001
,,,0.00029378,0.024000001
,,,0.00029379,0.023200001
,,,0.0002938,0.024800001
,,,0.00029381,0.023200001
,,,0.00029382,0.025600002
,,,0.00029383,0.024000001
,,,0.00029384,0.024800001
,,,0.00029385,0.024000001
,,,0.00029386,0.024800001
,,,0.00029387,0.024800001
,,,0.00029388,0.024000001
,,,0.00029389,0.024000001
,,,0.0002939,0.024000001
,,,0.00029391,0.024000001
,,,0.00029392,0.023200001
,,,0.00029393,0.024800001
,,,0.00029394,0.023200001
,,,0.00029395,0.025600002
,,,0.00029396,0.025600002
,,,0.00029397,0.022400001
,,,0.00029398,0.024000001
,,,0.00029399,0.025600002
,,,0.000294,0.024800001
,,,0.00029401,0.023200001
,,,0.00029402,0.024000001
,,,0.00029403,0.024000001
,,,0.00029404,0.024000001
,,,0.00029405,0.024000001
,,,0.00029406,0.024800001
,,,0.00029407,0.024000001
,,,0.00029408,0.024000001
,,,0.00029409,0.024000001
,,,0.0002941,0.027200002
,,,0.00029411,0.024800001
,,,0.00029412,0.023200001
,,,0.00029413,0.024000001
,,,0.00029414,0.024000001
,,,0.00029415,0.024000001
,,,0.00029416,0.025600002
,,,0.00029417,0.024800001
,,,0.00029418,0.024800001
,,,0.00029419,0.024000001
,,,0.0002942,0.024000001
,,,0.00029421,0.024000001
,,,0.00029422,0.024800001
,,,0.00029423,0.024800001
,,,0.00029424,0.022400001
,,,0.00029425,0.024000001
,,,0.00029426,0.023200001
,,,0.00029427,0.024000001
,,,0.00029428,0.026400002
,,,0.00029429,0.025600002
,,,0.0002943,0.024000001
,,,0.00029431,0.025600002
,,,0.00029432,0.023200001
,,,0.00029433,0.024800001
,,,0.00029434,0.024000001
,,,0.00029435,0.023200001
,,,0.00029436,0.025600002
,,,0.00029437,0.024800001
,,,0.00029438,0.024000001
,,,0.00029439,0.024000001
,,,0.0002944,0.024800001
,,,0.00029441,0.024800001
,,,0.00029442,0.023200001
,,,0.00029443,0.024800001
,,,0.00029444,0.024800001
,,,0.00029445,0.024800001
,,,0.00029446,0.025600002
,,,0.00029447,0.024000001
,,,0.00029448,0.024000001
,,,0.00029449,0.021600001
,,,0.0002945,0.024800001
,,,0.00029451,0.024000001
,,,0.00029452,0.024800001
,,,0.00029453,0.024000001
,,,0.00029454,0.025600002
,,,0.00029455,0.024800001
,,,0.00029456,0.025600002
,,,0.00029457,0.024000001
,,,0.00029458,0.024000001
,,,0.00029459,0.024000001
,,,0.0002946,0.023200001
,,,0.00029461,0.024800001
,,,0.00029462,0.024800001
,,,0.00029463,0.024800001
,,,0.00029464,0.024800001
,,,0.00029465,0.024000001
,,,0.00029466,0.024000001
,,,0.00029467,0.026400002
,,,0.00029468,0.023200001
,,,0.00029469,0.024000001
,,,0.0002947,0.024800001
,,,0.00029471,0.024800001
,,,0.00029472,0.024000001
,,,0.00029473,0.024000001
,,,0.00029474,0.024000001
,,,0.00029475,0.024000001
,,,0.00029476,0.024800001
,,,0.00029477,0.024000001
,,,0.00029478,0.024800001
,,,0.00029479,0.023200001
,,,0.0002948,0.024000001
,,,0.00029481,0.024000001
,,,0.00029482,0.024000001
,,,0.00029483,0.024000001
,,,0.00029484,0.024800001
,,,0.00029485,0.025600002
,,,0.00029486,0.024000001
,,,0.00029487,0.024000001
,,,0.00029488,0.024800001
,,,0.00029489,0.024800001
,,,0.0002949,0.024000001
,,,0.00029491,0.024000001
,,,0.00029492,0.024000001
,,,0.00029493,0.024000001
,,,0.00029494,0.024000001
,,,0.00029495,0.024000001
,,,0.00029496,0.024000001
,,,0.00029497,0.025600002
,,,0.00029498,0.023200001
,,,0.00029499,0.023200001
,,,0.000295,0.024000001
,,,0.00029501,0.024800001
,,,0.00029502,0.024000001
,,,0.00029503,0.025600002
,,,0.00029504,0.024000001
,,,0.00029505,0.024800001
,,,0.00029506,0.024000001
,,,0.00029507,0.022400001
,,,0.00029508,0.024800001
,,,0.00029509,0.024000001
,,,0.0002951,0.024800001
,,,0.00029511,0.025600002
,,,0.00029512,0.024000001
,,,0.00029513,0.024000001
,,,0.00029514,0.025600002
,,,0.00029515,0.024000001
,,,0.00029516,0.024800001
,,,0.00029517,0.023200001
,,,0.00029518,0.025600002
,,,0.00029519,0.025600002
,,,0.0002952,0.023200001
,,,0.00029521,0.024000001
,,,0.00029522,0.023200001
,,,0.00029523,0.023200001
,,,0.00029524,0.024000001
,,,0.00029525,0.023200001
,,,0.00029526,0.024800001
,,,0.00029527,0.026400002
,,,0.00029528,0.024000001
,,,0.00029529,0.024000001
,,,0.0002953,0.024000001
,,,0.00029531,0.024000001
,,,0.00029532,0.023200001
,,,0.00029533,0.024000001
,,,0.00029534,0.025600002
,,,0.00029535,0.024800001
,,,0.00029536,0.025600002
,,,0.00029537,0.024000001
,,,0.00029538,0.024000001
,,,0.00029539,0.024800001
,,,0.0002954,0.024000001
,,,0.00029541,0.025600002
,,,0.00029542,0.023200001
,,,0.00029543,0.024800001
,,,0.00029544,0.024800001
,,,0.00029545,0.024000001
,,,0.00029546,0.026400002
,,,0.00029547,0.024800001
,,,0.00029548,0.024000001
,,,0.00029549,0.023200001
,,,0.0002955,0.024800001
,,,0.00029551,0.024000001
,,,0.00029552,0.024000001
,,,0.00029553,0.024000001
,,,0.00029554,0.024000001
,,,0.00029555,0.024000001
,,,0.00029556,0.024800001
,,,0.00029557,0.023200001
,,,0.00029558,0.024000001
,,,0.00029559,0.024000001
,,,0.0002956,0.024000001
,,,0.00029561,0.024000001
,,,0.00029562,0.024800001
,,,0.00029563,0.024000001
,,,0.00029564,0.023200001
,,,0.00029565,0.024000001
,,,0.00029566,0.023200001
,,,0.00029567,0.024000001
,,,0.00029568,0.024800001
,,,0.00029569,0.024000001
,,,0.0002957,0.025600002
,,,0.00029571,0.024800001
,,,0.00029572,0.024000001
,,,0.00029573,0.024800001
,,,0.00029574,0.025600002
,,,0.00029575,0.023200001
,,,0.00029576,0.024000001
,,,0.00029577,0.024800001
,,,0.00029578,0.024000001
,,,0.00029579,0.025600002
,,,0.0002958,0.023200001
,,,0.00029581,0.024000001
,,,0.00029582,0.024800001
,,,0.00029583,0.023200001
,,,0.00029584,0.025600002
,,,0.00029585,0.024000001
,,,0.00029586,0.024800001
,,,0.00029587,0.024000001
,,,0.00029588,0.024800001
,,,0.00029589,0.024000001
,,,0.0002959,0.025600002
,,,0.00029591,0.024800001
,,,0.00029592,0.025600002
,,,0.00029593,0.024000001
,,,0.00029594,0.024000001
,,,0.00029595,0.024800001
,,,0.00029596,0.023200001
,,,0.00029597,0.024000001
,,,0.00029598,0.024800001
,,,0.00029599,0.026400002
,,,0.000296,0.025600002
,,,0.00029601,0.024000001
,,,0.00029602,0.024000001
,,,0.00029603,0.024000001
,,,0.00029604,0.024000001
,,,0.00029605,0.024800001
,,,0.00029606,0.024000001
,,,0.00029607,0.024000001
,,,0.00029608,0.024000001
,,,0.00029609,0.024000001
,,,0.0002961,0.027200002
,,,0.00029611,0.024000001
,,,0.00029612,0.024000001
,,,0.00029613,0.024800001
,,,0.00029614,0.024800001
,,,0.00029615,0.024000001
,,,0.00029616,0.024000001
,,,0.00029617,0.025600002
,,,0.00029618,0.024000001
,,,0.00029619,0.024000001
,,,0.0002962,0.024000001
,,,0.00029621,0.024000001
,,,0.00029622,0.024000001
,,,0.00029623,0.024000001
,,,0.00029624,0.024800001
,,,0.00029625,0.024000001
,,,0.00029626,0.024000001
,,,0.00029627,0.023200001
,,,0.00029628,0.024000001
,,,0.00029629,0.024000001
,,,0.0002963,0.023200001
,,,0.00029631,0.024000001
,,,0.00029632,0.024000001
,,,0.00029633,0.024000001
,,,0.00029634,0.024000001
,,,0.00029635,0.024800001
,,,0.00029636,0.023200001
,,,0.00029637,0.023200001
,,,0.00029638,0.024000001
,,,0.00029639,0.024000001
,,,0.0002964,0.024800001
,,,0.00029641,0.024000001
,,,0.00029642,0.024800001
,,,0.00029643,0.022400001
,,,0.00029644,0.025600002
,,,0.00029645,0.024000001
,,,0.00029646,0.023200001
,,,0.00029647,0.024000001
,,,0.00029648,0.025600002
,,,0.00029649,0.024800001
,,,0.0002965,0.024800001
,,,0.00029651,0.024800001
,,,0.00029652,0.024000001
,,,0.00029653,0.024000001
,,,0.00029654,0.024000001
,,,0.00029655,0.024000001
,,,0.00029656,0.025600002
,,,0.00029657,0.024800001
,,,0.00029658,0.024000001
,,,0.00029659,0.026400002
,,,0.0002966,0.024000001
,,,0.00029661,0.025600002
,,,0.00029662,0.024800001
,,,0.00029663,0.024000001
,,,0.00029664,0.024800001
,,,0.00029665,0.024000001
,,,0.00029666,0.024800001
,,,0.00029667,0.024000001
,,,0.00029668,0.024000001
,,,0.00029669,0.024000001
,,,0.0002967,0.024000001
,,,0.00029671,0.023200001
,,,0.00029672,0.025600002
,,,0.00029673,0.025600002
,,,0.00029674,0.024800001
,,,0.00029675,0.023200001
,,,0.00029676,0.024000001
,,,0.00029677,0.024800001
,,,0.00029678,0.024000001
,,,0.00029679,0.024000001
,,,0.0002968,0.024000001
,,,0.00029681,0.024000001
,,,0.00029682,0.023200001
,,,0.00029683,0.024800001
,,,0.00029684,0.024000001
,,,0.00029685,0.024000001
,,,0.00029686,0.023200001
,,,0.00029687,0.024000001
,,,0.00029688,0.023200001
,,,0.00029689,0.024800001
,,,0.0002969,0.024000001
,,,0.00029691,0.023200001
,,,0.00029692,0.024800001
,,,0.00029693,0.024800001
,,,0.00029694,0.023200001
,,,0.00029695,0.024000001
,,,0.00029696,0.023200001
,,,0.00029697,0.024000001
,,,0.00029698,0.024800001
,,,0.00029699,0.025600002
,,,0.000297,0.024000001
,,,0.00029701,0.024000001
,,,0.00029702,0.024000001
,,,0.00029703,0.024800001
,,,0.00029704,0.024000001
,,,0.00029705,0.024800001
,,,0.00029706,0.025600002
,,,0.00029707,0.024000001
,,,0.00029708,0.024000001
,,,0.00029709,0.025600002
,,,0.0002971,0.024000001
,,,0.00029711,0.024800001
,,,0.00029712,0.024000001
,,,0.00029713,0.026400002
,,,0.00029714,0.024000001
,,,0.00029715,0.024800001
,,,0.00029716,0.024000001
,,,0.00029717,0.024000001
,,,0.00029718,0.024800001
,,,0.00029719,0.025600002
,,,0.0002972,0.023200001
,,,0.00029721,0.024000001
,,,0.00029722,0.022400001
,,,0.00029723,0.024000001
,,,0.00029724,0.024000001
,,,0.00029725,0.024000001
,,,0.00029726,0.024000001
,,,0.00029727,0.024800001
,,,0.00029728,0.024000001
,,,0.00029729,0.024000001
,,,0.0002973,0.025600002
,,,0.00029731,0.023200001
,,,0.00029732,0.023200001
,,,0.00029733,0.024000001
,,,0.00029734,0.024000001
,,,0.00029735,0.024000001
,,,0.00029736,0.023200001
,,,0.00029737,0.024000001
,,,0.00029738,0.024000001
,,,0.00029739,0.024000001
,,,0.0002974,0.024000001
,,,0.00029741,0.024000001
,,,0.00029742,0.024000001
,,,0.00029743,0.024800001
,,,0.00029744,0.023200001
,,,0.00029745,0.024000001
,,,0.00029746,0.023200001
,,,0.00029747,0.024000001
,,,0.00029748,0.024000001
,,,0.00029749,0.023200001
,,,0.0002975,0.024000001
,,,0.00029751,0.024000001
,,,0.00029752,0.025600002
,,,0.00029753,0.025600002
,,,0.00029754,0.024800001
,,,0.00029755,0.024000001
,,,0.00029756,0.024800001
,,,0.00029757,0.024000001
,,,0.00029758,0.024800001
,,,0.00029759,0.026400002
,,,0.0002976,0.024800001
,,,0.00029761,0.024000001
,,,0.00029762,0.024800001
,,,0.00029763,0.024000001
,,,0.00029764,0.024000001
,,,0.00029765,0.023200001
,,,0.00029766,0.023200001
,,,0.00029767,0.024000001
,,,0.00029768,0.024000001
,,,0.00029769,0.024000001
,,,0.0002977,0.024800001
,,,0.00029771,0.024000001
,,,0.00029772,0.023200001
,,,0.00029773,0.024000001
,,,0.00029774,0.024000001
,,,0.00029775,0.025600002
,,,0.00029776,0.025600002
,,,0.00029777,0.024000001
,,,0.00029778,0.024000001
,,,0.00029779,0.024000001
,,,0.0002978,0.024000001
,,,0.00029781,0.024800001
,,,0.00029782,0.025600002
,,,0.00029783,0.024800001
,,,0.00029784,0.024000001
,,,0.00029785,0.024000001
,,,0.00029786,0.025600002
,,,0.00029787,0.025600002
,,,0.00029788,0.024000001
,,,0.00029789,0.023200001
,,,0.0002979,0.024800001
,,,0.00029791,0.022400001
,,,0.00029792,0.022400001
,,,0.00029793,0.024000001
,,,0.00029794,0.024000001
,,,0.00029795,0.024800001
,,,0.00029796,0.023200001
,,,0.00029797,0.025600002
,,,0.00029798,0.024000001
,,,0.00029799,0.024000001
,,,0.000298,0.024000001
,,,0.00029801,0.024000001
,,,0.00029802,0.024000001
,,,0.00029803,0.024000001
,,,0.00029804,0.024800001
,,,0.00029805,0.022400001
,,,0.00029806,0.025600002
,,,0.00029807,0.023200001
,,,0.00029808,0.024800001
,,,0.00029809,0.023200001
,,,0.0002981,0.023200001
,,,0.00029811,0.024000001
,,,0.00029812,0.024000001
,,,0.00029813,0.024800001
,,,0.00029814,0.024800001
,,,0.00029815,0.024000001
,,,0.00029816,0.021600001
,,,0.00029817,0.027200002
,,,0.00029818,0.024000001
,,,0.00029819,0.024000001
,,,0.0002982,0.024800001
,,,0.00029821,0.024800001
,,,0.00029822,0.024800001
,,,0.00029823,0.024800001
,,,0.00029824,0.025600002
,,,0.00029825,0.024800001
,,,0.00029826,0.024000001
,,,0.00029827,0.024000001
,,,0.00029828,0.023200001
,,,0.00029829,0.024000001
,,,0.0002983,0.023200001
,,,0.00029831,0.024000001
,,,0.00029832,0.024800001
,,,0.00029833,0.025600002
,,,0.00029834,0.023200001
,,,0.00029835,0.024000001
,,,0.00029836,0.025600002
,,,0.00029837,0.024800001
,,,0.00029838,0.024000001
,,,0.00029839,0.024000001
,,,0.0002984,0.024000001
,,,0.00029841,0.024000001
,,,0.00029842,0.024800001
,,,0.00029843,0.024000001
,,,0.00029844,0.024000001
,,,0.00029845,0.024000001
,,,0.00029846,0.024000001
,,,0.00029847,0.024000001
,,,0.00029848,0.023200001
,,,0.00029849,0.024800001
,,,0.0002985,0.023200001
,,,0.00029851,0.024000001
,,,0.00029852,0.023200001
,,,0.00029853,0.024000001
,,,0.00029854,0.024800001
,,,0.00029855,0.025600002
,,,0.00029856,0.023200001
,,,0.00029857,0.024800001
,,,0.00029858,0.024000001
,,,0.00029859,0.024000001
,,,0.0002986,0.024800001
,,,0.00029861,0.024000001
,,,0.00029862,0.024000001
,,,0.00029863,0.024000001
,,,0.00029864,0.024800001
,,,0.00029865,0.024000001
,,,0.00029866,0.025600002
,,,0.00029867,0.024000001
,,,0.00029868,0.023200001
,,,0.00029869,0.024000001
,,,0.0002987,0.024800001
,,,0.00029871,0.024000001
,,,0.00029872,0.024800001
,,,0.00029873,0.024800001
,,,0.00029874,0.024000001
,,,0.00029875,0.024000001
,,,0.00029876,0.025600002
,,,0.00029877,0.024000001
,,,0.00029878,0.025600002
,,,0.00029879,0.024000001
,,,0.0002988,0.024800001
,,,0.00029881,0.023200001
,,,0.00029882,0.025600002
,,,0.00029883,0.024800001
,,,0.00029884,0.024800001
,,,0.00029885,0.023200001
,,,0.00029886,0.024000001
,,,0.00029887,0.024800001
,,,0.00029888,0.024000001
,,,0.00029889,0.024000001
,,,0.0002989,0.024000001
,,,0.00029891,0.024000001
,,,0.00029892,0.024000001
,,,0.00029893,0.024000001
,,,0.00029894,0.024000001
,,,0.00029895,0.024000001
,,,0.00029896,0.024800001
,,,0.00029897,0.025600002
,,,0.00029898,0.024800001
,,,0.00029899,0.024000001
,,,0.000299,0.024000001
,,,0.00029901,0.025600002
,,,0.00029902,0.024800001
,,,0.00029903,0.023200001
,,,0.00029904,0.024000001
,,,0.00029905,0.024800001
,,,0.00029906,0.024800001
,,,0.00029907,0.024800001
,,,0.00029908,0.024800001
,,,0.00029909,0.024000001
,,,0.0002991,0.024800001
,,,0.00029911,0.024800001
,,,0.00029912,0.024000001
,,,0.00029913,0.024000001
,,,0.00029914,0.024000001
,,,0.00029915,0.026400002
,,,0.00029916,0.023200001
,,,0.00029917,0.023200001
,,,0.00029918,0.024800001
,,,0.00029919,0.024000001
,,,0.0002992,0.024000001
,,,0.00029921,0.024000001
,,,0.00029922,0.025600002
,,,0.00029923,0.025600002
,,,0.00029924,0.024000001
,,,0.00029925,0.023200001
,,,0.00029926,0.024000001
,,,0.00029927,0.023200001
,,,0.00029928,0.024800001
,,,0.00029929,0.024800001
,,,0.0002993,0.023200001
,,,0.00029931,0.024000001
,,,0.00029932,0.024800001
,,,0.00029933,0.024800001
,,,0.00029934,0.024000001
,,,0.00029935,0.024000001
,,,0.00029936,0.025600002
,,,0.00029937,0.026400002
,,,0.00029938,0.024800001
,,,0.00029939,0.025600002
,,,0.0002994,0.026400002
,,,0.00029941,0.024000001
,,,0.00029942,0.024000001
,,,0.00029943,0.024800001
,,,0.00029944,0.024000001
,,,0.00029945,0.024000001
,,,0.00029946,0.024800001
,,,0.00029947,0.024000001
,,,0.00029948,0.024000001
,,,0.00029949,0.024000001
,,,0.0002995,0.024000001
,,,0.00029951,0.024000001
,,,0.00029952,0.024800001
,,,0.00029953,0.024800001
,,,0.00029954,0.022400001
,,,0.00029955,0.024000001
,,,0.00029956,0.025600002
,,,0.00029957,0.024000001
,,,0.00029958,0.023200001
,,,0.00029959,0.024800001
,,,0.0002996,0.024800001
,,,0.00029961,0.024800001
,,,0.00029962,0.025600002
,,,0.00029963,0.024000001
,,,0.00029964,0.024000001
,,,0.00029965,0.024000001
,,,0.00029966,0.024000001
,,,0.00029967,0.024800001
,,,0.00029968,0.025600002
,,,0.00029969,0.023200001
,,,0.0002997,0.024800001
,,,0.00029971,0.024000001
,,,0.00029972,0.024000001
,,,0.00029973,0.025600002
,,,0.00029974,0.023200001
,,,0.00029975,0.024000001
,,,0.00029976,0.025600002
,,,0.00029977,0.024000001
,,,0.00029978,0.026400002
,,,0.00029979,0.024000001
,,,0.0002998,0.025600002
,,,0.00029981,0.024000001
,,,0.00029982,0.024000001
,,,0.00029983,0.025600002
,,,0.00029984,0.024800001
,,,0.00029985,0.023200001
,,,0.00029986,0.024000001
,,,0.00029987,0.024000001
,,,0.00029988,0.024800001
,,,0.00029989,0.024000001
,,,0.0002999,0.027200002
,,,0.00029991,0.024000001
,,,0.00029992,0.023200001
,,,0.00029993,0.024000001
,,,0.00029994,0.024000001
,,,0.00029995,0.024800001
,,,0.00029996,0.024000001
,,,0.00029997,0.024000001
,,,0.00029998,0.024000001
,,,0.00029999,0.024000001
,,,0.0003,0.025600002
,,,0.00030001,0.026400002
,,,0.00030002,0.024000001
,,,0.00030003,0.024000001
,,,0.00030004,0.023200001
,,,0.00030005,0.024800001
,,,0.00030006,0.024800001
,,,0.00030007,0.024000001
,,,0.00030008,0.024000001
,,,0.00030009,0.024000001
,,,0.0003001,0.023200001
,,,0.00030011,0.024800001
,,,0.00030012,0.025600002
,,,0.00030013,0.023200001
,,,0.00030014,0.024800001
,,,0.00030015,0.024000001
,,,0.00030016,0.024000001
,,,0.00030017,0.024000001
,,,0.00030018,0.024000001
,,,0.00030019,0.024800001
,,,0.0003002,0.024000001
,,,0.00030021,0.024000001
,,,0.00030022,0.024000001
,,,0.00030023,0.026400002
,,,0.00030024,0.024000001
,,,0.00030025,0.025600002
,,,0.00030026,0.024000001
,,,0.00030027,0.024800001
,,,0.00030028,0.023200001
,,,0.00030029,0.023200001
,,,0.0003003,0.024800001
,,,0.00030031,0.024000001
,,,0.00030032,0.023200001
,,,0.00030033,0.024000001
,,,0.00030034,0.023200001
,,,0.00030035,0.021600001
,,,0.00030036,0.025600002
,,,0.00030037,0.024000001
,,,0.00030038,0.023200001
,,,0.00030039,0.024000001
,,,0.0003004,0.024000001
,,,0.00030041,0.024800001
,,,0.00030042,0.023200001
,,,0.00030043,0.025600002
,,,0.00030044,0.024800001
,,,0.00030045,0.024000001
,,,0.00030046,0.024000001
,,,0.00030047,0.024800001
,,,0.00030048,0.024800001
,,,0.00030049,0.027200002
,,,0.0003005,0.024800001
,,,0.00030051,0.023200001
,,,0.00030052,0.024000001
,,,0.00030053,0.024000001
,,,0.00030054,0.024000001
,,,0.00030055,0.024000001
,,,0.00030056,0.023200001
,,,0.00030057,0.022400001
,,,0.00030058,0.024000001
,,,0.00030059,0.023200001
,,,0.0003006,0.022400001
,,,0.00030061,0.024000001
,,,0.00030062,0.024000001
,,,0.00030063,0.024000001
,,,0.00030064,0.024800001
,,,0.00030065,0.024000001
,,,0.00030066,0.023200001
,,,0.00030067,0.024000001
,,,0.00030068,0.024800001
,,,0.00030069,0.024000001
,,,0.0003007,0.024000001
,,,0.00030071,0.024000001
,,,0.00030072,0.024800001
,,,0.00030073,0.024000001
,,,0.00030074,0.024800001
,,,0.00030075,0.024800001
,,,0.00030076,0.024000001
,,,0.00030077,0.025600002
,,,0.00030078,0.023200001
,,,0.00030079,0.024800001
,,,0.0003008,0.024000001
,,,0.00030081,0.024800001
,,,0.00030082,0.024800001
,,,0.00030083,0.024000001
,,,0.00030084,0.024800001
,,,0.00030085,0.024000001
,,,0.00030086,0.024000001
,,,0.00030087,0.024800001
,,,0.00030088,0.024800001
,,,0.00030089,0.025600002
,,,0.0003009,0.024800001
,,,0.00030091,0.024800001
,,,0.00030092,0.025600002
,,,0.00030093,0.025600002
,,,0.00030094,0.024800001
,,,0.00030095,0.024800001
,,,0.00030096,0.024000001
,,,0.00030097,0.024000001
,,,0.00030098,0.024000001
,,,0.00030099,0.024800001
,,,0.000301,0.024800001
,,,0.00030101,0.024000001
,,,0.00030102,0.025600002
,,,0.00030103,0.024000001
,,,0.00030104,0.024000001
,,,0.00030105,0.024800001
,,,0.00030106,0.023200001
,,,0.00030107,0.023200001
,,,0.00030108,0.023200001
,,,0.00030109,0.023200001
,,,0.0003011,0.023200001
,,,0.00030111,0.022400001
,,,0.00030112,0.021600001
,,,0.00030113,0.023200001
,,,0.00030114,0.024800001
,,,0.00030115,0.023200001
,,,0.00030116,0.024000001
,,,0.00030117,0.024000001
,,,0.00030118,0.024000001
,,,0.00030119,0.024000001
,,,0.0003012,0.024800001
,,,0.00030121,0.023200001
,,,0.00030122,0.024000001
,,,0.00030123,0.024800001
,,,0.00030124,0.024800001
,,,0.00030125,0.024800001
,,,0.00030126,0.024000001
,,,0.00030127,0.024800001
,,,0.00030128,0.024000001
,,,0.00030129,0.024800001
,,,0.0003013,0.024000001
,,,0.00030131,0.024800001
,,,0.00030132,0.024000001
,,,0.00030133,0.023200001
,,,0.00030134,0.023200001
,,,0.00030135,0.024800001
,,,0.00030136,0.024000001
,,,0.00030137,0.024800001
,,,0.00030138,0.023200001
,,,0.00030139,0.024800001
,,,0.0003014,0.024000001
,,,0.00030141,0.025600002
,,,0.00030142,0.024000001
,,,0.00030143,0.024000001
,,,0.00030144,0.024000001
,,,0.00030145,0.023200001
,,,0.00030146,0.024800001
,,,0.00030147,0.024000001
,,,0.00030148,0.023200001
,,,0.00030149,0.024800001
,,,0.0003015,0.024800001
,,,0.00030151,0.024000001
,,,0.00030152,0.024800001
,,,0.00030153,0.024000001
,,,0.00030154,0.024000001
,,,0.00030155,0.023200001
,,,0.00030156,0.024000001
,,,0.00030157,0.024000001
,,,0.00030158,0.024800001
,,,0.00030159,0.024000001
,,,0.0003016,0.025600002
,,,0.00030161,0.024000001
,,,0.00030162,0.023200001
,,,0.00030163,0.024000001
,,,0.00030164,0.024800001
,,,0.00030165,0.025600002
,,,0.00030166,0.024000001
,,,0.00030167,0.024000001
,,,0.00030168,0.024000001
,,,0.00030169,0.024000001
,,,0.0003017,0.024000001
,,,0.00030171,0.024000001
,,,0.00030172,0.024800001
,,,0.00030173,0.024000001
,,,0.00030174,0.024000001
,,,0.00030175,0.023200001
,,,0.00030176,0.024800001
,,,0.00030177,0.023200001
,,,0.00030178,0.024000001
,,,0.00030179,0.025600002
,,,0.0003018,0.024000001
,,,0.00030181,0.025600002
,,,0.00030182,0.024000001
,,,0.00030183,0.024000001
,,,0.00030184,0.024000001
,,,0.00030185,0.024800001
,,,0.00030186,0.024000001
,,,0.00030187,0.023200001
,,,0.00030188,0.024800001
,,,0.00030189,0.024000001
,,,0.0003019,0.024000001
,,,0.00030191,0.024000001
,,,0.00030192,0.023200001
,,,0.00030193,0.024800001
,,,0.00030194,0.024000001
,,,0.00030195,0.022400001
,,,0.00030196,0.024000001
,,,0.00030197,0.024000001
,,,0.00030198,0.024000001
,,,0.00030199,0.024800001
,,,0.000302,0.024000001
,,,0.00030201,0.024000001
,,,0.00030202,0.024000001
,,,0.00030203,0.026400002
,,,0.00030204,0.024000001
,,,0.00030205,0.024800001
,,,0.00030206,0.024800001
,,,0.00030207,0.024000001
,,,0.00030208,0.024000001
,,,0.00030209,0.023200001
,,,0.0003021,0.024000001
,,,0.00030211,0.026400002
,,,0.00030212,0.024800001
,,,0.00030213,0.024000001
,,,0.00030214,0.026400002
,,,0.00030215,0.025600002
,,,0.00030216,0.024800001
,,,0.00030217,0.024800001
,,,0.00030218,0.023200001
,,,0.00030219,0.023200001
,,,0.0003022,0.024000001
,,,0.00030221,0.023200001
,,,0.00030222,0.024000001
,,,0.00030223,0.023200001
,,,0.00030224,0.024000001
,,,0.00030225,0.024800001
,,,0.00030226,0.023200001
,,,0.00030227,0.023200001
,,,0.00030228,0.024800001
,,,0.00030229,0.024000001
,,,0.0003023,0.024000001
,,,0.00030231,0.024800001
,,,0.00030232,0.024000001
,,,0.00030233,0.024000001
,,,0.00030234,0.024800001
,,,0.00030235,0.025600002
,,,0.00030236,0.024000001
,,,0.00030237,0.024800001
,,,0.00030238,0.024000001
,,,0.00030239,0.024800001
,,,0.0003024,0.025600002
,,,0.00030241,0.024000001
,,,0.00030242,0.024800001
,,,0.00030243,0.023200001
,,,0.00030244,0.024000001
,,,0.00030245,0.023200001
,,,0.00030246,0.026400002
,,,0.00030247,0.024000001
,,,0.00030248,0.024800001
,,,0.00030249,0.024000001
,,,0.0003025,0.024000001
,,,0.00030251,0.025600002
,,,0.00030252,0.024000001
,,,0.00030253,0.024800001
,,,0.00030254,0.024000001
,,,0.00030255,0.025600002
,,,0.00030256,0.026400002
,,,0.00030257,0.024000001
,,,0.00030258,0.024000001
,,,0.00030259,0.024000001
,,,0.0003026,0.024000001
,,,0.00030261,0.023200001
,,,0.00030262,0.024000001
,,,0.00030263,0.024000001
,,,0.00030264,0.024800001
,,,0.00030265,0.024000001
,,,0.00030266,0.024800001
,,,0.00030267,0.024000001
,,,0.00030268,0.023200001
,,,0.00030269,0.024800001
,,,0.0003027,0.024000001
,,,0.00030271,0.025600002
,,,0.00030272,0.024800001
,,,0.00030273,0.022400001
,,,0.00030274,0.024000001
,,,0.00030275,0.024800001
,,,0.00030276,0.024000001
,,,0.00030277,0.024000001
,,,0.00030278,0.024000001
,,,0.00030279,0.024000001
,,,0.0003028,0.024800001
,,,0.00030281,0.024800001
,,,0.00030282,0.023200001
,,,0.00030283,0.022400001
,,,0.00030284,0.023200001
,,,0.00030285,0.023200001
,,,0.00030286,0.024000001
,,,0.00030287,0.023200001
,,,0.00030288,0.024000001
,,,0.00030289,0.024000001
,,,0.0003029,0.024000001
,,,0.00030291,0.024800001
,,,0.00030292,0.024000001
,,,0.00030293,0.025600002
,,,0.00030294,0.024000001
,,,0.00030295,0.024800001
,,,0.00030296,0.023200001
,,,0.00030297,0.024000001
,,,0.00030298,0.025600002
,,,0.00030299,0.024000001
,,,0.000303,0.024000001
,,,0.00030301,0.022400001
,,,0.00030302,0.024000001
,,,0.00030303,0.025600002
,,,0.00030304,0.024000001
,,,0.00030305,0.023200001
,,,0.00030306,0.023200001
,,,0.00030307,0.024000001
,,,0.00030308,0.024000001
,,,0.00030309,0.024800001
,,,0.0003031,0.025600002
,,,0.00030311,0.024000001
,,,0.00030312,0.025600002
,,,0.00030313,0.025600002
,,,0.00030314,0.025600002
,,,0.00030315,0.025600002
,,,0.00030316,0.024800001
,,,0.00030317,0.024800001
,,,0.00030318,0.024000001
,,,0.00030319,0.025600002
,,,0.0003032,0.024000001
,,,0.00030321,0.024000001
,,,0.00030322,0.024000001
,,,0.00030323,0.025600002
,,,0.00030324,0.024000001
,,,0.00030325,0.025600002
,,,0.00030326,0.024000001
,,,0.00030327,0.025600002
,,,0.00030328,0.024000001
,,,0.00030329,0.024000001
,,,0.0003033,0.023200001
,,,0.00030331,0.024800001
,,,0.00030332,0.025600002
,,,0.00030333,0.024000001
,,,0.00030334,0.024800001
,,,0.00030335,0.023200001
,,,0.00030336,0.024800001
,,,0.00030337,0.024800001
,,,0.00030338,0.024800001
,,,0.00030339,0.024800001
,,,0.0003034,0.023200001
,,,0.00030341,0.024000001
,,,0.00030342,0.024000001
,,,0.00030343,0.024000001
,,,0.00030344,0.024000001
,,,0.00030345,0.024000001
,,,0.00030346,0.024800001
,,,0.00030347,0.024800001
,,,0.00030348,0.023200001
,,,0.00030349,0.024000001
,,,0.0003035,0.023200001
,,,0.00030351,0.024800001
,,,0.00030352,0.024800001
,,,0.00030353,0.024000001
,,,0.00030354,0.024000001
,,,0.00030355,0.024000001
,,,0.00030356,0.025600002
,,,0.00030357,0.024000001
,,,0.00030358,0.022400001
,,,0.00030359,0.024800001
,,,0.0003036,0.023200001
,,,0.00030361,0.023200001
,,,0.00030362,0.023200001
,,,0.00030363,0.024800001
,,,0.00030364,0.025600002
,,,0.00030365,0.024000001
,,,0.00030366,0.024000001
,,,0.00030367,0.025600002
,,,0.00030368,0.024800001
,,,0.00030369,0.024000001
,,,0.0003037,0.023200001
,,,0.00030371,0.024800001
,,,0.00030372,0.025600002
,,,0.00030373,0.022400001
,,,0.00030374,0.024000001
,,,0.00030375,0.024000001
,,,0.00030376,0.024000001
,,,0.00030377,0.024000001
,,,0.00030378,0.023200001
,,,0.00030379,0.023200001
,,,0.0003038,0.024000001
,,,0.00030381,0.025600002
,,,0.00030382,0.024000001
,,,0.00030383,0.023200001
,,,0.00030384,0.024000001
,,,0.00030385,0.024800001
,,,0.00030386,0.024000001
,,,0.00030387,0.023200001
,,,0.00030388,0.024800001
,,,0.00030389,0.023200001
,,,0.0003039,0.024000001
,,,0.00030391,0.024000001
,,,0.00030392,0.023200001
,,,0.00030393,0.025600002
,,,0.00030394,0.024800001
,,,0.00030395,0.024000001
,,,0.00030396,0.023200001
,,,0.00030397,0.024800001
,,,0.00030398,0.022400001
,,,0.00030399,0.024000001
,,,0.000304,0.025600002
,,,0.00030401,0.024000001
,,,0.00030402,0.024000001
,,,0.00030403,0.023200001
,,,0.00030404,0.024000001
,,,0.00030405,0.024000001
,,,0.00030406,0.023200001
,,,0.00030407,0.024800001
,,,0.00030408,0.024800001
,,,0.00030409,0.024800001
,,,0.0003041,0.024000001
,,,0.00030411,0.024000001
,,,0.00030412,0.024000001
,,,0.00030413,0.023200001
,,,0.00030414,0.024000001
,,,0.00030415,0.024000001
,,,0.00030416,0.024000001
,,,0.00030417,0.025600002
,,,0.00030418,0.024000001
,,,0.00030419,0.024000001
,,,0.0003042,0.024800001
,,,0.00030421,0.024000001
,,,0.00030422,0.024000001
,,,0.00030423,0.023200001
,,,0.00030424,0.024000001
,,,0.00030425,0.024000001
,,,0.00030426,0.024000001
,,,0.00030427,0.024000001
,,,0.00030428,0.024000001
,,,0.00030429,0.024800001
,,,0.0003043,0.024000001
,,,0.00030431,0.024000001
,,,0.00030432,0.024000001
,,,0.00030433,0.024000001
,,,0.00030434,0.024000001
,,,0.00030435,0.023200001
,,,0.00030436,0.024800001
,,,0.00030437,0.024000001
,,,0.00030438,0.023200001
,,,0.00030439,0.025600002
,,,0.0003044,0.024000001
,,,0.00030441,0.024800001
,,,0.00030442,0.023200001
,,,0.00030443,0.024000001
,,,0.00030444,0.024800001
,,,0.00030445,0.025600002
,,,0.00030446,0.022400001
,,,0.00030447,0.024000001
,,,0.00030448,0.024800001
,,,0.00030449,0.023200001
,,,0.0003045,0.024800001
,,,0.00030451,0.024000001
,,,0.00030452,0.024800001
,,,0.00030453,0.024800001
,,,0.00030454,0.024800001
,,,0.00030455,0.024000001
,,,0.00030456,0.024000001
,,,0.00030457,0.025600002
,,,0.00030458,0.023200001
,,,0.00030459,0.024800001
,,,0.0003046,0.024800001
,,,0.00030461,0.024000001
,,,0.00030462,0.023200001
,,,0.00030463,0.025600002
,,,0.00030464,0.024000001
,,,0.00030465,0.024000001
,,,0.00030466,0.024000001
,,,0.00030467,0.024800001
,,,0.00030468,0.024000001
,,,0.00030469,0.024000001
,,,0.0003047,0.023200001
,,,0.00030471,0.024800001
,,,0.00030472,0.024000001
,,,0.00030473,0.024800001
,,,0.00030474,0.024000001
,,,0.00030475,0.024000001
,,,0.00030476,0.024000001
,,,0.00030477,0.024800001
,,,0.00030478,0.024800001
,,,0.00030479,0.024800001
,,,0.0003048,0.024000001
,,,0.00030481,0.024000001
,,,0.00030482,0.022400001
,,,0.00030483,0.024000001
,,,0.00030484,0.024800001
,,,0.00030485,0.024000001
,,,0.00030486,0.024000001
,,,0.00030487,0.024000001
,,,0.00030488,0.024000001
,,,0.00030489,0.024000001
,,,0.0003049,0.025600002
,,,0.00030491,0.023200001
,,,0.00030492,0.024800001
,,,0.00030493,0.024000001
,,,0.00030494,0.023200001
,,,0.00030495,0.024000001
,,,0.00030496,0.024000001
,,,0.00030497,0.024800001
,,,0.00030498,0.022400001
,,,0.00030499,0.024800001
,,,0.000305,0.023200001
,,,0.00030501,0.024000001
,,,0.00030502,0.022400001
,,,0.00030503,0.025600002
,,,0.00030504,0.024000001
,,,0.00030505,0.024800001
,,,0.00030506,0.023200001
,,,0.00030507,0.024800001
,,,0.00030508,0.024000001
,,,0.00030509,0.023200001
,,,0.0003051,0.025600002
,,,0.00030511,0.023200001
,,,0.00030512,0.024000001
,,,0.00030513,0.024000001
,,,0.00030514,0.024000001
,,,0.00030515,0.024000001
,,,0.00030516,0.024000001
,,,0.00030517,0.024000001
,,,0.00030518,0.024000001
,,,0.00030519,0.027200002
,,,0.0003052,0.024000001
,,,0.00030521,0.024000001
,,,0.00030522,0.024000001
,,,0.00030523,0.024000001
,,,0.00030524,0.024000001
,,,0.00030525,0.025600002
,,,0.00030526,0.022400001
,,,0.00030527,0.023200001
,,,0.00030528,0.023200001
,,,0.00030529,0.024000001
,,,0.0003053,0.023200001
,,,0.00030531,0.024800001
,,,0.00030532,0.026400002
,,,0.00030533,0.024800001
,,,0.00030534,0.024000001
,,,0.00030535,0.024000001
,,,0.00030536,0.024000001
,,,0.00030537,0.024000001
,,,0.00030538,0.024800001
,,,0.00030539,0.024000001
,,,0.0003054,0.024000001
,,,0.00030541,0.026400002
,,,0.00030542,0.024000001
,,,0.00030543,0.024000001
,,,0.00030544,0.023200001
,,,0.00030545,0.024000001
,,,0.00030546,0.025600002
,,,0.00030547,0.024000001
,,,0.00030548,0.024000001
,,,0.00030549,0.024000001
,,,0.0003055,0.024000001
,,,0.00030551,0.024800001
,,,0.00030552,0.024000001
,,,0.00030553,0.024000001
,,,0.00030554,0.024800001
,,,0.00030555,0.024800001
,,,0.00030556,0.024000001
,,,0.00030557,0.023200001
,,,0.00030558,0.023200001
,,,0.00030559,0.027200002
,,,0.0003056,0.024000001
,,,0.00030561,0.024000001
,,,0.00030562,0.025600002
,,,0.00030563,0.024000001
,,,0.00030564,0.024800001
,,,0.00030565,0.025600002
,,,0.00030566,0.024000001
,,,0.00030567,0.024800001
,,,0.00030568,0.024800001
,,,0.00030569,0.024000001
,,,0.0003057,0.024000001
,,,0.00030571,0.024000001
,,,0.00030572,0.024000001
,,,0.00030573,0.024000001
,,,0.00030574,0.024800001
,,,0.00030575,0.025600002
,,,0.00030576,0.025600002
,,,0.00030577,0.025600002
,,,0.00030578,0.023200001
,,,0.00030579,0.023200001
,,,0.0003058,0.023200001
,,,0.00030581,0.024800001
,,,0.00030582,0.024000001
,,,0.00030583,0.023200001
,,,0.00030584,0.024000001
,,,0.00030585,0.022400001
,,,0.00030586,0.024000001
,,,0.00030587,0.023200001
,,,0.00030588,0.024800001
,,,0.00030589,0.024800001
,,,0.0003059,0.024000001
,,,0.00030591,0.026400002
,,,0.00030592,0.024800001
,,,0.00030593,0.023200001
,,,0.00030594,0.024000001
,,,0.00030595,0.024000001
,,,0.00030596,0.024000001
,,,0.00030597,0.024000001
,,,0.00030598,0.024000001
,,,0.00030599,0.022400001
,,,0.000306,0.025600002
,,,0.00030601,0.024000001
,,,0.00030602,0.024000001
,,,0.00030603,0.024800001
,,,0.00030604,0.024000001
,,,0.00030605,0.024800001
,,,0.00030606,0.025600002
,,,0.00030607,0.024800001
,,,0.00030608,0.024800001
,,,0.00030609,0.024000001
,,,0.0003061,0.024000001
,,,0.00030611,0.024000001
,,,0.00030612,0.025600002
,,,0.00030613,0.024800001
,,,0.00030614,0.024800001
,,,0.00030615,0.024000001
,,,0.00030616,0.024000001
,,,0.00030617,0.023200001
,,,0.00030618,0.024800001
,,,0.00030619,0.024000001
,,,0.0003062,0.024000001
,,,0.00030621,0.024000001
,,,0.00030622,0.025600002
,,,0.00030623,0.023200001
,,,0.00030624,0.024800001
,,,0.00030625,0.024000001
,,,0.00030626,0.023200001
,,,0.00030627,0.022400001
,,,0.00030628,0.024000001
,,,0.00030629,0.024000001
,,,0.0003063,0.024000001
,,,0.00030631,0.023200001
,,,0.00030632,0.024000001
,,,0.00030633,0.023200001
,,,0.00030634,0.024000001
,,,0.00030635,0.024000001
,,,0.00030636,0.023200001
,,,0.00030637,0.024000001
,,,0.00030638,0.024800001
,,,0.00030639,0.024800001
,,,0.0003064,0.024800001
,,,0.00030641,0.024000001
,,,0.00030642,0.024000001
,,,0.00030643,0.024800001
,,,0.00030644,0.024000001
,,,0.00030645,0.025600002
,,,0.00030646,0.024000001
,,,0.00030647,0.024800001
,,,0.00030648,0.024000001
,,,0.00030649,0.024800001
,,,0.0003065,0.024000001
,,,0.00030651,0.024000001
,,,0.00030652,0.024800001
,,,0.00030653,0.024000001
,,,0.00030654,0.024000001
,,,0.00030655,0.024000001
,,,0.00030656,0.025600002
,,,0.00030657,0.024800001
,,,0.00030658,0.024800001
,,,0.00030659,0.024000001
,,,0.0003066,0.024800001
,,,0.00030661,0.024800001
,,,0.00030662,0.024000001
,,,0.00030663,0.024000001
,,,0.00030664,0.024800001
,,,0.00030665,0.024800001
,,,0.00030666,0.024000001
,,,0.00030667,0.024000001
,,,0.00030668,0.023200001
,,,0.00030669,0.024000001
,,,0.0003067,0.025600002
,,,0.00030671,0.023200001
,,,0.00030672,0.024800001
,,,0.00030673,0.025600002
,,,0.00030674,0.024800001
,,,0.00030675,0.025600002
,,,0.00030676,0.023200001
,,,0.00030677,0.024000001
,,,0.00030678,0.024000001
,,,0.00030679,0.024000001
,,,0.0003068,0.024000001
,,,0.00030681,0.025600002
,,,0.00030682,0.024800001
,,,0.00030683,0.023200001
,,,0.00030684,0.023200001
,,,0.00030685,0.024800001
,,,0.00030686,0.024000001
,,,0.00030687,0.024800001
,,,0.00030688,0.024000001
,,,0.00030689,0.024000001
,,,0.0003069,0.024800001
,,,0.00030691,0.025600002
,,,0.00030692,0.025600002
,,,0.00030693,0.024000001
,,,0.00030694,0.024000001
,,,0.00030695,0.024800001
,,,0.00030696,0.022400001
,,,0.00030697,0.023200001
,,,0.00030698,0.024800001
,,,0.00030699,0.024000001
,,,0.000307,0.024000001
,,,0.00030701,0.023200001
,,,0.00030702,0.025600002
,,,0.00030703,0.023200001
,,,0.00030704,0.024000001
,,,0.00030705,0.024000001
,,,0.00030706,0.024000001
,,,0.00030707,0.024000001
,,,0.00030708,0.025600002
,,,0.00030709,0.023200001
,,,0.0003071,0.024800001
,,,0.00030711,0.024000001
,,,0.00030712,0.025600002
,,,0.00030713,0.024000001
,,,0.00030714,0.024800001
,,,0.00030715,0.024000001
,,,0.00030716,0.024800001
,,,0.00030717,0.023200001
,,,0.00030718,0.024000001
,,,0.00030719,0.024800001
,,,0.0003072,0.025600002
,,,0.00030721,0.025600002
,,,0.00030722,0.023200001
,,,0.00030723,0.024000001
,,,0.00030724,0.026400002
,,,0.00030725,0.024000001
,,,0.00030726,0.024000001
,,,0.00030727,0.025600002
,,,0.00030728,0.024000001
,,,0.00030729,0.024000001
,,,0.0003073,0.024000001
,,,0.00030731,0.024000001
,,,0.00030732,0.024000001
,,,0.00030733,0.024800001
,,,0.00030734,0.024000001
,,,0.00030735,0.023200001
,,,0.00030736,0.025600002
,,,0.00030737,0.024800001
,,,0.00030738,0.024800001
,,,0.00030739,0.024000001
,,,0.0003074,0.023200001
,,,0.00030741,0.024000001
,,,0.00030742,0.025600002
,,,0.00030743,0.025600002
,,,0.00030744,0.024000001
,,,0.00030745,0.024800001
,,,0.00030746,0.024000001
,,,0.00030747,0.024800001
,,,0.00030748,0.024000001
,,,0.00030749,0.024000001
,,,0.0003075,0.024000001
,,,0.00030751,0.022400001
,,,0.00030752,0.022400001
,,,0.00030753,0.024000001
,,,0.00030754,0.024000001
,,,0.00030755,0.024800001
,,,0.00030756,0.024000001
,,,0.00030757,0.024000001
,,,0.00030758,0.023200001
,,,0.00030759,0.024000001
,,,0.0003076,0.024800001
,,,0.00030761,0.024000001
,,,0.00030762,0.024800001
,,,0.00030763,0.024000001
,,,0.00030764,0.024000001
,,,0.00030765,0.023200001
,,,0.00030766,0.024000001
,,,0.00030767,0.024800001
,,,0.00030768,0.024000001
,,,0.00030769,0.024800001
,,,0.0003077,0.024000001
,,,0.00030771,0.024000001
,,,0.00030772,0.024800001
,,,0.00030773,0.024800001
,,,0.00030774,0.024000001
,,,0.00030775,0.027200002
,,,0.00030776,0.024000001
,,,0.00030777,0.024000001
,,,0.00030778,0.024000001
,,,0.00030779,0.024800001
,,,0.0003078,0.023200001
,,,0.00030781,0.024000001
,,,0.00030782,0.024800001
,,,0.00030783,0.024000001
,,,0.00030784,0.024800001
,,,0.00030785,0.024000001
,,,0.00030786,0.024000001
,,,0.00030787,0.024000001
,,,0.00030788,0.024800001
,,,0.00030789,0.024000001
,,,0.0003079,0.024000001
,,,0.00030791,0.024800001
,,,0.00030792,0.024800001
,,,0.00030793,0.025600002
,,,0.00030794,0.024800001
,,,0.00030795,0.025600002
,,,0.00030796,0.024800001
,,,0.00030797,0.024000001
,,,0.00030798,0.024800001
,,,0.00030799,0.024000001
,,,0.000308,0.023200001
,,,0.00030801,0.024800001
,,,0.00030802,0.024000001
,,,0.00030803,0.025600002
,,,0.00030804,0.024000001
,,,0.00030805,0.024800001
,,,0.00030806,0.024000001
,,,0.00030807,0.024000001
,,,0.00030808,0.024000001
,,,0.00030809,0.023200001
,,,0.0003081,0.024800001
,,,0.00030811,0.024000001
,,,0.00030812,0.024000001
,,,0.00030813,0.024000001
,,,0.00030814,0.024800001
,,,0.00030815,0.024800001
,,,0.00030816,0.024800001
,,,0.00030817,0.024800001
,,,0.00030818,0.024000001
,,,0.00030819,0.023200001
,,,0.0003082,0.024800001
,,,0.00030821,0.023200001
,,,0.00030822,0.024000001
,,,0.00030823,0.024000001
,,,0.00030824,0.024000001
,,,0.00030825,0.026400002
,,,0.00030826,0.023200001
,,,0.00030827,0.023200001
,,,0.00030828,0.024800001
,,,0.00030829,0.024000001
,,,0.0003083,0.023200001
,,,0.00030831,0.025600002
,,,0.00030832,0.024000001
,,,0.00030833,0.024000001
,,,0.00030834,0.024000001
,,,0.00030835,0.022400001
,,,0.00030836,0.024000001
,,,0.00030837,0.024000001
,,,0.00030838,0.024800001
,,,0.00030839,0.024800001
,,,0.0003084,0.023200001
,,,0.00030841,0.024800001
,,,0.00030842,0.023200001
,,,0.00030843,0.024800001
,,,0.00030844,0.024800001
,,,0.00030845,0.024800001
,,,0.00030846,0.024800001
,,,0.00030847,0.024000001
,,,0.00030848,0.024800001
,,,0.00030849,0.024000001
,,,0.0003085,0.024000001
,,,0.00030851,0.024000001
,,,0.00030852,0.024000001
,,,0.00030853,0.024000001
,,,0.00030854,0.024000001
,,,0.00030855,0.023200001
,,,0.00030856,0.024000001
,,,0.00030857,0.024800001
,,,0.00030858,0.023200001
,,,0.00030859,0.023200001
,,,0.0003086,0.024800001
,,,0.00030861,0.024000001
,,,0.00030862,0.024000001
,,,0.00030863,0.024000001
,,,0.00030864,0.024800001
,,,0.00030865,0.025600002
,,,0.00030866,0.024800001
,,,0.00030867,0.023200001
,,,0.00030868,0.024000001
,,,0.00030869,0.024000001
,,,0.0003087,0.024000001
,,,0.00030871,0.024000001
,,,0.00030872,0.026400002
,,,0.00030873,0.024800001
,,,0.00030874,0.024000001
,,,0.00030875,0.024800001
,,,0.00030876,0.025600002
,,,0.00030877,0.024800001
,,,0.00030878,0.024000001
,,,0.00030879,0.024000001
,,,0.0003088,0.024800001
,,,0.00030881,0.024000001
,,,0.00030882,0.024000001
,,,0.00030883,0.025600002
,,,0.00030884,0.024000001
,,,0.00030885,0.022400001
,,,0.00030886,0.025600002
,,,0.00030887,0.024000001
,,,0.00030888,0.023200001
,,,0.00030889,0.024800001
,,,0.0003089,0.022400001
,,,0.00030891,0.025600002
,,,0.00030892,0.024000001
,,,0.00030893,0.024800001
,,,0.00030894,0.024800001
,,,0.00030895,0.024000001
,,,0.00030896,0.024000001
,,,0.00030897,0.023200001
,,,0.00030898,0.024000001
,,,0.00030899,0.024800001
,,,0.000309,0.024000001
,,,0.00030901,0.024000001
,,,0.00030902,0.025600002
,,,0.00030903,0.024000001
,,,0.00030904,0.025600002
,,,0.00030905,0.024000001
,,,0.00030906,0.024000001
,,,0.00030907,0.024000001
,,,0.00030908,0.024000001
,,,0.00030909,0.024800001
,,,0.0003091,0.025600002
,,,0.00030911,0.024000001
,,,0.00030912,0.024800001
,,,0.00030913,0.024000001
,,,0.00030914,0.024000001
,,,0.00030915,0.024000001
,,,0.00030916,0.024000001
,,,0.00030917,0.024000001
,,,0.00030918,0.024000001
,,,0.00030919,0.024800001
,,,0.0003092,0.024800001
,,,0.00030921,0.024000001
,,,0.00030922,0.022400001
,,,0.00030923,0.024000001
,,,0.00030924,0.024800001
,,,0.00030925,0.024000001
,,,0.00030926,0.024000001
,,,0.00030927,0.024000001
,,,0.00030928,0.024000001
,,,0.00030929,0.024800001
,,,0.0003093,0.024000001
,,,0.00030931,0.024800001
,,,0.00030932,0.023200001
,,,0.00030933,0.024000001
,,,0.00030934,0.024000001
,,,0.00030935,0.023200001
,,,0.00030936,0.024000001
,,,0.00030937,0.024800001
,,,0.00030938,0.024000001
,,,0.00030939,0.023200001
,,,0.0003094,0.023200001
,,,0.00030941,0.024000001
,,,0.00030942,0.024800001
,,,0.00030943,0.024000001
,,,0.00030944,0.024000001
,,,0.00030945,0.023200001
,,,0.00030946,0.024000001
,,,0.00030947,0.025600002
,,,0.00030948,0.024000001
,,,0.00030949,0.024800001
,,,0.0003095,0.024000001
,,,0.00030951,0.025600002
,,,0.00030952,0.024800001
,,,0.00030953,0.024800001
,,,0.00030954,0.024000001
,,,0.00030955,0.024000001
,,,0.00030956,0.023200001
,,,0.00030957,0.024000001
,,,0.00030958,0.024800001
,,,0.00030959,0.024000001
,,,0.0003096,0.024000001
,,,0.00030961,0.024800001
,,,0.00030962,0.024800001
,,,0.00030963,0.022400001
,,,0.00030964,0.024800001
,,,0.00030965,0.022400001
,,,0.00030966,0.024800001
,,,0.00030967,0.024000001
,,,0.00030968,0.025600002
,,,0.00030969,0.024800001
,,,0.0003097,0.023200001
,,,0.00030971,0.023200001
,,,0.00030972,0.024800001
,,,0.00030973,0.024800001
,,,0.00030974,0.024800001
,,,0.00030975,0.024000001
,,,0.00030976,0.023200001
,,,0.00030977,0.024000001
,,,0.00030978,0.024800001
,,,0.00030979,0.024800001
,,,0.0003098,0.024000001
,,,0.00030981,0.024800001
,,,0.00030982,0.024800001
,,,0.00030983,0.024000001
,,,0.00030984,0.024000001
,,,0.00030985,0.024000001
,,,0.00030986,0.024000001
,,,0.00030987,0.024000001
,,,0.00030988,0.024800001
,,,0.00030989,0.024000001
,,,0.0003099,0.024000001
,,,0.00030991,0.024800001
,,,0.00030992,0.023200001
,,,0.00030993,0.024000001
,,,0.00030994,0.024000001
,,,0.00030995,0.024000001
,,,0.00030996,0.024800001
,,,0.00030997,0.023200001
,,,0.00030998,0.024800001
,,,0.00030999,0.025600002
,,,0.00031,0.024000001
,,,0.00031001,0.024000001
,,,0.00031002,0.025600002
,,,0.00031003,0.024800001
,,,0.00031004,0.024000001
,,,0.00031005,0.022400001
,,,0.00031006,0.024000001
,,,0.00031007,0.024000001
,,,0.00031008,0.024800001
,,,0.00031009,0.023200001
,,,0.0003101,0.024000001
,,,0.00031011,0.024000001
,,,0.00031012,0.025600002
,,,0.00031013,0.025600002
,,,0.00031014,0.024000001
,,,0.00031015,0.025600002
,,,0.00031016,0.024000001
,,,0.00031017,0.024000001
,,,0.00031018,0.024000001
,,,0.00031019,0.024800001
,,,0.0003102,0.024000001
,,,0.00031021,0.024000001
,,,0.00031022,0.024000001
,,,0.00031023,0.024000001
,,,0.00031024,0.024000001
,,,0.00031025,0.024000001
,,,0.00031026,0.024800001
,,,0.00031027,0.024000001
,,,0.00031028,0.025600002
,,,0.00031029,0.024800001
,,,0.0003103,0.025600002
,,,0.00031031,0.024800001
,,,0.00031032,0.024000001
,,,0.00031033,0.024000001
,,,0.00031034,0.024000001
,,,0.00031035,0.024000001
,,,0.00031036,0.024000001
,,,0.00031037,0.023200001
,,,0.00031038,0.024000001
,,,0.00031039,0.024800001
,,,0.0003104,0.024000001
,,,0.00031041,0.024000001
,,,0.00031042,0.024800001
,,,0.00031043,0.024000001
,,,0.00031044,0.024000001
,,,0.00031045,0.024000001
,,,0.00031046,0.023200001
,,,0.00031047,0.024000001
,,,0.00031048,0.023200001
,,,0.00031049,0.023200001
,,,0.0003105,0.024000001
,,,0.00031051,0.024800001
,,,0.00031052,0.023200001
,,,0.00031053,0.024000001
,,,0.00031054,0.024000001
,,,0.00031055,0.024800001
,,,0.00031056,0.024000001
,,,0.00031057,0.023200001
,,,0.00031058,0.024000001
,,,0.00031059,0.024000001
,,,0.0003106,0.024000001
,,,0.00031061,0.024000001
,,,0.00031062,0.024800001
,,,0.00031063,0.025600002
,,,0.00031064,0.024800001
,,,0.00031065,0.024000001
,,,0.00031066,0.024000001
,,,0.00031067,0.024800001
,,,0.00031068,0.024800001
,,,0.00031069,0.025600002
,,,0.0003107,0.024800001
,,,0.00031071,0.024000001
,,,0.00031072,0.025600002
,,,0.00031073,0.024800001
,,,0.00031074,0.023200001
,,,0.00031075,0.023200001
,,,0.00031076,0.024800001
,,,0.00031077,0.025600002
,,,0.00031078,0.024000001
,,,0.00031079,0.024800001
,,,0.0003108,0.022400001
,,,0.00031081,0.024000001
,,,0.00031082,0.024000001
,,,0.00031083,0.024000001
,,,0.00031084,0.023200001
,,,0.00031085,0.024800001
,,,0.00031086,0.024000001
,,,0.00031087,0.024000001
,,,0.00031088,0.024000001
,,,0.00031089,0.024800001
,,,0.0003109,0.024000001
,,,0.00031091,0.025600002
,,,0.00031092,0.024000001
,,,0.00031093,0.024000001
,,,0.00031094,0.024000001
,,,0.00031095,0.024000001
,,,0.00031096,0.024000001
,,,0.00031097,0.024800001
,,,0.00031098,0.024800001
,,,0.00031099,0.024000001
,,,0.000311,0.024000001
,,,0.00031101,0.024800001
,,,0.00031102,0.024000001
,,,0.00031103,0.023200001
,,,0.00031104,0.024800001
,,,0.00031105,0.024000001
,,,0.00031106,0.024000001
,,,0.00031107,0.023200001
,,,0.00031108,0.024800001
,,,0.00031109,0.025600002
,,,0.0003111,0.024800001
,,,0.00031111,0.024800001
,,,0.00031112,0.023200001
,,,0.00031113,0.024000001
,,,0.00031114,0.024000001
,,,0.00031115,0.024000001
,,,0.00031116,0.024800001
,,,0.00031117,0.023200001
,,,0.00031118,0.023200001
,,,0.00031119,0.022400001
,,,0.0003112,0.023200001
,,,0.00031121,0.026400002
,,,0.00031122,0.024000001
,,,0.00031123,0.024800001
,,,0.00031124,0.024800001
,,,0.00031125,0.024000001
,,,0.00031126,0.024000001
,,,0.00031127,0.024800001
,,,0.00031128,0.023200001
,,,0.00031129,0.022400001
,,,0.0003113,0.024800001
,,,0.00031131,0.024000001
,,,0.00031132,0.024000001
,,,0.00031133,0.024000001
,,,0.00031134,0.024800001
,,,0.00031135,0.023200001
,,,0.00031136,0.024000001
,,,0.00031137,0.025600002
,,,0.00031138,0.023200001
,,,0.00031139,0.023200001
,,,0.0003114,0.024000001
,,,0.00031141,0.024000001
,,,0.00031142,0.024000001
,,,0.00031143,0.023200001
,,,0.00031144,0.024800001
,,,0.00031145,0.023200001
,,,0.00031146,0.025600002
,,,0.00031147,0.024000001
,,,0.00031148,0.024800001
,,,0.00031149,0.024000001
,,,0.0003115,0.023200001
,,,0.00031151,0.023200001
,,,0.00031152,0.024000001
,,,0.00031153,0.024800001
,,,0.00031154,0.024800001
,,,0.00031155,0.024000001
,,,0.00031156,0.024000001
,,,0.00031157,0.023200001
,,,0.00031158,0.024000001
,,,0.00031159,0.024000001
,,,0.0003116,0.024800001
,,,0.00031161,0.024000001
,,,0.00031162,0.023200001
,,,0.00031163,0.024800001
,,,0.00031164,0.026400002
,,,0.00031165,0.023200001
,,,0.00031166,0.024000001
,,,0.00031167,0.024000001
,,,0.00031168,0.024000001
,,,0.00031169,0.023200001
,,,0.0003117,0.023200001
,,,0.00031171,0.024000001
,,,0.00031172,0.022400001
,,,0.00031173,0.025600002
,,,0.00031174,0.024800001
,,,0.00031175,0.024000001
,,,0.00031176,0.024000001
,,,0.00031177,0.022400001
,,,0.00031178,0.024800001
,,,0.00031179,0.024800001
,,,0.0003118,0.024000001
,,,0.00031181,0.024000001
,,,0.00031182,0.025600002
,,,0.00031183,0.023200001
,,,0.00031184,0.024000001
,,,0.00031185,0.022400001
,,,0.00031186,0.024000001
,,,0.00031187,0.024800001
,,,0.00031188,0.024000001
,,,0.00031189,0.024800001
,,,0.0003119,0.024800001
,,,0.00031191,0.024000001
,,,0.00031192,0.024000001
,,,0.00031193,0.022400001
,,,0.00031194,0.025600002
,,,0.00031195,0.024000001
,,,0.00031196,0.024000001
,,,0.00031197,0.024000001
,,,0.00031198,0.022400001
,,,0.00031199,0.026400002
,,,0.000312,0.022400001
,,,0.00031201,0.023200001
,,,0.00031202,0.023200001
,,,0.00031203,0.024000001
,,,0.00031204,0.024000001
,,,0.00031205,0.024000001
,,,0.00031206,0.023200001
,,,0.00031207,0.024000001
,,,0.00031208,0.024800001
,,,0.00031209,0.024800001
,,,0.0003121,0.027200002
,,,0.00031211,0.024000001
,,,0.00031212,0.023200001
,,,0.00031213,0.024000001
,,,0.00031214,0.024000001
,,,0.00031215,0.024000001
,,,0.00031216,0.024000001
,,,0.00031217,0.024000001
,,,0.00031218,0.023200001
,,,0.00031219,0.024000001
,,,0.0003122,0.024800001
,,,0.00031221,0.025600002
,,,0.00031222,0.025600002
,,,0.00031223,0.024800001
,,,0.00031224,0.024000001
,,,0.00031225,0.024000001
,,,0.00031226,0.023200001
,,,0.00031227,0.024000001
,,,0.00031228,0.024000001
,,,0.00031229,0.024800001
,,,0.0003123,0.024800001
,,,0.00031231,0.024800001
,,,0.00031232,0.021600001
,,,0.00031233,0.024000001
,,,0.00031234,0.024800001
,,,0.00031235,0.024000001
,,,0.00031236,0.024800001
,,,0.00031237,0.023200001
,,,0.00031238,0.025600002
,,,0.00031239,0.025600002
,,,0.0003124,0.024000001
,,,0.00031241,0.024000001
,,,0.00031242,0.024000001
,,,0.00031243,0.025600002
,,,0.00031244,0.024800001
,,,0.00031245,0.024000001
,,,0.00031246,0.025600002
,,,0.00031247,0.024000001
,,,0.00031248,0.024800001
,,,0.00031249,0.023200001
,,,0.0003125,0.024000001
,,,0.00031251,0.024000001
,,,0.00031252,0.025600002
,,,0.00031253,0.023200001
,,,0.00031254,0.024000001
,,,0.00031255,0.024800001
,,,0.00031256,0.024800001
,,,0.00031257,0.024000001
,,,0.00031258,0.024000001
,,,0.00031259,0.022400001
,,,0.0003126,0.024800001
,,,0.00031261,0.023200001
,,,0.00031262,0.024800001
,,,0.00031263,0.024800001
,,,0.00031264,0.022400001
,,,0.00031265,0.024000001
,,,0.00031266,0.023200001
,,,0.00031267,0.026400002
,,,0.00031268,0.024800001
,,,0.00031269,0.024000001
,,,0.0003127,0.024000001
,,,0.00031271,0.024000001
,,,0.00031272,0.025600002
,,,0.00031273,0.024000001
,,,0.00031274,0.024000001
,,,0.00031275,0.024800001
,,,0.00031276,0.024000001
,,,0.00031277,0.024000001
,,,0.00031278,0.024800001
,,,0.00031279,0.025600002
,,,0.0003128,0.024000001
,,,0.00031281,0.024800001
,,,0.00031282,0.024000001
,,,0.00031283,0.024000001
,,,0.00031284,0.021600001
,,,0.00031285,0.026400002
,,,0.00031286,0.024000001
,,,0.00031287,0.024000001
,,,0.00031288,0.024000001
,,,0.00031289,0.024800001
,,,0.0003129,0.023200001
,,,0.00031291,0.023200001
,,,0.00031292,0.024800001
,,,0.00031293,0.025600002
,,,0.00031294,0.027200002
,,,0.00031295,0.024000001
,,,0.00031296,0.024000001
,,,0.00031297,0.024800001
,,,0.00031298,0.024000001
,,,0.00031299,0.024000001
,,,0.000313,0.022400001
,,,0.00031301,0.023200001
,,,0.00031302,0.024800001
,,,0.00031303,0.022400001
,,,0.00031304,0.024000001
,,,0.00031305,0.024000001
,,,0.00031306,0.024000001
,,,0.00031307,0.024000001
,,,0.00031308,0.024000001
,,,0.00031309,0.022400001
,,,0.0003131,0.024000001
,,,0.00031311,0.024800001
,,,0.00031312,0.024000001
,,,0.00031313,0.024000001
,,,0.00031314,0.024800001
,,,0.00031315,0.024000001
,,,0.00031316,0.024800001
,,,0.00031317,0.024000001
,,,0.00031318,0.024800001
,,,0.00031319,0.024000001
,,,0.0003132,0.024000001
,,,0.00031321,0.023200001
,,,0.00031322,0.024000001
,,,0.00031323,0.024000001
,,,0.00031324,0.024800001
,,,0.00031325,0.024800001
,,,0.00031326,0.024000001
,,,0.00031327,0.024000001
,,,0.00031328,0.024800001
,,,0.00031329,0.024800001
,,,0.0003133,0.026400002
,,,0.00031331,0.023200001
,,,0.00031332,0.024000001
,,,0.00031333,0.024000001
,,,0.00031334,0.026400002
,,,0.00031335,0.023200001
,,,0.00031336,0.023200001
,,,0.00031337,0.024800001
,,,0.00031338,0.023200001
,,,0.00031339,0.023200001
,,,0.0003134,0.024000001
,,,0.00031341,0.024800001
,,,0.00031342,0.024000001
,,,0.00031343,0.024000001
,,,0.00031344,0.024800001
,,,0.00031345,0.024000001
,,,0.00031346,0.025600002
,,,0.00031347,0.024000001
,,,0.00031348,0.024000001
,,,0.00031349,0.023200001
,,,0.0003135,0.025600002
,,,0.00031351,0.024000001
,,,0.00031352,0.024000001
,,,0.00031353,0.024000001
,,,0.00031354,0.023200001
,,,0.00031355,0.022400001
,,,0.00031356,0.024000001
,,,0.00031357,0.025600002
,,,0.00031358,0.024000001
,,,0.00031359,0.024000001
,,,0.0003136,0.025600002
,,,0.00031361,0.023200001
,,,0.00031362,0.024000001
,,,0.00031363,0.024000001
,,,0.00031364,0.024000001
,,,0.00031365,0.023200001
,,,0.00031366,0.024000001
,,,0.00031367,0.024000001
,,,0.00031368,0.024000001
,,,0.00031369,0.024000001
,,,0.0003137,0.024800001
,,,0.00031371,0.024000001
,,,0.00031372,0.024800001
,,,0.00031373,0.024000001
,,,0.00031374,0.023200001
,,,0.00031375,0.024000001
,,,0.00031376,0.023200001
,,,0.00031377,0.024800001
,,,0.00031378,0.024000001
,,,0.00031379,0.022400001
,,,0.0003138,0.025600002
,,,0.00031381,0.024000001
,,,0.00031382,0.024000001
,,,0.00031383,0.024000001
,,,0.00031384,0.024800001
,,,0.00031385,0.024800001
,,,0.00031386,0.024000001
,,,0.00031387,0.024000001
,,,0.00031388,0.024000001
,,,0.00031389,0.024000001
,,,0.0003139,0.024000001
,,,0.00031391,0.023200001
,,,0.00031392,0.024800001
,,,0.00031393,0.024000001
,,,0.00031394,0.024800001
,,,0.00031395,0.024800001
,,,0.00031396,0.024000001
,,,0.00031397,0.024800001
,,,0.00031398,0.023200001
,,,0.00031399,0.024000001
,,,0.000314,0.024000001
,,,0.00031401,0.024000001
,,,0.00031402,0.023200001
,,,0.00031403,0.024000001
,,,0.00031404,0.024000001
,,,0.00031405,0.024000001
,,,0.00031406,0.022400001
,,,0.00031407,0.024000001
,,,0.00031408,0.024000001
,,,0.00031409,0.024000001
,,,0.0003141,0.024000001
,,,0.00031411,0.023200001
,,,0.00031412,0.024000001
,,,0.00031413,0.024800001
,,,0.00031414,0.024000001
,,,0.00031415,0.023200001
,,,0.00031416,0.025600002
,,,0.00031417,0.023200001
,,,0.00031418,0.024000001
,,,0.00031419,0.024000001
,,,0.0003142,0.024800001
,,,0.00031421,0.024000001
,,,0.00031422,0.024000001
,,,0.00031423,0.024000001
,,,0.00031424,0.024000001
,,,0.00031425,0.024000001
,,,0.00031426,0.024000001
,,,0.00031427,0.024000001
,,,0.00031428,0.024000001
,,,0.00031429,0.024000001
,,,0.0003143,0.023200001
,,,0.00031431,0.024800001
,,,0.00031432,0.022400001
,,,0.00031433,0.023200001
,,,0.00031434,0.024000001
,,,0.00031435,0.024000001
,,,0.00031436,0.024000001
,,,0.00031437,0.022400001
,,,0.00031438,0.024800001
,,,0.00031439,0.021600001
,,,0.0003144,0.023200001
,,,0.00031441,0.024800001
,,,0.00031442,0.023200001
,,,0.00031443,0.024000001
,,,0.00031444,0.023200001
,,,0.00031445,0.024000001
,,,0.00031446,0.024800001
,,,0.00031447,0.022400001
,,,0.00031448,0.022400001
,,,0.00031449,0.024800001
,,,0.0003145,0.023200001
,,,0.00031451,0.024000001
,,,0.00031452,0.024000001
,,,0.00031453,0.024000001
,,,0.00031454,0.022400001
,,,0.00031455,0.024800001
,,,0.00031456,0.024000001
,,,0.00031457,0.023200001
,,,0.00031458,0.025600002
,,,0.00031459,0.023200001
,,,0.0003146,0.023200001
,,,0.00031461,0.024000001
,,,0.00031462,0.024800001
,,,0.00031463,0.024000001
,,,0.00031464,0.024800001
,,,0.00031465,0.024800001
,,,0.00031466,0.024800001
,,,0.00031467,0.023200001
,,,0.00031468,0.024800001
,,,0.00031469,0.024000001
,,,0.0003147,0.024800001
,,,0.00031471,0.025600002
,,,0.00031472,0.024000001
,,,0.00031473,0.024000001
,,,0.00031474,0.024000001
,,,0.00031475,0.024000001
,,,0.00031476,0.023200001
,,,0.00031477,0.024800001
,,,0.00031478,0.024000001
,,,0.00031479,0.024000001
,,,0.0003148,0.023200001
,,,0.00031481,0.024800001
,,,0.00031482,0.024800001
,,,0.00031483,0.023200001
,,,0.00031484,0.024000001
,,,0.00031485,0.024800001
,,,0.00031486,0.024000001
,,,0.00031487,0.024800001
,,,0.00031488,0.024800001
,,,0.00031489,0.022400001
,,,0.0003149,0.023200001
,,,0.00031491,0.027200002
,,,0.00031492,0.024000001
,,,0.00031493,0.024000001
,,,0.00031494,0.024800001
,,,0.00031495,0.025600002
,,,0.00031496,0.023200001
,,,0.00031497,0.023200001
,,,0.00031498,0.023200001
,,,0.00031499,0.023200001
,,,0.000315,0.023200001
,,,0.00031501,0.024800001
,,,0.00031502,0.023200001
,,,0.00031503,0.024800001
,,,0.00031504,0.024800001
,,,0.00031505,0.024800001
,,,0.00031506,0.024800001
,,,0.00031507,0.023200001
,,,0.00031508,0.024800001
,,,0.00031509,0.024000001
,,,0.0003151,0.024800001
,,,0.00031511,0.024000001
,,,0.00031512,0.023200001
,,,0.00031513,0.024000001
,,,0.00031514,0.023200001
,,,0.00031515,0.024000001
,,,0.00031516,0.025600002
,,,0.00031517,0.024000001
,,,0.00031518,0.025600002
,,,0.00031519,0.024000001
,,,0.0003152,0.024000001
,,,0.00031521,0.024000001
,,,0.00031522,0.024000001
,,,0.00031523,0.024000001
,,,0.00031524,0.024800001
,,,0.00031525,0.023200001
,,,0.00031526,0.024000001
,,,0.00031527,0.024000001
,,,0.00031528,0.025600002
,,,0.00031529,0.024800001
,,,0.0003153,0.023200001
,,,0.00031531,0.024000001
,,,0.00031532,0.024800001
,,,0.00031533,0.023200001
,,,0.00031534,0.024000001
,,,0.00031535,0.024800001
,,,0.00031536,0.024000001
,,,0.00031537,0.024000001
,,,0.00031538,0.024000001
,,,0.00031539,0.024000001
,,,0.0003154,0.024800001
,,,0.00031541,0.024000001
,,,0.00031542,0.024800001
,,,0.00031543,0.024000001
,,,0.00031544,0.024000001
,,,0.00031545,0.024800001
,,,0.00031546,0.024800001
,,,0.00031547,0.024000001
,,,0.00031548,0.024800001
,,,0.00031549,0.024000001
,,,0.0003155,0.024000001
,,,0.00031551,0.025600002
,,,0.00031552,0.023200001
,,,0.00031553,0.024000001
,,,0.00031554,0.023200001
,,,0.00031555,0.024800001
,,,0.00031556,0.023200001
,,,0.00031557,0.025600002
,,,0.00031558,0.025600002
,,,0.00031559,0.024000001
,,,0.0003156,0.024000001
,,,0.00031561,0.024000001
,,,0.00031562,0.023200001
,,,0.00031563,0.024800001
,,,0.00031564,0.024800001
,,,0.00031565,0.024000001
,,,0.00031566,0.024000001
,,,0.00031567,0.022400001
,,,0.00031568,0.024800001
,,,0.00031569,0.022400001
,,,0.0003157,0.024800001
,,,0.00031571,0.024000001
,,,0.00031572,0.024800001
,,,0.00031573,0.024000001
,,,0.00031574,0.024800001
,,,0.00031575,0.024000001
,,,0.00031576,0.024000001
,,,0.00031577,0.024800001
,,,0.00031578,0.023200001
,,,0.00031579,0.023200001
,,,0.0003158,0.023200001
,,,0.00031581,0.022400001
,,,0.00031582,0.026400002
,,,0.00031583,0.023200001
,,,0.00031584,0.024000001
,,,0.00031585,0.024000001
,,,0.00031586,0.025600002
,,,0.00031587,0.023200001
,,,0.00031588,0.024000001
,,,0.00031589,0.024800001
,,,0.0003159,0.024800001
,,,0.00031591,0.022400001
,,,0.00031592,0.022400001
,,,0.00031593,0.023200001
,,,0.00031594,0.024000001
,,,0.00031595,0.024000001
,,,0.00031596,0.024800001
,,,0.00031597,0.024000001
,,,0.00031598,0.024000001
,,,0.00031599,0.024800001
,,,0.000316,0.024000001
,,,0.00031601,0.026400002
,,,0.00031602,0.024800001
,,,0.00031603,0.024000001
,,,0.00031604,0.025600002
,,,0.00031605,0.025600002
,,,0.00031606,0.023200001
,,,0.00031607,0.024000001
,,,0.00031608,0.024000001
,,,0.00031609,0.024000001
,,,0.0003161,0.023200001
,,,0.00031611,0.024000001
,,,0.00031612,0.024800001
,,,0.00031613,0.024000001
,,,0.00031614,0.024000001
,,,0.00031615,0.024000001
,,,0.00031616,0.024000001
,,,0.00031617,0.024800001
,,,0.00031618,0.024800001
,,,0.00031619,0.022400001
,,,0.0003162,0.024000001
,,,0.00031621,0.024000001
,,,0.00031622,0.024000001
,,,0.00031623,0.025600002
,,,0.00031624,0.026400002
,,,0.00031625,0.024000001
,,,0.00031626,0.024000001
,,,0.00031627,0.023200001
,,,0.00031628,0.024000001
,,,0.00031629,0.024000001
,,,0.0003163,0.022400001
,,,0.00031631,0.024800001
,,,0.00031632,0.024000001
,,,0.00031633,0.024000001
,,,0.00031634,0.024000001
,,,0.00031635,0.024000001
,,,0.00031636,0.024000001
,,,0.00031637,0.024000001
,,,0.00031638,0.025600002
,,,0.00031639,0.024000001
,,,0.0003164,0.023200001
,,,0.00031641,0.025600002
,,,0.00031642,0.024000001
,,,0.00031643,0.022400001
,,,0.00031644,0.024000001
,,,0.00031645,0.025600002
,,,0.00031646,0.024000001
,,,0.00031647,0.024800001
,,,0.00031648,0.024000001
,,,0.00031649,0.022400001
,,,0.0003165,0.023200001
,,,0.00031651,0.024000001
,,,0.00031652,0.023200001
,,,0.00031653,0.024800001
,,,0.00031654,0.024000001
,,,0.00031655,0.024800001
,,,0.00031656,0.024800001
,,,0.00031657,0.024000001
,,,0.00031658,0.023200001
,,,0.00031659,0.024800001
,,,0.0003166,0.022400001
,,,0.00031661,0.024000001
,,,0.00031662,0.023200001
,,,0.00031663,0.024800001
,,,0.00031664,0.022400001
,,,0.00031665,0.024000001
,,,0.00031666,0.025600002
,,,0.00031667,0.024000001
,,,0.00031668,0.024800001
,,,0.00031669,0.023200001
,,,0.0003167,0.024000001
,,,0.00031671,0.024000001
,,,0.00031672,0.024000001
,,,0.00031673,0.024800001
,,,0.00031674,0.023200001
,,,0.00031675,0.024000001
,,,0.00031676,0.023200001
,,,0.00031677,0.024000001
,,,0.00031678,0.024000001
,,,0.00031679,0.024000001
,,,0.0003168,0.024000001
,,,0.00031681,0.024000001
,,,0.00031682,0.023200001
,,,0.00031683,0.024000001
,,,0.00031684,0.023200001
,,,0.00031685,0.023200001
,,,0.00031686,0.024800001
,,,0.00031687,0.024000001
,,,0.00031688,0.024000001
,,,0.00031689,0.024000001
,,,0.0003169,0.024000001
,,,0.00031691,0.024800001
,,,0.00031692,0.023200001
,,,0.00031693,0.024000001
,,,0.00031694,0.024000001
,,,0.00031695,0.024000001
,,,0.00031696,0.024000001
,,,0.00031697,0.024800001
,,,0.00031698,0.025600002
,,,0.00031699,0.024000001
,,,0.000317,0.024000001
,,,0.00031701,0.025600002
,,,0.00031702,0.024000001
,,,0.00031703,0.025600002
,,,0.00031704,0.025600002
,,,0.00031705,0.025600002
,,,0.00031706,0.024000001
,,,0.00031707,0.026400002
,,,0.00031708,0.024000001
,,,0.00031709,0.023200001
,,,0.0003171,0.024800001
,,,0.00031711,0.023200001
,,,0.00031712,0.023200001
,,,0.00031713,0.025600002
,,,0.00031714,0.024000001
,,,0.00031715,0.024800001
,,,0.00031716,0.024000001
,,,0.00031717,0.024800001
,,,0.00031718,0.023200001
,,,0.00031719,0.026400002
,,,0.0003172,0.024800001
,,,0.00031721,0.023200001
,,,0.00031722,0.024000001
,,,0.00031723,0.024000001
,,,0.00031724,0.024800001
,,,0.00031725,0.023200001
,,,0.00031726,0.024000001
,,,0.00031727,0.024000001
,,,0.00031728,0.024800001
,,,0.00031729,0.024000001
,,,0.0003173,0.024000001
,,,0.00031731,0.024800001
,,,0.00031732,0.024800001
,,,0.00031733,0.022400001
,,,0.00031734,0.024000001
,,,0.00031735,0.023200001
,,,0.00031736,0.025600002
,,,0.00031737,0.024000001
,,,0.00031738,0.024000001
,,,0.00031739,0.025600002
,,,0.0003174,0.024800001
,,,0.00031741,0.023200001
,,,0.00031742,0.024000001
,,,0.00031743,0.024000001
,,,0.00031744,0.024000001
,,,0.00031745,0.023200001
,,,0.00031746,0.025600002
,,,0.00031747,0.024000001
,,,0.00031748,0.025600002
,,,0.00031749,0.024800001
,,,0.0003175,0.024800001
,,,0.00031751,0.024000001
,,,0.00031752,0.024000001
,,,0.00031753,0.024000001
,,,0.00031754,0.024800001
,,,0.00031755,0.024000001
,,,0.00031756,0.024000001
,,,0.00031757,0.023200001
,,,0.00031758,0.024000001
,,,0.00031759,0.024000001
,,,0.0003176,0.024800001
,,,0.00031761,0.024000001
,,,0.00031762,0.024800001
,,,0.00031763,0.024000001
,,,0.00031764,0.023200001
,,,0.00031765,0.024800001
,,,0.00031766,0.024800001
,,,0.00031767,0.024000001
,,,0.00031768,0.024000001
,,,0.00031769,0.024800001
,,,0.0003177,0.024800001
,,,0.00031771,0.024000001
,,,0.00031772,0.024000001
,,,0.00031773,0.025600002
,,,0.00031774,0.024800001
,,,0.00031775,0.024000001
,,,0.00031776,0.024000001
,,,0.00031777,0.024000001
,,,0.00031778,0.024000001
,,,0.00031779,0.024000001
,,,0.0003178,0.024800001
,,,0.00031781,0.024000001
,,,0.00031782,0.025600002
,,,0.00031783,0.024000001
,,,0.00031784,0.024000001
,,,0.00031785,0.024000001
,,,0.00031786,0.024800001
,,,0.00031787,0.024000001
,,,0.00031788,0.025600002
,,,0.00031789,0.024000001
,,,0.0003179,0.025600002
,,,0.00031791,0.024000001
,,,0.00031792,0.024000001
,,,0.00031793,0.024000001
,,,0.00031794,0.024800001
,,,0.00031795,0.023200001
,,,0.00031796,0.024000001
,,,0.00031797,0.024000001
,,,0.00031798,0.024000001
,,,0.00031799,0.025600002
,,,0.000318,0.024000001
,,,0.00031801,0.024800001
,,,0.00031802,0.024800001
,,,0.00031803,0.024000001
,,,0.00031804,0.024000001
,,,0.00031805,0.024000001
,,,0.00031806,0.024800001
,,,0.00031807,0.024000001
,,,0.00031808,0.024000001
,,,0.00031809,0.024000001
,,,0.0003181,0.024000001
,,,0.00031811,0.024000001
,,,0.00031812,0.024000001
,,,0.00031813,0.024000001
,,,0.00031814,0.024000001
,,,0.00031815,0.024000001
,,,0.00031816,0.024800001
,,,0.00031817,0.022400001
,,,0.00031818,0.024800001
,,,0.00031819,0.023200001
,,,0.0003182,0.024000001
,,,0.00031821,0.024000001
,,,0.00031822,0.026400002
,,,0.00031823,0.024000001
,,,0.00031824,0.026400002
,,,0.00031825,0.024000001
,,,0.00031826,0.026400002
,,,0.00031827,0.025600002
,,,0.00031828,0.024000001
,,,0.00031829,0.025600002
,,,0.0003183,0.025600002
,,,0.00031831,0.023200001
,,,0.00031832,0.023200001
,,,0.00031833,0.024000001
,,,0.00031834,0.023200001
,,,0.00031835,0.023200001
,,,0.00031836,0.024800001
,,,0.00031837,0.024000001
,,,0.00031838,0.023200001
,,,0.00031839,0.024000001
,,,0.0003184,0.024000001
,,,0.00031841,0.024800001
,,,0.00031842,0.023200001
,,,0.00031843,0.024000001
,,,0.00031844,0.024000001
,,,0.00031845,0.025600002
,,,0.00031846,0.025600002
,,,0.00031847,0.024000001
,,,0.00031848,0.025600002
,,,0.00031849,0.024000001
,,,0.0003185,0.022400001
,,,0.00031851,0.024800001
,,,0.00031852,0.024000001
,,,0.00031853,0.023200001
,,,0.00031854,0.024800001
,,,0.00031855,0.023200001
,,,0.00031856,0.023200001
,,,0.00031857,0.023200001
,,,0.00031858,0.024800001
,,,0.00031859,0.024800001
,,,0.0003186,0.022400001
,,,0.00031861,0.023200001
,,,0.00031862,0.024000001
,,,0.00031863,0.024800001
,,,0.00031864,0.023200001
,,,0.00031865,0.024000001
,,,0.00031866,0.024000001
,,,0.00031867,0.024000001
,,,0.00031868,0.024000001
,,,0.00031869,0.024000001
,,,0.0003187,0.024800001
,,,0.00031871,0.024000001
,,,0.00031872,0.023200001
,,,0.00031873,0.023200001
,,,0.00031874,0.024000001
,,,0.00031875,0.024000001
,,,0.00031876,0.024000001
,,,0.00031877,0.024000001
,,,0.00031878,0.024000001
,,,0.00031879,0.022400001
,,,0.0003188,0.022400001
,,,0.00031881,0.024800001
,,,0.00031882,0.025600002
,,,0.00031883,0.025600002
,,,0.00031884,0.023200001
,,,0.00031885,0.024000001
,,,0.00031886,0.024800001
,,,0.00031887,0.024000001
,,,0.00031888,0.025600002
,,,0.00031889,0.025600002
,,,0.0003189,0.023200001
,,,0.00031891,0.023200001
,,,0.00031892,0.024000001
,,,0.00031893,0.024000001
,,,0.00031894,0.026400002
,,,0.00031895,0.025600002
,,,0.00031896,0.023200001
,,,0.00031897,0.024000001
,,,0.00031898,0.024000001
,,,0.00031899,0.024000001
,,,0.000319,0.024000001
,,,0.00031901,0.024800001
,,,0.00031902,0.022400001
,,,0.00031903,0.024000001
,,,0.00031904,0.023200001
,,,0.00031905,0.024800001
,,,0.00031906,0.024000001
,,,0.00031907,0.024000001
,,,0.00031908,0.024000001
,,,0.00031909,0.024000001
,,,0.0003191,0.025600002
,,,0.00031911,0.024000001
,,,0.00031912,0.025600002
,,,0.00031913,0.024000001
,,,0.00031914,0.024000001
,,,0.00031915,0.024800001
,,,0.00031916,0.025600002
,,,0.00031917,0.024000001
,,,0.00031918,0.025600002
,,,0.00031919,0.024800001
,,,0.0003192,0.024000001
,,,0.00031921,0.024000001
,,,0.00031922,0.023200001
,,,0.00031923,0.024000001
,,,0.00031924,0.025600002
,,,0.00031925,0.024000001
,,,0.00031926,0.024000001
,,,0.00031927,0.025600002
,,,0.00031928,0.024800001
,,,0.00031929,0.024800001
,,,0.0003193,0.024000001
,,,0.00031931,0.024000001
,,,0.00031932,0.024000001
,,,0.00031933,0.024000001
,,,0.00031934,0.024000001
,,,0.00031935,0.022400001
,,,0.00031936,0.024800001
,,,0.00031937,0.023200001
,,,0.00031938,0.024000001
,,,0.00031939,0.024000001
,,,0.0003194,0.024800001
,,,0.00031941,0.024000001
,,,0.00031942,0.027200002
,,,0.00031943,0.025600002
,,,0.00031944,0.023200001
,,,0.00031945,0.023200001
,,,0.00031946,0.024000001
,,,0.00031947,0.024800001
,,,0.00031948,0.024000001
,,,0.00031949,0.024800001
,,,0.0003195,0.024800001
,,,0.00031951,0.024000001
,,,0.00031952,0.024000001
,,,0.00031953,0.023200001
,,,0.00031954,0.024800001
,,,0.00031955,0.024000001
,,,0.00031956,0.024000001
,,,0.00031957,0.023200001
,,,0.00031958,0.025600002
,,,0.00031959,0.024000001
,,,0.0003196,0.024000001
,,,0.00031961,0.024000001
,,,0.00031962,0.024000001
,,,0.00031963,0.024000001
,,,0.00031964,0.024000001
,,,0.00031965,0.024000001
,,,0.00031966,0.024000001
,,,0.00031967,0.024800001
,,,0.00031968,0.025600002
,,,0.00031969,0.022400001
,,,0.0003197,0.022400001
,,,0.00031971,0.023200001
,,,0.00031972,0.024800001
,,,0.00031973,0.024800001
,,,0.00031974,0.021600001
,,,0.00031975,0.023200001
,,,0.00031976,0.024000001
,,,0.00031977,0.025600002
,,,0.00031978,0.024800001
,,,0.00031979,0.024000001
,,,0.0003198,0.022400001
,,,0.00031981,0.024000001
,,,0.00031982,0.022400001
,,,0.00031983,0.024800001
,,,0.00031984,0.025600002
,,,0.00031985,0.025600002
,,,0.00031986,0.024800001
,,,0.00031987,0.024000001
,,,0.00031988,0.024800001
,,,0.00031989,0.025600002
,,,0.0003199,0.024000001
,,,0.00031991,0.024000001
,,,0.00031992,0.024800001
,,,0.00031993,0.024000001
,,,0.00031994,0.025600002
,,,0.00031995,0.024800001
,,,0.00031996,0.024000001
,,,0.00031997,0.024000001
,,,0.00031998,0.024800001
,,,0.00031999,0.023200001
,,,0.00032,0.024000001
,,,0.00032001,0.024000001
,,,0.00032002,0.024800001
,,,0.00032003,0.023200001
,,,0.00032004,0.023200001
,,,0.00032005,0.023200001
,,,0.00032006,0.025600002
,,,0.00032007,0.024000001
,,,0.00032008,0.023200001
,,,0.00032009,0.025600002
,,,0.0003201,0.024000001
,,,0.00032011,0.023200001
,,,0.00032012,0.025600002
,,,0.00032013,0.025600002
,,,0.00032014,0.024800001
,,,0.00032015,0.024800001
,,,0.00032016,0.024000001
,,,0.00032017,0.024000001
,,,0.00032018,0.024000001
,,,0.00032019,0.024000001
,,,0.0003202,0.024800001
,,,0.00032021,0.023200001
,,,0.00032022,0.024800001
,,,0.00032023,0.024000001
,,,0.00032024,0.023200001
,,,0.00032025,0.024800001
,,,0.00032026,0.024000001
,,,0.00032027,0.023200001
,,,0.00032028,0.024000001
,,,0.00032029,0.024000001
,,,0.0003203,0.024000001
,,,0.00032031,0.025600002
,,,0.00032032,0.024800001
,,,0.00032033,0.024000001
,,,0.00032034,0.023200001
,,,0.00032035,0.025600002
,,,0.00032036,0.024800001
,,,0.00032037,0.022400001
,,,0.00032038,0.024000001
,,,0.00032039,0.025600002
,,,0.0003204,0.024800001
,,,0.00032041,0.024800001
,,,0.00032042,0.022400001
,,,0.00032043,0.024000001
,,,0.00032044,0.024000001
,,,0.00032045,0.024000001
,,,0.00032046,0.024000001
,,,0.00032047,0.024000001
,,,0.00032048,0.024000001
,,,0.00032049,0.025600002
,,,0.0003205,0.024800001
,,,0.00032051,0.024000001
,,,0.00032052,0.024800001
,,,0.00032053,0.024000001
,,,0.00032054,0.024000001
,,,0.00032055,0.024800001
,,,0.00032056,0.024800001
,,,0.00032057,0.023200001
,,,0.00032058,0.024000001
,,,0.00032059,0.024800001
,,,0.0003206,0.024800001
,,,0.00032061,0.023200001
,,,0.00032062,0.024000001
,,,0.00032063,0.024800001
,,,0.00032064,0.022400001
,,,0.00032065,0.024800001
,,,0.00032066,0.023200001
,,,0.00032067,0.024000001
,,,0.00032068,0.024800001
,,,0.00032069,0.025600002
,,,0.0003207,0.024000001
,,,0.00032071,0.024800001
,,,0.00032072,0.024800001
,,,0.00032073,0.024000001
,,,0.00032074,0.024800001
,,,0.00032075,0.024800001
,,,0.00032076,0.023200001
,,,0.00032077,0.025600002
,,,0.00032078,0.022400001
,,,0.00032079,0.024800001
,,,0.0003208,0.024800001
,,,0.00032081,0.024800001
,,,0.00032082,0.024800001
,,,0.00032083,0.024000001
,,,0.00032084,0.024000001
,,,0.00032085,0.024000001
,,,0.00032086,0.024000001
,,,0.00032087,0.024000001
,,,0.00032088,0.024000001
,,,0.00032089,0.024800001
,,,0.0003209,0.024000001
,,,0.00032091,0.023200001
,,,0.00032092,0.024800001
,,,0.00032093,0.024000001
,,,0.00032094,0.024000001
,,,0.00032095,0.024000001
,,,0.00032096,0.022400001
,,,0.00032097,0.024800001
,,,0.00032098,0.024000001
,,,0.00032099,0.024000001
,,,0.000321,0.023200001
,,,0.00032101,0.024000001
,,,0.00032102,0.024000001
,,,0.00032103,0.023200001
,,,0.00032104,0.024000001
,,,0.00032105,0.025600002
,,,0.00032106,0.022400001
,,,0.00032107,0.023200001
,,,0.00032108,0.024000001
,,,0.00032109,0.025600002
,,,0.0003211,0.024800001
,,,0.00032111,0.024800001
,,,0.00032112,0.025600002
,,,0.00032113,0.025600002
,,,0.00032114,0.024800001
,,,0.00032115,0.023200001
,,,0.00032116,0.023200001
,,,0.00032117,0.024800001
,,,0.00032118,0.025600002
,,,0.00032119,0.024000001
,,,0.0003212,0.024000001
,,,0.00032121,0.024800001
,,,0.00032122,0.023200001
,,,0.00032123,0.023200001
,,,0.00032124,0.024000001
,,,0.00032125,0.025600002
,,,0.00032126,0.024000001
,,,0.00032127,0.024000001
,,,0.00032128,0.024000001
,,,0.00032129,0.024000001
,,,0.0003213,0.024000001
,,,0.00032131,0.023200001
,,,0.00032132,0.022400001
,,,0.00032133,0.024000001
,,,0.00032134,0.025600002
,,,0.00032135,0.024000001
,,,0.00032136,0.025600002
,,,0.00032137,0.024800001
,,,0.00032138,0.022400001
,,,0.00032139,0.024800001
,,,0.0003214,0.024000001
,,,0.00032141,0.024800001
,,,0.00032142,0.024800001
,,,0.00032143,0.024800001
,,,0.00032144,0.024000001
,,,0.00032145,0.024000001
,,,0.00032146,0.024000001
,,,0.00032147,0.025600002
,,,0.00032148,0.024000001
,,,0.00032149,0.023200001
,,,0.0003215,0.024000001
,,,0.00032151,0.023200001
,,,0.00032152,0.024000001
,,,0.00032153,0.025600002
,,,0.00032154,0.024800001
,,,0.00032155,0.025600002
,,,0.00032156,0.024000001
,,,0.00032157,0.024000001
,,,0.00032158,0.025600002
,,,0.00032159,0.022400001
,,,0.0003216,0.025600002
,,,0.00032161,0.024800001
,,,0.00032162,0.025600002
,,,0.00032163,0.024000001
,,,0.00032164,0.024000001
,,,0.00032165,0.024800001
,,,0.00032166,0.024000001
,,,0.00032167,0.024800001
,,,0.00032168,0.024800001
,,,0.00032169,0.024800001
,,,0.0003217,0.024000001
,,,0.00032171,0.024000001
,,,0.00032172,0.024000001
,,,0.00032173,0.024800001
,,,0.00032174,0.024800001
,,,0.00032175,0.023200001
,,,0.00032176,0.024000001
,,,0.00032177,0.023200001
,,,0.00032178,0.024000001
,,,0.00032179,0.024000001
,,,0.0003218,0.024000001
,,,0.00032181,0.025600002
,,,0.00032182,0.024000001
,,,0.00032183,0.024000001
,,,0.00032184,0.024800001
,,,0.00032185,0.024000001
,,,0.00032186,0.024800001
,,,0.00032187,0.024000001
,,,0.00032188,0.023200001
,,,0.00032189,0.024000001
,,,0.0003219,0.023200001
,,,0.00032191,0.024000001
,,,0.00032192,0.024000001
,,,0.00032193,0.024800001
,,,0.00032194,0.024800001
,,,0.00032195,0.023200001
,,,0.00032196,0.024000001
,,,0.00032197,0.024000001
,,,0.00032198,0.023200001
,,,0.00032199,0.025600002
,,,0.000322,0.024000001
,,,0.00032201,0.025600002
,,,0.00032202,0.024800001
,,,0.00032203,0.024800001
,,,0.00032204,0.024800001
,,,0.00032205,0.024000001
,,,0.00032206,0.024000001
,,,0.00032207,0.024000001
,,,0.00032208,0.024000001
,,,0.00032209,0.024000001
,,,0.0003221,0.024800001
,,,0.00032211,0.024000001
,,,0.00032212,0.024800001
,,,0.00032213,0.023200001
,,,0.00032214,0.024000001
,,,0.00032215,0.024000001
,,,0.00032216,0.025600002
,,,0.00032217,0.025600002
,,,0.00032218,0.024000001
,,,0.00032219,0.024000001
,,,0.0003222,0.024800001
,,,0.00032221,0.024800001
,,,0.00032222,0.024000001
,,,0.00032223,0.025600002
,,,0.00032224,0.024000001
,,,0.00032225,0.023200001
,,,0.00032226,0.024000001
,,,0.00032227,0.024800001
,,,0.00032228,0.023200001
,,,0.00032229,0.023200001
,,,0.0003223,0.024800001
,,,0.00032231,0.024800001
,,,0.00032232,0.024000001
,,,0.00032233,0.025600002
,,,0.00032234,0.024800001
,,,0.00032235,0.023200001
,,,0.00032236,0.024000001
,,,0.00032237,0.025600002
,,,0.00032238,0.024000001
,,,0.00032239,0.023200001
,,,0.0003224,0.024000001
,,,0.00032241,0.024800001
,,,0.00032242,0.024000001
,,,0.00032243,0.023200001
,,,0.00032244,0.024000001
,,,0.00032245,0.024000001
,,,0.00032246,0.024000001
,,,0.00032247,0.025600002
,,,0.00032248,0.024800001
,,,0.00032249,0.024000001
,,,0.0003225,0.024800001
,,,0.00032251,0.025600002
,,,0.00032252,0.024800001
,,,0.00032253,0.025600002
,,,0.00032254,0.024000001
,,,0.00032255,0.022400001
,,,0.00032256,0.024800001
,,,0.00032257,0.023200001
,,,0.00032258,0.024800001
,,,0.00032259,0.024000001
,,,0.0003226,0.024800001
,,,0.00032261,0.024000001
,,,0.00032262,0.023200001
,,,0.00032263,0.024000001
,,,0.00032264,0.024000001
,,,0.00032265,0.023200001
,,,0.00032266,0.024000001
,,,0.00032267,0.023200001
,,,0.00032268,0.024000001
,,,0.00032269,0.024000001
,,,0.0003227,0.024800001
,,,0.00032271,0.024000001
,,,0.00032272,0.024000001
,,,0.00032273,0.024000001
,,,0.00032274,0.024000001
,,,0.00032275,0.024000001
,,,0.00032276,0.024000001
,,,0.00032277,0.023200001
,,,0.00032278,0.023200001
,,,0.00032279,0.024000001
,,,0.0003228,0.026400002
,,,0.00032281,0.024800001
,,,0.00032282,0.024000001
,,,0.00032283,0.024000001
,,,0.00032284,0.024800001
,,,0.00032285,0.024800001
,,,0.00032286,0.024000001
,,,0.00032287,0.024000001
,,,0.00032288,0.024000001
,,,0.00032289,0.024800001
,,,0.0003229,0.024000001
,,,0.00032291,0.024000001
,,,0.00032292,0.023200001
,,,0.00032293,0.024800001
,,,0.00032294,0.025600002
,,,0.00032295,0.024000001
,,,0.00032296,0.024000001
,,,0.00032297,0.025600002
,,,0.00032298,0.023200001
,,,0.00032299,0.023200001
,,,0.000323,0.024800001
,,,0.00032301,0.024000001
,,,0.00032302,0.024000001
,,,0.00032303,0.024000001
,,,0.00032304,0.023200001
,,,0.00032305,0.025600002
,,,0.00032306,0.024800001
,,,0.00032307,0.024000001
,,,0.00032308,0.024000001
,,,0.00032309,0.023200001
,,,0.0003231,0.023200001
,,,0.00032311,0.024800001
,,,0.00032312,0.024800001
,,,0.00032313,0.023200001
,,,0.00032314,0.024000001
,,,0.00032315,0.023200001
,,,0.00032316,0.024000001
,,,0.00032317,0.024800001
,,,0.00032318,0.024000001
,,,0.00032319,0.024800001
,,,0.0003232,0.024000001
,,,0.00032321,0.026400002
,,,0.00032322,0.024800001
,,,0.00032323,0.024800001
,,,0.00032324,0.025600002
,,,0.00032325,0.024800001
,,,0.00032326,0.024800001
,,,0.00032327,0.024800001
,,,0.00032328,0.024000001
,,,0.00032329,0.024800001
,,,0.0003233,0.024000001
,,,0.00032331,0.022400001
,,,0.00032332,0.024800001
,,,0.00032333,0.024000001
,,,0.00032334,0.023200001
,,,0.00032335,0.024800001
,,,0.00032336,0.025600002
,,,0.00032337,0.025600002
,,,0.00032338,0.024000001
,,,0.00032339,0.024000001
,,,0.0003234,0.024800001
,,,0.00032341,0.024800001
,,,0.00032342,0.024000001
,,,0.00032343,0.024800001
,,,0.00032344,0.023200001
,,,0.00032345,0.025600002
,,,0.00032346,0.024000001
,,,0.00032347,0.024000001
,,,0.00032348,0.024800001
,,,0.00032349,0.023200001
,,,0.0003235,0.025600002
,,,0.00032351,0.024800001
,,,0.00032352,0.025600002
,,,0.00032353,0.023200001
,,,0.00032354,0.024000001
,,,0.00032355,0.024800001
,,,0.00032356,0.024000001
,,,0.00032357,0.024800001
,,,0.00032358,0.024000001
,,,0.00032359,0.025600002
,,,0.0003236,0.025600002
,,,0.00032361,0.024000001
,,,0.00032362,0.023200001
,,,0.00032363,0.024000001
,,,0.00032364,0.025600002
,,,0.00032365,0.023200001
,,,0.00032366,0.025600002
,,,0.00032367,0.024000001
,,,0.00032368,0.024000001
,,,0.00032369,0.024000001
,,,0.0003237,0.023200001
,,,0.00032371,0.026400002
,,,0.00032372,0.024800001
,,,0.00032373,0.023200001
,,,0.00032374,0.024000001
,,,0.00032375,0.023200001
,,,0.00032376,0.023200001
,,,0.00032377,0.025600002
,,,0.00032378,0.027200002
,,,0.00032379,0.024800001
,,,0.0003238,0.023200001
,,,0.00032381,0.023200001
,,,0.00032382,0.024000001
,,,0.00032383,0.024800001
,,,0.00032384,0.025600002
,,,0.00032385,0.024800001
,,,0.00032386,0.023200001
,,,0.00032387,0.023200001
,,,0.00032388,0.024000001
,,,0.00032389,0.024000001
,,,0.0003239,0.023200001
,,,0.00032391,0.024000001
,,,0.00032392,0.024000001
,,,0.00032393,0.024000001
,,,0.00032394,0.024000001
,,,0.00032395,0.024800001
,,,0.00032396,0.024800001
,,,0.00032397,0.024000001
,,,0.00032398,0.024800001
,,,0.00032399,0.022400001
,,,0.000324,0.024000001
,,,0.00032401,0.024800001
,,,0.00032402,0.024800001
,,,0.00032403,0.024000001
,,,0.00032404,0.021600001
,,,0.00032405,0.025600002
,,,0.00032406,0.024000001
,,,0.00032407,0.025600002
,,,0.00032408,0.024800001
,,,0.00032409,0.023200001
,,,0.0003241,0.024000001
,,,0.00032411,0.024000001
,,,0.00032412,0.024000001
,,,0.00032413,0.024000001
,,,0.00032414,0.024800001
,,,0.00032415,0.026400002
,,,0.00032416,0.024800001
,,,0.00032417,0.023200001
,,,0.00032418,0.024000001
,,,0.00032419,0.024800001
,,,0.0003242,0.024000001
,,,0.00032421,0.023200001
,,,0.00032422,0.024000001
,,,0.00032423,0.024000001
,,,0.00032424,0.024800001
,,,0.00032425,0.024000001
,,,0.00032426,0.024000001
,,,0.00032427,0.023200001
,,,0.00032428,0.024800001
,,,0.00032429,0.024000001
,,,0.0003243,0.024000001
,,,0.00032431,0.024000001
,,,0.00032432,0.024000001
,,,0.00032433,0.024000001
,,,0.00032434,0.023200001
,,,0.00032435,0.024000001
,,,0.00032436,0.024800001
,,,0.00032437,0.023200001
,,,0.00032438,0.023200001
,,,0.00032439,0.024000001
,,,0.0003244,0.024800001
,,,0.00032441,0.024000001
,,,0.00032442,0.024800001
,,,0.00032443,0.023200001
,,,0.00032444,0.024800001
,,,0.00032445,0.024800001
,,,0.00032446,0.025600002
,,,0.00032447,0.026400002
,,,0.00032448,0.024000001
,,,0.00032449,0.023200001
,,,0.0003245,0.023200001
,,,0.00032451,0.024800001
,,,0.00032452,0.024000001
,,,0.00032453,0.023200001
,,,0.00032454,0.024000001
,,,0.00032455,0.023200001
,,,0.00032456,0.024000001
,,,0.00032457,0.024000001
,,,0.00032458,0.024800001
,,,0.00032459,0.024800001
,,,0.0003246,0.024000001
,,,0.00032461,0.024800001
,,,0.00032462,0.024000001
,,,0.00032463,0.024800001
,,,0.00032464,0.024800001
,,,0.00032465,0.024800001
,,,0.00032466,0.023200001
,,,0.00032467,0.024000001
,,,0.00032468,0.024000001
,,,0.00032469,0.024000001
,,,0.0003247,0.023200001
,,,0.00032471,0.025600002
,,,0.00032472,0.022400001
,,,0.00032473,0.024000001
,,,0.00032474,0.024000001
,,,0.00032475,0.024000001
,,,0.00032476,0.024800001
,,,0.00032477,0.024000001
,,,0.00032478,0.025600002
,,,0.00032479,0.024800001
,,,0.0003248,0.024000001
,,,0.00032481,0.023200001
,,,0.00032482,0.024000001
,,,0.00032483,0.024000001
,,,0.00032484,0.024000001
,,,0.00032485,0.022400001
,,,0.00032486,0.023200001
,,,0.00032487,0.024000001
,,,0.00032488,0.024000001
,,,0.00032489,0.024000001
,,,0.0003249,0.024800001
,,,0.00032491,0.024800001
,,,0.00032492,0.025600002
,,,0.00032493,0.023200001
,,,0.00032494,0.024000001
,,,0.00032495,0.023200001
,,,0.00032496,0.024000001
,,,0.00032497,0.024000001
,,,0.00032498,0.025600002
,,,0.00032499,0.024000001
,,,0.000325,0.024800001
,,,0.00032501,0.024000001
,,,0.00032502,0.023200001
,,,0.00032503,0.024000001
,,,0.00032504,0.024000001
,,,0.00032505,0.024000001
,,,0.00032506,0.022400001
,,,0.00032507,0.024000001
,,,0.00032508,0.025600002
,,,0.00032509,0.024000001
,,,0.0003251,0.023200001
,,,0.00032511,0.024000001
,,,0.00032512,0.024000001
,,,0.00032513,0.024000001
,,,0.00032514,0.023200001
,,,0.00032515,0.025600002
,,,0.00032516,0.024800001
,,,0.00032517,0.024000001
,,,0.00032518,0.025600002
,,,0.00032519,0.024000001
,,,0.0003252,0.025600002
,,,0.00032521,0.024000001
,,,0.00032522,0.025600002
,,,0.00032523,0.025600002
,,,0.00032524,0.022400001
,,,0.00032525,0.023200001
,,,0.00032526,0.025600002
,,,0.00032527,0.024000001
,,,0.00032528,0.024000001
,,,0.00032529,0.024800001
,,,0.0003253,0.025600002
,,,0.00032531,0.024800001
,,,0.00032532,0.024800001
,,,0.00032533,0.024000001
,,,0.00032534,0.024800001
,,,0.00032535,0.023200001
,,,0.00032536,0.024000001
,,,0.00032537,0.025600002
,,,0.00032538,0.025600002
,,,0.00032539,0.022400001
,,,0.0003254,0.026400002
,,,0.00032541,0.024000001
,,,0.00032542,0.024000001
,,,0.00032543,0.024000001
,,,0.00032544,0.024000001
,,,0.00032545,0.024000001
,,,0.00032546,0.024800001
,,,0.00032547,0.024000001
,,,0.00032548,0.024800001
,,,0.00032549,0.022400001
,,,0.0003255,0.024000001
,,,0.00032551,0.024000001
,,,0.00032552,0.025600002
,,,0.00032553,0.024800001
,,,0.00032554,0.024000001
,,,0.00032555,0.024000001
,,,0.00032556,0.024000001
,,,0.00032557,0.023200001
,,,0.00032558,0.024000001
,,,0.00032559,0.024000001
,,,0.0003256,0.024800001
,,,0.00032561,0.024000001
,,,0.00032562,0.024000001
,,,0.00032563,0.024000001
,,,0.00032564,0.024800001
,,,0.00032565,0.023200001
,,,0.00032566,0.024000001
,,,0.00032567,0.022400001
,,,0.00032568,0.024800001
,,,0.00032569,0.024800001
,,,0.0003257,0.024000001
,,,0.00032571,0.024000001
,,,0.00032572,0.024800001
,,,0.00032573,0.024000001
,,,0.00032574,0.024000001
,,,0.00032575,0.024800001
,,,0.00032576,0.023200001
,,,0.00032577,0.023200001
,,,0.00032578,0.024000001
,,,0.00032579,0.023200001
,,,0.0003258,0.024000001
,,,0.00032581,0.024800001
,,,0.00032582,0.024000001
,,,0.00032583,0.024000001
,,,0.00032584,0.024000001
,,,0.00032585,0.025600002
,,,0.00032586,0.024000001
,,,0.00032587,0.024000001
,,,0.00032588,0.024000001
,,,0.00032589,0.024800001
,,,0.0003259,0.023200001
,,,0.00032591,0.024800001
,,,0.00032592,0.024000001
,,,0.00032593,0.022400001
,,,0.00032594,0.025600002
,,,0.00032595,0.024000001
,,,0.00032596,0.027200002
,,,0.00032597,0.023200001
,,,0.00032598,0.024000001
,,,0.00032599,0.024000001
,,,0.000326,0.024000001
,,,0.00032601,0.024000001
,,,0.00032602,0.022400001
,,,0.00032603,0.022400001
,,,0.00032604,0.024800001
,,,0.00032605,0.024800001
,,,0.00032606,0.026400002
,,,0.00032607,0.024000001
,,,0.00032608,0.023200001
,,,0.00032609,0.023200001
,,,0.0003261,0.025600002
,,,0.00032611,0.024800001
,,,0.00032612,0.025600002
,,,0.00032613,0.024800001
,,,0.00032614,0.024000001
,,,0.00032615,0.023200001
,,,0.00032616,0.024800001
,,,0.00032617,0.025600002
,,,0.00032618,0.024000001
,,,0.00032619,0.024800001
,,,0.0003262,0.024800001
,,,0.00032621,0.024000001
,,,0.00032622,0.024800001
,,,0.00032623,0.024000001
,,,0.00032624,0.024800001
,,,0.00032625,0.024800001
,,,0.00032626,0.025600002
,,,0.00032627,0.024000001
,,,0.00032628,0.024000001
,,,0.00032629,0.025600002
,,,0.0003263,0.025600002
,,,0.00032631,0.024000001
,,,0.00032632,0.024000001
,,,0.00032633,0.024000001
,,,0.00032634,0.024000001
,,,0.00032635,0.023200001
,,,0.00032636,0.022400001
,,,0.00032637,0.024000001
,,,0.00032638,0.026400002
,,,0.00032639,0.025600002
,,,0.0003264,0.024000001
,,,0.00032641,0.024800001
,,,0.00032642,0.024000001
,,,0.00032643,0.023200001
,,,0.00032644,0.023200001
,,,0.00032645,0.024000001
,,,0.00032646,0.025600002
,,,0.00032647,0.025600002
,,,0.00032648,0.024000001
,,,0.00032649,0.024000001
,,,0.0003265,0.025600002
,,,0.00032651,0.024800001
,,,0.00032652,0.024000001
,,,0.00032653,0.024000001
,,,0.00032654,0.024000001
,,,0.00032655,0.024800001
,,,0.00032656,0.024000001
,,,0.00032657,0.024800001
,,,0.00032658,0.024000001
,,,0.00032659,0.024000001
,,,0.0003266,0.025600002
,,,0.00032661,0.023200001
,,,0.00032662,0.024000001
,,,0.00032663,0.024800001
,,,0.00032664,0.024000001
,,,0.00032665,0.024800001
,,,0.00032666,0.024800001
,,,0.00032667,0.024000001
,,,0.00032668,0.024800001
,,,0.00032669,0.024000001
,,,0.0003267,0.024800001
,,,0.00032671,0.024800001
,,,0.00032672,0.024000001
,,,0.00032673,0.024000001
,,,0.00032674,0.024000001
,,,0.00032675,0.025600002
,,,0.00032676,0.024000001
,,,0.00032677,0.024000001
,,,0.00032678,0.025600002
,,,0.00032679,0.023200001
,,,0.0003268,0.024000001
,,,0.00032681,0.024000001
,,,0.00032682,0.023200001
,,,0.00032683,0.024000001
,,,0.00032684,0.024800001
,,,0.00032685,0.024000001
,,,0.00032686,0.024000001
,,,0.00032687,0.024000001
,,,0.00032688,0.024800001
,,,0.00032689,0.024000001
,,,0.0003269,0.024000001
,,,0.00032691,0.024000001
,,,0.00032692,0.024000001
,,,0.00032693,0.024000001
,,,0.00032694,0.024000001
,,,0.00032695,0.024000001
,,,0.00032696,0.024800001
,,,0.00032697,0.025600002
,,,0.00032698,0.023200001
,,,0.00032699,0.023200001
,,,0.000327,0.024800001
,,,0.00032701,0.024000001
,,,0.00032702,0.024000001
,,,0.00032703,0.024800001
,,,0.00032704,0.024000001
,,,0.00032705,0.023200001
,,,0.00032706,0.024800001
,,,0.00032707,0.024800001
,,,0.00032708,0.024000001
,,,0.00032709,0.024800001
,,,0.0003271,0.024800001
,,,0.00032711,0.024800001
,,,0.00032712,0.023200001
,,,0.00032713,0.024000001
,,,0.00032714,0.023200001
,,,0.00032715,0.025600002
,,,0.00032716,0.024000001
,,,0.00032717,0.024800001
,,,0.00032718,0.023200001
,,,0.00032719,0.024000001
,,,0.0003272,0.024000001
,,,0.00032721,0.024000001
,,,0.00032722,0.024000001
,,,0.00032723,0.024000001
,,,0.00032724,0.025600002
,,,0.00032725,0.026400002
,,,0.00032726,0.023200001
,,,0.00032727,0.024800001
,,,0.00032728,0.024000001
,,,0.00032729,0.023200001
,,,0.0003273,0.025600002
,,,0.00032731,0.024800001
,,,0.00032732,0.024000001
,,,0.00032733,0.024000001
,,,0.00032734,0.024800001
,,,0.00032735,0.024000001
,,,0.00032736,0.024000001
,,,0.00032737,0.024000001
,,,0.00032738,0.025600002
,,,0.00032739,0.024000001
,,,0.0003274,0.024000001
,,,0.00032741,0.023200001
,,,0.00032742,0.023200001
,,,0.00032743,0.022400001
,,,0.00032744,0.022400001
,,,0.00032745,0.024800001
,,,0.00032746,0.023200001
,,,0.00032747,0.023200001
,,,0.00032748,0.025600002
,,,0.00032749,0.024000001
,,,0.0003275,0.024000001
,,,0.00032751,0.023200001
,,,0.00032752,0.024000001
,,,0.00032753,0.024000001
,,,0.00032754,0.024000001
,,,0.00032755,0.024800001
,,,0.00032756,0.024000001
,,,0.00032757,0.027200002
,,,0.00032758,0.024000001
,,,0.00032759,0.022400001
,,,0.0003276,0.024000001
,,,0.00032761,0.024800001
,,,0.00032762,0.023200001
,,,0.00032763,0.024000001
,,,0.00032764,0.024000001
,,,0.00032765,0.024000001
,,,0.00032766,0.024800001
,,,0.00032767,0.023200001
,,,0.00032768,0.024000001
,,,0.00032769,0.025600002
,,,0.0003277,0.024800001
,,,0.00032771,0.024800001
,,,0.00032772,0.024000001
,,,0.00032773,0.024000001
,,,0.00032774,0.024800001
,,,0.00032775,0.024800001
,,,0.00032776,0.024000001
,,,0.00032777,0.024000001
,,,0.00032778,0.024000001
,,,0.00032779,0.024000001
,,,0.0003278,0.023200001
,,,0.00032781,0.022400001
,,,0.00032782,0.024000001
,,,0.00032783,0.024000001
,,,0.00032784,0.024000001
,,,0.00032785,0.024800001
,,,0.00032786,0.024000001
,,,0.00032787,0.024000001
,,,0.00032788,0.024800001
,,,0.00032789,0.024000001
,,,0.0003279,0.024000001
,,,0.00032791,0.023200001
,,,0.00032792,0.024800001
,,,0.00032793,0.023200001
,,,0.00032794,0.024000001
,,,0.00032795,0.024000001
,,,0.00032796,0.024000001
,,,0.00032797,0.025600002
,,,0.00032798,0.024000001
,,,0.00032799,0.024800001
,,,0.000328,0.024800001
,,,0.00032801,0.026400002
,,,0.00032802,0.023200001
,,,0.00032803,0.024800001
,,,0.00032804,0.025600002
,,,0.00032805,0.024000001
,,,0.00032806,0.025600002
,,,0.00032807,0.024800001
,,,0.00032808,0.024800001
,,,0.00032809,0.025600002
,,,0.0003281,0.025600002
,,,0.00032811,0.024800001
,,,0.00032812,0.024000001
,,,0.00032813,0.024000001
,,,0.00032814,0.024000001
,,,0.00032815,0.024800001
,,,0.00032816,0.024800001
,,,0.00032817,0.024000001
,,,0.00032818,0.024000001
,,,0.00032819,0.024800001
,,,0.0003282,0.024800001
,,,0.00032821,0.024800001
,,,0.00032822,0.025600002
,,,0.00032823,0.023200001
,,,0.00032824,0.024000001
,,,0.00032825,0.024000001
,,,0.00032826,0.024000001
,,,0.00032827,0.025600002
,,,0.00032828,0.024800001
,,,0.00032829,0.023200001
,,,0.0003283,0.024800001
,,,0.00032831,0.027200002
,,,0.00032832,0.024000001
,,,0.00032833,0.024000001
,,,0.00032834,0.024800001
,,,0.00032835,0.023200001
,,,0.00032836,0.024000001
,,,0.00032837,0.024000001
,,,0.00032838,0.024000001
,,,0.00032839,0.024000001
,,,0.0003284,0.026400002
,,,0.00032841,0.023200001
,,,0.00032842,0.024000001
,,,0.00032843,0.025600002
,,,0.00032844,0.024000001
,,,0.00032845,0.024000001
,,,0.00032846,0.024800001
,,,0.00032847,0.023200001
,,,0.00032848,0.024800001
,,,0.00032849,0.024800001
,,,0.0003285,0.024800001
,,,0.00032851,0.024800001
,,,0.00032852,0.021600001
,,,0.00032853,0.024800001
,,,0.00032854,0.024000001
,,,0.00032855,0.024000001
,,,0.00032856,0.023200001
,,,0.00032857,0.024000001
,,,0.00032858,0.024000001
,,,0.00032859,0.024000001
,,,0.0003286,0.025600002
,,,0.00032861,0.024000001
,,,0.00032862,0.026400002
,,,0.00032863,0.024800001
,,,0.00032864,0.024000001
,,,0.00032865,0.023200001
,,,0.00032866,0.024000001
,,,0.00032867,0.024000001
,,,0.00032868,0.024000001
,,,0.00032869,0.024000001
,,,0.0003287,0.025600002
,,,0.00032871,0.025600002
,,,0.00032872,0.024000001
,,,0.00032873,0.024000001
,,,0.00032874,0.023200001
,,,0.00032875,0.023200001
,,,0.00032876,0.025600002
,,,0.00032877,0.024800001
,,,0.00032878,0.024800001
,,,0.00032879,0.024000001
,,,0.0003288,0.024800001
,,,0.00032881,0.024000001
,,,0.00032882,0.024000001
,,,0.00032883,0.024000001
,,,0.00032884,0.024000001
,,,0.00032885,0.023200001
,,,0.00032886,0.025600002
,,,0.00032887,0.024000001
,,,0.00032888,0.024000001
,,,0.00032889,0.024000001
,,,0.0003289,0.024800001
,,,0.00032891,0.024000001
,,,0.00032892,0.024800001
,,,0.00032893,0.024800001
,,,0.00032894,0.024000001
,,,0.00032895,0.025600002
,,,0.00032896,0.025600002
,,,0.00032897,0.023200001
,,,0.00032898,0.024000001
,,,0.00032899,0.026400002
,,,0.000329,0.024800001
,,,0.00032901,0.024000001
,,,0.00032902,0.025600002
,,,0.00032903,0.024000001
,,,0.00032904,0.024000001
,,,0.00032905,0.024000001
,,,0.00032906,0.024000001
,,,0.00032907,0.024800001
,,,0.00032908,0.024800001
,,,0.00032909,0.023200001
,,,0.0003291,0.024000001
,,,0.00032911,0.024000001
,,,0.00032912,0.025600002
,,,0.00032913,0.025600002
,,,0.00032914,0.024000001
,,,0.00032915,0.024000001
,,,0.00032916,0.024800001
,,,0.00032917,0.024000001
,,,0.00032918,0.024800001
,,,0.00032919,0.024000001
,,,0.0003292,0.024000001
,,,0.00032921,0.024000001
,,,0.00032922,0.024000001
,,,0.00032923,0.024000001
,,,0.00032924,0.024000001
,,,0.00032925,0.025600002
,,,0.00032926,0.024000001
,,,0.00032927,0.024000001
,,,0.00032928,0.024000001
,,,0.00032929,0.024000001
,,,0.0003293,0.026400002
,,,0.00032931,0.023200001
,,,0.00032932,0.024800001
,,,0.00032933,0.023200001
,,,0.00032934,0.024800001
,,,0.00032935,0.022400001
,,,0.00032936,0.026400002
,,,0.00032937,0.024000001
,,,0.00032938,0.024800001
,,,0.00032939,0.024000001
,,,0.0003294,0.024000001
,,,0.00032941,0.024000001
,,,0.00032942,0.024800001
,,,0.00032943,0.024800001
,,,0.00032944,0.024000001
,,,0.00032945,0.024800001
,,,0.00032946,0.024800001
,,,0.00032947,0.024000001
,,,0.00032948,0.024000001
,,,0.00032949,0.024000001
,,,0.0003295,0.024000001
,,,0.00032951,0.023200001
,,,0.00032952,0.024000001
,,,0.00032953,0.024000001
,,,0.00032954,0.023200001
,,,0.00032955,0.023200001
,,,0.00032956,0.024000001
,,,0.00032957,0.024000001
,,,0.00032958,0.023200001
,,,0.00032959,0.024000001
,,,0.0003296,0.024000001
,,,0.00032961,0.023200001
,,,0.00032962,0.025600002
,,,0.00032963,0.025600002
,,,0.00032964,0.024800001
,,,0.00032965,0.022400001
,,,0.00032966,0.023200001
,,,0.00032967,0.024000001
,,,0.00032968,0.024000001
,,,0.00032969,0.024800001
,,,0.0003297,0.024800001
,,,0.00032971,0.023200001
,,,0.00032972,0.024000001
,,,0.00032973,0.023200001
,,,0.00032974,0.026400002
,,,0.00032975,0.023200001
,,,0.00032976,0.025600002
,,,0.00032977,0.024000001
,,,0.00032978,0.024000001
,,,0.00032979,0.023200001
,,,0.0003298,0.025600002
,,,0.00032981,0.024000001
,,,0.00032982,0.024800001
,,,0.00032983,0.024000001
,,,0.00032984,0.024000001
,,,0.00032985,0.024000001
,,,0.00032986,0.024800001
,,,0.00032987,0.024000001
,,,0.00032988,0.024000001
,,,0.00032989,0.024800001
,,,0.0003299,0.025600002
,,,0.00032991,0.024000001
,,,0.00032992,0.024000001
,,,0.00032993,0.024000001
,,,0.00032994,0.023200001
,,,0.00032995,0.023200001
,,,0.00032996,0.024800001
,,,0.00032997,0.024800001
,,,0.00032998,0.025600002
,,,0.00032999,0.023200001
,,,0.00033,0.025600002
,,,0.00033001,0.024000001
,,,0.00033002,0.024800001
,,,0.00033003,0.023200001
,,,0.00033004,0.024000001
,,,0.00033005,0.025600002
,,,0.00033006,0.024000001
,,,0.00033007,0.024800001
,,,0.00033008,0.023200001
,,,0.00033009,0.024000001
,,,0.0003301,0.024800001
,,,0.00033011,0.024000001
,,,0.00033012,0.024000001
,,,0.00033013,0.024000001
,,,0.00033014,0.024000001
,,,0.00033015,0.024800001
,,,0.00033016,0.025600002
,,,0.00033017,0.023200001
,,,0.00033018,0.025600002
,,,0.00033019,0.024000001
,,,0.0003302,0.024000001
,,,0.00033021,0.025600002
,,,0.00033022,0.024000001
,,,0.00033023,0.024000001
,,,0.00033024,0.023200001
,,,0.00033025,0.023200001
,,,0.00033026,0.024800001
,,,0.00033027,0.024800001
,,,0.00033028,0.024000001
,,,0.00033029,0.023200001
,,,0.0003303,0.024800001
,,,0.00033031,0.026400002
,,,0.00033032,0.024000001
,,,0.00033033,0.024000001
,,,0.00033034,0.024000001
,,,0.00033035,0.024800001
,,,0.00033036,0.024000001
,,,0.00033037,0.023200001
,,,0.00033038,0.025600002
,,,0.00033039,0.024000001
,,,0.0003304,0.024000001
,,,0.00033041,0.022400001
,,,0.00033042,0.024000001
,,,0.00033043,0.024800001
,,,0.00033044,0.024800001
,,,0.00033045,0.024000001
,,,0.00033046,0.024800001
,,,0.00033047,0.025600002
,,,0.00033048,0.025600002
,,,0.00033049,0.024000001
,,,0.0003305,0.023200001
,,,0.00033051,0.024000001
,,,0.00033052,0.023200001
,,,0.00033053,0.024000001
,,,0.00033054,0.024000001
,,,0.00033055,0.025600002
,,,0.00033056,0.024800001
,,,0.00033057,0.024000001
,,,0.00033058,0.024000001
,,,0.00033059,0.025600002
,,,0.0003306,0.024000001
,,,0.00033061,0.024000001
,,,0.00033062,0.025600002
,,,0.00033063,0.024800001
,,,0.00033064,0.024000001
,,,0.00033065,0.024000001
,,,0.00033066,0.024000001
,,,0.00033067,0.024800001
,,,0.00033068,0.024000001
,,,0.00033069,0.024800001
,,,0.0003307,0.024800001
,,,0.00033071,0.025600002
,,,0.00033072,0.024800001
,,,0.00033073,0.022400001
,,,0.00033074,0.023200001
,,,0.00033075,0.024000001
,,,0.00033076,0.023200001
,,,0.00033077,0.024000001
,,,0.00033078,0.024800001
,,,0.00033079,0.024000001
,,,0.0003308,0.023200001
,,,0.00033081,0.023200001
,,,0.00033082,0.024000001
,,,0.00033083,0.024000001
,,,0.00033084,0.024000001
,,,0.00033085,0.023200001
,,,0.00033086,0.025600002
,,,0.00033087,0.023200001
,,,0.00033088,0.023200001
,,,0.00033089,0.024000001
,,,0.0003309,0.024000001
,,,0.00033091,0.023200001
,,,0.00033092,0.025600002
,,,0.00033093,0.024000001
,,,0.00033094,0.024000001
,,,0.00033095,0.025600002
,,,0.00033096,0.024000001
,,,0.00033097,0.022400001
,,,0.00033098,0.024000001
,,,0.00033099,0.025600002
,,,0.000331,0.024800001
,,,0.00033101,0.023200001
,,,0.00033102,0.025600002
,,,0.00033103,0.025600002
,,,0.00033104,0.024800001
,,,0.00033105,0.024000001
,,,0.00033106,0.024000001
,,,0.00033107,0.024000001
,,,0.00033108,0.024000001
,,,0.00033109,0.023200001
,,,0.0003311,0.024800001
,,,0.00033111,0.024800001
,,,0.00033112,0.024800001
,,,0.00033113,0.024000001
,,,0.00033114,0.024800001
,,,0.00033115,0.024800001
,,,0.00033116,0.024000001
,,,0.00033117,0.023200001
,,,0.00033118,0.024800001
,,,0.00033119,0.025600002
,,,0.0003312,0.024000001
,,,0.00033121,0.023200001
,,,0.00033122,0.024000001
,,,0.00033123,0.023200001
,,,0.00033124,0.025600002
,,,0.00033125,0.025600002
,,,0.00033126,0.024800001
,,,0.00033127,0.023200001
,,,0.00033128,0.024000001
,,,0.00033129,0.024000001
,,,0.0003313,0.023200001
,,,0.00033131,0.023200001
,,,0.00033132,0.023200001
,,,0.00033133,0.024000001
,,,0.00033134,0.024000001
,,,0.00033135,0.024800001
,,,0.00033136,0.024800001
,,,0.00033137,0.024000001
,,,0.00033138,0.020800001
,,,0.00033139,0.024000001
,,,0.0003314,0.024000001
,,,0.00033141,0.024000001
,,,0.00033142,0.024000001
,,,0.00033143,0.023200001
,,,0.00033144,0.023200001
,,,0.00033145,0.024800001
,,,0.00033146,0.021600001
,,,0.00033147,0.024800001
,,,0.00033148,0.025600002
,,,0.00033149,0.024000001
,,,0.0003315,0.024000001
,,,0.00033151,0.023200001
,,,0.00033152,0.025600002
,,,0.00033153,0.024000001
,,,0.00033154,0.024800001
,,,0.00033155,0.024000001
,,,0.00033156,0.024000001
,,,0.00033157,0.025600002
,,,0.00033158,0.025600002
,,,0.00033159,0.024000001
,,,0.0003316,0.024000001
,,,0.00033161,0.024800001
,,,0.00033162,0.024000001
,,,0.00033163,0.026400002
,,,0.00033164,0.024000001
,,,0.00033165,0.024000001
,,,0.00033166,0.024000001
,,,0.00033167,0.024000001
,,,0.00033168,0.023200001
,,,0.00033169,0.024000001
,,,0.0003317,0.024000001
,,,0.00033171,0.024000001
,,,0.00033172,0.024800001
,,,0.00033173,0.024000001
,,,0.00033174,0.023200001
,,,0.00033175,0.024000001
,,,0.00033176,0.024000001
,,,0.00033177,0.026400002
,,,0.00033178,0.025600002
,,,0.00033179,0.024000001
,,,0.0003318,0.022400001
,,,0.00033181,0.024800001
,,,0.00033182,0.023200001
,,,0.00033183,0.022400001
,,,0.00033184,0.024800001
,,,0.00033185,0.025600002
,,,0.00033186,0.024000001
,,,0.00033187,0.024800001
,,,0.00033188,0.024000001
,,,0.00033189,0.024000001
,,,0.0003319,0.025600002
,,,0.00033191,0.024800001
,,,0.00033192,0.024000001
,,,0.00033193,0.022400001
,,,0.00033194,0.024800001
,,,0.00033195,0.023200001
,,,0.00033196,0.024000001
,,,0.00033197,0.024800001
,,,0.00033198,0.024000001
,,,0.00033199,0.025600002
,,,0.000332,0.025600002
,,,0.00033201,0.023200001
,,,0.00033202,0.024000001
,,,0.00033203,0.024000001
,,,0.00033204,0.024800001
,,,0.00033205,0.024000001
,,,0.00033206,0.024000001
,,,0.00033207,0.025600002
,,,0.00033208,0.024000001
,,,0.00033209,0.024000001
,,,0.0003321,0.024000001
,,,0.00033211,0.024000001
,,,0.00033212,0.026400002
,,,0.00033213,0.024800001
,,,0.00033214,0.024000001
,,,0.00033215,0.024800001
,,,0.00033216,0.024000001
,,,0.00033217,0.024800001
,,,0.00033218,0.023200001
,,,0.00033219,0.024000001
,,,0.0003322,0.024000001
,,,0.00033221,0.024000001
,,,0.00033222,0.023200001
,,,0.00033223,0.024000001
,,,0.00033224,0.025600002
,,,0.00033225,0.025600002
,,,0.00033226,0.024000001
,,,0.00033227,0.024000001
,,,0.00033228,0.024000001
,,,0.00033229,0.024800001
,,,0.0003323,0.024000001
,,,0.00033231,0.022400001
,,,0.00033232,0.024800001
,,,0.00033233,0.024800001
,,,0.00033234,0.024800001
,,,0.00033235,0.021600001
,,,0.00033236,0.024000001
,,,0.00033237,0.023200001
,,,0.00033238,0.024000001
,,,0.00033239,0.024000001
,,,0.0003324,0.025600002
,,,0.00033241,0.024000001
,,,0.00033242,0.022400001
,,,0.00033243,0.025600002
,,,0.00033244,0.024000001
,,,0.00033245,0.024800001
,,,0.00033246,0.024800001
,,,0.00033247,0.025600002
,,,0.00033248,0.023200001
,,,0.00033249,0.024000001
,,,0.0003325,0.022400001
,,,0.00033251,0.024000001
,,,0.00033252,0.024800001
,,,0.00033253,0.024000001
,,,0.00033254,0.023200001
,,,0.00033255,0.024000001
,,,0.00033256,0.023200001
,,,0.00033257,0.024800001
,,,0.00033258,0.024800001
,,,0.00033259,0.024000001
,,,0.0003326,0.024800001
,,,0.00033261,0.024000001
,,,0.00033262,0.023200001
,,,0.00033263,0.024000001
,,,0.00033264,0.022400001
,,,0.00033265,0.023200001
,,,0.00033266,0.024800001
,,,0.00033267,0.022400001
,,,0.00033268,0.024800001
,,,0.00033269,0.023200001
,,,0.0003327,0.024000001
,,,0.00033271,0.023200001
,,,0.00033272,0.023200001
,,,0.00033273,0.024800001
,,,0.00033274,0.024000001
,,,0.00033275,0.024000001
,,,0.00033276,0.024000001
,,,0.00033277,0.024800001
,,,0.00033278,0.024800001
,,,0.00033279,0.023200001
,,,0.0003328,0.024000001
,,,0.00033281,0.025600002
,,,0.00033282,0.024800001
,,,0.00033283,0.024800001
,,,0.00033284,0.024000001
,,,0.00033285,0.022400001
,,,0.00033286,0.023200001
,,,0.00033287,0.024800001
,,,0.00033288,0.024000001
,,,0.00033289,0.024000001
,,,0.0003329,0.024800001
,,,0.00033291,0.023200001
,,,0.00033292,0.023200001
,,,0.00033293,0.023200001
,,,0.00033294,0.023200001
,,,0.00033295,0.024800001
,,,0.00033296,0.024000001
,,,0.00033297,0.023200001
,,,0.00033298,0.023200001
,,,0.00033299,0.023200001
,,,0.000333,0.024000001
,,,0.00033301,0.024800001
,,,0.00033302,0.022400001
,,,0.00033303,0.024000001
,,,0.00033304,0.024800001
,,,0.00033305,0.023200001
,,,0.00033306,0.024800001
,,,0.00033307,0.024800001
,,,0.00033308,0.024800001
,,,0.00033309,0.024000001
,,,0.0003331,0.024000001
,,,0.00033311,0.024000001
,,,0.00033312,0.026400002
,,,0.00033313,0.024800001
,,,0.00033314,0.024000001
,,,0.00033315,0.024000001
,,,0.00033316,0.023200001
,,,0.00033317,0.023200001
,,,0.00033318,0.025600002
,,,0.00033319,0.024000001
,,,0.0003332,0.024000001
,,,0.00033321,0.024000001
,,,0.00033322,0.024000001
,,,0.00033323,0.024000001
,,,0.00033324,0.024000001
,,,0.00033325,0.024000001
,,,0.00033326,0.024000001
,,,0.00033327,0.024800001
,,,0.00033328,0.024800001
,,,0.00033329,0.023200001
,,,0.0003333,0.024800001
,,,0.00033331,0.024000001
,,,0.00033332,0.024000001
,,,0.00033333,0.024000001
,,,0.00033334,0.024000001
,,,0.00033335,0.024000001
,,,0.00033336,0.024000001
,,,0.00033337,0.024800001
,,,0.00033338,0.024000001
,,,0.00033339,0.024000001
,,,0.0003334,0.024000001
,,,0.00033341,0.024000001
,,,0.00033342,0.025600002
,,,0.00033343,0.023200001
,,,0.00033344,0.025600002
,,,0.00033345,0.024000001
,,,0.00033346,0.024800001
,,,0.00033347,0.024000001
,,,0.00033348,0.025600002
,,,0.00033349,0.023200001
,,,0.0003335,0.024800001
,,,0.00033351,0.024000001
,,,0.00033352,0.025600002
,,,0.00033353,0.024000001
,,,0.00033354,0.024000001
,,,0.00033355,0.023200001
,,,0.00033356,0.024800001
,,,0.00033357,0.025600002
,,,0.00033358,0.024000001
,,,0.00033359,0.024000001
,,,0.0003336,0.024000001
,,,0.00033361,0.026400002
,,,0.00033362,0.024000001
,,,0.00033363,0.024000001
,,,0.00033364,0.024000001
,,,0.00033365,0.024000001
,,,0.00033366,0.023200001
,,,0.00033367,0.024000001
,,,0.00033368,0.024000001
,,,0.00033369,0.024000001
,,,0.0003337,0.024800001
,,,0.00033371,0.024000001
,,,0.00033372,0.024800001
,,,0.00033373,0.024000001
,,,0.00033374,0.024000001
,,,0.00033375,0.024000001
,,,0.00033376,0.024000001
,,,0.00033377,0.023200001
,,,0.00033378,0.024000001
,,,0.00033379,0.024000001
,,,0.0003338,0.024000001
,,,0.00033381,0.024000001
,,,0.00033382,0.024800001
,,,0.00033383,0.024000001
,,,0.00033384,0.024000001
,,,0.00033385,0.023200001
,,,0.00033386,0.024000001
,,,0.00033387,0.024000001
,,,0.00033388,0.024000001
,,,0.00033389,0.024000001
,,,0.0003339,0.024000001
,,,0.00033391,0.024000001
,,,0.00033392,0.023200001
,,,0.00033393,0.024000001
,,,0.00033394,0.025600002
,,,0.00033395,0.024000001
,,,0.00033396,0.023200001
,,,0.00033397,0.024800001
,,,0.00033398,0.024000001
,,,0.00033399,0.024000001
,,,0.000334,0.024000001
,,,0.00033401,0.023200001
,,,0.00033402,0.024800001
,,,0.00033403,0.024000001
,,,0.00033404,0.024000001
,,,0.00033405,0.022400001
,,,0.00033406,0.024800001
,,,0.00033407,0.024000001
,,,0.00033408,0.024000001
,,,0.00033409,0.024000001
,,,0.0003341,0.026400002
,,,0.00033411,0.024800001
,,,0.00033412,0.022400001
,,,0.00033413,0.023200001
,,,0.00033414,0.024800001
,,,0.00033415,0.024000001
,,,0.00033416,0.024000001
,,,0.00033417,0.024800001
,,,0.00033418,0.025600002
,,,0.00033419,0.023200001
,,,0.0003342,0.023200001
,,,0.00033421,0.024000001
,,,0.00033422,0.024800001
,,,0.00033423,0.024800001
,,,0.00033424,0.024000001
,,,0.00033425,0.024000001
,,,0.00033426,0.024800001
,,,0.00033427,0.024800001
,,,0.00033428,0.023200001
,,,0.00033429,0.024000001
,,,0.0003343,0.024000001
,,,0.00033431,0.024000001
,,,0.00033432,0.024000001
,,,0.00033433,0.024800001
,,,0.00033434,0.024000001
,,,0.00033435,0.024000001
,,,0.00033436,0.023200001
,,,0.00033437,0.024000001
,,,0.00033438,0.023200001
,,,0.00033439,0.025600002
,,,0.0003344,0.024000001
,,,0.00033441,0.024000001
,,,0.00033442,0.024000001
,,,0.00033443,0.023200001
,,,0.00033444,0.023200001
,,,0.00033445,0.024800001
,,,0.00033446,0.024800001
,,,0.00033447,0.023200001
,,,0.00033448,0.024000001
,,,0.00033449,0.024000001
,,,0.0003345,0.024000001
,,,0.00033451,0.024800001
,,,0.00033452,0.023200001
,,,0.00033453,0.024000001
,,,0.00033454,0.024800001
,,,0.00033455,0.024000001
,,,0.00033456,0.024000001
,,,0.00033457,0.024800001
,,,0.00033458,0.024800001
,,,0.00033459,0.025600002
,,,0.0003346,0.024000001
,,,0.00033461,0.024000001
,,,0.00033462,0.023200001
,,,0.00033463,0.024800001
,,,0.00033464,0.024000001
,,,0.00033465,0.023200001
,,,0.00033466,0.024800001
,,,0.00033467,0.024800001
,,,0.00033468,0.024000001
,,,0.00033469,0.024000001
,,,0.0003347,0.023200001
,,,0.00033471,0.024000001
,,,0.00033472,0.025600002
,,,0.00033473,0.024800001
,,,0.00033474,0.024800001
,,,0.00033475,0.023200001
,,,0.00033476,0.025600002
,,,0.00033477,0.025600002
,,,0.00033478,0.024800001
,,,0.00033479,0.022400001
,,,0.0003348,0.024000001
,,,0.00033481,0.024800001
,,,0.00033482,0.025600002
,,,0.00033483,0.024800001
,,,0.00033484,0.024000001
,,,0.00033485,0.023200001
,,,0.00033486,0.024000001
,,,0.00033487,0.024000001
,,,0.00033488,0.024000001
,,,0.00033489,0.024000001
,,,0.0003349,0.025600002
,,,0.00033491,0.026400002
,,,0.00033492,0.023200001
,,,0.00033493,0.025600002
,,,0.00033494,0.024000001
,,,0.00033495,0.024000001
,,,0.00033496,0.025600002
,,,0.00033497,0.026400002
,,,0.00033498,0.024000001
,,,0.00033499,0.024000001
,,,0.000335,0.024000001
,,,0.00033501,0.026400002
,,,0.00033502,0.024800001
,,,0.00033503,0.023200001
,,,0.00033504,0.024800001
,,,0.00033505,0.025600002
,,,0.00033506,0.024000001
,,,0.00033507,0.024000001
,,,0.00033508,0.024800001
,,,0.00033509,0.023200001
,,,0.0003351,0.024000001
,,,0.00033511,0.023200001
,,,0.00033512,0.023200001
,,,0.00033513,0.024000001
,,,0.00033514,0.024000001
,,,0.00033515,0.023200001
,,,0.00033516,0.024000001
,,,0.00033517,0.024800001
,,,0.00033518,0.024800001
,,,0.00033519,0.023200001
,,,0.0003352,0.025600002
,,,0.00033521,0.024000001
,,,0.00033522,0.026400002
,,,0.00033523,0.024000001
,,,0.00033524,0.024000001
,,,0.00033525,0.024000001
,,,0.00033526,0.025600002
,,,0.00033527,0.024000001
,,,0.00033528,0.025600002
,,,0.00033529,0.024000001
,,,0.0003353,0.024000001
,,,0.00033531,0.024800001
,,,0.00033532,0.024000001
,,,0.00033533,0.024000001
,,,0.00033534,0.024800001
,,,0.00033535,0.024800001
,,,0.00033536,0.024800001
,,,0.00033537,0.023200001
,,,0.00033538,0.024000001
,,,0.00033539,0.024000001
,,,0.0003354,0.024000001
,,,0.00033541,0.024000001
,,,0.00033542,0.024800001
,,,0.00033543,0.024000001
,,,0.00033544,0.024800001
,,,0.00033545,0.023200001
,,,0.00033546,0.024800001
,,,0.00033547,0.023200001
,,,0.00033548,0.024000001
,,,0.00033549,0.023200001
,,,0.0003355,0.024000001
,,,0.00033551,0.024000001
,,,0.00033552,0.023200001
,,,0.00033553,0.024000001
,,,0.00033554,0.024000001
,,,0.00033555,0.024800001
,,,0.00033556,0.023200001
,,,0.00033557,0.023200001
,,,0.00033558,0.025600002
,,,0.00033559,0.024000001
,,,0.0003356,0.024000001
,,,0.00033561,0.024000001
,,,0.00033562,0.026400002
,,,0.00033563,0.024000001
,,,0.00033564,0.024000001
,,,0.00033565,0.025600002
,,,0.00033566,0.023200001
,,,0.00033567,0.024800001
,,,0.00033568,0.024800001
,,,0.00033569,0.023200001
,,,0.0003357,0.022400001
,,,0.00033571,0.024000001
,,,0.00033572,0.024800001
,,,0.00033573,0.024800001
,,,0.00033574,0.023200001
,,,0.00033575,0.024000001
,,,0.00033576,0.024000001
,,,0.00033577,0.024000001
,,,0.00033578,0.024000001
,,,0.00033579,0.024000001
,,,0.0003358,0.024800001
,,,0.00033581,0.025600002
,,,0.00033582,0.024000001
,,,0.00033583,0.024000001
,,,0.00033584,0.023200001
,,,0.00033585,0.023200001
,,,0.00033586,0.024000001
,,,0.00033587,0.024000001
,,,0.00033588,0.023200001
,,,0.00033589,0.024800001
,,,0.0003359,0.025600002
,,,0.00033591,0.024000001
,,,0.00033592,0.024800001
,,,0.00033593,0.024000001
,,,0.00033594,0.024000001
,,,0.00033595,0.022400001
,,,0.00033596,0.024800001
,,,0.00033597,0.024800001
,,,0.00033598,0.024000001
,,,0.00033599,0.022400001
,,,0.000336,0.024800001
,,,0.00033601,0.024800001
,,,0.00033602,0.024800001
,,,0.00033603,0.023200001
,,,0.00033604,0.024000001
,,,0.00033605,0.024800001
,,,0.00033606,0.025600002
,,,0.00033607,0.022400001
,,,0.00033608,0.024000001
,,,0.00033609,0.024000001
,,,0.0003361,0.024000001
,,,0.00033611,0.022400001
,,,0.00033612,0.022400001
,,,0.00033613,0.024800001
,,,0.00033614,0.024000001
,,,0.00033615,0.024800001
,,,0.00033616,0.024000001
,,,0.00033617,0.021600001
,,,0.00033618,0.024000001
,,,0.00033619,0.024000001
,,,0.0003362,0.024800001
,,,0.00033621,0.023200001
,,,0.00033622,0.024800001
,,,0.00033623,0.024000001
,,,0.00033624,0.025600002
,,,0.00033625,0.024800001
,,,0.00033626,0.024000001
,,,0.00033627,0.023200001
,,,0.00033628,0.022400001
,,,0.00033629,0.024000001
,,,0.0003363,0.024000001
,,,0.00033631,0.024000001
,,,0.00033632,0.023200001
,,,0.00033633,0.024000001
,,,0.00033634,0.024800001
,,,0.00033635,0.024000001
,,,0.00033636,0.024800001
,,,0.00033637,0.024800001
,,,0.00033638,0.024000001
,,,0.00033639,0.024000001
,,,0.0003364,0.024000001
,,,0.00033641,0.024000001
,,,0.00033642,0.024000001
,,,0.00033643,0.024000001
,,,0.00033644,0.024000001
,,,0.00033645,0.024000001
,,,0.00033646,0.024000001
,,,0.00033647,0.024000001
,,,0.00033648,0.024000001
,,,0.00033649,0.025600002
,,,0.0003365,0.024800001
,,,0.00033651,0.023200001
,,,0.00033652,0.024800001
,,,0.00033653,0.023200001
,,,0.00033654,0.024000001
,,,0.00033655,0.024800001
,,,0.00033656,0.024000001
,,,0.00033657,0.025600002
,,,0.00033658,0.022400001
,,,0.00033659,0.025600002
,,,0.0003366,0.024800001
,,,0.00033661,0.024000001
,,,0.00033662,0.023200001
,,,0.00033663,0.023200001
,,,0.00033664,0.024000001
,,,0.00033665,0.024800001
,,,0.00033666,0.024000001
,,,0.00033667,0.021600001
,,,0.00033668,0.022400001
,,,0.00033669,0.025600002
,,,0.0003367,0.024800001
,,,0.00033671,0.024000001
,,,0.00033672,0.024000001
,,,0.00033673,0.024000001
,,,0.00033674,0.024000001
,,,0.00033675,0.024800001
,,,0.00033676,0.023200001
,,,0.00033677,0.024800001
,,,0.00033678,0.024800001
,,,0.00033679,0.024800001
,,,0.0003368,0.023200001
,,,0.00033681,0.024000001
,,,0.00033682,0.025600002
,,,0.00033683,0.024000001
,,,0.00033684,0.025600002
,,,0.00033685,0.024000001
,,,0.00033686,0.023200001
,,,0.00033687,0.024000001
,,,0.00033688,0.024000001
,,,0.00033689,0.024000001
,,,0.0003369,0.024000001
,,,0.00033691,0.024000001
,,,0.00033692,0.024000001
,,,0.00033693,0.024800001
,,,0.00033694,0.024000001
,,,0.00033695,0.024000001
,,,0.00033696,0.024800001
,,,0.00033697,0.024800001
,,,0.00033698,0.023200001
,,,0.00033699,0.024800001
,,,0.000337,0.024000001
,,,0.00033701,0.022400001
,,,0.00033702,0.024000001
,,,0.00033703,0.024000001
,,,0.00033704,0.024000001
,,,0.00033705,0.023200001
,,,0.00033706,0.024800001
,,,0.00033707,0.024000001
,,,0.00033708,0.024000001
,,,0.00033709,0.022400001
,,,0.0003371,0.024800001
,,,0.00033711,0.024000001
,,,0.00033712,0.024000001
,,,0.00033713,0.025600002
,,,0.00033714,0.024000001
,,,0.00033715,0.024000001
,,,0.00033716,0.021600001
,,,0.00033717,0.024000001
,,,0.00033718,0.022400001
,,,0.00033719,0.024000001
,,,0.0003372,0.024000001
,,,0.00033721,0.024000001
,,,0.00033722,0.024800001
,,,0.00033723,0.026400002
,,,0.00033724,0.024800001
,,,0.00033725,0.024000001
,,,0.00033726,0.024000001
,,,0.00033727,0.024800001
,,,0.00033728,0.024000001
,,,0.00033729,0.024800001
,,,0.0003373,0.025600002
,,,0.00033731,0.023200001
,,,0.00033732,0.025600002
,,,0.00033733,0.024800001
,,,0.00033734,0.024800001
,,,0.00033735,0.023200001
,,,0.00033736,0.024000001
,,,0.00033737,0.024800001
,,,0.00033738,0.024000001
,,,0.00033739,0.022400001
,,,0.0003374,0.024000001
,,,0.00033741,0.023200001
,,,0.00033742,0.024000001
,,,0.00033743,0.023200001
,,,0.00033744,0.024000001
,,,0.00033745,0.024800001
,,,0.00033746,0.024800001
,,,0.00033747,0.023200001
,,,0.00033748,0.024000001
,,,0.00033749,0.024000001
,,,0.0003375,0.024000001
,,,0.00033751,0.024000001
,,,0.00033752,0.026400002
,,,0.00033753,0.023200001
,,,0.00033754,0.024800001
,,,0.00033755,0.023200001
,,,0.00033756,0.024000001
,,,0.00033757,0.024000001
,,,0.00033758,0.024000001
,,,0.00033759,0.023200001
,,,0.0003376,0.024800001
,,,0.00033761,0.024000001
,,,0.00033762,0.024800001
,,,0.00033763,0.024800001
,,,0.00033764,0.026400002
,,,0.00033765,0.024000001
,,,0.00033766,0.024000001
,,,0.00033767,0.024000001
,,,0.00033768,0.024000001
,,,0.00033769,0.024000001
,,,0.0003377,0.025600002
,,,0.00033771,0.023200001
,,,0.00033772,0.025600002
,,,0.00033773,0.024000001
,,,0.00033774,0.024000001
,,,0.00033775,0.024800001
,,,0.00033776,0.024000001
,,,0.00033777,0.024000001
,,,0.00033778,0.025600002
,,,0.00033779,0.022400001
,,,0.0003378,0.024000001
,,,0.00033781,0.024800001
,,,0.00033782,0.024000001
,,,0.00033783,0.024000001
,,,0.00033784,0.022400001
,,,0.00033785,0.023200001
,,,0.00033786,0.023200001
,,,0.00033787,0.024000001
,,,0.00033788,0.024000001
,,,0.00033789,0.024000001
,,,0.0003379,0.024000001
,,,0.00033791,0.025600002
,,,0.00033792,0.024000001
,,,0.00033793,0.025600002
,,,0.00033794,0.024000001
,,,0.00033795,0.024000001
,,,0.00033796,0.024000001
,,,0.00033797,0.024000001
,,,0.00033798,0.024000001
,,,0.00033799,0.023200001
,,,0.000338,0.024000001
,,,0.00033801,0.024800001
,,,0.00033802,0.023200001
,,,0.00033803,0.022400001
,,,0.00033804,0.024800001
,,,0.00033805,0.024800001
,,,0.00033806,0.025600002
,,,0.00033807,0.024000001
,,,0.00033808,0.024800001
,,,0.00033809,0.024000001
,,,0.0003381,0.022400001
,,,0.00033811,0.024000001
,,,0.00033812,0.024800001
,,,0.00033813,0.023200001
,,,0.00033814,0.024800001
,,,0.00033815,0.024000001
,,,0.00033816,0.024800001
,,,0.00033817,0.022400001
,,,0.00033818,0.024800001
,,,0.00033819,0.023200001
,,,0.0003382,0.024800001
,,,0.00033821,0.023200001
,,,0.00033822,0.023200001
,,,0.00033823,0.023200001
,,,0.00033824,0.023200001
,,,0.00033825,0.024800001
,,,0.00033826,0.022400001
,,,0.00033827,0.024000001
,,,0.00033828,0.024000001
,,,0.00033829,0.024000001
,,,0.0003383,0.024000001
,,,0.00033831,0.025600002
,,,0.00033832,0.026400002
,,,0.00033833,0.024800001
,,,0.00033834,0.024000001
,,,0.00033835,0.023200001
,,,0.00033836,0.024800001
,,,0.00033837,0.024000001
,,,0.00033838,0.025600002
,,,0.00033839,0.024000001
,,,0.0003384,0.025600002
,,,0.00033841,0.021600001
,,,0.00033842,0.024000001
,,,0.00033843,0.024800001
,,,0.00033844,0.023200001
,,,0.00033845,0.024800001
,,,0.00033846,0.024000001
,,,0.00033847,0.024000001
,,,0.00033848,0.023200001
,,,0.00033849,0.024000001
,,,0.0003385,0.025600002
,,,0.00033851,0.024000001
,,,0.00033852,0.025600002
,,,0.00033853,0.024000001
,,,0.00033854,0.024800001
,,,0.00033855,0.023200001
,,,0.00033856,0.024000001
,,,0.00033857,0.023200001
,,,0.00033858,0.024000001
,,,0.00033859,0.025600002
,,,0.0003386,0.023200001
,,,0.00033861,0.023200001
,,,0.00033862,0.024000001
,,,0.00033863,0.024000001
,,,0.00033864,0.023200001
,,,0.00033865,0.024000001
,,,0.00033866,0.022400001
,,,0.00033867,0.024000001
,,,0.00033868,0.024000001
,,,0.00033869,0.023200001
,,,0.0003387,0.026400002
,,,0.00033871,0.024800001
,,,0.00033872,0.024000001
,,,0.00033873,0.023200001
,,,0.00033874,0.023200001
,,,0.00033875,0.024000001
,,,0.00033876,0.025600002
,,,0.00033877,0.023200001
,,,0.00033878,0.024000001
,,,0.00033879,0.024000001
,,,0.0003388,0.024000001
,,,0.00033881,0.024000001
,,,0.00033882,0.021600001
,,,0.00033883,0.025600002
,,,0.00033884,0.023200001
,,,0.00033885,0.022400001
,,,0.00033886,0.024000001
,,,0.00033887,0.024000001
,,,0.00033888,0.024800001
,,,0.00033889,0.025600002
,,,0.0003389,0.023200001
,,,0.00033891,0.024000001
,,,0.00033892,0.024800001
,,,0.00033893,0.024800001
,,,0.00033894,0.024000001
,,,0.00033895,0.023200001
,,,0.00033896,0.024000001
,,,0.00033897,0.024800001
,,,0.00033898,0.024000001
,,,0.00033899,0.024000001
,,,0.000339,0.024800001
,,,0.00033901,0.024000001
,,,0.00033902,0.023200001
,,,0.00033903,0.024000001
,,,0.00033904,0.024800001
,,,0.00033905,0.024800001
,,,0.00033906,0.024800001
,,,0.00033907,0.024000001
,,,0.00033908,0.024000001
,,,0.00033909,0.026400002
,,,0.0003391,0.024000001
,,,0.00033911,0.024000001
,,,0.00033912,0.024000001
,,,0.00033913,0.024000001
,,,0.00033914,0.024000001
,,,0.00033915,0.023200001
,,,0.00033916,0.025600002
,,,0.00033917,0.024000001
,,,0.00033918,0.024800001
,,,0.00033919,0.024800001
,,,0.0003392,0.024000001
,,,0.00033921,0.025600002
,,,0.00033922,0.024800001
,,,0.00033923,0.024000001
,,,0.00033924,0.023200001
,,,0.00033925,0.023200001
,,,0.00033926,0.024800001
,,,0.00033927,0.024000001
,,,0.00033928,0.024000001
,,,0.00033929,0.024800001
,,,0.0003393,0.023200001
,,,0.00033931,0.024000001
,,,0.00033932,0.024000001
,,,0.00033933,0.024800001
,,,0.00033934,0.024000001
,,,0.00033935,0.024000001
,,,0.00033936,0.024000001
,,,0.00033937,0.024800001
,,,0.00033938,0.024000001
,,,0.00033939,0.023200001
,,,0.0003394,0.023200001
,,,0.00033941,0.023200001
,,,0.00033942,0.024800001
,,,0.00033943,0.024000001
,,,0.00033944,0.024000001
,,,0.00033945,0.023200001
,,,0.00033946,0.024000001
,,,0.00033947,0.024000001
,,,0.00033948,0.023200001
,,,0.00033949,0.027200002
,,,0.0003395,0.023200001
,,,0.00033951,0.024000001
,,,0.00033952,0.025600002
,,,0.00033953,0.024000001
,,,0.00033954,0.025600002
,,,0.00033955,0.027200002
,,,0.00033956,0.024000001
,,,0.00033957,0.024000001
,,,0.00033958,0.024800001
,,,0.00033959,0.024000001
,,,0.0003396,0.024800001
,,,0.00033961,0.024800001
,,,0.00033962,0.024800001
,,,0.00033963,0.024000001
,,,0.00033964,0.024800001
,,,0.00033965,0.024000001
,,,0.00033966,0.024000001
,,,0.00033967,0.023200001
,,,0.00033968,0.024000001
,,,0.00033969,0.024000001
,,,0.0003397,0.022400001
,,,0.00033971,0.024000001
,,,0.00033972,0.025600002
,,,0.00033973,0.022400001
,,,0.00033974,0.026400002
,,,0.00033975,0.024800001
,,,0.00033976,0.024000001
,,,0.00033977,0.024800001
,,,0.00033978,0.025600002
,,,0.00033979,0.024800001
,,,0.0003398,0.024000001
,,,0.00033981,0.024800001
,,,0.00033982,0.024000001
,,,0.00033983,0.024000001
,,,0.00033984,0.023200001
,,,0.00033985,0.025600002
,,,0.00033986,0.023200001
,,,0.00033987,0.023200001
,,,0.00033988,0.024000001
,,,0.00033989,0.023200001
,,,0.0003399,0.024800001
,,,0.00033991,0.024800001
,,,0.00033992,0.025600002
,,,0.00033993,0.023200001
,,,0.00033994,0.023200001
,,,0.00033995,0.022400001
,,,0.00033996,0.024800001
,,,0.00033997,0.024000001
,,,0.00033998,0.024800001
,,,0.00033999,0.023200001
,,,0.00034,0.023200001
,,,0.00034001,0.024000001
,,,0.00034002,0.023200001
,,,0.00034003,0.024800001
,,,0.00034004,0.023200001
,,,0.00034005,0.023200001
,,,0.00034006,0.024000001
,,,0.00034007,0.024000001
,,,0.00034008,0.024000001
,,,0.00034009,0.023200001
,,,0.0003401,0.024800001
,,,0.00034011,0.025600002
,,,0.00034012,0.024800001
,,,0.00034013,0.024000001
,,,0.00034014,0.024800001
,,,0.00034015,0.024800001
,,,0.00034016,0.024000001
,,,0.00034017,0.025600002
,,,0.00034018,0.024000001
,,,0.00034019,0.021600001
,,,0.0003402,0.024800001
,,,0.00034021,0.024800001
,,,0.00034022,0.023200001
,,,0.00034023,0.024000001
,,,0.00034024,0.024000001
,,,0.00034025,0.024800001
,,,0.00034026,0.023200001
,,,0.00034027,0.024000001
,,,0.00034028,0.023200001
,,,0.00034029,0.024800001
,,,0.0003403,0.022400001
,,,0.00034031,0.026400002
,,,0.00034032,0.024000001
,,,0.00034033,0.024000001
,,,0.00034034,0.023200001
,,,0.00034035,0.023200001
,,,0.00034036,0.023200001
,,,0.00034037,0.024000001
,,,0.00034038,0.024000001
,,,0.00034039,0.024800001
,,,0.0003404,0.025600002
,,,0.00034041,0.023200001
,,,0.00034042,0.024000001
,,,0.00034043,0.023200001
,,,0.00034044,0.023200001
,,,0.00034045,0.024800001
,,,0.00034046,0.024000001
,,,0.00034047,0.024800001
,,,0.00034048,0.024000001
,,,0.00034049,0.024800001
,,,0.0003405,0.024800001
,,,0.00034051,0.023200001
,,,0.00034052,0.024000001
,,,0.00034053,0.024000001
,,,0.00034054,0.024000001
,,,0.00034055,0.025600002
,,,0.00034056,0.025600002
,,,0.00034057,0.025600002
,,,0.00034058,0.023200001
,,,0.00034059,0.024800001
,,,0.0003406,0.026400002
,,,0.00034061,0.023200001
,,,0.00034062,0.024000001
,,,0.00034063,0.023200001
,,,0.00034064,0.025600002
,,,0.00034065,0.024000001
,,,0.00034066,0.025600002
,,,0.00034067,0.024800001
,,,0.00034068,0.025600002
,,,0.00034069,0.024800001
,,,0.0003407,0.024000001
,,,0.00034071,0.024000001
,,,0.00034072,0.024800001
,,,0.00034073,0.024000001
,,,0.00034074,0.024000001
,,,0.00034075,0.024000001
,,,0.00034076,0.023200001
,,,0.00034077,0.024000001
,,,0.00034078,0.023200001
,,,0.00034079,0.022400001
,,,0.0003408,0.023200001
,,,0.00034081,0.024800001
,,,0.00034082,0.024000001
,,,0.00034083,0.024000001
,,,0.00034084,0.024800001
,,,0.00034085,0.023200001
,,,0.00034086,0.024000001
,,,0.00034087,0.024000001
,,,0.00034088,0.023200001
,,,0.00034089,0.024800001
,,,0.0003409,0.024800001
,,,0.00034091,0.023200001
,,,0.00034092,0.022400001
,,,0.00034093,0.025600002
,,,0.00034094,0.024000001
,,,0.00034095,0.024000001
,,,0.00034096,0.024000001
,,,0.00034097,0.024000001
,,,0.00034098,0.024800001
,,,0.00034099,0.025600002
,,,0.000341,0.024000001
,,,0.00034101,0.024000001
,,,0.00034102,0.024000001
,,,0.00034103,0.023200001
,,,0.00034104,0.024000001
,,,0.00034105,0.025600002
,,,0.00034106,0.024800001
,,,0.00034107,0.022400001
,,,0.00034108,0.024800001
,,,0.00034109,0.024000001
,,,0.0003411,0.024000001
,,,0.00034111,0.024800001
,,,0.00034112,0.023200001
,,,0.00034113,0.022400001
,,,0.00034114,0.024000001
,,,0.00034115,0.022400001
,,,0.00034116,0.024800001
,,,0.00034117,0.023200001
,,,0.00034118,0.024000001
,,,0.00034119,0.024000001
,,,0.0003412,0.025600002
,,,0.00034121,0.023200001
,,,0.00034122,0.024800001
,,,0.00034123,0.024000001
,,,0.00034124,0.025600002
,,,0.00034125,0.024800001
,,,0.00034126,0.024000001
,,,0.00034127,0.023200001
,,,0.00034128,0.024000001
,,,0.00034129,0.024800001
,,,0.0003413,0.024000001
,,,0.00034131,0.024800001
,,,0.00034132,0.024000001
,,,0.00034133,0.024800001
,,,0.00034134,0.024800001
,,,0.00034135,0.024800001
,,,0.00034136,0.023200001
,,,0.00034137,0.024800001
,,,0.00034138,0.024000001
,,,0.00034139,0.025600002
,,,0.0003414,0.024000001
,,,0.00034141,0.024000001
,,,0.00034142,0.024000001
,,,0.00034143,0.022400001
,,,0.00034144,0.024800001
,,,0.00034145,0.024800001
,,,0.00034146,0.023200001
,,,0.00034147,0.023200001
,,,0.00034148,0.026400002
,,,0.00034149,0.026400002
,,,0.0003415,0.024800001
,,,0.00034151,0.023200001
,,,0.00034152,0.024000001
,,,0.00034153,0.024800001
,,,0.00034154,0.024800001
,,,0.00034155,0.024800001
,,,0.00034156,0.024000001
,,,0.00034157,0.024000001
,,,0.00034158,0.024800001
,,,0.00034159,0.024000001
,,,0.0003416,0.023200001
,,,0.00034161,0.024000001
,,,0.00034162,0.024800001
,,,0.00034163,0.024800001
,,,0.00034164,0.023200001
,,,0.00034165,0.025600002
,,,0.00034166,0.024000001
,,,0.00034167,0.023200001
,,,0.00034168,0.023200001
,,,0.00034169,0.024000001
,,,0.0003417,0.025600002
,,,0.00034171,0.022400001
,,,0.00034172,0.024000001
,,,0.00034173,0.024800001
,,,0.00034174,0.024000001
,,,0.00034175,0.024800001
,,,0.00034176,0.024000001
,,,0.00034177,0.024000001
,,,0.00034178,0.025600002
,,,0.00034179,0.025600002
,,,0.0003418,0.023200001
,,,0.00034181,0.024000001
,,,0.00034182,0.024800001
,,,0.00034183,0.024000001
,,,0.00034184,0.022400001
,,,0.00034185,0.024800001
,,,0.00034186,0.023200001
,,,0.00034187,0.025600002
,,,0.00034188,0.024000001
,,,0.00034189,0.024800001
,,,0.0003419,0.025600002
,,,0.00034191,0.022400001
,,,0.00034192,0.025600002
,,,0.00034193,0.026400002
,,,0.00034194,0.024800001
,,,0.00034195,0.024000001
,,,0.00034196,0.024000001
,,,0.00034197,0.024000001
,,,0.00034198,0.024800001
,,,0.00034199,0.022400001
,,,0.000342,0.025600002
,,,0.00034201,0.024000001
,,,0.00034202,0.024000001
,,,0.00034203,0.023200001
,,,0.00034204,0.023200001
,,,0.00034205,0.023200001
,,,0.00034206,0.024800001
,,,0.00034207,0.024800001
,,,0.00034208,0.025600002
,,,0.00034209,0.023200001
,,,0.0003421,0.024000001
,,,0.00034211,0.025600002
,,,0.00034212,0.024000001
,,,0.00034213,0.024000001
,,,0.00034214,0.024800001
,,,0.00034215,0.024000001
,,,0.00034216,0.024000001
,,,0.00034217,0.024800001
,,,0.00034218,0.024800001
,,,0.00034219,0.024800001
,,,0.0003422,0.022400001
,,,0.00034221,0.024000001
,,,0.00034222,0.024800001
,,,0.00034223,0.025600002
,,,0.00034224,0.024000001
,,,0.00034225,0.024000001
,,,0.00034226,0.024000001
,,,0.00034227,0.024800001
,,,0.00034228,0.025600002
,,,0.00034229,0.023200001
,,,0.0003423,0.024800001
,,,0.00034231,0.021600001
,,,0.00034232,0.024000001
,,,0.00034233,0.024000001
,,,0.00034234,0.023200001
,,,0.00034235,0.025600002
,,,0.00034236,0.024000001
,,,0.00034237,0.024800001
,,,0.00034238,0.023200001
,,,0.00034239,0.024000001
,,,0.0003424,0.024000001
,,,0.00034241,0.024000001
,,,0.00034242,0.024000001
,,,0.00034243,0.024000001
,,,0.00034244,0.024000001
,,,0.00034245,0.024000001
,,,0.00034246,0.023200001
,,,0.00034247,0.024000001
,,,0.00034248,0.025600002
,,,0.00034249,0.024000001
,,,0.0003425,0.024800001
,,,0.00034251,0.024000001
,,,0.00034252,0.025600002
,,,0.00034253,0.024000001
,,,0.00034254,0.024000001
,,,0.00034255,0.023200001
,,,0.00034256,0.024000001
,,,0.00034257,0.024800001
,,,0.00034258,0.024800001
,,,0.00034259,0.024800001
,,,0.0003426,0.024800001
,,,0.00034261,0.024000001
,,,0.00034262,0.024000001
,,,0.00034263,0.023200001
,,,0.00034264,0.024000001
,,,0.00034265,0.024800001
,,,0.00034266,0.025600002
,,,0.00034267,0.025600002
,,,0.00034268,0.024000001
,,,0.00034269,0.024800001
,,,0.0003427,0.025600002
,,,0.00034271,0.025600002
,,,0.00034272,0.025600002
,,,0.00034273,0.024000001
,,,0.00034274,0.024000001
,,,0.00034275,0.024800001
,,,0.00034276,0.024000001
,,,0.00034277,0.024800001
,,,0.00034278,0.024800001
,,,0.00034279,0.024000001
,,,0.0003428,0.024000001
,,,0.00034281,0.024000001
,,,0.00034282,0.026400002
,,,0.00034283,0.024000001
,,,0.00034284,0.024800001
,,,0.00034285,0.024800001
,,,0.00034286,0.024000001
,,,0.00034287,0.023200001
,,,0.00034288,0.023200001
,,,0.00034289,0.024000001
,,,0.0003429,0.024000001
,,,0.00034291,0.023200001
,,,0.00034292,0.025600002
,,,0.00034293,0.023200001
,,,0.00034294,0.024000001
,,,0.00034295,0.024800001
,,,0.00034296,0.024000001
,,,0.00034297,0.024000001
,,,0.00034298,0.024000001
,,,0.00034299,0.025600002
,,,0.000343,0.024000001
,,,0.00034301,0.024000001
,,,0.00034302,0.025600002
,,,0.00034303,0.025600002
,,,0.00034304,0.025600002
,,,0.00034305,0.024000001
,,,0.00034306,0.024000001
,,,0.00034307,0.025600002
,,,0.00034308,0.024000001
,,,0.00034309,0.022400001
,,,0.0003431,0.025600002
,,,0.00034311,0.024800001
,,,0.00034312,0.024000001
,,,0.00034313,0.024000001
,,,0.00034314,0.023200001
,,,0.00034315,0.024000001
,,,0.00034316,0.024000001
,,,0.00034317,0.024800001
,,,0.00034318,0.024000001
,,,0.00034319,0.024000001
,,,0.0003432,0.024800001
,,,0.00034321,0.024800001
,,,0.00034322,0.024000001
,,,0.00034323,0.024800001
,,,0.00034324,0.025600002
,,,0.00034325,0.024800001
,,,0.00034326,0.024000001
,,,0.00034327,0.024800001
,,,0.00034328,0.024000001
,,,0.00034329,0.025600002
,,,0.0003433,0.023200001
,,,0.00034331,0.024000001
,,,0.00034332,0.024000001
,,,0.00034333,0.024000001
,,,0.00034334,0.026400002
,,,0.00034335,0.024000001
,,,0.00034336,0.025600002
,,,0.00034337,0.023200001
,,,0.00034338,0.024000001
,,,0.00034339,0.024000001
,,,0.0003434,0.024000001
,,,0.00034341,0.024800001
,,,0.00034342,0.024000001
,,,0.00034343,0.024000001
,,,0.00034344,0.024800001
,,,0.00034345,0.024000001
,,,0.00034346,0.024000001
,,,0.00034347,0.024800001
,,,0.00034348,0.024000001
,,,0.00034349,0.024800001
,,,0.0003435,0.024800001
,,,0.00034351,0.024800001
,,,0.00034352,0.024000001
,,,0.00034353,0.024000001
,,,0.00034354,0.024000001
,,,0.00034355,0.024000001
,,,0.00034356,0.024000001
,,,0.00034357,0.024000001
,,,0.00034358,0.024000001
,,,0.00034359,0.024000001
,,,0.0003436,0.025600002
,,,0.00034361,0.024000001
,,,0.00034362,0.023200001
,,,0.00034363,0.024000001
,,,0.00034364,0.024800001
,,,0.00034365,0.024800001
,,,0.00034366,0.023200001
,,,0.00034367,0.024000001
,,,0.00034368,0.024800001
,,,0.00034369,0.024800001
,,,0.0003437,0.021600001
,,,0.00034371,0.024000001
,,,0.00034372,0.024000001
,,,0.00034373,0.024800001
,,,0.00034374,0.025600002
,,,0.00034375,0.025600002
,,,0.00034376,0.024000001
,,,0.00034377,0.024800001
,,,0.00034378,0.024000001
,,,0.00034379,0.024000001
,,,0.0003438,0.025600002
,,,0.00034381,0.024000001
,,,0.00034382,0.026400002
,,,0.00034383,0.024000001
,,,0.00034384,0.024000001
,,,0.00034385,0.025600002
,,,0.00034386,0.023200001
,,,0.00034387,0.024000001
,,,0.00034388,0.024800001
,,,0.00034389,0.023200001
,,,0.0003439,0.024000001
,,,0.00034391,0.023200001
,,,0.00034392,0.023200001
,,,0.00034393,0.024000001
,,,0.00034394,0.024800001
,,,0.00034395,0.024000001
,,,0.00034396,0.024000001
,,,0.00034397,0.024000001
,,,0.00034398,0.023200001
,,,0.00034399,0.024000001
,,,0.000344,0.025600002
,,,0.00034401,0.025600002
,,,0.00034402,0.024000001
,,,0.00034403,0.024000001
,,,0.00034404,0.024000001
,,,0.00034405,0.024800001
,,,0.00034406,0.024000001
,,,0.00034407,0.024000001
,,,0.00034408,0.023200001
,,,0.00034409,0.024800001
,,,0.0003441,0.024000001
,,,0.00034411,0.024000001
,,,0.00034412,0.027200002
,,,0.00034413,0.025600002
,,,0.00034414,0.024000001
,,,0.00034415,0.024800001
,,,0.00034416,0.024800001
,,,0.00034417,0.025600002
,,,0.00034418,0.024800001
,,,0.00034419,0.024000001
,,,0.0003442,0.024000001
,,,0.00034421,0.024000001
,,,0.00034422,0.024000001
,,,0.00034423,0.024000001
,,,0.00034424,0.025600002
,,,0.00034425,0.024000001
,,,0.00034426,0.025600002
,,,0.00034427,0.024000001
,,,0.00034428,0.025600002
,,,0.00034429,0.024800001
,,,0.0003443,0.023200001
,,,0.00034431,0.023200001
,,,0.00034432,0.025600002
,,,0.00034433,0.023200001
,,,0.00034434,0.024800001
,,,0.00034435,0.024000001
,,,0.00034436,0.024000001
,,,0.00034437,0.024000001
,,,0.00034438,0.025600002
,,,0.00034439,0.024000001
,,,0.0003444,0.023200001
,,,0.00034441,0.024000001
,,,0.00034442,0.024000001
,,,0.00034443,0.022400001
,,,0.00034444,0.025600002
,,,0.00034445,0.021600001
,,,0.00034446,0.024000001
,,,0.00034447,0.025600002
,,,0.00034448,0.022400001
,,,0.00034449,0.024800001
,,,0.0003445,0.024000001
,,,0.00034451,0.024800001
,,,0.00034452,0.024800001
,,,0.00034453,0.024000001
,,,0.00034454,0.023200001
,,,0.00034455,0.024800001
,,,0.00034456,0.024000001
,,,0.00034457,0.024000001
,,,0.00034458,0.024800001
,,,0.00034459,0.024000001
,,,0.0003446,0.024800001
,,,0.00034461,0.024000001
,,,0.00034462,0.024800001
,,,0.00034463,0.023200001
,,,0.00034464,0.024800001
,,,0.00034465,0.024800001
,,,0.00034466,0.024000001
,,,0.00034467,0.024800001
,,,0.00034468,0.026400002
,,,0.00034469,0.024000001
,,,0.0003447,0.025600002
,,,0.00034471,0.024800001
,,,0.00034472,0.023200001
,,,0.00034473,0.024000001
,,,0.00034474,0.024800001
,,,0.00034475,0.024000001
,,,0.00034476,0.024000001
,,,0.00034477,0.024800001
,,,0.00034478,0.024000001
,,,0.00034479,0.024800001
,,,0.0003448,0.024000001
,,,0.00034481,0.024000001
,,,0.00034482,0.024000001
,,,0.00034483,0.024800001
,,,0.00034484,0.024800001
,,,0.00034485,0.023200001
,,,0.00034486,0.024800001
,,,0.00034487,0.024800001
,,,0.00034488,0.024000001
,,,0.00034489,0.025600002
,,,0.0003449,0.025600002
,,,0.00034491,0.025600002
,,,0.00034492,0.024800001
,,,0.00034493,0.024000001
,,,0.00034494,0.022400001
,,,0.00034495,0.022400001
,,,0.00034496,0.026400002
,,,0.00034497,0.024000001
,,,0.00034498,0.023200001
,,,0.00034499,0.024000001
,,,0.000345,0.024000001
,,,0.00034501,0.023200001
,,,0.00034502,0.024000001
,,,0.00034503,0.024000001
,,,0.00034504,0.024000001
,,,0.00034505,0.024000001
,,,0.00034506,0.025600002
,,,0.00034507,0.025600002
,,,0.00034508,0.023200001
,,,0.00034509,0.023200001
,,,0.0003451,0.025600002
,,,0.00034511,0.024000001
,,,0.00034512,0.024000001
,,,0.00034513,0.024800001
,,,0.00034514,0.023200001
,,,0.00034515,0.024000001
,,,0.00034516,0.026400002
,,,0.00034517,0.024800001
,,,0.00034518,0.024000001
,,,0.00034519,0.024800001
,,,0.0003452,0.024800001
,,,0.00034521,0.024800001
,,,0.00034522,0.024000001
,,,0.00034523,0.024000001
,,,0.00034524,0.024000001
,,,0.00034525,0.025600002
,,,0.00034526,0.023200001
,,,0.00034527,0.024000001
,,,0.00034528,0.024000001
,,,0.00034529,0.024800001
,,,0.0003453,0.024000001
,,,0.00034531,0.022400001
,,,0.00034532,0.023200001
,,,0.00034533,0.024000001
,,,0.00034534,0.024800001
,,,0.00034535,0.024000001
,,,0.00034536,0.024000001
,,,0.00034537,0.023200001
,,,0.00034538,0.024000001
,,,0.00034539,0.024800001
,,,0.0003454,0.025600002
,,,0.00034541,0.024000001
,,,0.00034542,0.024800001
,,,0.00034543,0.024800001
,,,0.00034544,0.023200001
,,,0.00034545,0.024800001
,,,0.00034546,0.023200001
,,,0.00034547,0.024800001
,,,0.00034548,0.026400002
,,,0.00034549,0.024000001
,,,0.0003455,0.022400001
,,,0.00034551,0.024800001
,,,0.00034552,0.025600002
,,,0.00034553,0.024000001
,,,0.00034554,0.024800001
,,,0.00034555,0.024000001
,,,0.00034556,0.024800001
,,,0.00034557,0.025600002
,,,0.00034558,0.024800001
,,,0.00034559,0.025600002
,,,0.0003456,0.025600002
,,,0.00034561,0.024000001
,,,0.00034562,0.024800001
,,,0.00034563,0.024000001
,,,0.00034564,0.024000001
,,,0.00034565,0.024000001
,,,0.00034566,0.024000001
,,,0.00034567,0.024000001
,,,0.00034568,0.024800001
,,,0.00034569,0.024800001
,,,0.0003457,0.024000001
,,,0.00034571,0.024000001
,,,0.00034572,0.023200001
,,,0.00034573,0.024000001
,,,0.00034574,0.024000001
,,,0.00034575,0.023200001
,,,0.00034576,0.024000001
,,,0.00034577,0.024000001
,,,0.00034578,0.024000001
,,,0.00034579,0.024000001
,,,0.0003458,0.025600002
,,,0.00034581,0.022400001
,,,0.00034582,0.023200001
,,,0.00034583,0.024000001
,,,0.00034584,0.024000001
,,,0.00034585,0.024000001
,,,0.00034586,0.023200001
,,,0.00034587,0.025600002
,,,0.00034588,0.024800001
,,,0.00034589,0.024800001
,,,0.0003459,0.024000001
,,,0.00034591,0.023200001
,,,0.00034592,0.024800001
,,,0.00034593,0.024000001
,,,0.00034594,0.023200001
,,,0.00034595,0.024800001
,,,0.00034596,0.023200001
,,,0.00034597,0.023200001
,,,0.00034598,0.024800001
,,,0.00034599,0.024800001
,,,0.000346,0.024000001
,,,0.00034601,0.024800001
,,,0.00034602,0.024000001
,,,0.00034603,0.024800001
,,,0.00034604,0.024000001
,,,0.00034605,0.026400002
,,,0.00034606,0.024000001
,,,0.00034607,0.024800001
,,,0.00034608,0.024800001
,,,0.00034609,0.025600002
,,,0.0003461,0.023200001
,,,0.00034611,0.024000001
,,,0.00034612,0.024000001
,,,0.00034613,0.024800001
,,,0.00034614,0.024800001
,,,0.00034615,0.025600002
,,,0.00034616,0.024000001
,,,0.00034617,0.024800001
,,,0.00034618,0.024000001
,,,0.00034619,0.024800001
,,,0.0003462,0.025600002
,,,0.00034621,0.023200001
,,,0.00034622,0.024000001
,,,0.00034623,0.023200001
,,,0.00034624,0.024800001
,,,0.00034625,0.024000001
,,,0.00034626,0.024800001
,,,0.00034627,0.024800001
,,,0.00034628,0.023200001
,,,0.00034629,0.024800001
,,,0.0003463,0.024800001
,,,0.00034631,0.025600002
,,,0.00034632,0.024000001
,,,0.00034633,0.024800001
,,,0.00034634,0.024800001
,,,0.00034635,0.024000001
,,,0.00034636,0.023200001
,,,0.00034637,0.023200001
,,,0.00034638,0.024000001
,,,0.00034639,0.024000001
,,,0.0003464,0.024000001
,,,0.00034641,0.024000001
,,,0.00034642,0.024000001
,,,0.00034643,0.024000001
,,,0.00034644,0.023200001
,,,0.00034645,0.024800001
,,,0.00034646,0.025600002
,,,0.00034647,0.023200001
,,,0.00034648,0.024800001
,,,0.00034649,0.024000001
,,,0.0003465,0.024800001
,,,0.00034651,0.025600002
,,,0.00034652,0.024000001
,,,0.00034653,0.024000001
,,,0.00034654,0.024800001
,,,0.00034655,0.024800001
,,,0.00034656,0.024000001
,,,0.00034657,0.024000001
,,,0.00034658,0.024000001
,,,0.00034659,0.024000001
,,,0.0003466,0.021600001
,,,0.00034661,0.022400001
,,,0.00034662,0.025600002
,,,0.00034663,0.024000001
,,,0.00034664,0.024800001
,,,0.00034665,0.024000001
,,,0.00034666,0.024000001
,,,0.00034667,0.024000001
,,,0.00034668,0.025600002
,,,0.00034669,0.024000001
,,,0.0003467,0.022400001
,,,0.00034671,0.024000001
,,,0.00034672,0.025600002
,,,0.00034673,0.022400001
,,,0.00034674,0.024800001
,,,0.00034675,0.024000001
,,,0.00034676,0.024000001
,,,0.00034677,0.024800001
,,,0.00034678,0.023200001
,,,0.00034679,0.024800001
,,,0.0003468,0.026400002
,,,0.00034681,0.024000001
,,,0.00034682,0.024800001
,,,0.00034683,0.024000001
,,,0.00034684,0.024800001
,,,0.00034685,0.024000001
,,,0.00034686,0.024000001
,,,0.00034687,0.022400001
,,,0.00034688,0.024000001
,,,0.00034689,0.024800001
,,,0.0003469,0.024000001
,,,0.00034691,0.024000001
,,,0.00034692,0.024000001
,,,0.00034693,0.024000001
,,,0.00034694,0.024000001
,,,0.00034695,0.024800001
,,,0.00034696,0.024000001
,,,0.00034697,0.024800001
,,,0.00034698,0.022400001
,,,0.00034699,0.024000001
,,,0.000347,0.025600002
,,,0.00034701,0.024000001
,,,0.00034702,0.024000001
,,,0.00034703,0.023200001
,,,0.00034704,0.024000001
,,,0.00034705,0.023200001
,,,0.00034706,0.024800001
,,,0.00034707,0.024000001
,,,0.00034708,0.024000001
,,,0.00034709,0.022400001
,,,0.0003471,0.025600002
,,,0.00034711,0.023200001
,,,0.00034712,0.022400001
,,,0.00034713,0.024800001
,,,0.00034714,0.024800001
,,,0.00034715,0.024800001
,,,0.00034716,0.024800001
,,,0.00034717,0.024000001
,,,0.00034718,0.023200001
,,,0.00034719,0.024000001
,,,0.0003472,0.024000001
,,,0.00034721,0.024800001
,,,0.00034722,0.024800001
,,,0.00034723,0.024000001
,,,0.00034724,0.024800001
,,,0.00034725,0.024800001
,,,0.00034726,0.024000001
,,,0.00034727,0.024800001
,,,0.00034728,0.024000001
,,,0.00034729,0.022400001
,,,0.0003473,0.025600002
,,,0.00034731,0.024000001
,,,0.00034732,0.024800001
,,,0.00034733,0.024000001
,,,0.00034734,0.025600002
,,,0.00034735,0.024000001
,,,0.00034736,0.023200001
,,,0.00034737,0.024800001
,,,0.00034738,0.025600002
,,,0.00034739,0.025600002
,,,0.0003474,0.024800001
,,,0.00034741,0.023200001
,,,0.00034742,0.024800001
,,,0.00034743,0.024800001
,,,0.00034744,0.024800001
,,,0.00034745,0.023200001
,,,0.00034746,0.025600002
,,,0.00034747,0.023200001
,,,0.00034748,0.024000001
,,,0.00034749,0.024000001
,,,0.0003475,0.024000001
,,,0.00034751,0.024000001
,,,0.00034752,0.024000001
,,,0.00034753,0.023200001
,,,0.00034754,0.025600002
,,,0.00034755,0.023200001
,,,0.00034756,0.024800001
,,,0.00034757,0.024000001
,,,0.00034758,0.024000001
,,,0.00034759,0.024000001
,,,0.0003476,0.023200001
,,,0.00034761,0.024800001
,,,0.00034762,0.024000001
,,,0.00034763,0.024000001
,,,0.00034764,0.025600002
,,,0.00034765,0.023200001
,,,0.00034766,0.025600002
,,,0.00034767,0.024800001
,,,0.00034768,0.026400002
,,,0.00034769,0.024000001
,,,0.0003477,0.024000001
,,,0.00034771,0.022400001
,,,0.00034772,0.025600002
,,,0.00034773,0.024000001
,,,0.00034774,0.025600002
,,,0.00034775,0.025600002
,,,0.00034776,0.026400002
,,,0.00034777,0.025600002
,,,0.00034778,0.024000001
,,,0.00034779,0.024000001
,,,0.0003478,0.027200002
,,,0.00034781,0.024000001
,,,0.00034782,0.024000001
,,,0.00034783,0.024000001
,,,0.00034784,0.024000001
,,,0.00034785,0.024000001
,,,0.00034786,0.024800001
,,,0.00034787,0.024800001
,,,0.00034788,0.024000001
,,,0.00034789,0.024000001
,,,0.0003479,0.024000001
,,,0.00034791,0.023200001
,,,0.00034792,0.024800001
,,,0.00034793,0.024000001
,,,0.00034794,0.026400002
,,,0.00034795,0.024000001
,,,0.00034796,0.023200001
,,,0.00034797,0.022400001
,,,0.00034798,0.022400001
,,,0.00034799,0.025600002
,,,0.000348,0.025600002
,,,0.00034801,0.026400002
,,,0.00034802,0.024000001
,,,0.00034803,0.024000001
,,,0.00034804,0.024800001
,,,0.00034805,0.024800001
,,,0.00034806,0.024000001
,,,0.00034807,0.024800001
,,,0.00034808,0.024800001
,,,0.00034809,0.024000001
,,,0.0003481,0.024000001
,,,0.00034811,0.024000001
,,,0.00034812,0.023200001
,,,0.00034813,0.024000001
,,,0.00034814,0.024800001
,,,0.00034815,0.024000001
,,,0.00034816,0.024800001
,,,0.00034817,0.024000001
,,,0.00034818,0.024000001
,,,0.00034819,0.024000001
,,,0.0003482,0.023200001
,,,0.00034821,0.023200001
,,,0.00034822,0.024000001
,,,0.00034823,0.024000001
,,,0.00034824,0.024000001
,,,0.00034825,0.023200001
,,,0.00034826,0.024000001
,,,0.00034827,0.024000001
,,,0.00034828,0.024800001
,,,0.00034829,0.024000001
,,,0.0003483,0.024800001
,,,0.00034831,0.024800001
,,,0.00034832,0.024000001
,,,0.00034833,0.024000001
,,,0.00034834,0.024800001
,,,0.00034835,0.024000001
,,,0.00034836,0.024800001
,,,0.00034837,0.024000001
,,,0.00034838,0.024000001
,,,0.00034839,0.024800001
,,,0.0003484,0.024000001
,,,0.00034841,0.024000001
,,,0.00034842,0.024800001
,,,0.00034843,0.023200001
,,,0.00034844,0.024000001
,,,0.00034845,0.024800001
,,,0.00034846,0.024000001
,,,0.00034847,0.023200001
,,,0.00034848,0.024000001
,,,0.00034849,0.024800001
,,,0.0003485,0.024000001
,,,0.00034851,0.022400001
,,,0.00034852,0.024000001
,,,0.00034853,0.023200001
,,,0.00034854,0.023200001
,,,0.00034855,0.024800001
,,,0.00034856,0.024800001
,,,0.00034857,0.022400001
,,,0.00034858,0.024000001
,,,0.00034859,0.024000001
,,,0.0003486,0.024800001
,,,0.00034861,0.023200001
,,,0.00034862,0.024800001
,,,0.00034863,0.024000001
,,,0.00034864,0.024000001
,,,0.00034865,0.024800001
,,,0.00034866,0.024000001
,,,0.00034867,0.024000001
,,,0.00034868,0.024000001
,,,0.00034869,0.024800001
,,,0.0003487,0.024800001
,,,0.00034871,0.023200001
,,,0.00034872,0.024800001
,,,0.00034873,0.023200001
,,,0.00034874,0.025600002
,,,0.00034875,0.024800001
,,,0.00034876,0.025600002
,,,0.00034877,0.024000001
,,,0.00034878,0.023200001
,,,0.00034879,0.024800001
,,,0.0003488,0.024800001
,,,0.00034881,0.024800001
,,,0.00034882,0.024800001
,,,0.00034883,0.024000001
,,,0.00034884,0.022400001
,,,0.00034885,0.024000001
,,,0.00034886,0.025600002
,,,0.00034887,0.024000001
,,,0.00034888,0.024000001
,,,0.00034889,0.024000001
,,,0.0003489,0.024000001
,,,0.00034891,0.023200001
,,,0.00034892,0.023200001
,,,0.00034893,0.024000001
,,,0.00034894,0.025600002
,,,0.00034895,0.024800001
,,,0.00034896,0.024000001
,,,0.00034897,0.023200001
,,,0.00034898,0.021600001
,,,0.00034899,0.024000001
,,,0.000349,0.023200001
,,,0.00034901,0.024800001
,,,0.00034902,0.024800001
,,,0.00034903,0.024000001
,,,0.00034904,0.024000001
,,,0.00034905,0.024000001
,,,0.00034906,0.024000001
,,,0.00034907,0.025600002
,,,0.00034908,0.024800001
,,,0.00034909,0.022400001
,,,0.0003491,0.025600002
,,,0.00034911,0.024000001
,,,0.00034912,0.024800001
,,,0.00034913,0.024000001
,,,0.00034914,0.024000001
,,,0.00034915,0.024000001
,,,0.00034916,0.024800001
,,,0.00034917,0.024000001
,,,0.00034918,0.024800001
,,,0.00034919,0.024000001
,,,0.0003492,0.025600002
,,,0.00034921,0.024800001
,,,0.00034922,0.024000001
,,,0.00034923,0.024000001
,,,0.00034924,0.024000001
,,,0.00034925,0.023200001
,,,0.00034926,0.024000001
,,,0.00034927,0.026400002
,,,0.00034928,0.024000001
,,,0.00034929,0.024800001
,,,0.0003493,0.024000001
,,,0.00034931,0.024000001
,,,0.00034932,0.024000001
,,,0.00034933,0.023200001
,,,0.00034934,0.024800001
,,,0.00034935,0.024800001
,,,0.00034936,0.024800001
,,,0.00034937,0.023200001
,,,0.00034938,0.024000001
,,,0.00034939,0.022400001
,,,0.0003494,0.024800001
,,,0.00034941,0.024000001
,,,0.00034942,0.024000001
,,,0.00034943,0.024000001
,,,0.00034944,0.024000001
,,,0.00034945,0.023200001
,,,0.00034946,0.023200001
,,,0.00034947,0.024000001
,,,0.00034948,0.025600002
,,,0.00034949,0.024000001
,,,0.0003495,0.024000001
,,,0.00034951,0.024000001
,,,0.00034952,0.025600002
,,,0.00034953,0.024800001
,,,0.00034954,0.026400002
,,,0.00034955,0.024800001
,,,0.00034956,0.025600002
,,,0.00034957,0.024000001
,,,0.00034958,0.024000001
,,,0.00034959,0.024000001
,,,0.0003496,0.024000001
,,,0.00034961,0.025600002
,,,0.00034962,0.024000001
,,,0.00034963,0.024000001
,,,0.00034964,0.024800001
,,,0.00034965,0.024000001
,,,0.00034966,0.024000001
,,,0.00034967,0.024000001
,,,0.00034968,0.024000001
,,,0.00034969,0.025600002
,,,0.0003497,0.024800001
,,,0.00034971,0.023200001
,,,0.00034972,0.024800001
,,,0.00034973,0.024800001
,,,0.00034974,0.022400001
,,,0.00034975,0.024000001
,,,0.00034976,0.024000001
,,,0.00034977,0.024000001
,,,0.00034978,0.024000001
,,,0.00034979,0.023200001
,,,0.0003498,0.024800001
,,,0.00034981,0.025600002
,,,0.00034982,0.024000001
,,,0.00034983,0.024000001
,,,0.00034984,0.025600002
,,,0.00034985,0.024800001
,,,0.00034986,0.024000001
,,,0.00034987,0.024000001
,,,0.00034988,0.023200001
,,,0.00034989,0.024000001
,,,0.0003499,0.024800001
,,,0.00034991,0.024800001
,,,0.00034992,0.024000001
,,,0.00034993,0.024000001
,,,0.00034994,0.024000001
,,,0.00034995,0.024000001
,,,0.00034996,0.024000001
,,,0.00034997,0.024000001
,,,0.00034998,0.023200001
,,,0.00034999,0.024800001
,,,0.00035,0.023200001
,,,0.00035001,0.024800001
,,,0.00035002,0.024000001
,,,0.00035003,0.024000001
,,,0.00035004,0.023200001
,,,0.00035005,0.024000001
,,,0.00035006,0.026400002
,,,0.00035007,0.026400002
,,,0.00035008,0.024000001
,,,0.00035009,0.024000001
,,,0.0003501,0.024800001
,,,0.00035011,0.024000001
,,,0.00035012,0.024800001
,,,0.00035013,0.024800001
,,,0.00035014,0.024800001
,,,0.00035015,0.024800001
,,,0.00035016,0.024800001
,,,0.00035017,0.024800001
,,,0.00035018,0.024000001
,,,0.00035019,0.024000001
,,,0.0003502,0.024000001
,,,0.00035021,0.022400001
,,,0.00035022,0.023200001
,,,0.00035023,0.024000001
,,,0.00035024,0.024000001
,,,0.00035025,0.023200001
,,,0.00035026,0.022400001
,,,0.00035027,0.024800001
,,,0.00035028,0.024000001
,,,0.00035029,0.024800001
,,,0.0003503,0.024800001
,,,0.00035031,0.023200001
,,,0.00035032,0.024800001
,,,0.00035033,0.024800001
,,,0.00035034,0.024000001
,,,0.00035035,0.022400001
,,,0.00035036,0.024800001
,,,0.00035037,0.024000001
,,,0.00035038,0.024000001
,,,0.00035039,0.024800001
,,,0.0003504,0.023200001
,,,0.00035041,0.024000001
,,,0.00035042,0.026400002
,,,0.00035043,0.024800001
,,,0.00035044,0.026400002
,,,0.00035045,0.024000001
,,,0.00035046,0.025600002
,,,0.00035047,0.024000001
,,,0.00035048,0.024000001
,,,0.00035049,0.024000001
,,,0.0003505,0.024000001
,,,0.00035051,0.024800001
,,,0.00035052,0.024800001
,,,0.00035053,0.024800001
,,,0.00035054,0.023200001
,,,0.00035055,0.024000001
,,,0.00035056,0.024000001
,,,0.00035057,0.024000001
,,,0.00035058,0.023200001
,,,0.00035059,0.024000001
,,,0.0003506,0.024000001
,,,0.00035061,0.024000001
,,,0.00035062,0.024000001
,,,0.00035063,0.024000001
,,,0.00035064,0.022400001
,,,0.00035065,0.024000001
,,,0.00035066,0.024000001
,,,0.00035067,0.024000001
,,,0.00035068,0.024000001
,,,0.00035069,0.024800001
,,,0.0003507,0.024000001
,,,0.00035071,0.023200001
,,,0.00035072,0.024000001
,,,0.00035073,0.024800001
,,,0.00035074,0.025600002
,,,0.00035075,0.024000001
,,,0.00035076,0.024800001
,,,0.00035077,0.024000001
,,,0.00035078,0.024000001
,,,0.00035079,0.024800001
,,,0.0003508,0.024000001
,,,0.00035081,0.024800001
,,,0.00035082,0.024000001
,,,0.00035083,0.024000001
,,,0.00035084,0.024800001
,,,0.00035085,0.021600001
,,,0.00035086,0.024000001
,,,0.00035087,0.024000001
,,,0.00035088,0.023200001
,,,0.00035089,0.024800001
,,,0.0003509,0.024000001
,,,0.00035091,0.024000001
,,,0.00035092,0.024000001
,,,0.00035093,0.023200001
,,,0.00035094,0.024000001
,,,0.00035095,0.024800001
,,,0.00035096,0.024000001
,,,0.00035097,0.024000001
,,,0.00035098,0.024800001
,,,0.00035099,0.024800001
,,,0.000351,0.024000001
,,,0.00035101,0.023200001
,,,0.00035102,0.024000001
,,,0.00035103,0.024000001
,,,0.00035104,0.023200001
,,,0.00035105,0.024000001
,,,0.00035106,0.024000001
,,,0.00035107,0.025600002
,,,0.00035108,0.024800001
,,,0.00035109,0.026400002
,,,0.0003511,0.025600002
,,,0.00035111,0.024000001
,,,0.00035112,0.024000001
,,,0.00035113,0.024000001
,,,0.00035114,0.024000001
,,,0.00035115,0.024000001
,,,0.00035116,0.023200001
,,,0.00035117,0.022400001
,,,0.00035118,0.024800001
,,,0.00035119,0.024800001
,,,0.0003512,0.024000001
,,,0.00035121,0.025600002
,,,0.00035122,0.024800001
,,,0.00035123,0.024000001
,,,0.00035124,0.024000001
,,,0.00035125,0.024800001
,,,0.00035126,0.024000001
,,,0.00035127,0.024800001
,,,0.00035128,0.024000001
,,,0.00035129,0.024000001
,,,0.0003513,0.025600002
,,,0.00035131,0.023200001
,,,0.00035132,0.024000001
,,,0.00035133,0.023200001
,,,0.00035134,0.024800001
,,,0.00035135,0.024800001
,,,0.00035136,0.024000001
,,,0.00035137,0.023200001
,,,0.00035138,0.022400001
,,,0.00035139,0.022400001
,,,0.0003514,0.024800001
,,,0.00035141,0.024000001
,,,0.00035142,0.024000001
,,,0.00035143,0.025600002
,,,0.00035144,0.024000001
,,,0.00035145,0.024000001
,,,0.00035146,0.024000001
,,,0.00035147,0.023200001
,,,0.00035148,0.023200001
,,,0.00035149,0.024000001
,,,0.0003515,0.024000001
,,,0.00035151,0.024000001
,,,0.00035152,0.024800001
,,,0.00035153,0.024000001
,,,0.00035154,0.024800001
,,,0.00035155,0.024000001
,,,0.00035156,0.023200001
,,,0.00035157,0.024000001
,,,0.00035158,0.024000001
,,,0.00035159,0.024000001
,,,0.0003516,0.024800001
,,,0.00035161,0.024800001
,,,0.00035162,0.024800001
,,,0.00035163,0.024000001
,,,0.00035164,0.024000001
,,,0.00035165,0.024000001
,,,0.00035166,0.024000001
,,,0.00035167,0.024000001
,,,0.00035168,0.024000001
,,,0.00035169,0.024000001
,,,0.0003517,0.024000001
,,,0.00035171,0.022400001
,,,0.00035172,0.024000001
,,,0.00035173,0.023200001
,,,0.00035174,0.024800001
,,,0.00035175,0.025600002
,,,0.00035176,0.024000001
,,,0.00035177,0.023200001
,,,0.00035178,0.023200001
,,,0.00035179,0.024000001
,,,0.0003518,0.024800001
,,,0.00035181,0.024800001
,,,0.00035182,0.024800001
,,,0.00035183,0.024800001
,,,0.00035184,0.024000001
,,,0.00035185,0.024000001
,,,0.00035186,0.024000001
,,,0.00035187,0.024800001
,,,0.00035188,0.024000001
,,,0.00035189,0.025600002
,,,0.0003519,0.024800001
,,,0.00035191,0.023200001
,,,0.00035192,0.024000001
,,,0.00035193,0.023200001
,,,0.00035194,0.024000001
,,,0.00035195,0.023200001
,,,0.00035196,0.025600002
,,,0.00035197,0.024800001
,,,0.00035198,0.024000001
,,,0.00035199,0.024000001
,,,0.000352,0.024000001
,,,0.00035201,0.024000001
,,,0.00035202,0.024000001
,,,0.00035203,0.023200001
,,,0.00035204,0.024000001
,,,0.00035205,0.024000001
,,,0.00035206,0.025600002
,,,0.00035207,0.024000001
,,,0.00035208,0.024800001
,,,0.00035209,0.024800001
,,,0.0003521,0.024000001
,,,0.00035211,0.024000001
,,,0.00035212,0.024800001
,,,0.00035213,0.021600001
,,,0.00035214,0.024000001
,,,0.00035215,0.025600002
,,,0.00035216,0.024000001
,,,0.00035217,0.024000001
,,,0.00035218,0.026400002
,,,0.00035219,0.022400001
,,,0.0003522,0.023200001
,,,0.00035221,0.024000001
,,,0.00035222,0.024000001
,,,0.00035223,0.024000001
,,,0.00035224,0.024000001
,,,0.00035225,0.024000001
,,,0.00035226,0.023200001
,,,0.00035227,0.023200001
,,,0.00035228,0.024000001
,,,0.00035229,0.024800001
,,,0.0003523,0.024800001
,,,0.00035231,0.025600002
,,,0.00035232,0.023200001
,,,0.00035233,0.023200001
,,,0.00035234,0.024000001
,,,0.00035235,0.024000001
,,,0.00035236,0.023200001
,,,0.00035237,0.024000001
,,,0.00035238,0.024000001
,,,0.00035239,0.024800001
,,,0.0003524,0.024000001
,,,0.00035241,0.024000001
,,,0.00035242,0.024000001
,,,0.00035243,0.024800001
,,,0.00035244,0.024800001
,,,0.00035245,0.026400002
,,,0.00035246,0.024800001
,,,0.00035247,0.024000001
,,,0.00035248,0.024800001
,,,0.00035249,0.024000001
,,,0.0003525,0.021600001
,,,0.00035251,0.024000001
,,,0.00035252,0.024000001
,,,0.00035253,0.022400001
,,,0.00035254,0.023200001
,,,0.00035255,0.024000001
,,,0.00035256,0.024800001
,,,0.00035257,0.024000001
,,,0.00035258,0.024000001
,,,0.00035259,0.024000001
,,,0.0003526,0.024800001
,,,0.00035261,0.022400001
,,,0.00035262,0.022400001
,,,0.00035263,0.024000001
,,,0.00035264,0.025600002
,,,0.00035265,0.024800001
,,,0.00035266,0.025600002
,,,0.00035267,0.024000001
,,,0.00035268,0.025600002
,,,0.00035269,0.024800001
,,,0.0003527,0.024000001
,,,0.00035271,0.024800001
,,,0.00035272,0.024000001
,,,0.00035273,0.024000001
,,,0.00035274,0.024000001
,,,0.00035275,0.024000001
,,,0.00035276,0.025600002
,,,0.00035277,0.024000001
,,,0.00035278,0.024800001
,,,0.00035279,0.025600002
,,,0.0003528,0.022400001
,,,0.00035281,0.024800001
,,,0.00035282,0.024000001
,,,0.00035283,0.024000001
,,,0.00035284,0.024800001
,,,0.00035285,0.024000001
,,,0.00035286,0.024000001
,,,0.00035287,0.023200001
,,,0.00035288,0.024000001
,,,0.00035289,0.024000001
,,,0.0003529,0.023200001
,,,0.00035291,0.023200001
,,,0.00035292,0.026400002
,,,0.00035293,0.024000001
,,,0.00035294,0.024000001
,,,0.00035295,0.024000001
,,,0.00035296,0.024800001
,,,0.00035297,0.023200001
,,,0.00035298,0.024000001
,,,0.00035299,0.023200001
,,,0.000353,0.024800001
,,,0.00035301,0.024800001
,,,0.00035302,0.025600002
,,,0.00035303,0.024000001
,,,0.00035304,0.024000001
,,,0.00035305,0.024000001
,,,0.00035306,0.024000001
,,,0.00035307,0.023200001
,,,0.00035308,0.025600002
,,,0.00035309,0.024800001
,,,0.0003531,0.024000001
,,,0.00035311,0.024000001
,,,0.00035312,0.024000001
,,,0.00035313,0.024000001
,,,0.00035314,0.025600002
,,,0.00035315,0.024000001
,,,0.00035316,0.024000001
,,,0.00035317,0.024800001
,,,0.00035318,0.023200001
,,,0.00035319,0.024000001
,,,0.0003532,0.024000001
,,,0.00035321,0.024000001
,,,0.00035322,0.024800001
,,,0.00035323,0.024000001
,,,0.00035324,0.024000001
,,,0.00035325,0.025600002
,,,0.00035326,0.026400002
,,,0.00035327,0.024000001
,,,0.00035328,0.024000001
,,,0.00035329,0.024800001
,,,0.0003533,0.024800001
,,,0.00035331,0.023200001
,,,0.00035332,0.024000001
,,,0.00035333,0.024800001
,,,0.00035334,0.024000001
,,,0.00035335,0.022400001
,,,0.00035336,0.023200001
,,,0.00035337,0.024000001
,,,0.00035338,0.024800001
,,,0.00035339,0.022400001
,,,0.0003534,0.024800001
,,,0.00035341,0.025600002
,,,0.00035342,0.024000001
,,,0.00035343,0.024000001
,,,0.00035344,0.022400001
,,,0.00035345,0.024000001
,,,0.00035346,0.022400001
,,,0.00035347,0.024800001
,,,0.00035348,0.024000001
,,,0.00035349,0.024000001
,,,0.0003535,0.023200001
,,,0.00035351,0.024800001
,,,0.00035352,0.024000001
,,,0.00035353,0.024800001
,,,0.00035354,0.024000001
,,,0.00035355,0.022400001
,,,0.00035356,0.025600002
,,,0.00035357,0.025600002
,,,0.00035358,0.024000001
,,,0.00035359,0.024000001
,,,0.0003536,0.024000001
,,,0.00035361,0.026400002
,,,0.00035362,0.024000001
,,,0.00035363,0.023200001
,,,0.00035364,0.023200001
,,,0.00035365,0.024000001
,,,0.00035366,0.024000001
,,,0.00035367,0.024000001
,,,0.00035368,0.024800001
,,,0.00035369,0.024000001
,,,0.0003537,0.024000001
,,,0.00035371,0.024800001
,,,0.00035372,0.025600002
,,,0.00035373,0.024000001
,,,0.00035374,0.024000001
,,,0.00035375,0.024000001
,,,0.00035376,0.023200001
,,,0.00035377,0.023200001
,,,0.00035378,0.024000001
,,,0.00035379,0.024800001
,,,0.0003538,0.024800001
,,,0.00035381,0.024800001
,,,0.00035382,0.023200001
,,,0.00035383,0.024800001
,,,0.00035384,0.024000001
,,,0.00035385,0.024000001
,,,0.00035386,0.024800001
,,,0.00035387,0.023200001
,,,0.00035388,0.025600002
,,,0.00035389,0.024000001
,,,0.0003539,0.026400002
,,,0.00035391,0.024000001
,,,0.00035392,0.023200001
,,,0.00035393,0.023200001
,,,0.00035394,0.024000001
,,,0.00035395,0.024000001
,,,0.00035396,0.024800001
,,,0.00035397,0.025600002
,,,0.00035398,0.024800001
,,,0.00035399,0.024800001
,,,0.000354,0.024000001
,,,0.00035401,0.026400002
,,,0.00035402,0.024000001
,,,0.00035403,0.023200001
,,,0.00035404,0.024800001
,,,0.00035405,0.024000001
,,,0.00035406,0.025600002
,,,0.00035407,0.023200001
,,,0.00035408,0.023200001
,,,0.00035409,0.024000001
,,,0.0003541,0.024000001
,,,0.00035411,0.024000001
,,,0.00035412,0.024000001
,,,0.00035413,0.024000001
,,,0.00035414,0.024000001
,,,0.00035415,0.022400001
,,,0.00035416,0.023200001
,,,0.00035417,0.024800001
,,,0.00035418,0.024800001
,,,0.00035419,0.024000001
,,,0.0003542,0.024800001
,,,0.00035421,0.023200001
,,,0.00035422,0.024800001
,,,0.00035423,0.024000001
,,,0.00035424,0.024000001
,,,0.00035425,0.024000001
,,,0.00035426,0.023200001
,,,0.00035427,0.022400001
,,,0.00035428,0.024000001
,,,0.00035429,0.024000001
,,,0.0003543,0.024800001
,,,0.00035431,0.025600002
,,,0.00035432,0.024800001
,,,0.00035433,0.023200001
,,,0.00035434,0.026400002
,,,0.00035435,0.024000001
,,,0.00035436,0.024000001
,,,0.00035437,0.024800001
,,,0.00035438,0.024000001
,,,0.00035439,0.025600002
,,,0.0003544,0.023200001
,,,0.00035441,0.024000001
,,,0.00035442,0.023200001
,,,0.00035443,0.024000001
,,,0.00035444,0.024000001
,,,0.00035445,0.024000001
,,,0.00035446,0.023200001
,,,0.00035447,0.023200001
,,,0.00035448,0.024000001
,,,0.00035449,0.024800001
,,,0.0003545,0.024000001
,,,0.00035451,0.023200001
,,,0.00035452,0.024000001
,,,0.00035453,0.024000001
,,,0.00035454,0.024000001
,,,0.00035455,0.024000001
,,,0.00035456,0.024000001
,,,0.00035457,0.023200001
,,,0.00035458,0.023200001
,,,0.00035459,0.024800001
,,,0.0003546,0.023200001
,,,0.00035461,0.026400002
,,,0.00035462,0.024800001
,,,0.00035463,0.023200001
,,,0.00035464,0.024000001
,,,0.00035465,0.024000001
,,,0.00035466,0.024000001
,,,0.00035467,0.024000001
,,,0.00035468,0.024000001
,,,0.00035469,0.024800001
,,,0.0003547,0.024800001
,,,0.00035471,0.024000001
,,,0.00035472,0.024800001
,,,0.00035473,0.024000001
,,,0.00035474,0.023200001
,,,0.00035475,0.023200001
,,,0.00035476,0.024000001
,,,0.00035477,0.024800001
,,,0.00035478,0.024000001
,,,0.00035479,0.025600002
,,,0.0003548,0.024800001
,,,0.00035481,0.024000001
,,,0.00035482,0.025600002
,,,0.00035483,0.024000001
,,,0.00035484,0.024000001
,,,0.00035485,0.021600001
,,,0.00035486,0.026400002
,,,0.00035487,0.024000001
,,,0.00035488,0.024000001
,,,0.00035489,0.024000001
,,,0.0003549,0.024800001
,,,0.00035491,0.024800001
,,,0.00035492,0.024800001
,,,0.00035493,0.024800001
,,,0.00035494,0.024000001
,,,0.00035495,0.024800001
,,,0.00035496,0.025600002
,,,0.00035497,0.025600002
,,,0.00035498,0.024000001
,,,0.00035499,0.024000001
,,,0.000355,0.024000001
,,,0.00035501,0.024800001
,,,0.00035502,0.024800001
,,,0.00035503,0.023200001
,,,0.00035504,0.022400001
,,,0.00035505,0.022400001
,,,0.00035506,0.024800001
,,,0.00035507,0.024800001
,,,0.00035508,0.024000001
,,,0.00035509,0.025600002
,,,0.0003551,0.023200001
,,,0.00035511,0.024000001
,,,0.00035512,0.024000001
,,,0.00035513,0.024800001
,,,0.00035514,0.024800001
,,,0.00035515,0.022400001
,,,0.00035516,0.024000001
,,,0.00035517,0.024000001
,,,0.00035518,0.024000001
,,,0.00035519,0.024000001
,,,0.0003552,0.025600002
,,,0.00035521,0.024000001
,,,0.00035522,0.025600002
,,,0.00035523,0.025600002
,,,0.00035524,0.024000001
,,,0.00035525,0.024800001
,,,0.00035526,0.024800001
,,,0.00035527,0.024000001
,,,0.00035528,0.024000001
,,,0.00035529,0.024800001
,,,0.0003553,0.024800001
,,,0.00035531,0.023200001
,,,0.00035532,0.025600002
,,,0.00035533,0.024800001
,,,0.00035534,0.024000001
,,,0.00035535,0.024000001
,,,0.00035536,0.024800001
,,,0.00035537,0.024000001
,,,0.00035538,0.024800001
,,,0.00035539,0.024000001
,,,0.0003554,0.024800001
,,,0.00035541,0.024000001
,,,0.00035542,0.024000001
,,,0.00035543,0.024800001
,,,0.00035544,0.023200001
,,,0.00035545,0.024000001
,,,0.00035546,0.024000001
,,,0.00035547,0.023200001
,,,0.00035548,0.024800001
,,,0.00035549,0.023200001
,,,0.0003555,0.024800001
,,,0.00035551,0.023200001
,,,0.00035552,0.024000001
,,,0.00035553,0.025600002
,,,0.00035554,0.024000001
,,,0.00035555,0.024000001
,,,0.00035556,0.024000001
,,,0.00035557,0.023200001
,,,0.00035558,0.024800001
,,,0.00035559,0.024000001
,,,0.0003556,0.023200001
,,,0.00035561,0.023200001
,,,0.00035562,0.023200001
,,,0.00035563,0.023200001
,,,0.00035564,0.024000001
,,,0.00035565,0.024000001
,,,0.00035566,0.026400002
,,,0.00035567,0.023200001
,,,0.00035568,0.022400001
,,,0.00035569,0.024800001
,,,0.0003557,0.024800001
,,,0.00035571,0.024000001
,,,0.00035572,0.024000001
,,,0.00035573,0.024800001
,,,0.00035574,0.024000001
,,,0.00035575,0.024800001
,,,0.00035576,0.024000001
,,,0.00035577,0.024800001
,,,0.00035578,0.024800001
,,,0.00035579,0.024000001
,,,0.0003558,0.024800001
,,,0.00035581,0.024000001
,,,0.00035582,0.024000001
,,,0.00035583,0.024000001
,,,0.00035584,0.023200001
,,,0.00035585,0.024800001
,,,0.00035586,0.023200001
,,,0.00035587,0.024000001
,,,0.00035588,0.024000001
,,,0.00035589,0.024000001
,,,0.0003559,0.024000001
,,,0.00035591,0.025600002
,,,0.00035592,0.024000001
,,,0.00035593,0.024000001
,,,0.00035594,0.024000001
,,,0.00035595,0.024000001
,,,0.00035596,0.024000001
,,,0.00035597,0.024000001
,,,0.00035598,0.024000001
,,,0.00035599,0.025600002
,,,0.000356,0.024800001
,,,0.00035601,0.023200001
,,,0.00035602,0.024000001
,,,0.00035603,0.024800001
,,,0.00035604,0.024000001
,,,0.00035605,0.024800001
,,,0.00035606,0.024000001
,,,0.00035607,0.024000001
,,,0.00035608,0.024000001
,,,0.00035609,0.024000001
,,,0.0003561,0.024000001
,,,0.00035611,0.024000001
,,,0.00035612,0.024800001
,,,0.00035613,0.024800001
,,,0.00035614,0.024000001
,,,0.00035615,0.024000001
,,,0.00035616,0.024000001
,,,0.00035617,0.024000001
,,,0.00035618,0.024000001
,,,0.00035619,0.024000001
,,,0.0003562,0.024800001
,,,0.00035621,0.024000001
,,,0.00035622,0.023200001
,,,0.00035623,0.024800001
,,,0.00035624,0.025600002
,,,0.00035625,0.024800001
,,,0.00035626,0.025600002
,,,0.00035627,0.022400001
,,,0.00035628,0.023200001
,,,0.00035629,0.024800001
,,,0.0003563,0.024800001
,,,0.00035631,0.026400002
,,,0.00035632,0.024000001
,,,0.00035633,0.024000001
,,,0.00035634,0.023200001
,,,0.00035635,0.024000001
,,,0.00035636,0.024000001
,,,0.00035637,0.025600002
,,,0.00035638,0.025600002
,,,0.00035639,0.024800001
,,,0.0003564,0.025600002
,,,0.00035641,0.024000001
,,,0.00035642,0.024800001
,,,0.00035643,0.024000001
,,,0.00035644,0.024000001
,,,0.00035645,0.022400001
,,,0.00035646,0.024000001
,,,0.00035647,0.026400002
,,,0.00035648,0.023200001
,,,0.00035649,0.023200001
,,,0.0003565,0.024000001
,,,0.00035651,0.023200001
,,,0.00035652,0.024000001
,,,0.00035653,0.024000001
,,,0.00035654,0.023200001
,,,0.00035655,0.024000001
,,,0.00035656,0.024800001
,,,0.00035657,0.023200001
,,,0.00035658,0.024000001
,,,0.00035659,0.025600002
,,,0.0003566,0.024800001
,,,0.00035661,0.025600002
,,,0.00035662,0.026400002
,,,0.00035663,0.025600002
,,,0.00035664,0.024000001
,,,0.00035665,0.024800001
,,,0.00035666,0.024800001
,,,0.00035667,0.024800001
,,,0.00035668,0.025600002
,,,0.00035669,0.023200001
,,,0.0003567,0.024000001
,,,0.00035671,0.023200001
,,,0.00035672,0.024000001
,,,0.00035673,0.024000001
,,,0.00035674,0.024000001
,,,0.00035675,0.024000001
,,,0.00035676,0.024000001
,,,0.00035677,0.024000001
,,,0.00035678,0.024000001
,,,0.00035679,0.024000001
,,,0.0003568,0.024800001
,,,0.00035681,0.022400001
,,,0.00035682,0.022400001
,,,0.00035683,0.024000001
,,,0.00035684,0.024000001
,,,0.00035685,0.024800001
,,,0.00035686,0.025600002
,,,0.00035687,0.024800001
,,,0.00035688,0.025600002
,,,0.00035689,0.026400002
,,,0.0003569,0.024000001
,,,0.00035691,0.025600002
,,,0.00035692,0.023200001
,,,0.00035693,0.023200001
,,,0.00035694,0.024000001
,,,0.00035695,0.024000001
,,,0.00035696,0.024000001
,,,0.00035697,0.024000001
,,,0.00035698,0.025600002
,,,0.00035699,0.024000001
,,,0.000357,0.023200001
,,,0.00035701,0.023200001
,,,0.00035702,0.025600002
,,,0.00035703,0.024800001
,,,0.00035704,0.024000001
,,,0.00035705,0.024800001
,,,0.00035706,0.025600002
,,,0.00035707,0.024000001
,,,0.00035708,0.022400001
,,,0.00035709,0.021600001
,,,0.0003571,0.025600002
,,,0.00035711,0.024000001
,,,0.00035712,0.024000001
,,,0.00035713,0.024000001
,,,0.00035714,0.024800001
,,,0.00035715,0.025600002
,,,0.00035716,0.024800001
,,,0.00035717,0.024000001
,,,0.00035718,0.024000001
,,,0.00035719,0.024000001
,,,0.0003572,0.023200001
,,,0.00035721,0.024000001
,,,0.00035722,0.024800001
,,,0.00035723,0.025600002
,,,0.00035724,0.023200001
,,,0.00035725,0.024000001
,,,0.00035726,0.024000001
,,,0.00035727,0.023200001
,,,0.00035728,0.023200001
,,,0.00035729,0.024800001
,,,0.0003573,0.024000001
,,,0.00035731,0.024800001
,,,0.00035732,0.024000001
,,,0.00035733,0.024000001
,,,0.00035734,0.023200001
,,,0.00035735,0.024000001
,,,0.00035736,0.022400001
,,,0.00035737,0.024000001
,,,0.00035738,0.024000001
,,,0.00035739,0.024000001
,,,0.0003574,0.024000001
,,,0.00035741,0.024000001
,,,0.00035742,0.024000001
,,,0.00035743,0.023200001
,,,0.00035744,0.024000001
,,,0.00035745,0.023200001
,,,0.00035746,0.027200002
,,,0.00035747,0.024800001
,,,0.00035748,0.023200001
,,,0.00035749,0.024800001
,,,0.0003575,0.023200001
,,,0.00035751,0.024800001
,,,0.00035752,0.024800001
,,,0.00035753,0.024000001
,,,0.00035754,0.024800001
,,,0.00035755,0.024000001
,,,0.00035756,0.022400001
,,,0.00035757,0.024000001
,,,0.00035758,0.025600002
,,,0.00035759,0.022400001
,,,0.0003576,0.024800001
,,,0.00035761,0.024800001
,,,0.00035762,0.024800001
,,,0.00035763,0.024000001
,,,0.00035764,0.025600002
,,,0.00035765,0.024000001
,,,0.00035766,0.024800001
,,,0.00035767,0.025600002
,,,0.00035768,0.024000001
,,,0.00035769,0.025600002
,,,0.0003577,0.024000001
,,,0.00035771,0.024800001
,,,0.00035772,0.025600002
,,,0.00035773,0.025600002
,,,0.00035774,0.024800001
,,,0.00035775,0.024800001
,,,0.00035776,0.023200001
,,,0.00035777,0.024000001
,,,0.00035778,0.023200001
,,,0.00035779,0.024000001
,,,0.0003578,0.023200001
,,,0.00035781,0.024000001
,,,0.00035782,0.024800001
,,,0.00035783,0.024000001
,,,0.00035784,0.023200001
,,,0.00035785,0.025600002
,,,0.00035786,0.024000001
,,,0.00035787,0.023200001
,,,0.00035788,0.024000001
,,,0.00035789,0.024000001
,,,0.0003579,0.024000001
,,,0.00035791,0.024000001
,,,0.00035792,0.024000001
,,,0.00035793,0.024800001
,,,0.00035794,0.024000001
,,,0.00035795,0.025600002
,,,0.00035796,0.024000001
,,,0.00035797,0.024000001
,,,0.00035798,0.024800001
,,,0.00035799,0.023200001
,,,0.000358,0.024000001
,,,0.00035801,0.024000001
,,,0.00035802,0.024000001
,,,0.00035803,0.025600002
,,,0.00035804,0.024800001
,,,0.00035805,0.024800001
,,,0.00035806,0.024000001
,,,0.00035807,0.024800001
,,,0.00035808,0.024800001
,,,0.00035809,0.024000001
,,,0.0003581,0.025600002
,,,0.00035811,0.023200001
,,,0.00035812,0.023200001
,,,0.00035813,0.024800001
,,,0.00035814,0.023200001
,,,0.00035815,0.024800001
,,,0.00035816,0.024000001
,,,0.00035817,0.024800001
,,,0.00035818,0.025600002
,,,0.00035819,0.024000001
,,,0.0003582,0.024800001
,,,0.00035821,0.024000001
,,,0.00035822,0.025600002
,,,0.00035823,0.026400002
,,,0.00035824,0.024800001
,,,0.00035825,0.024000001
,,,0.00035826,0.023200001
,,,0.00035827,0.024800001
,,,0.00035828,0.024800001
,,,0.00035829,0.024000001
,,,0.0003583,0.024800001
,,,0.00035831,0.024800001
,,,0.00035832,0.022400001
,,,0.00035833,0.024000001
,,,0.00035834,0.023200001
,,,0.00035835,0.024000001
,,,0.00035836,0.024000001
,,,0.00035837,0.023200001
,,,0.00035838,0.024000001
,,,0.00035839,0.024000001
,,,0.0003584,0.024800001
,,,0.00035841,0.024000001
,,,0.00035842,0.024000001
,,,0.00035843,0.024000001
,,,0.00035844,0.024000001
,,,0.00035845,0.024800001
,,,0.00035846,0.024000001
,,,0.00035847,0.025600002
,,,0.00035848,0.023200001
,,,0.00035849,0.024800001
,,,0.0003585,0.025600002
,,,0.00035851,0.022400001
,,,0.00035852,0.022400001
,,,0.00035853,0.023200001
,,,0.00035854,0.023200001
,,,0.00035855,0.024000001
,,,0.00035856,0.024000001
,,,0.00035857,0.023200001
,,,0.00035858,0.023200001
,,,0.00035859,0.024000001
,,,0.0003586,0.026400002
,,,0.00035861,0.024000001
,,,0.00035862,0.024000001
,,,0.00035863,0.024000001
,,,0.00035864,0.024800001
,,,0.00035865,0.024000001
,,,0.00035866,0.025600002
,,,0.00035867,0.024800001
,,,0.00035868,0.025600002
,,,0.00035869,0.024000001
,,,0.0003587,0.024800001
,,,0.00035871,0.024000001
,,,0.00035872,0.024000001
,,,0.00035873,0.024000001
,,,0.00035874,0.024000001
,,,0.00035875,0.024800001
,,,0.00035876,0.024000001
,,,0.00035877,0.024000001
,,,0.00035878,0.025600002
,,,0.00035879,0.024000001
,,,0.0003588,0.024000001
,,,0.00035881,0.024000001
,,,0.00035882,0.024800001
,,,0.00035883,0.024800001
,,,0.00035884,0.024800001
,,,0.00035885,0.024000001
,,,0.00035886,0.024000001
,,,0.00035887,0.024000001
,,,0.00035888,0.024800001
,,,0.00035889,0.024800001
,,,0.0003589,0.024000001
,,,0.00035891,0.024000001
,,,0.00035892,0.023200001
,,,0.00035893,0.024800001
,,,0.00035894,0.024000001
,,,0.00035895,0.024000001
,,,0.00035896,0.025600002
,,,0.00035897,0.024000001
,,,0.00035898,0.024800001
,,,0.00035899,0.024000001
,,,0.000359,0.023200001
,,,0.00035901,0.024000001
,,,0.00035902,0.025600002
,,,0.00035903,0.024800001
,,,0.00035904,0.024800001
,,,0.00035905,0.024000001
,,,0.00035906,0.024800001
,,,0.00035907,0.023200001
,,,0.00035908,0.024000001
,,,0.00035909,0.022400001
,,,0.0003591,0.024800001
,,,0.00035911,0.026400002
,,,0.00035912,0.024000001
,,,0.00035913,0.024800001
,,,0.00035914,0.025600002
,,,0.00035915,0.024800001
,,,0.00035916,0.024000001
,,,0.00035917,0.024000001
,,,0.00035918,0.024000001
,,,0.00035919,0.023200001
,,,0.0003592,0.024800001
,,,0.00035921,0.024800001
,,,0.00035922,0.024000001
,,,0.00035923,0.024800001
,,,0.00035924,0.024800001
,,,0.00035925,0.022400001
,,,0.00035926,0.024800001
,,,0.00035927,0.024000001
,,,0.00035928,0.024800001
,,,0.00035929,0.024800001
,,,0.0003593,0.024000001
,,,0.00035931,0.025600002
,,,0.00035932,0.024000001
,,,0.00035933,0.023200001
,,,0.00035934,0.023200001
,,,0.00035935,0.024000001
,,,0.00035936,0.023200001
,,,0.00035937,0.023200001
,,,0.00035938,0.025600002
,,,0.00035939,0.023200001
,,,0.0003594,0.023200001
,,,0.00035941,0.024800001
,,,0.00035942,0.024800001
,,,0.00035943,0.025600002
,,,0.00035944,0.024800001
,,,0.00035945,0.023200001
,,,0.00035946,0.024000001
,,,0.00035947,0.024000001
,,,0.00035948,0.024000001
,,,0.00035949,0.024000001
,,,0.0003595,0.024800001
,,,0.00035951,0.024800001
,,,0.00035952,0.024000001
,,,0.00035953,0.024000001
,,,0.00035954,0.022400001
,,,0.00035955,0.024800001
,,,0.00035956,0.025600002
,,,0.00035957,0.024000001
,,,0.00035958,0.024800001
,,,0.00035959,0.024000001
,,,0.0003596,0.024800001
,,,0.00035961,0.024800001
,,,0.00035962,0.025600002
,,,0.00035963,0.022400001
,,,0.00035964,0.025600002
,,,0.00035965,0.025600002
,,,0.00035966,0.024000001
,,,0.00035967,0.024800001
,,,0.00035968,0.022400001
,,,0.00035969,0.025600002
,,,0.0003597,0.024000001
,,,0.00035971,0.024000001
,,,0.00035972,0.024000001
,,,0.00035973,0.024000001
,,,0.00035974,0.024800001
,,,0.00035975,0.022400001
,,,0.00035976,0.024000001
,,,0.00035977,0.023200001
,,,0.00035978,0.023200001
,,,0.00035979,0.024800001
,,,0.0003598,0.024800001
,,,0.00035981,0.024000001
,,,0.00035982,0.024800001
,,,0.00035983,0.022400001
,,,0.00035984,0.024800001
,,,0.00035985,0.024000001
,,,0.00035986,0.024800001
,,,0.00035987,0.024800001
,,,0.00035988,0.024000001
,,,0.00035989,0.025600002
,,,0.0003599,0.024000001
,,,0.00035991,0.024000001
,,,0.00035992,0.024000001
,,,0.00035993,0.024000001
,,,0.00035994,0.024800001
,,,0.00035995,0.024800001
,,,0.00035996,0.024000001
,,,0.00035997,0.023200001
,,,0.00035998,0.024800001
,,,0.00035999,0.024000001
,,,0.00036,0.023200001
,,,0.00036001,0.024000001
,,,0.00036002,0.025600002
,,,0.00036003,0.025600002
,,,0.00036004,0.024800001
,,,0.00036005,0.024000001
,,,0.00036006,0.023200001
,,,0.00036007,0.024000001
,,,0.00036008,0.025600002
,,,0.00036009,0.023200001
,,,0.0003601,0.024800001
,,,0.00036011,0.024000001
,,,0.00036012,0.022400001
,,,0.00036013,0.024800001
,,,0.00036014,0.024000001
,,,0.00036015,0.024800001
,,,0.00036016,0.024000001
,,,0.00036017,0.024000001
,,,0.00036018,0.024000001
,,,0.00036019,0.025600002
,,,0.0003602,0.024800001
,,,0.00036021,0.024000001
,,,0.00036022,0.024800001
,,,0.00036023,0.024000001
,,,0.00036024,0.024800001
,,,0.00036025,0.023200001
,,,0.00036026,0.024800001
,,,0.00036027,0.024800001
,,,0.00036028,0.024800001
,,,0.00036029,0.024000001
,,,0.0003603,0.024000001
,,,0.00036031,0.024000001
,,,0.00036032,0.024000001
,,,0.00036033,0.023200001
,,,0.00036034,0.024000001
,,,0.00036035,0.025600002
,,,0.00036036,0.023200001
,,,0.00036037,0.024000001
,,,0.00036038,0.023200001
,,,0.00036039,0.024800001
,,,0.0003604,0.024800001
,,,0.00036041,0.024800001
,,,0.00036042,0.024000001
,,,0.00036043,0.023200001
,,,0.00036044,0.024000001
,,,0.00036045,0.024000001
,,,0.00036046,0.024000001
,,,0.00036047,0.024000001
,,,0.00036048,0.024000001
,,,0.00036049,0.024000001
,,,0.0003605,0.024000001
,,,0.00036051,0.024000001
,,,0.00036052,0.024800001
,,,0.00036053,0.024000001
,,,0.00036054,0.024000001
,,,0.00036055,0.024000001
,,,0.00036056,0.023200001
,,,0.00036057,0.024000001
,,,0.00036058,0.024800001
,,,0.00036059,0.024800001
,,,0.0003606,0.024000001
,,,0.00036061,0.024000001
,,,0.00036062,0.024000001
,,,0.00036063,0.024800001
,,,0.00036064,0.024800001
,,,0.00036065,0.024800001
,,,0.00036066,0.024800001
,,,0.00036067,0.024800001
,,,0.00036068,0.024000001
,,,0.00036069,0.023200001
,,,0.0003607,0.024800001
,,,0.00036071,0.024800001
,,,0.00036072,0.024000001
,,,0.00036073,0.024000001
,,,0.00036074,0.023200001
,,,0.00036075,0.022400001
,,,0.00036076,0.025600002
,,,0.00036077,0.024000001
,,,0.00036078,0.025600002
,,,0.00036079,0.024000001
,,,0.0003608,0.024000001
,,,0.00036081,0.025600002
,,,0.00036082,0.024000001
,,,0.00036083,0.025600002
,,,0.00036084,0.024800001
,,,0.00036085,0.024000001
,,,0.00036086,0.023200001
,,,0.00036087,0.024000001
,,,0.00036088,0.025600002
,,,0.00036089,0.023200001
,,,0.0003609,0.025600002
,,,0.00036091,0.024800001
,,,0.00036092,0.025600002
,,,0.00036093,0.025600002
,,,0.00036094,0.025600002
,,,0.00036095,0.024000001
,,,0.00036096,0.024000001
,,,0.00036097,0.024000001
,,,0.00036098,0.024800001
,,,0.00036099,0.024000001
,,,0.000361,0.024800001
,,,0.00036101,0.023200001
,,,0.00036102,0.024000001
,,,0.00036103,0.024800001
,,,0.00036104,0.025600002
,,,0.00036105,0.024000001
,,,0.00036106,0.024000001
,,,0.00036107,0.024800001
,,,0.00036108,0.024000001
,,,0.00036109,0.024800001
,,,0.0003611,0.024000001
,,,0.00036111,0.024000001
,,,0.00036112,0.024800001
,,,0.00036113,0.025600002
,,,0.00036114,0.025600002
,,,0.00036115,0.024000001
,,,0.00036116,0.024000001
,,,0.00036117,0.024000001
,,,0.00036118,0.024000001
,,,0.00036119,0.024000001
,,,0.0003612,0.023200001
,,,0.00036121,0.024800001
,,,0.00036122,0.024000001
,,,0.00036123,0.023200001
,,,0.00036124,0.024000001
,,,0.00036125,0.023200001
,,,0.00036126,0.024000001
,,,0.00036127,0.024000001
,,,0.00036128,0.024000001
,,,0.00036129,0.024000001
,,,0.0003613,0.024000001
,,,0.00036131,0.024000001
,,,0.00036132,0.025600002
,,,0.00036133,0.023200001
,,,0.00036134,0.024000001
,,,0.00036135,0.024800001
,,,0.00036136,0.023200001
,,,0.00036137,0.023200001
,,,0.00036138,0.023200001
,,,0.00036139,0.024800001
,,,0.0003614,0.024000001
,,,0.00036141,0.023200001
,,,0.00036142,0.023200001
,,,0.00036143,0.024800001
,,,0.00036144,0.024000001
,,,0.00036145,0.024800001
,,,0.00036146,0.024000001
,,,0.00036147,0.024000001
,,,0.00036148,0.024000001
,,,0.00036149,0.023200001
,,,0.0003615,0.024800001
,,,0.00036151,0.024000001
,,,0.00036152,0.024000001
,,,0.00036153,0.024000001
,,,0.00036154,0.024000001
,,,0.00036155,0.024000001
,,,0.00036156,0.024000001
,,,0.00036157,0.024000001
,,,0.00036158,0.024800001
,,,0.00036159,0.024800001
,,,0.0003616,0.023200001
,,,0.00036161,0.022400001
,,,0.00036162,0.024800001
,,,0.00036163,0.024800001
,,,0.00036164,0.024800001
,,,0.00036165,0.025600002
,,,0.00036166,0.024800001
,,,0.00036167,0.023200001
,,,0.00036168,0.024800001
,,,0.00036169,0.023200001
,,,0.0003617,0.024000001
,,,0.00036171,0.024000001
,,,0.00036172,0.024000001
,,,0.00036173,0.024000001
,,,0.00036174,0.023200001
,,,0.00036175,0.025600002
,,,0.00036176,0.024800001
,,,0.00036177,0.024000001
,,,0.00036178,0.023200001
,,,0.00036179,0.023200001
,,,0.0003618,0.023200001
,,,0.00036181,0.024000001
,,,0.00036182,0.024000001
,,,0.00036183,0.024800001
,,,0.00036184,0.025600002
,,,0.00036185,0.024800001
,,,0.00036186,0.025600002
,,,0.00036187,0.024800001
,,,0.00036188,0.024800001
,,,0.00036189,0.024000001
,,,0.0003619,0.024000001
,,,0.00036191,0.023200001
,,,0.00036192,0.022400001
,,,0.00036193,0.025600002
,,,0.00036194,0.023200001
,,,0.00036195,0.024000001
,,,0.00036196,0.024000001
,,,0.00036197,0.024000001
,,,0.00036198,0.024000001
,,,0.00036199,0.024800001
,,,0.000362,0.024000001
,,,0.00036201,0.025600002
,,,0.00036202,0.024000001
,,,0.00036203,0.025600002
,,,0.00036204,0.024800001
,,,0.00036205,0.025600002
,,,0.00036206,0.024000001
,,,0.00036207,0.024000001
,,,0.00036208,0.024000001
,,,0.00036209,0.023200001
,,,0.0003621,0.023200001
,,,0.00036211,0.024800001
,,,0.00036212,0.024000001
,,,0.00036213,0.024000001
,,,0.00036214,0.024000001
,,,0.00036215,0.024000001
,,,0.00036216,0.024800001
,,,0.00036217,0.024800001
,,,0.00036218,0.024800001
,,,0.00036219,0.023200001
,,,0.0003622,0.024000001
,,,0.00036221,0.024000001
,,,0.00036222,0.025600002
,,,0.00036223,0.025600002
,,,0.00036224,0.024000001
,,,0.00036225,0.024000001
,,,0.00036226,0.024800001
,,,0.00036227,0.024000001
,,,0.00036228,0.025600002
,,,0.00036229,0.024000001
,,,0.0003623,0.024000001
,,,0.00036231,0.025600002
,,,0.00036232,0.024800001
,,,0.00036233,0.023200001
,,,0.00036234,0.026400002
,,,0.00036235,0.024000001
,,,0.00036236,0.023200001
,,,0.00036237,0.025600002
,,,0.00036238,0.024000001
,,,0.00036239,0.023200001
,,,0.0003624,0.022400001
,,,0.00036241,0.024800001
,,,0.00036242,0.024800001
,,,0.00036243,0.024000001
,,,0.00036244,0.024000001
,,,0.00036245,0.024000001
,,,0.00036246,0.024000001
,,,0.00036247,0.024800001
,,,0.00036248,0.024800001
,,,0.00036249,0.024000001
,,,0.0003625,0.025600002
,,,0.00036251,0.023200001
,,,0.00036252,0.023200001
,,,0.00036253,0.024800001
,,,0.00036254,0.024000001
,,,0.00036255,0.024800001
,,,0.00036256,0.024800001
,,,0.00036257,0.024800001
,,,0.00036258,0.025600002
,,,0.00036259,0.024000001
,,,0.0003626,0.023200001
,,,0.00036261,0.024000001
,,,0.00036262,0.024000001
,,,0.00036263,0.024800001
,,,0.00036264,0.024800001
,,,0.00036265,0.025600002
,,,0.00036266,0.024000001
,,,0.00036267,0.024800001
,,,0.00036268,0.024000001
,,,0.00036269,0.024000001
,,,0.0003627,0.023200001
,,,0.00036271,0.024800001
,,,0.00036272,0.024800001
,,,0.00036273,0.023200001
,,,0.00036274,0.024000001
,,,0.00036275,0.025600002
,,,0.00036276,0.023200001
,,,0.00036277,0.023200001
,,,0.00036278,0.024800001
,,,0.00036279,0.024000001
,,,0.0003628,0.024000001
,,,0.00036281,0.024800001
,,,0.00036282,0.024800001
,,,0.00036283,0.024800001
,,,0.00036284,0.024000001
,,,0.00036285,0.022400001
,,,0.00036286,0.024000001
,,,0.00036287,0.024800001
,,,0.00036288,0.023200001
,,,0.00036289,0.024000001
,,,0.0003629,0.024000001
,,,0.00036291,0.024800001
,,,0.00036292,0.024000001
,,,0.00036293,0.024000001
,,,0.00036294,0.023200001
,,,0.00036295,0.023200001
,,,0.00036296,0.025600002
,,,0.00036297,0.024000001
,,,0.00036298,0.024000001
,,,0.00036299,0.023200001
,,,0.000363,0.024000001
,,,0.00036301,0.025600002
,,,0.00036302,0.024000001
,,,0.00036303,0.024800001
,,,0.00036304,0.025600002
,,,0.00036305,0.025600002
,,,0.00036306,0.024000001
,,,0.00036307,0.024000001
,,,0.00036308,0.025600002
,,,0.00036309,0.023200001
,,,0.0003631,0.022400001
,,,0.00036311,0.024000001
,,,0.00036312,0.024800001
,,,0.00036313,0.024800001
,,,0.00036314,0.024000001
,,,0.00036315,0.025600002
,,,0.00036316,0.024000001
,,,0.00036317,0.024000001
,,,0.00036318,0.024800001
,,,0.00036319,0.024000001
,,,0.0003632,0.024000001
,,,0.00036321,0.024800001
,,,0.00036322,0.024000001
,,,0.00036323,0.025600002
,,,0.00036324,0.025600002
,,,0.00036325,0.024800001
,,,0.00036326,0.025600002
,,,0.00036327,0.024000001
,,,0.00036328,0.024000001
,,,0.00036329,0.025600002
,,,0.0003633,0.024000001
,,,0.00036331,0.023200001
,,,0.00036332,0.024800001
,,,0.00036333,0.025600002
,,,0.00036334,0.025600002
,,,0.00036335,0.024000001
,,,0.00036336,0.024000001
,,,0.00036337,0.023200001
,,,0.00036338,0.024000001
,,,0.00036339,0.024000001
,,,0.0003634,0.025600002
,,,0.00036341,0.024000001
,,,0.00036342,0.025600002
,,,0.00036343,0.024000001
,,,0.00036344,0.023200001
,,,0.00036345,0.023200001
,,,0.00036346,0.024000001
,,,0.00036347,0.023200001
,,,0.00036348,0.024800001
,,,0.00036349,0.024000001
,,,0.0003635,0.025600002
,,,0.00036351,0.025600002
,,,0.00036352,0.025600002
,,,0.00036353,0.024000001
,,,0.00036354,0.025600002
,,,0.00036355,0.023200001
,,,0.00036356,0.024800001
,,,0.00036357,0.024000001
,,,0.00036358,0.025600002
,,,0.00036359,0.024000001
,,,0.0003636,0.024800001
,,,0.00036361,0.024800001
,,,0.00036362,0.025600002
,,,0.00036363,0.024000001
,,,0.00036364,0.024000001
,,,0.00036365,0.024000001
,,,0.00036366,0.024800001
,,,0.00036367,0.025600002
,,,0.00036368,0.024800001
,,,0.00036369,0.025600002
,,,0.0003637,0.024000001
,,,0.00036371,0.024000001
,,,0.00036372,0.024800001
,,,0.00036373,0.024000001
,,,0.00036374,0.024000001
,,,0.00036375,0.025600002
,,,0.00036376,0.024800001
,,,0.00036377,0.024800001
,,,0.00036378,0.024000001
,,,0.00036379,0.024000001
,,,0.0003638,0.023200001
,,,0.00036381,0.024800001
,,,0.00036382,0.027200002
,,,0.00036383,0.026400002
,,,0.00036384,0.024000001
,,,0.00036385,0.024000001
,,,0.00036386,0.024000001
,,,0.00036387,0.024000001
,,,0.00036388,0.025600002
,,,0.00036389,0.024000001
,,,0.0003639,0.024800001
,,,0.00036391,0.024000001
,,,0.00036392,0.025600002
,,,0.00036393,0.024000001
,,,0.00036394,0.024800001
,,,0.00036395,0.023200001
,,,0.00036396,0.022400001
,,,0.00036397,0.024000001
,,,0.00036398,0.023200001
,,,0.00036399,0.024000001
,,,0.000364,0.025600002
,,,0.00036401,0.024000001
,,,0.00036402,0.025600002
,,,0.00036403,0.023200001
,,,0.00036404,0.025600002
,,,0.00036405,0.024000001
,,,0.00036406,0.024800001
,,,0.00036407,0.024000001
,,,0.00036408,0.023200001
,,,0.00036409,0.024000001
,,,0.0003641,0.021600001
,,,0.00036411,0.024800001
,,,0.00036412,0.024000001
,,,0.00036413,0.023200001
,,,0.00036414,0.027200002
,,,0.00036415,0.024000001
,,,0.00036416,0.024800001
,,,0.00036417,0.024000001
,,,0.00036418,0.024000001
,,,0.00036419,0.024000001
,,,0.0003642,0.024800001
,,,0.00036421,0.024000001
,,,0.00036422,0.025600002
,,,0.00036423,0.026400002
,,,0.00036424,0.025600002
,,,0.00036425,0.024800001
,,,0.00036426,0.024000001
,,,0.00036427,0.024000001
,,,0.00036428,0.023200001
,,,0.00036429,0.023200001
,,,0.0003643,0.025600002
,,,0.00036431,0.024000001
,,,0.00036432,0.024000001
,,,0.00036433,0.024800001
,,,0.00036434,0.024800001
,,,0.00036435,0.024800001
,,,0.00036436,0.024000001
,,,0.00036437,0.024800001
,,,0.00036438,0.023200001
,,,0.00036439,0.024800001
,,,0.0003644,0.024000001
,,,0.00036441,0.024000001
,,,0.00036442,0.024800001
,,,0.00036443,0.024800001
,,,0.00036444,0.024000001
,,,0.00036445,0.024000001
,,,0.00036446,0.024000001
,,,0.00036447,0.024800001
,,,0.00036448,0.024000001
,,,0.00036449,0.023200001
,,,0.0003645,0.024000001
,,,0.00036451,0.024000001
,,,0.00036452,0.024000001
,,,0.00036453,0.024000001
,,,0.00036454,0.024800001
,,,0.00036455,0.023200001
,,,0.00036456,0.023200001
,,,0.00036457,0.025600002
,,,0.00036458,0.024000001
,,,0.00036459,0.023200001
,,,0.0003646,0.024000001
,,,0.00036461,0.024000001
,,,0.00036462,0.023200001
,,,0.00036463,0.023200001
,,,0.00036464,0.024000001
,,,0.00036465,0.024800001
,,,0.00036466,0.024800001
,,,0.00036467,0.024000001
,,,0.00036468,0.023200001
,,,0.00036469,0.022400001
,,,0.0003647,0.024000001
,,,0.00036471,0.022400001
,,,0.00036472,0.024800001
,,,0.00036473,0.023200001
,,,0.00036474,0.024000001
,,,0.00036475,0.023200001
,,,0.00036476,0.023200001
,,,0.00036477,0.024000001
,,,0.00036478,0.024000001
,,,0.00036479,0.023200001
,,,0.0003648,0.024000001
,,,0.00036481,0.024000001
,,,0.00036482,0.022400001
,,,0.00036483,0.025600002
,,,0.00036484,0.024000001
,,,0.00036485,0.024000001
,,,0.00036486,0.024000001
,,,0.00036487,0.024000001
,,,0.00036488,0.024000001
,,,0.00036489,0.025600002
,,,0.0003649,0.024800001
,,,0.00036491,0.024000001
,,,0.00036492,0.024000001
,,,0.00036493,0.024000001
,,,0.00036494,0.024000001
,,,0.00036495,0.024800001
,,,0.00036496,0.024800001
,,,0.00036497,0.024000001
,,,0.00036498,0.024000001
,,,0.00036499,0.023200001
,,,0.000365,0.024000001
,,,0.00036501,0.024800001
,,,0.00036502,0.024800001
,,,0.00036503,0.025600002
,,,0.00036504,0.025600002
,,,0.00036505,0.023200001
,,,0.00036506,0.024000001
,,,0.00036507,0.024800001
,,,0.00036508,0.024000001
,,,0.00036509,0.024800001
,,,0.0003651,0.024800001
,,,0.00036511,0.024800001
,,,0.00036512,0.025600002
,,,0.00036513,0.025600002
,,,0.00036514,0.024800001
,,,0.00036515,0.024000001
,,,0.00036516,0.025600002
,,,0.00036517,0.024800001
,,,0.00036518,0.026400002
,,,0.00036519,0.024000001
,,,0.0003652,0.024000001
,,,0.00036521,0.024800001
,,,0.00036522,0.027200002
,,,0.00036523,0.024800001
,,,0.00036524,0.026400002
,,,0.00036525,0.024000001
,,,0.00036526,0.024000001
,,,0.00036527,0.024000001
,,,0.00036528,0.024000001
,,,0.00036529,0.025600002
,,,0.0003653,0.023200001
,,,0.00036531,0.024000001
,,,0.00036532,0.024000001
,,,0.00036533,0.023200001
,,,0.00036534,0.024000001
,,,0.00036535,0.024800001
,,,0.00036536,0.024000001
,,,0.00036537,0.024000001
,,,0.00036538,0.025600002
,,,0.00036539,0.024800001
,,,0.0003654,0.024800001
,,,0.00036541,0.024000001
,,,0.00036542,0.024000001
,,,0.00036543,0.024000001
,,,0.00036544,0.024000001
,,,0.00036545,0.024000001
,,,0.00036546,0.024800001
,,,0.00036547,0.024000001
,,,0.00036548,0.025600002
,,,0.00036549,0.023200001
,,,0.0003655,0.022400001
,,,0.00036551,0.022400001
,,,0.00036552,0.023200001
,,,0.00036553,0.024000001
,,,0.00036554,0.024000001
,,,0.00036555,0.024000001
,,,0.00036556,0.023200001
,,,0.00036557,0.023200001
,,,0.00036558,0.022400001
,,,0.00036559,0.025600002
,,,0.0003656,0.024800001
,,,0.00036561,0.024000001
,,,0.00036562,0.024000001
,,,0.00036563,0.024000001
,,,0.00036564,0.024000001
,,,0.00036565,0.024000001
,,,0.00036566,0.024000001
,,,0.00036567,0.024000001
,,,0.00036568,0.024000001
,,,0.00036569,0.024000001
,,,0.0003657,0.023200001
,,,0.00036571,0.024000001
,,,0.00036572,0.024800001
,,,0.00036573,0.024000001
,,,0.00036574,0.023200001
,,,0.00036575,0.025600002
,,,0.00036576,0.024000001
,,,0.00036577,0.024000001
,,,0.00036578,0.024000001
,,,0.00036579,0.024000001
,,,0.0003658,0.024800001
,,,0.00036581,0.025600002
,,,0.00036582,0.024000001
,,,0.00036583,0.025600002
,,,0.00036584,0.024800001
,,,0.00036585,0.024000001
,,,0.00036586,0.024000001
,,,0.00036587,0.024000001
,,,0.00036588,0.024000001
,,,0.00036589,0.025600002
,,,0.0003659,0.025600002
,,,0.00036591,0.025600002
,,,0.00036592,0.024800001
,,,0.00036593,0.024800001
,,,0.00036594,0.024000001
,,,0.00036595,0.024800001
,,,0.00036596,0.024000001
,,,0.00036597,0.023200001
,,,0.00036598,0.024000001
,,,0.00036599,0.025600002
,,,0.000366,0.024000001
,,,0.00036601,0.023200001
,,,0.00036602,0.024800001
,,,0.00036603,0.023200001
,,,0.00036604,0.024800001
,,,0.00036605,0.023200001
,,,0.00036606,0.024000001
,,,0.00036607,0.024800001
,,,0.00036608,0.025600002
,,,0.00036609,0.023200001
,,,0.0003661,0.024000001
,,,0.00036611,0.026400002
,,,0.00036612,0.024800001
,,,0.00036613,0.026400002
,,,0.00036614,0.025600002
,,,0.00036615,0.024800001
,,,0.00036616,0.024000001
,,,0.00036617,0.024000001
,,,0.00036618,0.024800001
,,,0.00036619,0.024800001
,,,0.0003662,0.024800001
,,,0.00036621,0.024000001
,,,0.00036622,0.023200001
,,,0.00036623,0.024800001
,,,0.00036624,0.024000001
,,,0.00036625,0.024000001
,,,0.00036626,0.022400001
,,,0.00036627,0.024000001
,,,0.00036628,0.023200001
,,,0.00036629,0.025600002
,,,0.0003663,0.024000001
,,,0.00036631,0.024000001
,,,0.00036632,0.023200001
,,,0.00036633,0.024000001
,,,0.00036634,0.025600002
,,,0.00036635,0.024800001
,,,0.00036636,0.024000001
,,,0.00036637,0.024800001
,,,0.00036638,0.026400002
,,,0.00036639,0.024000001
,,,0.0003664,0.023200001
,,,0.00036641,0.024000001
,,,0.00036642,0.024800001
,,,0.00036643,0.024000001
,,,0.00036644,0.024800001
,,,0.00036645,0.024000001
,,,0.00036646,0.024800001
,,,0.00036647,0.024000001
,,,0.00036648,0.024000001
,,,0.00036649,0.024000001
,,,0.0003665,0.024800001
,,,0.00036651,0.024000001
,,,0.00036652,0.024000001
,,,0.00036653,0.024000001
,,,0.00036654,0.024800001
,,,0.00036655,0.024000001
,,,0.00036656,0.024800001
,,,0.00036657,0.024000001
,,,0.00036658,0.024000001
,,,0.00036659,0.023200001
,,,0.0003666,0.022400001
,,,0.00036661,0.023200001
,,,0.00036662,0.024000001
,,,0.00036663,0.025600002
,,,0.00036664,0.024000001
,,,0.00036665,0.024800001
,,,0.00036666,0.024000001
,,,0.00036667,0.024800001
,,,0.00036668,0.024000001
,,,0.00036669,0.024800001
,,,0.0003667,0.026400002
,,,0.00036671,0.024000001
,,,0.00036672,0.025600002
,,,0.00036673,0.024800001
,,,0.00036674,0.024000001
,,,0.00036675,0.024000001
,,,0.00036676,0.024000001
,,,0.00036677,0.024000001
,,,0.00036678,0.025600002
,,,0.00036679,0.024000001
,,,0.0003668,0.024000001
,,,0.00036681,0.024000001
,,,0.00036682,0.023200001
,,,0.00036683,0.024000001
,,,0.00036684,0.024000001
,,,0.00036685,0.024800001
,,,0.00036686,0.024000001
,,,0.00036687,0.025600002
,,,0.00036688,0.023200001
,,,0.00036689,0.024000001
,,,0.0003669,0.024000001
,,,0.00036691,0.025600002
,,,0.00036692,0.024000001
,,,0.00036693,0.024800001
,,,0.00036694,0.024000001
,,,0.00036695,0.024800001
,,,0.00036696,0.024000001
,,,0.00036697,0.024800001
,,,0.00036698,0.024800001
,,,0.00036699,0.024000001
,,,0.000367,0.023200001
,,,0.00036701,0.024800001
,,,0.00036702,0.024800001
,,,0.00036703,0.024800001
,,,0.00036704,0.024000001
,,,0.00036705,0.024800001
,,,0.00036706,0.024000001
,,,0.00036707,0.024000001
,,,0.00036708,0.024000001
,,,0.00036709,0.025600002
,,,0.0003671,0.024800001
,,,0.00036711,0.025600002
,,,0.00036712,0.023200001
,,,0.00036713,0.023200001
,,,0.00036714,0.024000001
,,,0.00036715,0.023200001
,,,0.00036716,0.024000001
,,,0.00036717,0.024800001
,,,0.00036718,0.024000001
,,,0.00036719,0.023200001
,,,0.0003672,0.024000001
,,,0.00036721,0.026400002
,,,0.00036722,0.024800001
,,,0.00036723,0.024000001
,,,0.00036724,0.024000001
,,,0.00036725,0.022400001
,,,0.00036726,0.024000001
,,,0.00036727,0.024800001
,,,0.00036728,0.024800001
,,,0.00036729,0.024000001
,,,0.0003673,0.023200001
,,,0.00036731,0.024800001
,,,0.00036732,0.024000001
,,,0.00036733,0.023200001
,,,0.00036734,0.025600002
,,,0.00036735,0.024000001
,,,0.00036736,0.024000001
,,,0.00036737,0.022400001
,,,0.00036738,0.023200001
,,,0.00036739,0.023200001
,,,0.0003674,0.024800001
,,,0.00036741,0.023200001
,,,0.00036742,0.024800001
,,,0.00036743,0.024800001
,,,0.00036744,0.024000001
,,,0.00036745,0.025600002
,,,0.00036746,0.025600002
,,,0.00036747,0.024000001
,,,0.00036748,0.024800001
,,,0.00036749,0.024000001
,,,0.0003675,0.024800001
,,,0.00036751,0.024000001
,,,0.00036752,0.024800001
,,,0.00036753,0.024000001
,,,0.00036754,0.024800001
,,,0.00036755,0.024000001
,,,0.00036756,0.024800001
,,,0.00036757,0.023200001
,,,0.00036758,0.024800001
,,,0.00036759,0.024000001
,,,0.0003676,0.024000001
,,,0.00036761,0.024000001
,,,0.00036762,0.024000001
,,,0.00036763,0.024800001
,,,0.00036764,0.024000001
,,,0.00036765,0.024000001
,,,0.00036766,0.024000001
,,,0.00036767,0.024000001
,,,0.00036768,0.025600002
,,,0.00036769,0.025600002
,,,0.0003677,0.024000001
,,,0.00036771,0.024000001
,,,0.00036772,0.024000001
,,,0.00036773,0.024000001
,,,0.00036774,0.024000001
,,,0.00036775,0.024800001
,,,0.00036776,0.024800001
,,,0.00036777,0.023200001
,,,0.00036778,0.024000001
,,,0.00036779,0.023200001
,,,0.0003678,0.024800001
,,,0.00036781,0.024800001
,,,0.00036782,0.024800001
,,,0.00036783,0.023200001
,,,0.00036784,0.024000001
,,,0.00036785,0.024000001
,,,0.00036786,0.024000001
,,,0.00036787,0.024000001
,,,0.00036788,0.022400001
,,,0.00036789,0.024000001
,,,0.0003679,0.025600002
,,,0.00036791,0.023200001
,,,0.00036792,0.024800001
,,,0.00036793,0.024800001
,,,0.00036794,0.023200001
,,,0.00036795,0.022400001
,,,0.00036796,0.024000001
,,,0.00036797,0.024800001
,,,0.00036798,0.024000001
,,,0.00036799,0.024000001
,,,0.000368,0.024800001
,,,0.00036801,0.024000001
,,,0.00036802,0.025600002
,,,0.00036803,0.024000001
,,,0.00036804,0.024800001
,,,0.00036805,0.024800001
,,,0.00036806,0.024800001
,,,0.00036807,0.024000001
,,,0.00036808,0.023200001
,,,0.00036809,0.024800001
,,,0.0003681,0.023200001
,,,0.00036811,0.024800001
,,,0.00036812,0.026400002
,,,0.00036813,0.024800001
,,,0.00036814,0.024800001
,,,0.00036815,0.023200001
,,,0.00036816,0.024000001
,,,0.00036817,0.025600002
,,,0.00036818,0.024800001
,,,0.00036819,0.024000001
,,,0.0003682,0.025600002
,,,0.00036821,0.024800001
,,,0.00036822,0.025600002
,,,0.00036823,0.024000001
,,,0.00036824,0.024800001
,,,0.00036825,0.024000001
,,,0.00036826,0.025600002
,,,0.00036827,0.024800001
,,,0.00036828,0.022400001
,,,0.00036829,0.024000001
,,,0.0003683,0.023200001
,,,0.00036831,0.023200001
,,,0.00036832,0.024000001
,,,0.00036833,0.024000001
,,,0.00036834,0.022400001
,,,0.00036835,0.024000001
,,,0.00036836,0.024800001
,,,0.00036837,0.026400002
,,,0.00036838,0.024000001
,,,0.00036839,0.024000001
,,,0.0003684,0.023200001
,,,0.00036841,0.024000001
,,,0.00036842,0.023200001
,,,0.00036843,0.024800001
,,,0.00036844,0.024800001
,,,0.00036845,0.021600001
,,,0.00036846,0.024000001
,,,0.00036847,0.024000001
,,,0.00036848,0.024000001
,,,0.00036849,0.024000001
,,,0.0003685,0.024000001
,,,0.00036851,0.022400001
,,,0.00036852,0.024800001
,,,0.00036853,0.024800001
,,,0.00036854,0.024000001
,,,0.00036855,0.024800001
,,,0.00036856,0.023200001
,,,0.00036857,0.023200001
,,,0.00036858,0.024800001
,,,0.00036859,0.024000001
,,,0.0003686,0.024000001
,,,0.00036861,0.024000001
,,,0.00036862,0.024000001
,,,0.00036863,0.024000001
,,,0.00036864,0.024000001
,,,0.00036865,0.022400001
,,,0.00036866,0.026400002
,,,0.00036867,0.025600002
,,,0.00036868,0.024000001
,,,0.00036869,0.024000001
,,,0.0003687,0.023200001
,,,0.00036871,0.023200001
,,,0.00036872,0.024000001
,,,0.00036873,0.024800001
,,,0.00036874,0.024800001
,,,0.00036875,0.024000001
,,,0.00036876,0.022400001
,,,0.00036877,0.024000001
,,,0.00036878,0.024000001
,,,0.00036879,0.024000001
,,,0.0003688,0.024800001
,,,0.00036881,0.023200001
,,,0.00036882,0.024000001
,,,0.00036883,0.024000001
,,,0.00036884,0.023200001
,,,0.00036885,0.024800001
,,,0.00036886,0.024800001
,,,0.00036887,0.024800001
,,,0.00036888,0.024000001
,,,0.00036889,0.024000001
,,,0.0003689,0.026400002
,,,0.00036891,0.024000001
,,,0.00036892,0.024000001
,,,0.00036893,0.023200001
,,,0.00036894,0.024000001
,,,0.00036895,0.023200001
,,,0.00036896,0.024000001
,,,0.00036897,0.024000001
,,,0.00036898,0.024000001
,,,0.00036899,0.024000001
,,,0.000369,0.023200001
,,,0.00036901,0.024000001
,,,0.00036902,0.024800001
,,,0.00036903,0.024000001
,,,0.00036904,0.024800001
,,,0.00036905,0.025600002
,,,0.00036906,0.025600002
,,,0.00036907,0.023200001
,,,0.00036908,0.024000001
,,,0.00036909,0.023200001
,,,0.0003691,0.024000001
,,,0.00036911,0.024800001
,,,0.00036912,0.025600002
,,,0.00036913,0.023200001
,,,0.00036914,0.024000001
,,,0.00036915,0.023200001
,,,0.00036916,0.024800001
,,,0.00036917,0.024000001
,,,0.00036918,0.024000001
,,,0.00036919,0.022400001
,,,0.0003692,0.024800001
,,,0.00036921,0.023200001
,,,0.00036922,0.024000001
,,,0.00036923,0.024000001
,,,0.00036924,0.022400001
,,,0.00036925,0.023200001
,,,0.00036926,0.023200001
,,,0.00036927,0.024000001
,,,0.00036928,0.023200001
,,,0.00036929,0.024000001
,,,0.0003693,0.024000001
,,,0.00036931,0.024000001
,,,0.00036932,0.023200001
,,,0.00036933,0.024000001
,,,0.00036934,0.023200001
,,,0.00036935,0.024000001
,,,0.00036936,0.024800001
,,,0.00036937,0.024000001
,,,0.00036938,0.024000001
,,,0.00036939,0.024800001
,,,0.0003694,0.024000001
,,,0.00036941,0.024800001
,,,0.00036942,0.022400001
,,,0.00036943,0.026400002
,,,0.00036944,0.024000001
,,,0.00036945,0.024800001
,,,0.00036946,0.023200001
,,,0.00036947,0.024800001
,,,0.00036948,0.024000001
,,,0.00036949,0.025600002
,,,0.0003695,0.024000001
,,,0.00036951,0.024800001
,,,0.00036952,0.023200001
,,,0.00036953,0.024000001
,,,0.00036954,0.024000001
,,,0.00036955,0.026400002
,,,0.00036956,0.024800001
,,,0.00036957,0.023200001
,,,0.00036958,0.022400001
,,,0.00036959,0.024800001
,,,0.0003696,0.025600002
,,,0.00036961,0.024800001
,,,0.00036962,0.024000001
,,,0.00036963,0.023200001
,,,0.00036964,0.025600002
,,,0.00036965,0.024800001
,,,0.00036966,0.024800001
,,,0.00036967,0.024000001
,,,0.00036968,0.026400002
,,,0.00036969,0.024000001
,,,0.0003697,0.023200001
,,,0.00036971,0.024800001
,,,0.00036972,0.025600002
,,,0.00036973,0.024000001
,,,0.00036974,0.024800001
,,,0.00036975,0.024800001
,,,0.00036976,0.024800001
,,,0.00036977,0.024000001
,,,0.00036978,0.024000001
,,,0.00036979,0.024000001
,,,0.0003698,0.025600002
,,,0.00036981,0.024000001
,,,0.00036982,0.024800001
,,,0.00036983,0.024000001
,,,0.00036984,0.024000001
,,,0.00036985,0.025600002
,,,0.00036986,0.023200001
,,,0.00036987,0.024000001
,,,0.00036988,0.025600002
,,,0.00036989,0.024000001
,,,0.0003699,0.024000001
,,,0.00036991,0.024000001
,,,0.00036992,0.024800001
,,,0.00036993,0.024000001
,,,0.00036994,0.025600002
,,,0.00036995,0.023200001
,,,0.00036996,0.024000001
,,,0.00036997,0.024000001
,,,0.00036998,0.024000001
,,,0.00036999,0.024000001
,,,0.00037,0.025600002
,,,0.00037001,0.024800001
,,,0.00037002,0.024800001
,,,0.00037003,0.024000001
,,,0.00037004,0.023200001
,,,0.00037005,0.025600002
,,,0.00037006,0.024000001
,,,0.00037007,0.024000001
,,,0.00037008,0.023200001
,,,0.00037009,0.024800001
,,,0.0003701,0.023200001
,,,0.00037011,0.023200001
,,,0.00037012,0.024000001
,,,0.00037013,0.024000001
,,,0.00037014,0.023200001
,,,0.00037015,0.024000001
,,,0.00037016,0.023200001
,,,0.00037017,0.024000001
,,,0.00037018,0.024000001
,,,0.00037019,0.024000001
,,,0.0003702,0.022400001
,,,0.00037021,0.024000001
,,,0.00037022,0.024000001
,,,0.00037023,0.025600002
,,,0.00037024,0.024800001
,,,0.00037025,0.025600002
,,,0.00037026,0.023200001
,,,0.00037027,0.024800001
,,,0.00037028,0.024000001
,,,0.00037029,0.024000001
,,,0.0003703,0.024000001
,,,0.00037031,0.023200001
,,,0.00037032,0.024800001
,,,0.00037033,0.025600002
,,,0.00037034,0.024000001
,,,0.00037035,0.024000001
,,,0.00037036,0.024000001
,,,0.00037037,0.024000001
,,,0.00037038,0.024000001
,,,0.00037039,0.024000001
,,,0.0003704,0.024800001
,,,0.00037041,0.024000001
,,,0.00037042,0.024000001
,,,0.00037043,0.024000001
,,,0.00037044,0.024800001
,,,0.00037045,0.024000001
,,,0.00037046,0.026400002
,,,0.00037047,0.024000001
,,,0.00037048,0.024800001
,,,0.00037049,0.024000001
,,,0.0003705,0.024800001
,,,0.00037051,0.024000001
,,,0.00037052,0.024000001
,,,0.00037053,0.023200001
,,,0.00037054,0.024000001
,,,0.00037055,0.024000001
,,,0.00037056,0.024000001
,,,0.00037057,0.024000001
,,,0.00037058,0.024000001
,,,0.00037059,0.024800001
,,,0.0003706,0.025600002
,,,0.00037061,0.024000001
,,,0.00037062,0.024800001
,,,0.00037063,0.022400001
,,,0.00037064,0.024000001
,,,0.00037065,0.023200001
,,,0.00037066,0.024000001
,,,0.00037067,0.024000001
,,,0.00037068,0.024800001
,,,0.00037069,0.022400001
,,,0.0003707,0.024000001
,,,0.00037071,0.024000001
,,,0.00037072,0.025600002
,,,0.00037073,0.024800001
,,,0.00037074,0.024000001
,,,0.00037075,0.025600002
,,,0.00037076,0.024000001
,,,0.00037077,0.023200001
,,,0.00037078,0.024000001
,,,0.00037079,0.023200001
,,,0.0003708,0.023200001
,,,0.00037081,0.024800001
,,,0.00037082,0.024800001
,,,0.00037083,0.026400002
,,,0.00037084,0.023200001
,,,0.00037085,0.024000001
,,,0.00037086,0.023200001
,,,0.00037087,0.023200001
,,,0.00037088,0.024000001
,,,0.00037089,0.024000001
,,,0.0003709,0.024800001
,,,0.00037091,0.023200001
,,,0.00037092,0.024000001
,,,0.00037093,0.024000001
,,,0.00037094,0.026400002
,,,0.00037095,0.025600002
,,,0.00037096,0.024000001
,,,0.00037097,0.024800001
,,,0.00037098,0.024000001
,,,0.00037099,0.024000001
,,,0.000371,0.023200001
,,,0.00037101,0.026400002
,,,0.00037102,0.025600002
,,,0.00037103,0.024800001
,,,0.00037104,0.024000001
,,,0.00037105,0.024000001
,,,0.00037106,0.026400002
,,,0.00037107,0.023200001
,,,0.00037108,0.023200001
,,,0.00037109,0.023200001
,,,0.0003711,0.025600002
,,,0.00037111,0.023200001
,,,0.00037112,0.024000001
,,,0.00037113,0.024000001
,,,0.00037114,0.024800001
,,,0.00037115,0.024800001
,,,0.00037116,0.024800001
,,,0.00037117,0.024000001
,,,0.00037118,0.024800001
,,,0.00037119,0.024800001
,,,0.0003712,0.021600001
,,,0.00037121,0.026400002
,,,0.00037122,0.024000001
,,,0.00037123,0.024000001
,,,0.00037124,0.024000001
,,,0.00037125,0.025600002
,,,0.00037126,0.024000001
,,,0.00037127,0.024800001
,,,0.00037128,0.023200001
,,,0.00037129,0.023200001
,,,0.0003713,0.023200001
,,,0.00037131,0.023200001
,,,0.00037132,0.025600002
,,,0.00037133,0.024800001
,,,0.00037134,0.024000001
,,,0.00037135,0.023200001
,,,0.00037136,0.024800001
,,,0.00037137,0.024000001
,,,0.00037138,0.024000001
,,,0.00037139,0.024000001
,,,0.0003714,0.024800001
,,,0.00037141,0.024000001
,,,0.00037142,0.025600002
,,,0.00037143,0.023200001
,,,0.00037144,0.024800001
,,,0.00037145,0.024000001
,,,0.00037146,0.024800001
,,,0.00037147,0.024000001
,,,0.00037148,0.024000001
,,,0.00037149,0.024000001
,,,0.0003715,0.024000001
,,,0.00037151,0.024000001
,,,0.00037152,0.024800001
,,,0.00037153,0.023200001
,,,0.00037154,0.024000001
,,,0.00037155,0.024000001
,,,0.00037156,0.025600002
,,,0.00037157,0.024800001
,,,0.00037158,0.024000001
,,,0.00037159,0.024000001
,,,0.0003716,0.024000001
,,,0.00037161,0.024800001
,,,0.00037162,0.024000001
,,,0.00037163,0.023200001
,,,0.00037164,0.023200001
,,,0.00037165,0.023200001
,,,0.00037166,0.024000001
,,,0.00037167,0.024000001
,,,0.00037168,0.024000001
,,,0.00037169,0.024000001
,,,0.0003717,0.023200001
,,,0.00037171,0.023200001
,,,0.00037172,0.023200001
,,,0.00037173,0.024000001
,,,0.00037174,0.024800001
,,,0.00037175,0.025600002
,,,0.00037176,0.024000001
,,,0.00037177,0.024000001
,,,0.00037178,0.024000001
,,,0.00037179,0.022400001
,,,0.0003718,0.024800001
,,,0.00037181,0.024000001
,,,0.00037182,0.024000001
,,,0.00037183,0.024800001
,,,0.00037184,0.024800001
,,,0.00037185,0.025600002
,,,0.00037186,0.023200001
,,,0.00037187,0.024000001
,,,0.00037188,0.024800001
,,,0.00037189,0.024800001
,,,0.0003719,0.024800001
,,,0.00037191,0.024800001
,,,0.00037192,0.024000001
,,,0.00037193,0.024000001
,,,0.00037194,0.024000001
,,,0.00037195,0.024800001
,,,0.00037196,0.024000001
,,,0.00037197,0.024800001
,,,0.00037198,0.024000001
,,,0.00037199,0.023200001
,,,0.000372,0.024800001
,,,0.00037201,0.023200001
,,,0.00037202,0.024800001
,,,0.00037203,0.024800001
,,,0.00037204,0.024000001
,,,0.00037205,0.024000001
,,,0.00037206,0.024000001
,,,0.00037207,0.024800001
,,,0.00037208,0.024800001
,,,0.00037209,0.024000001
,,,0.0003721,0.024800001
,,,0.00037211,0.023200001
,,,0.00037212,0.024800001
,,,0.00037213,0.022400001
,,,0.00037214,0.024000001
,,,0.00037215,0.024800001
,,,0.00037216,0.025600002
,,,0.00037217,0.024800001
,,,0.00037218,0.024800001
,,,0.00037219,0.025600002
,,,0.0003722,0.025600002
,,,0.00037221,0.023200001
,,,0.00037222,0.025600002
,,,0.00037223,0.024000001
,,,0.00037224,0.024000001
,,,0.00037225,0.026400002
,,,0.00037226,0.026400002
,,,0.00037227,0.024800001
,,,0.00037228,0.025600002
,,,0.00037229,0.024000001
,,,0.0003723,0.022400001
,,,0.00037231,0.024000001
,,,0.00037232,0.024000001
,,,0.00037233,0.024000001
,,,0.00037234,0.024800001
,,,0.00037235,0.023200001
,,,0.00037236,0.023200001
,,,0.00037237,0.024000001
,,,0.00037238,0.024800001
,,,0.00037239,0.025600002
,,,0.0003724,0.023200001
,,,0.00037241,0.023200001
,,,0.00037242,0.023200001
,,,0.00037243,0.024000001
,,,0.00037244,0.024000001
,,,0.00037245,0.024800001
,,,0.00037246,0.022400001
,,,0.00037247,0.024000001
,,,0.00037248,0.024000001
,,,0.00037249,0.024000001
,,,0.0003725,0.026400002
,,,0.00037251,0.022400001
,,,0.00037252,0.024000001
,,,0.00037253,0.024800001
,,,0.00037254,0.024000001
,,,0.00037255,0.024000001
,,,0.00037256,0.024000001
,,,0.00037257,0.024000001
,,,0.00037258,0.022400001
,,,0.00037259,0.024000001
,,,0.0003726,0.023200001
,,,0.00037261,0.023200001
,,,0.00037262,0.024000001
,,,0.00037263,0.023200001
,,,0.00037264,0.024000001
,,,0.00037265,0.023200001
,,,0.00037266,0.024000001
,,,0.00037267,0.024000001
,,,0.00037268,0.024000001
,,,0.00037269,0.024000001
,,,0.0003727,0.024800001
,,,0.00037271,0.023200001
,,,0.00037272,0.024800001
,,,0.00037273,0.024000001
,,,0.00037274,0.024000001
,,,0.00037275,0.023200001
,,,0.00037276,0.022400001
,,,0.00037277,0.024800001
,,,0.00037278,0.023200001
,,,0.00037279,0.024000001
,,,0.0003728,0.023200001
,,,0.00037281,0.024800001
,,,0.00037282,0.024800001
,,,0.00037283,0.024000001
,,,0.00037284,0.023200001
,,,0.00037285,0.024800001
,,,0.00037286,0.024000001
,,,0.00037287,0.024000001
,,,0.00037288,0.025600002
,,,0.00037289,0.025600002
,,,0.0003729,0.024000001
,,,0.00037291,0.024000001
,,,0.00037292,0.024800001
,,,0.00037293,0.024800001
,,,0.00037294,0.024800001
,,,0.00037295,0.023200001
,,,0.00037296,0.022400001
,,,0.00037297,0.024000001
,,,0.00037298,0.024000001
,,,0.00037299,0.022400001
,,,0.000373,0.024800001
,,,0.00037301,0.024000001
,,,0.00037302,0.024000001
,,,0.00037303,0.024000001
,,,0.00037304,0.024000001
,,,0.00037305,0.023200001
,,,0.00037306,0.024000001
,,,0.00037307,0.024000001
,,,0.00037308,0.024000001
,,,0.00037309,0.023200001
,,,0.0003731,0.022400001
,,,0.00037311,0.024000001
,,,0.00037312,0.024000001
,,,0.00037313,0.024000001
,,,0.00037314,0.024800001
,,,0.00037315,0.025600002
,,,0.00037316,0.024800001
,,,0.00037317,0.025600002
,,,0.00037318,0.025600002
,,,0.00037319,0.024000001
,,,0.0003732,0.024000001
,,,0.00037321,0.024000001
,,,0.00037322,0.024000001
,,,0.00037323,0.024800001
,,,0.00037324,0.024000001
,,,0.00037325,0.026400002
,,,0.00037326,0.024000001
,,,0.00037327,0.024800001
,,,0.00037328,0.024800001
,,,0.00037329,0.024000001
,,,0.0003733,0.025600002
,,,0.00037331,0.024000001
,,,0.00037332,0.024000001
,,,0.00037333,0.024800001
,,,0.00037334,0.022400001
,,,0.00037335,0.024000001
,,,0.00037336,0.024800001
,,,0.00037337,0.024000001
,,,0.00037338,0.024000001
,,,0.00037339,0.025600002
,,,0.0003734,0.023200001
,,,0.00037341,0.024000001
,,,0.00037342,0.025600002
,,,0.00037343,0.024000001
,,,0.00037344,0.024000001
,,,0.00037345,0.024800001
,,,0.00037346,0.024000001
,,,0.00037347,0.024000001
,,,0.00037348,0.024800001
,,,0.00037349,0.023200001
,,,0.0003735,0.024000001
,,,0.00037351,0.024800001
,,,0.00037352,0.023200001
,,,0.00037353,0.023200001
,,,0.00037354,0.024000001
,,,0.00037355,0.024000001
,,,0.00037356,0.024800001
,,,0.00037357,0.024000001
,,,0.00037358,0.025600002
,,,0.00037359,0.023200001
,,,0.0003736,0.024000001
,,,0.00037361,0.024000001
,,,0.00037362,0.024800001
,,,0.00037363,0.023200001
,,,0.00037364,0.024800001
,,,0.00037365,0.025600002
,,,0.00037366,0.024000001
,,,0.00037367,0.024800001
,,,0.00037368,0.024800001
,,,0.00037369,0.025600002
,,,0.0003737,0.024000001
,,,0.00037371,0.024000001
,,,0.00037372,0.024800001
,,,0.00037373,0.025600002
,,,0.00037374,0.024800001
,,,0.00037375,0.024800001
,,,0.00037376,0.025600002
,,,0.00037377,0.025600002
,,,0.00037378,0.023200001
,,,0.00037379,0.024000001
,,,0.0003738,0.024000001
,,,0.00037381,0.025600002
,,,0.00037382,0.025600002
,,,0.00037383,0.024000001
,,,0.00037384,0.025600002
,,,0.00037385,0.024000001
,,,0.00037386,0.024000001
,,,0.00037387,0.022400001
,,,0.00037388,0.024800001
,,,0.00037389,0.025600002
,,,0.0003739,0.024800001
,,,0.00037391,0.024000001
,,,0.00037392,0.024000001
,,,0.00037393,0.023200001
,,,0.00037394,0.021600001
,,,0.00037395,0.024000001
,,,0.00037396,0.026400002
,,,0.00037397,0.024000001
,,,0.00037398,0.024800001
,,,0.00037399,0.023200001
,,,0.000374,0.024000001
,,,0.00037401,0.024800001
,,,0.00037402,0.025600002
,,,0.00037403,0.024800001
,,,0.00037404,0.025600002
,,,0.00037405,0.023200001
,,,0.00037406,0.024000001
,,,0.00037407,0.024000001
,,,0.00037408,0.025600002
,,,0.00037409,0.024000001
,,,0.0003741,0.024800001
,,,0.00037411,0.023200001
,,,0.00037412,0.024800001
,,,0.00037413,0.024000001
,,,0.00037414,0.023200001
,,,0.00037415,0.024000001
,,,0.00037416,0.024800001
,,,0.00037417,0.023200001
,,,0.00037418,0.024800001
,,,0.00037419,0.023200001
,,,0.0003742,0.024800001
,,,0.00037421,0.024000001
,,,0.00037422,0.023200001
,,,0.00037423,0.025600002
,,,0.00037424,0.024000001
,,,0.00037425,0.024000001
,,,0.00037426,0.023200001
,,,0.00037427,0.024800001
,,,0.00037428,0.024000001
,,,0.00037429,0.024000001
,,,0.0003743,0.025600002
,,,0.00037431,0.024000001
,,,0.00037432,0.024000001
,,,0.00037433,0.024800001
,,,0.00037434,0.026400002
,,,0.00037435,0.023200001
,,,0.00037436,0.025600002
,,,0.00037437,0.024000001
,,,0.00037438,0.024000001
,,,0.00037439,0.023200001
,,,0.0003744,0.023200001
,,,0.00037441,0.023200001
,,,0.00037442,0.024000001
,,,0.00037443,0.024000001
,,,0.00037444,0.024000001
,,,0.00037445,0.024000001
,,,0.00037446,0.024000001
,,,0.00037447,0.024000001
,,,0.00037448,0.024000001
,,,0.00037449,0.023200001
,,,0.0003745,0.024000001
,,,0.00037451,0.023200001
,,,0.00037452,0.024000001
,,,0.00037453,0.024000001
,,,0.00037454,0.024800001
,,,0.00037455,0.024000001
,,,0.00037456,0.023200001
,,,0.00037457,0.024000001
,,,0.00037458,0.022400001
,,,0.00037459,0.024800001
,,,0.0003746,0.024000001
,,,0.00037461,0.024800001
,,,0.00037462,0.024000001
,,,0.00037463,0.026400002
,,,0.00037464,0.024800001
,,,0.00037465,0.024000001
,,,0.00037466,0.024800001
,,,0.00037467,0.026400002
,,,0.00037468,0.024000001
,,,0.00037469,0.024000001
,,,0.0003747,0.024800001
,,,0.00037471,0.024800001
,,,0.00037472,0.024000001
,,,0.00037473,0.024000001
,,,0.00037474,0.024000001
,,,0.00037475,0.024000001
,,,0.00037476,0.022400001
,,,0.00037477,0.022400001
,,,0.00037478,0.022400001
,,,0.00037479,0.024800001
,,,0.0003748,0.025600002
,,,0.00037481,0.024800001
,,,0.00037482,0.024800001
,,,0.00037483,0.023200001
,,,0.00037484,0.024800001
,,,0.00037485,0.023200001
,,,0.00037486,0.024800001
,,,0.00037487,0.023200001
,,,0.00037488,0.025600002
,,,0.00037489,0.024800001
,,,0.0003749,0.022400001
,,,0.00037491,0.023200001
,,,0.00037492,0.023200001
,,,0.00037493,0.024000001
,,,0.00037494,0.024000001
,,,0.00037495,0.025600002
,,,0.00037496,0.024800001
,,,0.00037497,0.024000001
,,,0.00037498,0.024000001
,,,0.00037499,0.023200001
,,,0.000375,0.024000001
,,,0.00037501,0.024000001
,,,0.00037502,0.024800001
,,,0.00037503,0.023200001
,,,0.00037504,0.024800001
,,,0.00037505,0.023200001
,,,0.00037506,0.024000001
,,,0.00037507,0.025600002
,,,0.00037508,0.024800001
,,,0.00037509,0.024800001
,,,0.0003751,0.023200001
,,,0.00037511,0.024000001
,,,0.00037512,0.024800001
,,,0.00037513,0.023200001
,,,0.00037514,0.023200001
,,,0.00037515,0.024800001
,,,0.00037516,0.024000001
,,,0.00037517,0.024000001
,,,0.00037518,0.024000001
,,,0.00037519,0.024800001
,,,0.0003752,0.024000001
,,,0.00037521,0.024800001
,,,0.00037522,0.024800001
,,,0.00037523,0.024000001
,,,0.00037524,0.024800001
,,,0.00037525,0.023200001
,,,0.00037526,0.024000001
,,,0.00037527,0.024800001
,,,0.00037528,0.024000001
,,,0.00037529,0.025600002
,,,0.0003753,0.024000001
,,,0.00037531,0.023200001
,,,0.00037532,0.024000001
,,,0.00037533,0.024000001
,,,0.00037534,0.023200001
,,,0.00037535,0.024800001
,,,0.00037536,0.024800001
,,,0.00037537,0.024000001
,,,0.00037538,0.024000001
,,,0.00037539,0.024000001
,,,0.0003754,0.025600002
,,,0.00037541,0.024000001
,,,0.00037542,0.023200001
,,,0.00037543,0.023200001
,,,0.00037544,0.024000001
,,,0.00037545,0.024800001
,,,0.00037546,0.024000001
,,,0.00037547,0.024000001
,,,0.00037548,0.024000001
,,,0.00037549,0.023200001
,,,0.0003755,0.024000001
,,,0.00037551,0.023200001
,,,0.00037552,0.024000001
,,,0.00037553,0.023200001
,,,0.00037554,0.024000001
,,,0.00037555,0.025600002
,,,0.00037556,0.024800001
,,,0.00037557,0.025600002
,,,0.00037558,0.024800001
,,,0.00037559,0.023200001
,,,0.0003756,0.023200001
,,,0.00037561,0.024800001
,,,0.00037562,0.024800001
,,,0.00037563,0.024800001
,,,0.00037564,0.025600002
,,,0.00037565,0.024000001
,,,0.00037566,0.024800001
,,,0.00037567,0.023200001
,,,0.00037568,0.024800001
,,,0.00037569,0.024800001
,,,0.0003757,0.024000001
,,,0.00037571,0.025600002
,,,0.00037572,0.024000001
,,,0.00037573,0.024000001
,,,0.00037574,0.024000001
,,,0.00037575,0.024000001
,,,0.00037576,0.024800001
,,,0.00037577,0.023200001
,,,0.00037578,0.024800001
,,,0.00037579,0.023200001
,,,0.0003758,0.024000001
,,,0.00037581,0.024000001
,,,0.00037582,0.024000001
,,,0.00037583,0.024000001
,,,0.00037584,0.024000001
,,,0.00037585,0.024000001
,,,0.00037586,0.024000001
,,,0.00037587,0.025600002
,,,0.00037588,0.024000001
,,,0.00037589,0.023200001
,,,0.0003759,0.022400001
,,,0.00037591,0.024800001
,,,0.00037592,0.024800001
,,,0.00037593,0.024000001
,,,0.00037594,0.023200001
,,,0.00037595,0.024000001
,,,0.00037596,0.024000001
,,,0.00037597,0.023200001
,,,0.00037598,0.024800001
,,,0.00037599,0.023200001
,,,0.000376,0.024800001
,,,0.00037601,0.024800001
,,,0.00037602,0.024000001
,,,0.00037603,0.024000001
,,,0.00037604,0.024000001
,,,0.00037605,0.025600002
,,,0.00037606,0.024000001
,,,0.00037607,0.024000001
,,,0.00037608,0.025600002
,,,0.00037609,0.025600002
,,,0.0003761,0.024800001
,,,0.00037611,0.023200001
,,,0.00037612,0.024000001
,,,0.00037613,0.024000001
,,,0.00037614,0.024000001
,,,0.00037615,0.024000001
,,,0.00037616,0.023200001
,,,0.00037617,0.023200001
,,,0.00037618,0.024800001
,,,0.00037619,0.024000001
,,,0.0003762,0.024000001
,,,0.00037621,0.024000001
,,,0.00037622,0.024800001
,,,0.00037623,0.024000001
,,,0.00037624,0.024800001
,,,0.00037625,0.024800001
,,,0.00037626,0.024000001
,,,0.00037627,0.024000001
,,,0.00037628,0.024800001
,,,0.00037629,0.024000001
,,,0.0003763,0.025600002
,,,0.00037631,0.024800001
,,,0.00037632,0.024000001
,,,0.00037633,0.024800001
,,,0.00037634,0.024000001
,,,0.00037635,0.022400001
,,,0.00037636,0.024800001
,,,0.00037637,0.024000001
,,,0.00037638,0.024800001
,,,0.00037639,0.024000001
,,,0.0003764,0.024800001
,,,0.00037641,0.024000001
,,,0.00037642,0.024000001
,,,0.00037643,0.024000001
,,,0.00037644,0.024800001
,,,0.00037645,0.024800001
,,,0.00037646,0.026400002
,,,0.00037647,0.024800001
,,,0.00037648,0.024800001
,,,0.00037649,0.024000001
,,,0.0003765,0.024000001
,,,0.00037651,0.022400001
,,,0.00037652,0.024000001
,,,0.00037653,0.023200001
,,,0.00037654,0.023200001
,,,0.00037655,0.023200001
,,,0.00037656,0.023200001
,,,0.00037657,0.024000001
,,,0.00037658,0.024000001
,,,0.00037659,0.024000001
,,,0.0003766,0.025600002
,,,0.00037661,0.022400001
,,,0.00037662,0.024000001
,,,0.00037663,0.023200001
,,,0.00037664,0.023200001
,,,0.00037665,0.025600002
,,,0.00037666,0.024000001
,,,0.00037667,0.023200001
,,,0.00037668,0.024000001
,,,0.00037669,0.024000001
,,,0.0003767,0.024800001
,,,0.00037671,0.024800001
,,,0.00037672,0.024000001
,,,0.00037673,0.024800001
,,,0.00037674,0.024800001
,,,0.00037675,0.024800001
,,,0.00037676,0.024000001
,,,0.00037677,0.024800001
,,,0.00037678,0.024800001
,,,0.00037679,0.025600002
,,,0.0003768,0.024000001
,,,0.00037681,0.023200001
,,,0.00037682,0.024800001
,,,0.00037683,0.024000001
,,,0.00037684,0.026400002
,,,0.00037685,0.024000001
,,,0.00037686,0.024800001
,,,0.00037687,0.024800001
,,,0.00037688,0.023200001
,,,0.00037689,0.025600002
,,,0.0003769,0.024000001
,,,0.00037691,0.024000001
,,,0.00037692,0.024000001
,,,0.00037693,0.023200001
,,,0.00037694,0.024800001
,,,0.00037695,0.024000001
,,,0.00037696,0.023200001
,,,0.00037697,0.024000001
,,,0.00037698,0.024000001
,,,0.00037699,0.024800001
,,,0.000377,0.025600002
,,,0.00037701,0.024000001
,,,0.00037702,0.026400002
,,,0.00037703,0.024800001
,,,0.00037704,0.024800001
,,,0.00037705,0.025600002
,,,0.00037706,0.024000001
,,,0.00037707,0.024000001
,,,0.00037708,0.024800001
,,,0.00037709,0.024800001
,,,0.0003771,0.024000001
,,,0.00037711,0.024000001
,,,0.00037712,0.024800001
,,,0.00037713,0.024000001
,,,0.00037714,0.024800001
,,,0.00037715,0.024800001
,,,0.00037716,0.024000001
,,,0.00037717,0.024000001
,,,0.00037718,0.024000001
,,,0.00037719,0.024000001
,,,0.0003772,0.025600002
,,,0.00037721,0.024000001
,,,0.00037722,0.024800001
,,,0.00037723,0.022400001
,,,0.00037724,0.024800001
,,,0.00037725,0.024000001
,,,0.00037726,0.024800001
,,,0.00037727,0.023200001
,,,0.00037728,0.023200001
,,,0.00037729,0.024000001
,,,0.0003773,0.024000001
,,,0.00037731,0.024000001
,,,0.00037732,0.024000001
,,,0.00037733,0.024000001
,,,0.00037734,0.024800001
,,,0.00037735,0.024000001
,,,0.00037736,0.023200001
,,,0.00037737,0.025600002
,,,0.00037738,0.024000001
,,,0.00037739,0.024000001
,,,0.0003774,0.024000001
,,,0.00037741,0.024800001
,,,0.00037742,0.024000001
,,,0.00037743,0.024000001
,,,0.00037744,0.025600002
,,,0.00037745,0.024800001
,,,0.00037746,0.025600002
,,,0.00037747,0.023200001
,,,0.00037748,0.024800001
,,,0.00037749,0.023200001
,,,0.0003775,0.024000001
,,,0.00037751,0.024000001
,,,0.00037752,0.024000001
,,,0.00037753,0.024000001
,,,0.00037754,0.023200001
,,,0.00037755,0.024800001
,,,0.00037756,0.024000001
,,,0.00037757,0.025600002
,,,0.00037758,0.023200001
,,,0.00037759,0.024000001
,,,0.0003776,0.024800001
,,,0.00037761,0.024800001
,,,0.00037762,0.025600002
,,,0.00037763,0.024800001
,,,0.00037764,0.023200001
,,,0.00037765,0.024000001
,,,0.00037766,0.024000001
,,,0.00037767,0.024800001
,,,0.00037768,0.024000001
,,,0.00037769,0.023200001
,,,0.0003777,0.024000001
,,,0.00037771,0.024000001
,,,0.00037772,0.024800001
,,,0.00037773,0.024000001
,,,0.00037774,0.024000001
,,,0.00037775,0.024800001
,,,0.00037776,0.024000001
,,,0.00037777,0.024000001
,,,0.00037778,0.024000001
,,,0.00037779,0.024800001
,,,0.0003778,0.024000001
,,,0.00037781,0.024000001
,,,0.00037782,0.024000001
,,,0.00037783,0.024000001
,,,0.00037784,0.024800001
,,,0.00037785,0.024000001
,,,0.00037786,0.024000001
,,,0.00037787,0.024800001
,,,0.00037788,0.025600002
,,,0.00037789,0.024800001
,,,0.0003779,0.026400002
,,,0.00037791,0.024800001
,,,0.00037792,0.024800001
,,,0.00037793,0.024000001
,,,0.00037794,0.024800001
,,,0.00037795,0.024000001
,,,0.00037796,0.024000001
,,,0.00037797,0.023200001
,,,0.00037798,0.024000001
,,,0.00037799,0.024000001
,,,0.000378,0.023200001
,,,0.00037801,0.024800001
,,,0.00037802,0.024000001
,,,0.00037803,0.024000001
,,,0.00037804,0.023200001
,,,0.00037805,0.024800001
,,,0.00037806,0.025600002
,,,0.00037807,0.024000001
,,,0.00037808,0.024800001
,,,0.00037809,0.024000001
,,,0.0003781,0.025600002
,,,0.00037811,0.024000001
,,,0.00037812,0.025600002
,,,0.00037813,0.022400001
,,,0.00037814,0.025600002
,,,0.00037815,0.025600002
,,,0.00037816,0.024000001
,,,0.00037817,0.024000001
,,,0.00037818,0.024800001
,,,0.00037819,0.024000001
,,,0.0003782,0.024000001
,,,0.00037821,0.024000001
,,,0.00037822,0.024000001
,,,0.00037823,0.024000001
,,,0.00037824,0.023200001
,,,0.00037825,0.023200001
,,,0.00037826,0.024800001
,,,0.00037827,0.023200001
,,,0.00037828,0.024000001
,,,0.00037829,0.024800001
,,,0.0003783,0.025600002
,,,0.00037831,0.024000001
,,,0.00037832,0.025600002
,,,0.00037833,0.024000001
,,,0.00037834,0.025600002
,,,0.00037835,0.024800001
,,,0.00037836,0.024800001
,,,0.00037837,0.024800001
,,,0.00037838,0.024800001
,,,0.00037839,0.021600001
,,,0.0003784,0.023200001
,,,0.00037841,0.024800001
,,,0.00037842,0.024800001
,,,0.00037843,0.024000001
,,,0.00037844,0.024000001
,,,0.00037845,0.025600002
,,,0.00037846,0.024000001
,,,0.00037847,0.024800001
,,,0.00037848,0.024000001
,,,0.00037849,0.024000001
,,,0.0003785,0.024000001
,,,0.00037851,0.023200001
,,,0.00037852,0.024000001
,,,0.00037853,0.024000001
,,,0.00037854,0.023200001
,,,0.00037855,0.024800001
,,,0.00037856,0.024800001
,,,0.00037857,0.024000001
,,,0.00037858,0.024000001
,,,0.00037859,0.024000001
,,,0.0003786,0.024800001
,,,0.00037861,0.024000001
,,,0.00037862,0.024800001
,,,0.00037863,0.024000001
,,,0.00037864,0.022400001
,,,0.00037865,0.024000001
,,,0.00037866,0.025600002
,,,0.00037867,0.023200001
,,,0.00037868,0.025600002
,,,0.00037869,0.024800001
,,,0.0003787,0.024800001
,,,0.00037871,0.024000001
,,,0.00037872,0.024000001
,,,0.00037873,0.024000001
,,,0.00037874,0.024800001
,,,0.00037875,0.024000001
,,,0.00037876,0.024000001
,,,0.00037877,0.024800001
,,,0.00037878,0.024000001
,,,0.00037879,0.026400002
,,,0.0003788,0.024000001
,,,0.00037881,0.024000001
,,,0.00037882,0.024800001
,,,0.00037883,0.026400002
,,,0.00037884,0.024000001
,,,0.00037885,0.024000001
,,,0.00037886,0.024800001
,,,0.00037887,0.024000001
,,,0.00037888,0.024000001
,,,0.00037889,0.024800001
,,,0.0003789,0.024000001
,,,0.00037891,0.024800001
,,,0.00037892,0.024800001
,,,0.00037893,0.023200001
,,,0.00037894,0.024000001
,,,0.00037895,0.024000001
,,,0.00037896,0.023200001
,,,0.00037897,0.024000001
,,,0.00037898,0.024800001
,,,0.00037899,0.024000001
,,,0.000379,0.025600002
,,,0.00037901,0.023200001
,,,0.00037902,0.024800001
,,,0.00037903,0.024000001
,,,0.00037904,0.024000001
,,,0.00037905,0.023200001
,,,0.00037906,0.021600001
,,,0.00037907,0.025600002
,,,0.00037908,0.023200001
,,,0.00037909,0.024000001
,,,0.0003791,0.024800001
,,,0.00037911,0.024000001
,,,0.00037912,0.024000001
,,,0.00037913,0.024000001
,,,0.00037914,0.024000001
,,,0.00037915,0.025600002
,,,0.00037916,0.024800001
,,,0.00037917,0.023200001
,,,0.00037918,0.024000001
,,,0.00037919,0.024000001
,,,0.0003792,0.024800001
,,,0.00037921,0.024000001
,,,0.00037922,0.024000001
,,,0.00037923,0.024000001
,,,0.00037924,0.024000001
,,,0.00037925,0.024000001
,,,0.00037926,0.024800001
,,,0.00037927,0.024000001
,,,0.00037928,0.024000001
,,,0.00037929,0.024000001
,,,0.0003793,0.025600002
,,,0.00037931,0.024000001
,,,0.00037932,0.025600002
,,,0.00037933,0.024800001
,,,0.00037934,0.024000001
,,,0.00037935,0.023200001
,,,0.00037936,0.024000001
,,,0.00037937,0.024000001
,,,0.00037938,0.024000001
,,,0.00037939,0.023200001
,,,0.0003794,0.023200001
,,,0.00037941,0.024000001
,,,0.00037942,0.024000001
,,,0.00037943,0.023200001
,,,0.00037944,0.021600001
,,,0.00037945,0.024000001
,,,0.00037946,0.023200001
,,,0.00037947,0.024000001
,,,0.00037948,0.024000001
,,,0.00037949,0.024000001
,,,0.0003795,0.025600002
,,,0.00037951,0.023200001
,,,0.00037952,0.024000001
,,,0.00037953,0.024000001
,,,0.00037954,0.023200001
,,,0.00037955,0.024000001
,,,0.00037956,0.024000001
,,,0.00037957,0.024000001
,,,0.00037958,0.024800001
,,,0.00037959,0.024800001
,,,0.0003796,0.024000001
,,,0.00037961,0.024800001
,,,0.00037962,0.025600002
,,,0.00037963,0.024000001
,,,0.00037964,0.024800001
,,,0.00037965,0.024800001
,,,0.00037966,0.024000001
,,,0.00037967,0.024000001
,,,0.00037968,0.024000001
,,,0.00037969,0.023200001
,,,0.0003797,0.024800001
,,,0.00037971,0.024000001
,,,0.00037972,0.024000001
,,,0.00037973,0.023200001
,,,0.00037974,0.023200001
,,,0.00037975,0.024000001
,,,0.00037976,0.024800001
,,,0.00037977,0.024800001
,,,0.00037978,0.022400001
,,,0.00037979,0.023200001
,,,0.0003798,0.023200001
,,,0.00037981,0.024000001
,,,0.00037982,0.022400001
,,,0.00037983,0.024800001
,,,0.00037984,0.024800001
,,,0.00037985,0.024800001
,,,0.00037986,0.023200001
,,,0.00037987,0.024800001
,,,0.00037988,0.024800001
,,,0.00037989,0.024000001
,,,0.0003799,0.024000001
,,,0.00037991,0.024000001
,,,0.00037992,0.024000001
,,,0.00037993,0.024800001
,,,0.00037994,0.024000001
,,,0.00037995,0.025600002
,,,0.00037996,0.024000001
,,,0.00037997,0.024000001
,,,0.00037998,0.025600002
,,,0.00037999,0.024800001
,,,0.00038,0.024000001
,,,0.00038001,0.024800001
,,,0.00038002,0.024800001
,,,0.00038003,0.024000001
,,,0.00038004,0.024000001
,,,0.00038005,0.024000001
,,,0.00038006,0.024000001
,,,0.00038007,0.024000001
,,,0.00038008,0.024800001
,,,0.00038009,0.023200001
,,,0.0003801,0.024000001
,,,0.00038011,0.023200001
,,,0.00038012,0.023200001
,,,0.00038013,0.024000001
,,,0.00038014,0.024800001
,,,0.00038015,0.023200001
,,,0.00038016,0.023200001
,,,0.00038017,0.024800001
,,,0.00038018,0.025600002
,,,0.00038019,0.024000001
,,,0.0003802,0.024000001
,,,0.00038021,0.024000001
,,,0.00038022,0.024000001
,,,0.00038023,0.024000001
,,,0.00038024,0.024800001
,,,0.00038025,0.024000001
,,,0.00038026,0.024000001
,,,0.00038027,0.023200001
,,,0.00038028,0.024000001
,,,0.00038029,0.024800001
,,,0.0003803,0.024800001
,,,0.00038031,0.024000001
,,,0.00038032,0.024000001
,,,0.00038033,0.024000001
,,,0.00038034,0.024000001
,,,0.00038035,0.024000001
,,,0.00038036,0.024800001
,,,0.00038037,0.024000001
,,,0.00038038,0.024000001
,,,0.00038039,0.027200002
,,,0.0003804,0.024800001
,,,0.00038041,0.024800001
,,,0.00038042,0.023200001
,,,0.00038043,0.023200001
,,,0.00038044,0.024800001
,,,0.00038045,0.024800001
,,,0.00038046,0.024800001
,,,0.00038047,0.024000001
,,,0.00038048,0.022400001
,,,0.00038049,0.024800001
,,,0.0003805,0.024000001
,,,0.00038051,0.024000001
,,,0.00038052,0.024000001
,,,0.00038053,0.024000001
,,,0.00038054,0.024800001
,,,0.00038055,0.024000001
,,,0.00038056,0.024000001
,,,0.00038057,0.024000001
,,,0.00038058,0.024800001
,,,0.00038059,0.024800001
,,,0.0003806,0.024000001
,,,0.00038061,0.022400001
,,,0.00038062,0.022400001
,,,0.00038063,0.022400001
,,,0.00038064,0.023200001
,,,0.00038065,0.024000001
,,,0.00038066,0.024000001
,,,0.00038067,0.024000001
,,,0.00038068,0.024000001
,,,0.00038069,0.023200001
,,,0.0003807,0.024000001
,,,0.00038071,0.023200001
,,,0.00038072,0.026400002
,,,0.00038073,0.024000001
,,,0.00038074,0.023200001
,,,0.00038075,0.023200001
,,,0.00038076,0.024000001
,,,0.00038077,0.024800001
,,,0.00038078,0.024000001
,,,0.00038079,0.023200001
,,,0.0003808,0.025600002
,,,0.00038081,0.024000001
,,,0.00038082,0.024800001
,,,0.00038083,0.024000001
,,,0.00038084,0.024000001
,,,0.00038085,0.024000001
,,,0.00038086,0.024000001
,,,0.00038087,0.022400001
,,,0.00038088,0.025600002
,,,0.00038089,0.025600002
,,,0.0003809,0.024800001
,,,0.00038091,0.024000001
,,,0.00038092,0.023200001
,,,0.00038093,0.023200001
,,,0.00038094,0.024000001
,,,0.00038095,0.024000001
,,,0.00038096,0.023200001
,,,0.00038097,0.024000001
,,,0.00038098,0.023200001
,,,0.00038099,0.024000001
,,,0.000381,0.022400001
,,,0.00038101,0.024000001
,,,0.00038102,0.024000001
,,,0.00038103,0.024800001
,,,0.00038104,0.024000001
,,,0.00038105,0.024000001
,,,0.00038106,0.024800001
,,,0.00038107,0.024800001
,,,0.00038108,0.026400002
,,,0.00038109,0.024000001
,,,0.0003811,0.024800001
,,,0.00038111,0.023200001
,,,0.00038112,0.024000001
,,,0.00038113,0.024000001
,,,0.00038114,0.024000001
,,,0.00038115,0.024000001
,,,0.00038116,0.025600002
,,,0.00038117,0.023200001
,,,0.00038118,0.024000001
,,,0.00038119,0.023200001
,,,0.0003812,0.024800001
,,,0.00038121,0.022400001
,,,0.00038122,0.024000001
,,,0.00038123,0.024000001
,,,0.00038124,0.024000001
,,,0.00038125,0.024800001
,,,0.00038126,0.025600002
,,,0.00038127,0.025600002
,,,0.00038128,0.022400001
,,,0.00038129,0.024000001
,,,0.0003813,0.024800001
,,,0.00038131,0.023200001
,,,0.00038132,0.023200001
,,,0.00038133,0.022400001
,,,0.00038134,0.024800001
,,,0.00038135,0.024000001
,,,0.00038136,0.023200001
,,,0.00038137,0.024000001
,,,0.00038138,0.024800001
,,,0.00038139,0.024000001
,,,0.0003814,0.024000001
,,,0.00038141,0.024800001
,,,0.00038142,0.026400002
,,,0.00038143,0.023200001
,,,0.00038144,0.024000001
,,,0.00038145,0.024000001
,,,0.00038146,0.024000001
,,,0.00038147,0.024800001
,,,0.00038148,0.024000001
,,,0.00038149,0.022400001
,,,0.0003815,0.023200001
,,,0.00038151,0.025600002
,,,0.00038152,0.023200001
,,,0.00038153,0.024800001
,,,0.00038154,0.024000001
,,,0.00038155,0.024000001
,,,0.00038156,0.024000001
,,,0.00038157,0.024000001
,,,0.00038158,0.024800001
,,,0.00038159,0.022400001
,,,0.0003816,0.024000001
,,,0.00038161,0.024800001
,,,0.00038162,0.024000001
,,,0.00038163,0.024800001
,,,0.00038164,0.024000001
,,,0.00038165,0.024000001
,,,0.00038166,0.024000001
,,,0.00038167,0.023200001
,,,0.00038168,0.024000001
,,,0.00038169,0.024800001
,,,0.0003817,0.024800001
,,,0.00038171,0.023200001
,,,0.00038172,0.025600002
,,,0.00038173,0.023200001
,,,0.00038174,0.023200001
,,,0.00038175,0.024000001
,,,0.00038176,0.024000001
,,,0.00038177,0.023200001
,,,0.00038178,0.025600002
,,,0.00038179,0.024800001
,,,0.0003818,0.024000001
,,,0.00038181,0.024000001
,,,0.00038182,0.024000001
,,,0.00038183,0.024000001
,,,0.00038184,0.024800001
,,,0.00038185,0.025600002
,,,0.00038186,0.024800001
,,,0.00038187,0.024000001
,,,0.00038188,0.024000001
,,,0.00038189,0.025600002
,,,0.0003819,0.023200001
,,,0.00038191,0.024000001
,,,0.00038192,0.023200001
,,,0.00038193,0.024800001
,,,0.00038194,0.024000001
,,,0.00038195,0.025600002
,,,0.00038196,0.023200001
,,,0.00038197,0.024000001
,,,0.00038198,0.024000001
,,,0.00038199,0.025600002
,,,0.000382,0.025600002
,,,0.00038201,0.023200001
,,,0.00038202,0.024000001
,,,0.00038203,0.024000001
,,,0.00038204,0.024000001
,,,0.00038205,0.024000001
,,,0.00038206,0.024800001
,,,0.00038207,0.025600002
,,,0.00038208,0.024800001
,,,0.00038209,0.024000001
,,,0.0003821,0.024000001
,,,0.00038211,0.024000001
,,,0.00038212,0.024800001
,,,0.00038213,0.025600002
,,,0.00038214,0.024000001
,,,0.00038215,0.025600002
,,,0.00038216,0.023200001
,,,0.00038217,0.024000001
,,,0.00038218,0.024000001
,,,0.00038219,0.023200001
,,,0.0003822,0.023200001
,,,0.00038221,0.023200001
,,,0.00038222,0.024800001
,,,0.00038223,0.022400001
,,,0.00038224,0.024000001
,,,0.00038225,0.025600002
,,,0.00038226,0.024000001
,,,0.00038227,0.021600001
,,,0.00038228,0.024800001
,,,0.00038229,0.024800001
,,,0.0003823,0.024000001
,,,0.00038231,0.024000001
,,,0.00038232,0.024800001
,,,0.00038233,0.024000001
,,,0.00038234,0.024800001
,,,0.00038235,0.023200001
,,,0.00038236,0.024000001
,,,0.00038237,0.024800001
,,,0.00038238,0.024800001
,,,0.00038239,0.024000001
,,,0.0003824,0.024000001
,,,0.00038241,0.024800001
,,,0.00038242,0.024000001
,,,0.00038243,0.024000001
,,,0.00038244,0.023200001
,,,0.00038245,0.024800001
,,,0.00038246,0.024000001
,,,0.00038247,0.023200001
,,,0.00038248,0.024000001
,,,0.00038249,0.024800001
,,,0.0003825,0.024800001
,,,0.00038251,0.024000001
,,,0.00038252,0.024000001
,,,0.00038253,0.025600002
,,,0.00038254,0.024000001
,,,0.00038255,0.024000001
,,,0.00038256,0.022400001
,,,0.00038257,0.025600002
,,,0.00038258,0.024000001
,,,0.00038259,0.024800001
,,,0.0003826,0.024000001
,,,0.00038261,0.024000001
,,,0.00038262,0.024000001
,,,0.00038263,0.023200001
,,,0.00038264,0.024000001
,,,0.00038265,0.024800001
,,,0.00038266,0.024000001
,,,0.00038267,0.024800001
,,,0.00038268,0.023200001
,,,0.00038269,0.022400001
,,,0.0003827,0.024000001
,,,0.00038271,0.024000001
,,,0.00038272,0.024800001
,,,0.00038273,0.024800001
,,,0.00038274,0.025600002
,,,0.00038275,0.025600002
,,,0.00038276,0.024000001
,,,0.00038277,0.023200001
,,,0.00038278,0.024000001
,,,0.00038279,0.024000001
,,,0.0003828,0.023200001
,,,0.00038281,0.024000001
,,,0.00038282,0.025600002
,,,0.00038283,0.024800001
,,,0.00038284,0.024000001
,,,0.00038285,0.024000001
,,,0.00038286,0.024000001
,,,0.00038287,0.024800001
,,,0.00038288,0.024000001
,,,0.00038289,0.024800001
,,,0.0003829,0.025600002
,,,0.00038291,0.024800001
,,,0.00038292,0.024000001
,,,0.00038293,0.024000001
,,,0.00038294,0.024000001
,,,0.00038295,0.024000001
,,,0.00038296,0.024000001
,,,0.00038297,0.025600002
,,,0.00038298,0.024000001
,,,0.00038299,0.024000001
,,,0.000383,0.024000001
,,,0.00038301,0.024000001
,,,0.00038302,0.024800001
,,,0.00038303,0.024000001
,,,0.00038304,0.023200001
,,,0.00038305,0.023200001
,,,0.00038306,0.024800001
,,,0.00038307,0.024000001
,,,0.00038308,0.024000001
,,,0.00038309,0.023200001
,,,0.0003831,0.024000001
,,,0.00038311,0.024000001
,,,0.00038312,0.022400001
,,,0.00038313,0.026400002
,,,0.00038314,0.024800001
,,,0.00038315,0.023200001
,,,0.00038316,0.024000001
,,,0.00038317,0.024000001
,,,0.00038318,0.024000001
,,,0.00038319,0.024000001
,,,0.0003832,0.024000001
,,,0.00038321,0.023200001
,,,0.00038322,0.024000001
,,,0.00038323,0.023200001
,,,0.00038324,0.024000001
,,,0.00038325,0.024800001
,,,0.00038326,0.024000001
,,,0.00038327,0.024000001
,,,0.00038328,0.025600002
,,,0.00038329,0.021600001
,,,0.0003833,0.024000001
,,,0.00038331,0.023200001
,,,0.00038332,0.022400001
,,,0.00038333,0.023200001
,,,0.00038334,0.025600002
,,,0.00038335,0.021600001
,,,0.00038336,0.025600002
,,,0.00038337,0.023200001
,,,0.00038338,0.025600002
,,,0.00038339,0.024000001
,,,0.0003834,0.023200001
,,,0.00038341,0.025600002
,,,0.00038342,0.024000001
,,,0.00038343,0.024800001
,,,0.00038344,0.024000001
,,,0.00038345,0.022400001
,,,0.00038346,0.027200002
,,,0.00038347,0.025600002
,,,0.00038348,0.025600002
,,,0.00038349,0.024000001
,,,0.0003835,0.023200001
,,,0.00038351,0.024000001
,,,0.00038352,0.023200001
,,,0.00038353,0.024800001
,,,0.00038354,0.024000001
,,,0.00038355,0.023200001
,,,0.00038356,0.024000001
,,,0.00038357,0.024000001
,,,0.00038358,0.024000001
,,,0.00038359,0.024000001
,,,0.0003836,0.023200001
,,,0.00038361,0.023200001
,,,0.00038362,0.024800001
,,,0.00038363,0.023200001
,,,0.00038364,0.024000001
,,,0.00038365,0.023200001
,,,0.00038366,0.024800001
,,,0.00038367,0.024000001
,,,0.00038368,0.024000001
,,,0.00038369,0.024000001
,,,0.0003837,0.024800001
,,,0.00038371,0.024000001
,,,0.00038372,0.024800001
,,,0.00038373,0.024800001
,,,0.00038374,0.024800001
,,,0.00038375,0.024000001
,,,0.00038376,0.024000001
,,,0.00038377,0.023200001
,,,0.00038378,0.023200001
,,,0.00038379,0.024800001
,,,0.0003838,0.026400002
,,,0.00038381,0.024000001
,,,0.00038382,0.024000001
,,,0.00038383,0.024000001
,,,0.00038384,0.024000001
,,,0.00038385,0.023200001
,,,0.00038386,0.024800001
,,,0.00038387,0.024800001
,,,0.00038388,0.024000001
,,,0.00038389,0.024000001
,,,0.0003839,0.024000001
,,,0.00038391,0.024000001
,,,0.00038392,0.024000001
,,,0.00038393,0.025600002
,,,0.00038394,0.024000001
,,,0.00038395,0.024800001
,,,0.00038396,0.024800001
,,,0.00038397,0.024000001
,,,0.00038398,0.023200001
,,,0.00038399,0.023200001
,,,0.000384,0.024800001
,,,0.00038401,0.024000001
,,,0.00038402,0.024000001
,,,0.00038403,0.023200001
,,,0.00038404,0.024800001
,,,0.00038405,0.024000001
,,,0.00038406,0.024000001
,,,0.00038407,0.024000001
,,,0.00038408,0.022400001
,,,0.00038409,0.024000001
,,,0.0003841,0.024000001
,,,0.00038411,0.024000001
,,,0.00038412,0.023200001
,,,0.00038413,0.024000001
,,,0.00038414,0.024000001
,,,0.00038415,0.024000001
,,,0.00038416,0.024000001
,,,0.00038417,0.024000001
,,,0.00038418,0.023200001
,,,0.00038419,0.024000001
,,,0.0003842,0.024000001
,,,0.00038421,0.023200001
,,,0.00038422,0.024000001
,,,0.00038423,0.024000001
,,,0.00038424,0.024000001
,,,0.00038425,0.024800001
,,,0.00038426,0.024000001
,,,0.00038427,0.024800001
,,,0.00038428,0.025600002
,,,0.00038429,0.024000001
,,,0.0003843,0.024000001
,,,0.00038431,0.022400001
,,,0.00038432,0.022400001
,,,0.00038433,0.024800001
,,,0.00038434,0.024800001
,,,0.00038435,0.024800001
,,,0.00038436,0.023200001
,,,0.00038437,0.024000001
,,,0.00038438,0.025600002
,,,0.00038439,0.025600002
,,,0.0003844,0.024800001
,,,0.00038441,0.024000001
,,,0.00038442,0.024000001
,,,0.00038443,0.024000001
,,,0.00038444,0.024000001
,,,0.00038445,0.025600002
,,,0.00038446,0.025600002
,,,0.00038447,0.024000001
,,,0.00038448,0.024800001
,,,0.00038449,0.023200001
,,,0.0003845,0.023200001
,,,0.00038451,0.024800001
,,,0.00038452,0.024000001
,,,0.00038453,0.024800001
,,,0.00038454,0.025600002
,,,0.00038455,0.023200001
,,,0.00038456,0.024800001
,,,0.00038457,0.025600002
,,,0.00038458,0.024000001
,,,0.00038459,0.024000001
,,,0.0003846,0.024800001
,,,0.00038461,0.024000001
,,,0.00038462,0.024800001
,,,0.00038463,0.025600002
,,,0.00038464,0.024000001
,,,0.00038465,0.024000001
,,,0.00038466,0.024000001
,,,0.00038467,0.024800001
,,,0.00038468,0.023200001
,,,0.00038469,0.024000001
,,,0.0003847,0.024000001
,,,0.00038471,0.024000001
,,,0.00038472,0.024800001
,,,0.00038473,0.024800001
,,,0.00038474,0.024000001
,,,0.00038475,0.024000001
,,,0.00038476,0.023200001
,,,0.00038477,0.023200001
,,,0.00038478,0.024800001
,,,0.00038479,0.024000001
,,,0.0003848,0.023200001
,,,0.00038481,0.024800001
,,,0.00038482,0.023200001
,,,0.00038483,0.024000001
,,,0.00038484,0.024800001
,,,0.00038485,0.023200001
,,,0.00038486,0.024000001
,,,0.00038487,0.024000001
,,,0.00038488,0.024800001
,,,0.00038489,0.024000001
,,,0.0003849,0.024000001
,,,0.00038491,0.024800001
,,,0.00038492,0.024800001
,,,0.00038493,0.024000001
,,,0.00038494,0.024800001
,,,0.00038495,0.024000001
,,,0.00038496,0.024000001
,,,0.00038497,0.024000001
,,,0.00038498,0.024000001
,,,0.00038499,0.021600001
,,,0.000385,0.024000001
,,,0.00038501,0.024000001
,,,0.00038502,0.024800001
,,,0.00038503,0.024000001
,,,0.00038504,0.024800001
,,,0.00038505,0.024000001
,,,0.00038506,0.024800001
,,,0.00038507,0.024000001
,,,0.00038508,0.024000001
,,,0.00038509,0.022400001
,,,0.0003851,0.025600002
,,,0.00038511,0.024000001
,,,0.00038512,0.024800001
,,,0.00038513,0.024000001
,,,0.00038514,0.024000001
,,,0.00038515,0.024000001
,,,0.00038516,0.024000001
,,,0.00038517,0.024000001
,,,0.00038518,0.023200001
,,,0.00038519,0.025600002
,,,0.0003852,0.024000001
,,,0.00038521,0.024000001
,,,0.00038522,0.024000001
,,,0.00038523,0.023200001
,,,0.00038524,0.023200001
,,,0.00038525,0.025600002
,,,0.00038526,0.023200001
,,,0.00038527,0.024000001
,,,0.00038528,0.024000001
,,,0.00038529,0.024000001
,,,0.0003853,0.024800001
,,,0.00038531,0.025600002
,,,0.00038532,0.024800001
,,,0.00038533,0.024000001
,,,0.00038534,0.024800001
,,,0.00038535,0.024000001
,,,0.00038536,0.024000001
,,,0.00038537,0.024000001
,,,0.00038538,0.023200001
,,,0.00038539,0.024000001
,,,0.0003854,0.024000001
,,,0.00038541,0.024000001
,,,0.00038542,0.024800001
,,,0.00038543,0.024000001
,,,0.00038544,0.023200001
,,,0.00038545,0.024800001
,,,0.00038546,0.023200001
,,,0.00038547,0.026400002
,,,0.00038548,0.026400002
,,,0.00038549,0.025600002
,,,0.0003855,0.024800001
,,,0.00038551,0.023200001
,,,0.00038552,0.024000001
,,,0.00038553,0.024000001
,,,0.00038554,0.025600002
,,,0.00038555,0.024000001
,,,0.00038556,0.023200001
,,,0.00038557,0.023200001
,,,0.00038558,0.024000001
,,,0.00038559,0.024800001
,,,0.0003856,0.024000001
,,,0.00038561,0.024000001
,,,0.00038562,0.024800001
,,,0.00038563,0.024000001
,,,0.00038564,0.025600002
,,,0.00038565,0.024000001
,,,0.00038566,0.024000001
,,,0.00038567,0.023200001
,,,0.00038568,0.023200001
,,,0.00038569,0.024800001
,,,0.0003857,0.024800001
,,,0.00038571,0.024000001
,,,0.00038572,0.024800001
,,,0.00038573,0.023200001
,,,0.00038574,0.024800001
,,,0.00038575,0.024000001
,,,0.00038576,0.022400001
,,,0.00038577,0.024800001
,,,0.00038578,0.024000001
,,,0.00038579,0.024800001
,,,0.0003858,0.025600002
,,,0.00038581,0.024000001
,,,0.00038582,0.024000001
,,,0.00038583,0.024000001
,,,0.00038584,0.024000001
,,,0.00038585,0.024000001
,,,0.00038586,0.024800001
,,,0.00038587,0.024000001
,,,0.00038588,0.024800001
,,,0.00038589,0.023200001
,,,0.0003859,0.024000001
,,,0.00038591,0.024000001
,,,0.00038592,0.023200001
,,,0.00038593,0.024000001
,,,0.00038594,0.024000001
,,,0.00038595,0.024000001
,,,0.00038596,0.024800001
,,,0.00038597,0.024800001
,,,0.00038598,0.025600002
,,,0.00038599,0.024800001
,,,0.000386,0.025600002
,,,0.00038601,0.024000001
,,,0.00038602,0.024000001
,,,0.00038603,0.024000001
,,,0.00038604,0.024000001
,,,0.00038605,0.026400002
,,,0.00038606,0.025600002
,,,0.00038607,0.024000001
,,,0.00038608,0.024800001
,,,0.00038609,0.024000001
,,,0.0003861,0.024800001
,,,0.00038611,0.024000001
,,,0.00038612,0.023200001
,,,0.00038613,0.023200001
,,,0.00038614,0.023200001
,,,0.00038615,0.023200001
,,,0.00038616,0.024000001
,,,0.00038617,0.024800001
,,,0.00038618,0.023200001
,,,0.00038619,0.024800001
,,,0.0003862,0.023200001
,,,0.00038621,0.024800001
,,,0.00038622,0.024800001
,,,0.00038623,0.024000001
,,,0.00038624,0.024000001
,,,0.00038625,0.022400001
,,,0.00038626,0.024000001
,,,0.00038627,0.024000001
,,,0.00038628,0.024800001
,,,0.00038629,0.024800001
,,,0.0003863,0.024800001
,,,0.00038631,0.024000001
,,,0.00038632,0.024800001
,,,0.00038633,0.024000001
,,,0.00038634,0.024000001
,,,0.00038635,0.024800001
,,,0.00038636,0.024000001
,,,0.00038637,0.024000001
,,,0.00038638,0.024800001
,,,0.00038639,0.024800001
,,,0.0003864,0.023200001
,,,0.00038641,0.024800001
,,,0.00038642,0.024000001
,,,0.00038643,0.024000001
,,,0.00038644,0.024000001
,,,0.00038645,0.024000001
,,,0.00038646,0.024000001
,,,0.00038647,0.024800001
,,,0.00038648,0.024800001
,,,0.00038649,0.024000001
,,,0.0003865,0.024800001
,,,0.00038651,0.024000001
,,,0.00038652,0.024000001
,,,0.00038653,0.024800001
,,,0.00038654,0.024000001
,,,0.00038655,0.025600002
,,,0.00038656,0.024000001
,,,0.00038657,0.024000001
,,,0.00038658,0.024800001
,,,0.00038659,0.024000001
,,,0.0003866,0.024800001
,,,0.00038661,0.024000001
,,,0.00038662,0.024000001
,,,0.00038663,0.024000001
,,,0.00038664,0.023200001
,,,0.00038665,0.024000001
,,,0.00038666,0.024800001
,,,0.00038667,0.025600002
,,,0.00038668,0.025600002
,,,0.00038669,0.025600002
,,,0.0003867,0.024000001
,,,0.00038671,0.024000001
,,,0.00038672,0.025600002
,,,0.00038673,0.023200001
,,,0.00038674,0.024800001
,,,0.00038675,0.024000001
,,,0.00038676,0.024800001
,,,0.00038677,0.024800001
,,,0.00038678,0.024800001
,,,0.00038679,0.024000001
,,,0.0003868,0.023200001
,,,0.00038681,0.025600002
,,,0.00038682,0.024000001
,,,0.00038683,0.024000001
,,,0.00038684,0.024000001
,,,0.00038685,0.024800001
,,,0.00038686,0.023200001
,,,0.00038687,0.024000001
,,,0.00038688,0.024000001
,,,0.00038689,0.023200001
,,,0.0003869,0.024000001
,,,0.00038691,0.024000001
,,,0.00038692,0.025600002
,,,0.00038693,0.024000001
,,,0.00038694,0.022400001
,,,0.00038695,0.025600002
,,,0.00038696,0.022400001
,,,0.00038697,0.024800001
,,,0.00038698,0.024800001
,,,0.00038699,0.024000001
,,,0.000387,0.024000001
,,,0.00038701,0.024000001
,,,0.00038702,0.024800001
,,,0.00038703,0.024000001
,,,0.00038704,0.027200002
,,,0.00038705,0.024000001
,,,0.00038706,0.024800001
,,,0.00038707,0.023200001
,,,0.00038708,0.024000001
,,,0.00038709,0.024000001
,,,0.0003871,0.024000001
,,,0.00038711,0.024000001
,,,0.00038712,0.023200001
,,,0.00038713,0.025600002
,,,0.00038714,0.024000001
,,,0.00038715,0.024000001
,,,0.00038716,0.024000001
,,,0.00038717,0.024000001
,,,0.00038718,0.026400002
,,,0.00038719,0.024000001
,,,0.0003872,0.024000001
,,,0.00038721,0.024000001
,,,0.00038722,0.024000001
,,,0.00038723,0.022400001
,,,0.00038724,0.025600002
,,,0.00038725,0.024000001
,,,0.00038726,0.027200002
,,,0.00038727,0.024800001
,,,0.00038728,0.024000001
,,,0.00038729,0.024000001
,,,0.0003873,0.024000001
,,,0.00038731,0.022400001
,,,0.00038732,0.025600002
,,,0.00038733,0.024800001
,,,0.00038734,0.024000001
,,,0.00038735,0.024000001
,,,0.00038736,0.023200001
,,,0.00038737,0.024800001
,,,0.00038738,0.024000001
,,,0.00038739,0.023200001
,,,0.0003874,0.023200001
,,,0.00038741,0.024800001
,,,0.00038742,0.023200001
,,,0.00038743,0.023200001
,,,0.00038744,0.024000001
,,,0.00038745,0.024000001
,,,0.00038746,0.024000001
,,,0.00038747,0.024800001
,,,0.00038748,0.023200001
,,,0.00038749,0.024000001
,,,0.0003875,0.024000001
,,,0.00038751,0.024000001
,,,0.00038752,0.024000001
,,,0.00038753,0.024800001
,,,0.00038754,0.024000001
,,,0.00038755,0.024000001
,,,0.00038756,0.025600002
,,,0.00038757,0.024800001
,,,0.00038758,0.022400001
,,,0.00038759,0.026400002
,,,0.0003876,0.024000001
,,,0.00038761,0.024800001
,,,0.00038762,0.024000001
,,,0.00038763,0.022400001
,,,0.00038764,0.024800001
,,,0.00038765,0.023200001
,,,0.00038766,0.024000001
,,,0.00038767,0.023200001
,,,0.00038768,0.024000001
,,,0.00038769,0.024000001
,,,0.0003877,0.024800001
,,,0.00038771,0.024800001
,,,0.00038772,0.024000001
,,,0.00038773,0.023200001
,,,0.00038774,0.024000001
,,,0.00038775,0.024000001
,,,0.00038776,0.024000001
,,,0.00038777,0.024800001
,,,0.00038778,0.024000001
,,,0.00038779,0.023200001
,,,0.0003878,0.024000001
,,,0.00038781,0.026400002
,,,0.00038782,0.024000001
,,,0.00038783,0.024000001
,,,0.00038784,0.024000001
,,,0.00038785,0.024000001
,,,0.00038786,0.026400002
,,,0.00038787,0.024800001
,,,0.00038788,0.025600002
,,,0.00038789,0.023200001
,,,0.0003879,0.024000001
,,,0.00038791,0.025600002
,,,0.00038792,0.024000001
,,,0.00038793,0.024000001
,,,0.00038794,0.023200001
,,,0.00038795,0.024800001
,,,0.00038796,0.022400001
,,,0.00038797,0.024000001
,,,0.00038798,0.024800001
,,,0.00038799,0.022400001
,,,0.000388,0.025600002
,,,0.00038801,0.024800001
,,,0.00038802,0.024000001
,,,0.00038803,0.024800001
,,,0.00038804,0.024000001
,,,0.00038805,0.024000001
,,,0.00038806,0.024000001
,,,0.00038807,0.024000001
,,,0.00038808,0.024000001
,,,0.00038809,0.024000001
,,,0.0003881,0.024000001
,,,0.00038811,0.024800001
,,,0.00038812,0.024000001
,,,0.00038813,0.024000001
,,,0.00038814,0.024000001
,,,0.00038815,0.024000001
,,,0.00038816,0.023200001
,,,0.00038817,0.024000001
,,,0.00038818,0.024800001
,,,0.00038819,0.024000001
,,,0.0003882,0.024000001
,,,0.00038821,0.025600002
,,,0.00038822,0.025600002
,,,0.00038823,0.024000001
,,,0.00038824,0.024000001
,,,0.00038825,0.024000001
,,,0.00038826,0.024000001
,,,0.00038827,0.024000001
,,,0.00038828,0.024000001
,,,0.00038829,0.024000001
,,,0.0003883,0.024000001
,,,0.00038831,0.024000001
,,,0.00038832,0.024000001
,,,0.00038833,0.024000001
,,,0.00038834,0.024000001
,,,0.00038835,0.024800001
,,,0.00038836,0.024000001
,,,0.00038837,0.024800001
,,,0.00038838,0.024000001
,,,0.00038839,0.024800001
,,,0.0003884,0.024800001
,,,0.00038841,0.024000001
,,,0.00038842,0.024800001
,,,0.00038843,0.024000001
,,,0.00038844,0.024800001
,,,0.00038845,0.024000001
,,,0.00038846,0.024800001
,,,0.00038847,0.023200001
,,,0.00038848,0.023200001
,,,0.00038849,0.024000001
,,,0.0003885,0.024000001
,,,0.00038851,0.024800001
,,,0.00038852,0.024000001
,,,0.00038853,0.023200001
,,,0.00038854,0.024000001
,,,0.00038855,0.024000001
,,,0.00038856,0.024000001
,,,0.00038857,0.024000001
,,,0.00038858,0.025600002
,,,0.00038859,0.023200001
,,,0.0003886,0.024000001
,,,0.00038861,0.024800001
,,,0.00038862,0.024800001
,,,0.00038863,0.024000001
,,,0.00038864,0.024000001
,,,0.00038865,0.024800001
,,,0.00038866,0.024000001
,,,0.00038867,0.024800001
,,,0.00038868,0.024800001
,,,0.00038869,0.024000001
,,,0.0003887,0.024000001
,,,0.00038871,0.023200001
,,,0.00038872,0.024800001
,,,0.00038873,0.024000001
,,,0.00038874,0.024000001
,,,0.00038875,0.024800001
,,,0.00038876,0.024000001
,,,0.00038877,0.022400001
,,,0.00038878,0.024000001
,,,0.00038879,0.024000001
,,,0.0003888,0.024000001
,,,0.00038881,0.022400001
,,,0.00038882,0.024000001
,,,0.00038883,0.024000001
,,,0.00038884,0.024800001
,,,0.00038885,0.025600002
,,,0.00038886,0.024000001
,,,0.00038887,0.024800001
,,,0.00038888,0.022400001
,,,0.00038889,0.024000001
,,,0.0003889,0.023200001
,,,0.00038891,0.024000001
,,,0.00038892,0.024000001
,,,0.00038893,0.023200001
,,,0.00038894,0.024800001
,,,0.00038895,0.024000001
,,,0.00038896,0.022400001
,,,0.00038897,0.024000001
,,,0.00038898,0.024000001
,,,0.00038899,0.024000001
,,,0.000389,0.023200001
,,,0.00038901,0.024000001
,,,0.00038902,0.024000001
,,,0.00038903,0.024000001
,,,0.00038904,0.024800001
,,,0.00038905,0.024800001
,,,0.00038906,0.024000001
,,,0.00038907,0.024800001
,,,0.00038908,0.024800001
,,,0.00038909,0.024800001
,,,0.0003891,0.024000001
,,,0.00038911,0.025600002
,,,0.00038912,0.024000001
,,,0.00038913,0.024000001
,,,0.00038914,0.025600002
,,,0.00038915,0.024000001
,,,0.00038916,0.024000001
,,,0.00038917,0.024800001
,,,0.00038918,0.024000001
,,,0.00038919,0.023200001
,,,0.0003892,0.024800001
,,,0.00038921,0.023200001
,,,0.00038922,0.023200001
,,,0.00038923,0.024000001
,,,0.00038924,0.024000001
,,,0.00038925,0.023200001
,,,0.00038926,0.024800001
,,,0.00038927,0.024000001
,,,0.00038928,0.024800001
,,,0.00038929,0.024800001
,,,0.0003893,0.025600002
,,,0.00038931,0.023200001
,,,0.00038932,0.024000001
,,,0.00038933,0.024000001
,,,0.00038934,0.025600002
,,,0.00038935,0.024800001
,,,0.00038936,0.024800001
,,,0.00038937,0.024800001
,,,0.00038938,0.023200001
,,,0.00038939,0.024800001
,,,0.0003894,0.024800001
,,,0.00038941,0.024000001
,,,0.00038942,0.024800001
,,,0.00038943,0.024800001
,,,0.00038944,0.024800001
,,,0.00038945,0.022400001
,,,0.00038946,0.025600002
,,,0.00038947,0.024000001
,,,0.00038948,0.024000001
,,,0.00038949,0.024000001
,,,0.0003895,0.025600002
,,,0.00038951,0.024000001
,,,0.00038952,0.025600002
,,,0.00038953,0.024800001
,,,0.00038954,0.024000001
,,,0.00038955,0.024800001
,,,0.00038956,0.023200001
,,,0.00038957,0.024800001
,,,0.00038958,0.024000001
,,,0.00038959,0.024800001
,,,0.0003896,0.024000001
,,,0.00038961,0.024000001
,,,0.00038962,0.024000001
,,,0.00038963,0.024000001
,,,0.00038964,0.024800001
,,,0.00038965,0.027200002
,,,0.00038966,0.024000001
,,,0.00038967,0.024000001
,,,0.00038968,0.024000001
,,,0.00038969,0.024000001
,,,0.0003897,0.024000001
,,,0.00038971,0.024000001
,,,0.00038972,0.024000001
,,,0.00038973,0.022400001
,,,0.00038974,0.024000001
,,,0.00038975,0.023200001
,,,0.00038976,0.024000001
,,,0.00038977,0.024800001
,,,0.00038978,0.023200001
,,,0.00038979,0.024000001
,,,0.0003898,0.024000001
,,,0.00038981,0.024000001
,,,0.00038982,0.024800001
,,,0.00038983,0.024000001
,,,0.00038984,0.024000001
,,,0.00038985,0.024800001
,,,0.00038986,0.024000001
,,,0.00038987,0.023200001
,,,0.00038988,0.024800001
,,,0.00038989,0.022400001
,,,0.0003899,0.024800001
,,,0.00038991,0.024800001
,,,0.00038992,0.025600002
,,,0.00038993,0.024000001
,,,0.00038994,0.024000001
,,,0.00038995,0.024800001
,,,0.00038996,0.023200001
,,,0.00038997,0.023200001
,,,0.00038998,0.024000001
,,,0.00038999,0.025600002
,,,0.00039,0.024000001
,,,0.00039001,0.024000001
,,,0.00039002,0.024000001
,,,0.00039003,0.024000001
,,,0.00039004,0.024000001
,,,0.00039005,0.023200001
,,,0.00039006,0.024000001
,,,0.00039007,0.025600002
,,,0.00039008,0.024000001
,,,0.00039009,0.023200001
,,,0.0003901,0.024000001
,,,0.00039011,0.024000001
,,,0.00039012,0.024000001
,,,0.00039013,0.022400001
,,,0.00039014,0.024800001
,,,0.00039015,0.024000001
,,,0.00039016,0.024000001
,,,0.00039017,0.023200001
,,,0.00039018,0.024800001
,,,0.00039019,0.024000001
,,,0.0003902,0.026400002
,,,0.00039021,0.024000001
,,,0.00039022,0.022400001
,,,0.00039023,0.024000001
,,,0.00039024,0.024000001
,,,0.00039025,0.024800001
,,,0.00039026,0.024800001
,,,0.00039027,0.022400001
,,,0.00039028,0.024000001
,,,0.00039029,0.024000001
,,,0.0003903,0.024800001
,,,0.00039031,0.024000001
,,,0.00039032,0.024000001
,,,0.00039033,0.025600002
,,,0.00039034,0.024000001
,,,0.00039035,0.024000001
,,,0.00039036,0.024000001
,,,0.00039037,0.024000001
,,,0.00039038,0.024800001
,,,0.00039039,0.024000001
,,,0.0003904,0.024800001
,,,0.00039041,0.024000001
,,,0.00039042,0.025600002
,,,0.00039043,0.021600001
,,,0.00039044,0.024000001
,,,0.00039045,0.024800001
,,,0.00039046,0.023200001
,,,0.00039047,0.024000001
,,,0.00039048,0.024000001
,,,0.00039049,0.024000001
,,,0.0003905,0.024800001
,,,0.00039051,0.023200001
,,,0.00039052,0.024000001
,,,0.00039053,0.024800001
,,,0.00039054,0.024800001
,,,0.00039055,0.024000001
,,,0.00039056,0.026400002
,,,0.00039057,0.024000001
,,,0.00039058,0.024000001
,,,0.00039059,0.023200001
,,,0.0003906,0.025600002
,,,0.00039061,0.024000001
,,,0.00039062,0.025600002
,,,0.00039063,0.024000001
,,,0.00039064,0.024000001
,,,0.00039065,0.024800001
,,,0.00039066,0.024000001
,,,0.00039067,0.024000001
,,,0.00039068,0.024000001
,,,0.00039069,0.024800001
,,,0.0003907,0.024800001
,,,0.00039071,0.023200001
,,,0.00039072,0.024000001
,,,0.00039073,0.024000001
,,,0.00039074,0.024800001
,,,0.00039075,0.024800001
,,,0.00039076,0.024800001
,,,0.00039077,0.023200001
,,,0.00039078,0.024800001
,,,0.00039079,0.022400001
,,,0.0003908,0.023200001
,,,0.00039081,0.024000001
,,,0.00039082,0.025600002
,,,0.00039083,0.025600002
,,,0.00039084,0.024000001
,,,0.00039085,0.023200001
,,,0.00039086,0.024000001
,,,0.00039087,0.024800001
,,,0.00039088,0.024800001
,,,0.00039089,0.024000001
,,,0.0003909,0.024800001
,,,0.00039091,0.024000001
,,,0.00039092,0.023200001
,,,0.00039093,0.025600002
,,,0.00039094,0.025600002
,,,0.00039095,0.024000001
,,,0.00039096,0.024000001
,,,0.00039097,0.025600002
,,,0.00039098,0.024000001
,,,0.00039099,0.024000001
,,,0.000391,0.024800001
,,,0.00039101,0.024800001
,,,0.00039102,0.027200002
,,,0.00039103,0.024000001
,,,0.00039104,0.024000001
,,,0.00039105,0.024000001
,,,0.00039106,0.025600002
,,,0.00039107,0.023200001
,,,0.00039108,0.024000001
,,,0.00039109,0.024800001
,,,0.0003911,0.024000001
,,,0.00039111,0.024000001
,,,0.00039112,0.023200001
,,,0.00039113,0.025600002
,,,0.00039114,0.023200001
,,,0.00039115,0.024000001
,,,0.00039116,0.024000001
,,,0.00039117,0.024800001
,,,0.00039118,0.025600002
,,,0.00039119,0.024000001
,,,0.0003912,0.024000001
,,,0.00039121,0.024800001
,,,0.00039122,0.023200001
,,,0.00039123,0.023200001
,,,0.00039124,0.024000001
,,,0.00039125,0.024000001
,,,0.00039126,0.023200001
,,,0.00039127,0.024800001
,,,0.00039128,0.024000001
,,,0.00039129,0.023200001
,,,0.0003913,0.023200001
,,,0.00039131,0.024800001
,,,0.00039132,0.024000001
,,,0.00039133,0.023200001
,,,0.00039134,0.024000001
,,,0.00039135,0.023200001
,,,0.00039136,0.024800001
,,,0.00039137,0.024000001
,,,0.00039138,0.024000001
,,,0.00039139,0.024800001
,,,0.0003914,0.024800001
,,,0.00039141,0.024000001
,,,0.00039142,0.024000001
,,,0.00039143,0.023200001
,,,0.00039144,0.024800001
,,,0.00039145,0.024800001
,,,0.00039146,0.024000001
,,,0.00039147,0.024000001
,,,0.00039148,0.024000001
,,,0.00039149,0.024000001
,,,0.0003915,0.024800001
,,,0.00039151,0.024000001
,,,0.00039152,0.025600002
,,,0.00039153,0.024800001
,,,0.00039154,0.024000001
,,,0.00039155,0.024000001
,,,0.00039156,0.025600002
,,,0.00039157,0.025600002
,,,0.00039158,0.024000001
,,,0.00039159,0.025600002
,,,0.0003916,0.024000001
,,,0.00039161,0.023200001
,,,0.00039162,0.024800001
,,,0.00039163,0.024800001
,,,0.00039164,0.024000001
,,,0.00039165,0.024000001
,,,0.00039166,0.024000001
,,,0.00039167,0.024000001
,,,0.00039168,0.024800001
,,,0.00039169,0.024800001
,,,0.0003917,0.024000001
,,,0.00039171,0.023200001
,,,0.00039172,0.024000001
,,,0.00039173,0.024800001
,,,0.00039174,0.025600002
,,,0.00039175,0.024000001
,,,0.00039176,0.023200001
,,,0.00039177,0.024000001
,,,0.00039178,0.024000001
,,,0.00039179,0.024000001
,,,0.0003918,0.024000001
,,,0.00039181,0.024800001
,,,0.00039182,0.024000001
,,,0.00039183,0.024000001
,,,0.00039184,0.024000001
,,,0.00039185,0.027200002
,,,0.00039186,0.024000001
,,,0.00039187,0.024000001
,,,0.00039188,0.024000001
,,,0.00039189,0.026400002
,,,0.0003919,0.024000001
,,,0.00039191,0.024000001
,,,0.00039192,0.024800001
,,,0.00039193,0.024000001
,,,0.00039194,0.024000001
,,,0.00039195,0.024000001
,,,0.00039196,0.024800001
,,,0.00039197,0.024800001
,,,0.00039198,0.024800001
,,,0.00039199,0.024800001
,,,0.000392,0.025600002
,,,0.00039201,0.024000001
,,,0.00039202,0.024000001
,,,0.00039203,0.023200001
,,,0.00039204,0.024000001
,,,0.00039205,0.024000001
,,,0.00039206,0.024800001
,,,0.00039207,0.024000001
,,,0.00039208,0.024000001
,,,0.00039209,0.024800001
,,,0.0003921,0.025600002
,,,0.00039211,0.025600002
,,,0.00039212,0.023200001
,,,0.00039213,0.024000001
,,,0.00039214,0.024800001
,,,0.00039215,0.024000001
,,,0.00039216,0.024000001
,,,0.00039217,0.024000001
,,,0.00039218,0.023200001
,,,0.00039219,0.024800001
,,,0.0003922,0.024000001
,,,0.00039221,0.024000001
,,,0.00039222,0.024800001
,,,0.00039223,0.024000001
,,,0.00039224,0.023200001
,,,0.00039225,0.024800001
,,,0.00039226,0.023200001
,,,0.00039227,0.024000001
,,,0.00039228,0.025600002
,,,0.00039229,0.024800001
,,,0.0003923,0.024000001
,,,0.00039231,0.025600002
,,,0.00039232,0.024000001
,,,0.00039233,0.024000001
,,,0.00039234,0.024000001
,,,0.00039235,0.023200001
,,,0.00039236,0.024800001
,,,0.00039237,0.024000001
,,,0.00039238,0.024000001
,,,0.00039239,0.025600002
,,,0.0003924,0.024800001
,,,0.00039241,0.023200001
,,,0.00039242,0.024000001
,,,0.00039243,0.023200001
,,,0.00039244,0.024000001
,,,0.00039245,0.024000001
,,,0.00039246,0.023200001
,,,0.00039247,0.024000001
,,,0.00039248,0.024800001
,,,0.00039249,0.023200001
,,,0.0003925,0.023200001
,,,0.00039251,0.024800001
,,,0.00039252,0.024000001
,,,0.00039253,0.024000001
,,,0.00039254,0.024800001
,,,0.00039255,0.024000001
,,,0.00039256,0.024800001
,,,0.00039257,0.023200001
,,,0.00039258,0.024800001
,,,0.00039259,0.024800001
,,,0.0003926,0.024000001
,,,0.00039261,0.024000001
,,,0.00039262,0.022400001
,,,0.00039263,0.023200001
,,,0.00039264,0.024000001
,,,0.00039265,0.022400001
,,,0.00039266,0.024000001
,,,0.00039267,0.023200001
,,,0.00039268,0.024800001
,,,0.00039269,0.024000001
,,,0.0003927,0.024000001
,,,0.00039271,0.024800001
,,,0.00039272,0.024000001
,,,0.00039273,0.024000001
,,,0.00039274,0.024800001
,,,0.00039275,0.024000001
,,,0.00039276,0.023200001
,,,0.00039277,0.024000001
,,,0.00039278,0.024800001
,,,0.00039279,0.024000001
,,,0.0003928,0.024000001
,,,0.00039281,0.025600002
,,,0.00039282,0.024800001
,,,0.00039283,0.023200001
,,,0.00039284,0.024000001
,,,0.00039285,0.024000001
,,,0.00039286,0.024000001
,,,0.00039287,0.025600002
,,,0.00039288,0.024800001
,,,0.00039289,0.025600002
,,,0.0003929,0.024800001
,,,0.00039291,0.024000001
,,,0.00039292,0.023200001
,,,0.00039293,0.023200001
,,,0.00039294,0.024000001
,,,0.00039295,0.024000001
,,,0.00039296,0.024000001
,,,0.00039297,0.024000001
,,,0.00039298,0.024000001
,,,0.00039299,0.024800001
,,,0.000393,0.024800001
,,,0.00039301,0.024800001
,,,0.00039302,0.023200001
,,,0.00039303,0.024800001
,,,0.00039304,0.024800001
,,,0.00039305,0.024000001
,,,0.00039306,0.025600002
,,,0.00039307,0.024000001
,,,0.00039308,0.024000001
,,,0.00039309,0.024800001
,,,0.0003931,0.024000001
,,,0.00039311,0.023200001
,,,0.00039312,0.024000001
,,,0.00039313,0.024000001
,,,0.00039314,0.024000001
,,,0.00039315,0.023200001
,,,0.00039316,0.024000001
,,,0.00039317,0.024000001
,,,0.00039318,0.024000001
,,,0.00039319,0.025600002
,,,0.0003932,0.024800001
,,,0.00039321,0.024000001
,,,0.00039322,0.026400002
,,,0.00039323,0.023200001
,,,0.00039324,0.025600002
,,,0.00039325,0.025600002
,,,0.00039326,0.023200001
,,,0.00039327,0.024800001
,,,0.00039328,0.024800001
,,,0.00039329,0.023200001
,,,0.0003933,0.024000001
,,,0.00039331,0.026400002
,,,0.00039332,0.024800001
,,,0.00039333,0.024000001
,,,0.00039334,0.024000001
,,,0.00039335,0.024800001
,,,0.00039336,0.024800001
,,,0.00039337,0.023200001
,,,0.00039338,0.024800001
,,,0.00039339,0.023200001
,,,0.0003934,0.024000001
,,,0.00039341,0.022400001
,,,0.00039342,0.024800001
,,,0.00039343,0.024000001
,,,0.00039344,0.024000001
,,,0.00039345,0.024000001
,,,0.00039346,0.024800001
,,,0.00039347,0.022400001
,,,0.00039348,0.024000001
,,,0.00039349,0.025600002
,,,0.0003935,0.024000001
,,,0.00039351,0.023200001
,,,0.00039352,0.024800001
,,,0.00039353,0.024000001
,,,0.00039354,0.024000001
,,,0.00039355,0.024800001
,,,0.00039356,0.025600002
,,,0.00039357,0.024800001
,,,0.00039358,0.024000001
,,,0.00039359,0.024000001
,,,0.0003936,0.024000001
,,,0.00039361,0.023200001
,,,0.00039362,0.025600002
,,,0.00039363,0.023200001
,,,0.00039364,0.023200001
,,,0.00039365,0.024000001
,,,0.00039366,0.025600002
,,,0.00039367,0.024000001
,,,0.00039368,0.024000001
,,,0.00039369,0.024000001
,,,0.0003937,0.021600001
,,,0.00039371,0.024800001
,,,0.00039372,0.023200001
,,,0.00039373,0.024000001
,,,0.00039374,0.024000001
,,,0.00039375,0.024000001
,,,0.00039376,0.024000001
,,,0.00039377,0.024800001
,,,0.00039378,0.023200001
,,,0.00039379,0.024000001
,,,0.0003938,0.024800001
,,,0.00039381,0.023200001
,,,0.00039382,0.024000001
,,,0.00039383,0.024000001
,,,0.00039384,0.024000001
,,,0.00039385,0.024800001
,,,0.00039386,0.022400001
,,,0.00039387,0.022400001
,,,0.00039388,0.024000001
,,,0.00039389,0.024000001
,,,0.0003939,0.024000001
,,,0.00039391,0.025600002
,,,0.00039392,0.024800001
,,,0.00039393,0.026400002
,,,0.00039394,0.024800001
,,,0.00039395,0.023200001
,,,0.00039396,0.024000001
,,,0.00039397,0.022400001
,,,0.00039398,0.024000001
,,,0.00039399,0.023200001
,,,0.000394,0.024800001
,,,0.00039401,0.024000001
,,,0.00039402,0.024800001
,,,0.00039403,0.024000001
,,,0.00039404,0.024000001
,,,0.00039405,0.024000001
,,,0.00039406,0.024000001
,,,0.00039407,0.024000001
,,,0.00039408,0.024000001
,,,0.00039409,0.024000001
,,,0.0003941,0.023200001
,,,0.00039411,0.024000001
,,,0.00039412,0.024000001
,,,0.00039413,0.024000001
,,,0.00039414,0.024000001
,,,0.00039415,0.024000001
,,,0.00039416,0.023200001
,,,0.00039417,0.024000001
,,,0.00039418,0.024000001
,,,0.00039419,0.024000001
,,,0.0003942,0.024000001
,,,0.00039421,0.024800001
,,,0.00039422,0.024800001
,,,0.00039423,0.024800001
,,,0.00039424,0.024000001
,,,0.00039425,0.024000001
,,,0.00039426,0.023200001
,,,0.00039427,0.024800001
,,,0.00039428,0.024000001
,,,0.00039429,0.023200001
,,,0.0003943,0.024000001
,,,0.00039431,0.023200001
,,,0.00039432,0.024000001
,,,0.00039433,0.023200001
,,,0.00039434,0.022400001
,,,0.00039435,0.024000001
,,,0.00039436,0.022400001
,,,0.00039437,0.024000001
,,,0.00039438,0.025600002
,,,0.00039439,0.024800001
,,,0.0003944,0.024000001
,,,0.00039441,0.023200001
,,,0.00039442,0.025600002
,,,0.00039443,0.024000001
,,,0.00039444,0.023200001
,,,0.00039445,0.024800001
,,,0.00039446,0.024000001
,,,0.00039447,0.023200001
,,,0.00039448,0.026400002
,,,0.00039449,0.024800001
,,,0.0003945,0.024000001
,,,0.00039451,0.025600002
,,,0.00039452,0.024000001
,,,0.00039453,0.024000001
,,,0.00039454,0.024000001
,,,0.00039455,0.023200001
,,,0.00039456,0.024000001
,,,0.00039457,0.024000001
,,,0.00039458,0.024000001
,,,0.00039459,0.024000001
,,,0.0003946,0.024800001
,,,0.00039461,0.024000001
,,,0.00039462,0.024000001
,,,0.00039463,0.025600002
,,,0.00039464,0.024800001
,,,0.00039465,0.024800001
,,,0.00039466,0.024000001
,,,0.00039467,0.023200001
,,,0.00039468,0.025600002
,,,0.00039469,0.024000001
,,,0.0003947,0.024000001
,,,0.00039471,0.024000001
,,,0.00039472,0.024000001
,,,0.00039473,0.024000001
,,,0.00039474,0.025600002
,,,0.00039475,0.021600001
,,,0.00039476,0.024000001
,,,0.00039477,0.024800001
,,,0.00039478,0.025600002
,,,0.00039479,0.023200001
,,,0.0003948,0.023200001
,,,0.00039481,0.025600002
,,,0.00039482,0.024000001
,,,0.00039483,0.024000001
,,,0.00039484,0.024800001
,,,0.00039485,0.024000001
,,,0.00039486,0.024000001
,,,0.00039487,0.025600002
,,,0.00039488,0.024000001
,,,0.00039489,0.024000001
,,,0.0003949,0.025600002
,,,0.00039491,0.024000001
,,,0.00039492,0.024000001
,,,0.00039493,0.024000001
,,,0.00039494,0.024800001
,,,0.00039495,0.023200001
,,,0.00039496,0.024800001
,,,0.00039497,0.024800001
,,,0.00039498,0.024000001
,,,0.00039499,0.023200001
,,,0.000395,0.024000001
,,,0.00039501,0.024000001
,,,0.00039502,0.024800001
,,,0.00039503,0.021600001
,,,0.00039504,0.025600002
,,,0.00039505,0.024000001
,,,0.00039506,0.024000001
,,,0.00039507,0.024000001
,,,0.00039508,0.024800001
,,,0.00039509,0.023200001
,,,0.0003951,0.023200001
,,,0.00039511,0.023200001
,,,0.00039512,0.024800001
,,,0.00039513,0.024800001
,,,0.00039514,0.023200001
,,,0.00039515,0.024000001
,,,0.00039516,0.024000001
,,,0.00039517,0.024800001
,,,0.00039518,0.024800001
,,,0.00039519,0.026400002
,,,0.0003952,0.023200001
,,,0.00039521,0.023200001
,,,0.00039522,0.023200001
,,,0.00039523,0.024800001
,,,0.00039524,0.024800001
,,,0.00039525,0.024000001
,,,0.00039526,0.024800001
,,,0.00039527,0.023200001
,,,0.00039528,0.024000001
,,,0.00039529,0.024000001
,,,0.0003953,0.024000001
,,,0.00039531,0.024800001
,,,0.00039532,0.024000001
,,,0.00039533,0.023200001
,,,0.00039534,0.023200001
,,,0.00039535,0.024000001
,,,0.00039536,0.025600002
,,,0.00039537,0.024000001
,,,0.00039538,0.024000001
,,,0.00039539,0.024000001
,,,0.0003954,0.024800001
,,,0.00039541,0.024000001
,,,0.00039542,0.023200001
,,,0.00039543,0.024000001
,,,0.00039544,0.024800001
,,,0.00039545,0.025600002
,,,0.00039546,0.025600002
,,,0.00039547,0.024000001
,,,0.00039548,0.022400001
,,,0.00039549,0.024800001
,,,0.0003955,0.023200001
,,,0.00039551,0.024800001
,,,0.00039552,0.022400001
,,,0.00039553,0.024000001
,,,0.00039554,0.024800001
,,,0.00039555,0.024800001
,,,0.00039556,0.023200001
,,,0.00039557,0.024000001
,,,0.00039558,0.024000001
,,,0.00039559,0.024000001
,,,0.0003956,0.024000001
,,,0.00039561,0.023200001
,,,0.00039562,0.023200001
,,,0.00039563,0.024000001
,,,0.00039564,0.024000001
,,,0.00039565,0.024000001
,,,0.00039566,0.024000001
,,,0.00039567,0.024000001
,,,0.00039568,0.024000001
,,,0.00039569,0.025600002
,,,0.0003957,0.024800001
,,,0.00039571,0.024000001
,,,0.00039572,0.025600002
,,,0.00039573,0.023200001
,,,0.00039574,0.025600002
,,,0.00039575,0.024000001
,,,0.00039576,0.023200001
,,,0.00039577,0.024800001
,,,0.00039578,0.024000001
,,,0.00039579,0.024000001
,,,0.0003958,0.024800001
,,,0.00039581,0.024800001
,,,0.00039582,0.024000001
,,,0.00039583,0.024800001
,,,0.00039584,0.025600002
,,,0.00039585,0.024800001
,,,0.00039586,0.024000001
,,,0.00039587,0.024000001
,,,0.00039588,0.024800001
,,,0.00039589,0.024000001
,,,0.0003959,0.024000001
,,,0.00039591,0.024000001
,,,0.00039592,0.024800001
,,,0.00039593,0.023200001
,,,0.00039594,0.024000001
,,,0.00039595,0.024000001
,,,0.00039596,0.024000001
,,,0.00039597,0.024800001
,,,0.00039598,0.022400001
,,,0.00039599,0.025600002
,,,0.000396,0.021600001
,,,0.00039601,0.025600002
,,,0.00039602,0.024000001
,,,0.00039603,0.026400002
,,,0.00039604,0.024800001
,,,0.00039605,0.024000001
,,,0.00039606,0.024000001
,,,0.00039607,0.024000001
,,,0.00039608,0.025600002
,,,0.00039609,0.024800001
,,,0.0003961,0.024000001
,,,0.00039611,0.024800001
,,,0.00039612,0.025600002
,,,0.00039613,0.024800001
,,,0.00039614,0.024800001
,,,0.00039615,0.024000001
,,,0.00039616,0.024000001
,,,0.00039617,0.023200001
,,,0.00039618,0.023200001
,,,0.00039619,0.025600002
,,,0.0003962,0.025600002
,,,0.00039621,0.024000001
,,,0.00039622,0.023200001
,,,0.00039623,0.025600002
,,,0.00039624,0.023200001
,,,0.00039625,0.024000001
,,,0.00039626,0.024800001
,,,0.00039627,0.024000001
,,,0.00039628,0.025600002
,,,0.00039629,0.024000001
,,,0.0003963,0.023200001
,,,0.00039631,0.025600002
,,,0.00039632,0.024000001
,,,0.00039633,0.024800001
,,,0.00039634,0.024800001
,,,0.00039635,0.024800001
,,,0.00039636,0.024000001
,,,0.00039637,0.024800001
,,,0.00039638,0.025600002
,,,0.00039639,0.024000001
,,,0.0003964,0.024800001
,,,0.00039641,0.024000001
,,,0.00039642,0.024000001
,,,0.00039643,0.024000001
,,,0.00039644,0.024800001
,,,0.00039645,0.024800001
,,,0.00039646,0.024800001
,,,0.00039647,0.024000001
,,,0.00039648,0.023200001
,,,0.00039649,0.024800001
,,,0.0003965,0.024000001
,,,0.00039651,0.024800001
,,,0.00039652,0.024000001
,,,0.00039653,0.023200001
,,,0.00039654,0.024000001
,,,0.00039655,0.024000001
,,,0.00039656,0.024800001
,,,0.00039657,0.022400001
,,,0.00039658,0.023200001
,,,0.00039659,0.024800001
,,,0.0003966,0.024800001
,,,0.00039661,0.024000001
,,,0.00039662,0.024000001
,,,0.00039663,0.024800001
,,,0.00039664,0.024800001
,,,0.00039665,0.023200001
,,,0.00039666,0.024000001
,,,0.00039667,0.024000001
,,,0.00039668,0.024000001
,,,0.00039669,0.024000001
,,,0.0003967,0.024000001
,,,0.00039671,0.024000001
,,,0.00039672,0.024000001
,,,0.00039673,0.024000001
,,,0.00039674,0.023200001
,,,0.00039675,0.024000001
,,,0.00039676,0.024000001
,,,0.00039677,0.023200001
,,,0.00039678,0.024000001
,,,0.00039679,0.024000001
,,,0.0003968,0.023200001
,,,0.00039681,0.024000001
,,,0.00039682,0.023200001
,,,0.00039683,0.024000001
,,,0.00039684,0.024800001
,,,0.00039685,0.023200001
,,,0.00039686,0.024000001
,,,0.00039687,0.023200001
,,,0.00039688,0.025600002
,,,0.00039689,0.024000001
,,,0.0003969,0.023200001
,,,0.00039691,0.024000001
,,,0.00039692,0.025600002
,,,0.00039693,0.024000001
,,,0.00039694,0.024800001
,,,0.00039695,0.024000001
,,,0.00039696,0.024000001
,,,0.00039697,0.024800001
,,,0.00039698,0.023200001
,,,0.00039699,0.024000001
,,,0.000397,0.025600002
,,,0.00039701,0.027200002
,,,0.00039702,0.024000001
,,,0.00039703,0.022400001
,,,0.00039704,0.024800001
,,,0.00039705,0.025600002
,,,0.00039706,0.023200001
,,,0.00039707,0.024800001
,,,0.00039708,0.024800001
,,,0.00039709,0.024000001
,,,0.0003971,0.024000001
,,,0.00039711,0.026400002
,,,0.00039712,0.024800001
,,,0.00039713,0.025600002
,,,0.00039714,0.024000001
,,,0.00039715,0.025600002
,,,0.00039716,0.024800001
,,,0.00039717,0.024800001
,,,0.00039718,0.024800001
,,,0.00039719,0.024800001
,,,0.0003972,0.025600002
,,,0.00039721,0.025600002
,,,0.00039722,0.023200001
,,,0.00039723,0.024000001
,,,0.00039724,0.026400002
,,,0.00039725,0.023200001
,,,0.00039726,0.024800001
,,,0.00039727,0.024000001
,,,0.00039728,0.024800001
,,,0.00039729,0.024000001
,,,0.0003973,0.024000001
,,,0.00039731,0.024000001
,,,0.00039732,0.025600002
,,,0.00039733,0.024000001
,,,0.00039734,0.024800001
,,,0.00039735,0.024800001
,,,0.00039736,0.024000001
,,,0.00039737,0.023200001
,,,0.00039738,0.023200001
,,,0.00039739,0.024000001
,,,0.0003974,0.024000001
,,,0.00039741,0.024800001
,,,0.00039742,0.024800001
,,,0.00039743,0.024000001
,,,0.00039744,0.024800001
,,,0.00039745,0.023200001
,,,0.00039746,0.024800001
,,,0.00039747,0.023200001
,,,0.00039748,0.024000001
,,,0.00039749,0.024000001
,,,0.0003975,0.024000001
,,,0.00039751,0.024000001
,,,0.00039752,0.023200001
,,,0.00039753,0.023200001
,,,0.00039754,0.024000001
,,,0.00039755,0.023200001
,,,0.00039756,0.024000001
,,,0.00039757,0.022400001
,,,0.00039758,0.024000001
,,,0.00039759,0.024800001
,,,0.0003976,0.024000001
,,,0.00039761,0.024000001
,,,0.00039762,0.024000001
,,,0.00039763,0.023200001
,,,0.00039764,0.025600002
,,,0.00039765,0.024800001
,,,0.00039766,0.024800001
,,,0.00039767,0.024000001
,,,0.00039768,0.024000001
,,,0.00039769,0.024000001
,,,0.0003977,0.025600002
,,,0.00039771,0.024000001
,,,0.00039772,0.024000001
,,,0.00039773,0.027200002
,,,0.00039774,0.024800001
,,,0.00039775,0.024000001
,,,0.00039776,0.024800001
,,,0.00039777,0.024000001
,,,0.00039778,0.024000001
,,,0.00039779,0.025600002
,,,0.0003978,0.024800001
,,,0.00039781,0.024000001
,,,0.00039782,0.023200001
,,,0.00039783,0.023200001
,,,0.00039784,0.024800001
,,,0.00039785,0.024000001
,,,0.00039786,0.024000001
,,,0.00039787,0.025600002
,,,0.00039788,0.024000001
,,,0.00039789,0.024000001
,,,0.0003979,0.024000001
,,,0.00039791,0.022400001
,,,0.00039792,0.024000001
,,,0.00039793,0.022400001
,,,0.00039794,0.024800001
,,,0.00039795,0.024000001
,,,0.00039796,0.023200001
,,,0.00039797,0.023200001
,,,0.00039798,0.024800001
,,,0.00039799,0.024800001
,,,0.000398,0.024000001
,,,0.00039801,0.024000001
,,,0.00039802,0.024000001
,,,0.00039803,0.024000001
,,,0.00039804,0.024000001
,,,0.00039805,0.023200001
,,,0.00039806,0.025600002
,,,0.00039807,0.024800001
,,,0.00039808,0.024000001
,,,0.00039809,0.024800001
,,,0.0003981,0.024800001
,,,0.00039811,0.024800001
,,,0.00039812,0.024000001
,,,0.00039813,0.024000001
,,,0.00039814,0.024000001
,,,0.00039815,0.023200001
,,,0.00039816,0.024000001
,,,0.00039817,0.024000001
,,,0.00039818,0.024000001
,,,0.00039819,0.023200001
,,,0.0003982,0.024000001
,,,0.00039821,0.025600002
,,,0.00039822,0.024000001
,,,0.00039823,0.024000001
,,,0.00039824,0.023200001
,,,0.00039825,0.024000001
,,,0.00039826,0.024000001
,,,0.00039827,0.024000001
,,,0.00039828,0.025600002
,,,0.00039829,0.024000001
,,,0.0003983,0.024800001
,,,0.00039831,0.022400001
,,,0.00039832,0.023200001
,,,0.00039833,0.025600002
,,,0.00039834,0.024800001
,,,0.00039835,0.024800001
,,,0.00039836,0.024800001
,,,0.00039837,0.024800001
,,,0.00039838,0.024000001
,,,0.00039839,0.024800001
,,,0.0003984,0.024000001
,,,0.00039841,0.022400001
,,,0.00039842,0.024000001
,,,0.00039843,0.024000001
,,,0.00039844,0.024000001
,,,0.00039845,0.025600002
,,,0.00039846,0.024800001
,,,0.00039847,0.024000001
,,,0.00039848,0.024000001
,,,0.00039849,0.022400001
,,,0.0003985,0.024000001
,,,0.00039851,0.023200001
,,,0.00039852,0.024000001
,,,0.00039853,0.024000001
,,,0.00039854,0.024800001
,,,0.00039855,0.023200001
,,,0.00039856,0.024000001
,,,0.00039857,0.023200001
,,,0.00039858,0.024000001
,,,0.00039859,0.024000001
,,,0.0003986,0.026400002
,,,0.00039861,0.024000001
,,,0.00039862,0.024000001
,,,0.00039863,0.024000001
,,,0.00039864,0.025600002
,,,0.00039865,0.024800001
,,,0.00039866,0.024800001
,,,0.00039867,0.024800001
,,,0.00039868,0.025600002
,,,0.00039869,0.024000001
,,,0.0003987,0.025600002
,,,0.00039871,0.024000001
,,,0.00039872,0.024800001
,,,0.00039873,0.024000001
,,,0.00039874,0.024800001
,,,0.00039875,0.024800001
,,,0.00039876,0.024000001
,,,0.00039877,0.023200001
,,,0.00039878,0.024000001
,,,0.00039879,0.024800001
,,,0.0003988,0.024800001
,,,0.00039881,0.024000001
,,,0.00039882,0.024000001
,,,0.00039883,0.024000001
,,,0.00039884,0.024000001
,,,0.00039885,0.024000001
,,,0.00039886,0.026400002
,,,0.00039887,0.025600002
,,,0.00039888,0.024000001
,,,0.00039889,0.024000001
,,,0.0003989,0.024800001
,,,0.00039891,0.024800001
,,,0.00039892,0.025600002
,,,0.00039893,0.024000001
,,,0.00039894,0.024800001
,,,0.00039895,0.025600002
,,,0.00039896,0.024800001
,,,0.00039897,0.024000001
,,,0.00039898,0.024800001
,,,0.00039899,0.024000001
,,,0.000399,0.024000001
,,,0.00039901,0.024800001
,,,0.00039902,0.024800001
,,,0.00039903,0.024000001
,,,0.00039904,0.024800001
,,,0.00039905,0.024000001
,,,0.00039906,0.024800001
,,,0.00039907,0.024000001
,,,0.00039908,0.024000001
,,,0.00039909,0.024000001
,,,0.0003991,0.025600002
,,,0.00039911,0.024800001
,,,0.00039912,0.025600002
,,,0.00039913,0.024000001
,,,0.00039914,0.024800001
,,,0.00039915,0.024800001
,,,0.00039916,0.024000001
,,,0.00039917,0.024000001
,,,0.00039918,0.023200001
,,,0.00039919,0.023200001
,,,0.0003992,0.024000001
,,,0.00039921,0.024000001
,,,0.00039922,0.023200001
,,,0.00039923,0.024000001
,,,0.00039924,0.024800001
,,,0.00039925,0.025600002
,,,0.00039926,0.024800001
,,,0.00039927,0.024800001
,,,0.00039928,0.024800001
,,,0.00039929,0.024000001
,,,0.0003993,0.024800001
,,,0.00039931,0.024000001
,,,0.00039932,0.024000001
,,,0.00039933,0.024800001
,,,0.00039934,0.022400001
,,,0.00039935,0.024000001
,,,0.00039936,0.025600002
,,,0.00039937,0.022400001
,,,0.00039938,0.024000001
,,,0.00039939,0.024000001
,,,0.0003994,0.024000001
,,,0.00039941,0.024000001
,,,0.00039942,0.023200001
,,,0.00039943,0.024800001
,,,0.00039944,0.024000001
,,,0.00039945,0.024000001
,,,0.00039946,0.024800001
,,,0.00039947,0.024800001
,,,0.00039948,0.024000001
,,,0.00039949,0.024800001
,,,0.0003995,0.024000001
,,,0.00039951,0.024000001
,,,0.00039952,0.024800001
,,,0.00039953,0.022400001
,,,0.00039954,0.024800001
,,,0.00039955,0.024000001
,,,0.00039956,0.023200001
,,,0.00039957,0.024000001
,,,0.00039958,0.024800001
,,,0.00039959,0.024800001
,,,0.0003996,0.024000001
,,,0.00039961,0.023200001
,,,0.00039962,0.026400002
,,,0.00039963,0.024800001
,,,0.00039964,0.024800001
,,,0.00039965,0.025600002
,,,0.00039966,0.024000001
,,,0.00039967,0.024000001
,,,0.00039968,0.024000001
,,,0.00039969,0.023200001
,,,0.0003997,0.025600002
,,,0.00039971,0.024800001
,,,0.00039972,0.024000001
,,,0.00039973,0.024800001
,,,0.00039974,0.025600002
,,,0.00039975,0.024000001
,,,0.00039976,0.024000001
,,,0.00039977,0.024000001
,,,0.00039978,0.024000001
,,,0.00039979,0.024000001
,,,0.0003998,0.024800001
,,,0.00039981,0.025600002
,,,0.00039982,0.025600002
,,,0.00039983,0.025600002
,,,0.00039984,0.024000001
,,,0.00039985,0.024000001
,,,0.00039986,0.021600001
,,,0.00039987,0.023200001
,,,0.00039988,0.024000001
,,,0.00039989,0.024000001
,,,0.0003999,0.023200001
,,,0.00039991,0.024800001
,,,0.00039992,0.025600002
,,,0.00039993,0.024000001
,,,0.00039994,0.024800001
,,,0.00039995,0.022400001
,,,0.00039996,0.024000001
,,,0.00039997,0.024000001
,,,0.00039998,0.023200001
,,,0.00039999,0.024800001
,,,0.0004,0.024800001
,,,0.00040001,0.024000001
,,,0.00040002,0.024800001
,,,0.00040003,0.023200001
,,,0.00040004,0.025600002
,,,0.00040005,0.024000001
,,,0.00040006,0.024000001
,,,0.00040007,0.024000001
,,,0.00040008,0.024800001
,,,0.00040009,0.024800001
,,,0.0004001,0.024800001
,,,0.00040011,0.023200001
,,,0.00040012,0.024000001
,,,0.00040013,0.025600002
,,,0.00040014,0.024000001
,,,0.00040015,0.024000001
,,,0.00040016,0.025600002
,,,0.00040017,0.024000001
,,,0.00040018,0.024000001
,,,0.00040019,0.024000001
,,,0.0004002,0.024800001
,,,0.00040021,0.024000001
,,,0.00040022,0.024000001
,,,0.00040023,0.024800001
,,,0.00040024,0.023200001
,,,0.00040025,0.024800001
,,,0.00040026,0.024000001
,,,0.00040027,0.024000001
,,,0.00040028,0.024000001
,,,0.00040029,0.024000001
,,,0.0004003,0.024800001
,,,0.00040031,0.024000001
,,,0.00040032,0.024000001
,,,0.00040033,0.023200001
,,,0.00040034,0.024800001
,,,0.00040035,0.024800001
,,,0.00040036,0.024000001
,,,0.00040037,0.024800001
,,,0.00040038,0.024800001
,,,0.00040039,0.024000001
,,,0.0004004,0.022400001
,,,0.00040041,0.022400001
,,,0.00040042,0.024000001
,,,0.00040043,0.024800001
,,,0.00040044,0.024800001
,,,0.00040045,0.024800001
,,,0.00040046,0.023200001
,,,0.00040047,0.024000001
,,,0.00040048,0.022400001
,,,0.00040049,0.025600002
,,,0.0004005,0.024000001
,,,0.00040051,0.024000001
,,,0.00040052,0.024000001
,,,0.00040053,0.024800001
,,,0.00040054,0.024000001
,,,0.00040055,0.024000001
,,,0.00040056,0.024000001
,,,0.00040057,0.024800001
,,,0.00040058,0.024000001
,,,0.00040059,0.023200001
,,,0.0004006,0.024000001
,,,0.00040061,0.024800001
,,,0.00040062,0.024800001
,,,0.00040063,0.025600002
,,,0.00040064,0.024800001
,,,0.00040065,0.024000001
,,,0.00040066,0.025600002
,,,0.00040067,0.023200001
,,,0.00040068,0.025600002
,,,0.00040069,0.025600002
,,,0.0004007,0.024800001
,,,0.00040071,0.024800001
,,,0.00040072,0.022400001
,,,0.00040073,0.024000001
,,,0.00040074,0.025600002
,,,0.00040075,0.025600002
,,,0.00040076,0.024000001
,,,0.00040077,0.024800001
,,,0.00040078,0.024800001
,,,0.00040079,0.026400002
,,,0.0004008,0.024800001
,,,0.00040081,0.025600002
,,,0.00040082,0.024000001
,,,0.00040083,0.024000001
,,,0.00040084,0.023200001
,,,0.00040085,0.024000001
,,,0.00040086,0.024000001
,,,0.00040087,0.024000001
,,,0.00040088,0.023200001
,,,0.00040089,0.025600002
,,,0.0004009,0.024000001
,,,0.00040091,0.023200001
,,,0.00040092,0.024800001
,,,0.00040093,0.024800001
,,,0.00040094,0.024800001
,,,0.00040095,0.024000001
,,,0.00040096,0.024000001
,,,0.00040097,0.025600002
,,,0.00040098,0.024800001
,,,0.00040099,0.024800001
,,,0.000401,0.024000001
,,,0.00040101,0.024800001
,,,0.00040102,0.024000001
,,,0.00040103,0.024000001
,,,0.00040104,0.023200001
,,,0.00040105,0.023200001
,,,0.00040106,0.026400002
,,,0.00040107,0.024000001
,,,0.00040108,0.025600002
,,,0.00040109,0.024000001
,,,0.0004011,0.024000001
,,,0.00040111,0.024000001
,,,0.00040112,0.024000001
,,,0.00040113,0.024800001
,,,0.00040114,0.023200001
,,,0.00040115,0.023200001
,,,0.00040116,0.024000001
,,,0.00040117,0.024800001
,,,0.00040118,0.025600002
,,,0.00040119,0.025600002
,,,0.0004012,0.024000001
,,,0.00040121,0.023200001
,,,0.00040122,0.024000001
,,,0.00040123,0.024000001
,,,0.00040124,0.024000001
,,,0.00040125,0.024800001
,,,0.00040126,0.024000001
,,,0.00040127,0.025600002
,,,0.00040128,0.024800001
,,,0.00040129,0.024800001
,,,0.0004013,0.025600002
,,,0.00040131,0.024000001
,,,0.00040132,0.024800001
,,,0.00040133,0.025600002
,,,0.00040134,0.024000001
,,,0.00040135,0.024800001
,,,0.00040136,0.024000001
,,,0.00040137,0.024800001
,,,0.00040138,0.026400002
,,,0.00040139,0.023200001
,,,0.0004014,0.024000001
,,,0.00040141,0.025600002
,,,0.00040142,0.024000001
,,,0.00040143,0.023200001
,,,0.00040144,0.025600002
,,,0.00040145,0.024000001
,,,0.00040146,0.025600002
,,,0.00040147,0.023200001
,,,0.00040148,0.024000001
,,,0.00040149,0.024000001
,,,0.0004015,0.024000001
,,,0.00040151,0.024800001
,,,0.00040152,0.022400001
,,,0.00040153,0.024800001
,,,0.00040154,0.024800001
,,,0.00040155,0.024000001
,,,0.00040156,0.024800001
,,,0.00040157,0.024000001
,,,0.00040158,0.024800001
,,,0.00040159,0.024000001
,,,0.0004016,0.024000001
,,,0.00040161,0.025600002
,,,0.00040162,0.024800001
,,,0.00040163,0.024800001
,,,0.00040164,0.024000001
,,,0.00040165,0.025600002
,,,0.00040166,0.024000001
,,,0.00040167,0.024800001
,,,0.00040168,0.024000001
,,,0.00040169,0.024000001
,,,0.0004017,0.025600002
,,,0.00040171,0.024000001
,,,0.00040172,0.024000001
,,,0.00040173,0.024000001
,,,0.00040174,0.026400002
,,,0.00040175,0.024000001
,,,0.00040176,0.024000001
,,,0.00040177,0.024000001
,,,0.00040178,0.024000001
,,,0.00040179,0.024800001
,,,0.0004018,0.025600002
,,,0.00040181,0.024000001
,,,0.00040182,0.023200001
,,,0.00040183,0.023200001
,,,0.00040184,0.024000001
,,,0.00040185,0.024800001
,,,0.00040186,0.026400002
,,,0.00040187,0.024000001
,,,0.00040188,0.024800001
,,,0.00040189,0.024000001
,,,0.0004019,0.024800001
,,,0.00040191,0.023200001
,,,0.00040192,0.024000001
,,,0.00040193,0.024000001
,,,0.00040194,0.024000001
,,,0.00040195,0.023200001
,,,0.00040196,0.025600002
,,,0.00040197,0.024000001
,,,0.00040198,0.024000001
,,,0.00040199,0.024800001
,,,0.000402,0.023200001
,,,0.00040201,0.024000001
,,,0.00040202,0.024000001
,,,0.00040203,0.024000001
,,,0.00040204,0.024800001
,,,0.00040205,0.025600002
,,,0.00040206,0.024000001
,,,0.00040207,0.024000001
,,,0.00040208,0.022400001
,,,0.00040209,0.024800001
,,,0.0004021,0.024000001
,,,0.00040211,0.024800001
,,,0.00040212,0.024000001
,,,0.00040213,0.024000001
,,,0.00040214,0.024000001
,,,0.00040215,0.024000001
,,,0.00040216,0.024000001
,,,0.00040217,0.024000001
,,,0.00040218,0.024000001
,,,0.00040219,0.025600002
,,,0.0004022,0.024800001
,,,0.00040221,0.024000001
,,,0.00040222,0.024000001
,,,0.00040223,0.024000001
,,,0.00040224,0.024000001
,,,0.00040225,0.023200001
,,,0.00040226,0.024800001
,,,0.00040227,0.024000001
,,,0.00040228,0.024000001
,,,0.00040229,0.024000001
,,,0.0004023,0.024800001
,,,0.00040231,0.024800001
,,,0.00040232,0.024800001
,,,0.00040233,0.024800001
,,,0.00040234,0.023200001
,,,0.00040235,0.022400001
,,,0.00040236,0.024800001
,,,0.00040237,0.024000001
,,,0.00040238,0.025600002
,,,0.00040239,0.024000001
,,,0.0004024,0.024000001
,,,0.00040241,0.023200001
,,,0.00040242,0.023200001
,,,0.00040243,0.024000001
,,,0.00040244,0.024800001
,,,0.00040245,0.024800001
,,,0.00040246,0.024000001
,,,0.00040247,0.023200001
,,,0.00040248,0.024000001
,,,0.00040249,0.024800001
,,,0.0004025,0.025600002
,,,0.00040251,0.024000001
,,,0.00040252,0.024000001
,,,0.00040253,0.024000001
,,,0.00040254,0.024000001
,,,0.00040255,0.024800001
,,,0.00040256,0.024000001
,,,0.00040257,0.024000001
,,,0.00040258,0.025600002
,,,0.00040259,0.024800001
,,,0.0004026,0.024000001
,,,0.00040261,0.025600002
,,,0.00040262,0.024000001
,,,0.00040263,0.024800001
,,,0.00040264,0.024800001
,,,0.00040265,0.025600002
,,,0.00040266,0.023200001
,,,0.00040267,0.023200001
,,,0.00040268,0.024800001
,,,0.00040269,0.024000001
,,,0.0004027,0.024000001
,,,0.00040271,0.024000001
,,,0.00040272,0.024000001
,,,0.00040273,0.024000001
,,,0.00040274,0.024000001
,,,0.00040275,0.025600002
,,,0.00040276,0.024000001
,,,0.00040277,0.024000001
,,,0.00040278,0.024000001
,,,0.00040279,0.024000001
,,,0.0004028,0.024000001
,,,0.00040281,0.024000001
,,,0.00040282,0.024000001
,,,0.00040283,0.024800001
,,,0.00040284,0.024000001
,,,0.00040285,0.024800001
,,,0.00040286,0.024000001
,,,0.00040287,0.024000001
,,,0.00040288,0.024000001
,,,0.00040289,0.024000001
,,,0.0004029,0.024000001
,,,0.00040291,0.024800001
,,,0.00040292,0.024000001
,,,0.00040293,0.024000001
,,,0.00040294,0.025600002
,,,0.00040295,0.024000001
,,,0.00040296,0.025600002
,,,0.00040297,0.024800001
,,,0.00040298,0.023200001
,,,0.00040299,0.024800001
,,,0.000403,0.024800001
,,,0.00040301,0.024800001
,,,0.00040302,0.024000001
,,,0.00040303,0.023200001
,,,0.00040304,0.024000001
,,,0.00040305,0.022400001
,,,0.00040306,0.024000001
,,,0.00040307,0.024000001
,,,0.00040308,0.025600002
,,,0.00040309,0.024800001
,,,0.0004031,0.024000001
,,,0.00040311,0.024000001
,,,0.00040312,0.024000001
,,,0.00040313,0.022400001
,,,0.00040314,0.023200001
,,,0.00040315,0.024000001
,,,0.00040316,0.024000001
,,,0.00040317,0.024000001
,,,0.00040318,0.024000001
,,,0.00040319,0.024000001
,,,0.0004032,0.024000001
,,,0.00040321,0.024000001
,,,0.00040322,0.024800001
,,,0.00040323,0.025600002
,,,0.00040324,0.023200001
,,,0.00040325,0.024000001
,,,0.00040326,0.024000001
,,,0.00040327,0.024000001
,,,0.00040328,0.024000001
,,,0.00040329,0.024000001
,,,0.0004033,0.025600002
,,,0.00040331,0.024000001
,,,0.00040332,0.023200001
,,,0.00040333,0.024800001
,,,0.00040334,0.024000001
,,,0.00040335,0.024000001
,,,0.00040336,0.024000001
,,,0.00040337,0.024000001
,,,0.00040338,0.024000001
,,,0.00040339,0.026400002
,,,0.0004034,0.024800001
,,,0.00040341,0.024800001
,,,0.00040342,0.024000001
,,,0.00040343,0.024800001
,,,0.00040344,0.024000001
,,,0.00040345,0.025600002
,,,0.00040346,0.024000001
,,,0.00040347,0.024800001
,,,0.00040348,0.024800001
,,,0.00040349,0.024000001
,,,0.0004035,0.024000001
,,,0.00040351,0.024000001
,,,0.00040352,0.024800001
,,,0.00040353,0.024000001
,,,0.00040354,0.024000001
,,,0.00040355,0.024000001
,,,0.00040356,0.023200001
,,,0.00040357,0.024000001
,,,0.00040358,0.024000001
,,,0.00040359,0.024800001
,,,0.0004036,0.024000001
,,,0.00040361,0.024000001
,,,0.00040362,0.025600002
,,,0.00040363,0.024800001
,,,0.00040364,0.023200001
,,,0.00040365,0.024000001
,,,0.00040366,0.024000001
,,,0.00040367,0.025600002
,,,0.00040368,0.024000001
,,,0.00040369,0.024800001
,,,0.0004037,0.025600002
,,,0.00040371,0.024000001
,,,0.00040372,0.024000001
,,,0.00040373,0.024800001
,,,0.00040374,0.024800001
,,,0.00040375,0.024000001
,,,0.00040376,0.024000001
,,,0.00040377,0.023200001
,,,0.00040378,0.023200001
,,,0.00040379,0.024800001
,,,0.0004038,0.025600002
,,,0.00040381,0.024000001
,,,0.00040382,0.024800001
,,,0.00040383,0.024000001
,,,0.00040384,0.024000001
,,,0.00040385,0.024800001
,,,0.00040386,0.025600002
,,,0.00040387,0.023200001
,,,0.00040388,0.024000001
,,,0.00040389,0.024800001
,,,0.0004039,0.024000001
,,,0.00040391,0.024800001
,,,0.00040392,0.024800001
,,,0.00040393,0.024000001
,,,0.00040394,0.023200001
,,,0.00040395,0.024000001
,,,0.00040396,0.023200001
,,,0.00040397,0.024800001
,,,0.00040398,0.025600002
,,,0.00040399,0.024000001
,,,0.000404,0.023200001
,,,0.00040401,0.024000001
,,,0.00040402,0.024000001
,,,0.00040403,0.024000001
,,,0.00040404,0.024800001
,,,0.00040405,0.023200001
,,,0.00040406,0.023200001
,,,0.00040407,0.023200001
,,,0.00040408,0.024800001
,,,0.00040409,0.023200001
,,,0.0004041,0.024000001
,,,0.00040411,0.024000001
,,,0.00040412,0.024000001
,,,0.00040413,0.024000001
,,,0.00040414,0.023200001
,,,0.00040415,0.025600002
,,,0.00040416,0.024000001
,,,0.00040417,0.025600002
,,,0.00040418,0.024000001
,,,0.00040419,0.023200001
,,,0.0004042,0.023200001
,,,0.00040421,0.024000001
,,,0.00040422,0.023200001
,,,0.00040423,0.025600002
,,,0.00040424,0.025600002
,,,0.00040425,0.024000001
,,,0.00040426,0.024000001
,,,0.00040427,0.022400001
,,,0.00040428,0.024000001
,,,0.00040429,0.024800001
,,,0.0004043,0.024800001
,,,0.00040431,0.022400001
,,,0.00040432,0.023200001
,,,0.00040433,0.024000001
,,,0.00040434,0.024000001
,,,0.00040435,0.027200002
,,,0.00040436,0.024800001
,,,0.00040437,0.023200001
,,,0.00040438,0.024000001
,,,0.00040439,0.024000001
,,,0.0004044,0.024000001
,,,0.00040441,0.025600002
,,,0.00040442,0.024000001
,,,0.00040443,0.022400001
,,,0.00040444,0.023200001
,,,0.00040445,0.022400001
,,,0.00040446,0.022400001
,,,0.00040447,0.024000001
,,,0.00040448,0.025600002
,,,0.00040449,0.024000001
,,,0.0004045,0.024800001
,,,0.00040451,0.025600002
,,,0.00040452,0.024800001
,,,0.00040453,0.024000001
,,,0.00040454,0.024000001
,,,0.00040455,0.023200001
,,,0.00040456,0.024800001
,,,0.00040457,0.024000001
,,,0.00040458,0.024000001
,,,0.00040459,0.024000001
,,,0.0004046,0.023200001
,,,0.00040461,0.024000001
,,,0.00040462,0.024800001
,,,0.00040463,0.024000001
,,,0.00040464,0.024000001
,,,0.00040465,0.024800001
,,,0.00040466,0.024800001
,,,0.00040467,0.024800001
,,,0.00040468,0.022400001
,,,0.00040469,0.022400001
,,,0.0004047,0.021600001
,,,0.00040471,0.024800001
,,,0.00040472,0.024000001
,,,0.00040473,0.024000001
,,,0.00040474,0.024800001
,,,0.00040475,0.023200001
,,,0.00040476,0.024000001
,,,0.00040477,0.025600002
,,,0.00040478,0.024000001
,,,0.00040479,0.024000001
,,,0.0004048,0.024000001
,,,0.00040481,0.024000001
,,,0.00040482,0.024800001
,,,0.00040483,0.024800001
,,,0.00040484,0.024800001
,,,0.00040485,0.022400001
,,,0.00040486,0.024000001
,,,0.00040487,0.024800001
,,,0.00040488,0.026400002
,,,0.00040489,0.024000001
,,,0.0004049,0.025600002
,,,0.00040491,0.023200001
,,,0.00040492,0.024000001
,,,0.00040493,0.024000001
,,,0.00040494,0.023200001
,,,0.00040495,0.024000001
,,,0.00040496,0.023200001
,,,0.00040497,0.024000001
,,,0.00040498,0.023200001
,,,0.00040499,0.024000001
,,,0.000405,0.023200001
,,,0.00040501,0.024000001
,,,0.00040502,0.024000001
,,,0.00040503,0.024800001
,,,0.00040504,0.025600002
,,,0.00040505,0.024000001
,,,0.00040506,0.024800001
,,,0.00040507,0.023200001
,,,0.00040508,0.024800001
,,,0.00040509,0.024800001
,,,0.0004051,0.024800001
,,,0.00040511,0.023200001
,,,0.00040512,0.024800001
,,,0.00040513,0.024800001
,,,0.00040514,0.024000001
,,,0.00040515,0.024800001
,,,0.00040516,0.022400001
,,,0.00040517,0.024000001
,,,0.00040518,0.024000001
,,,0.00040519,0.024800001
,,,0.0004052,0.024000001
,,,0.00040521,0.024800001
,,,0.00040522,0.024000001
,,,0.00040523,0.023200001
,,,0.00040524,0.023200001
,,,0.00040525,0.024000001
,,,0.00040526,0.024800001
,,,0.00040527,0.024800001
,,,0.00040528,0.024000001
,,,0.00040529,0.024000001
,,,0.0004053,0.024000001
,,,0.00040531,0.024000001
,,,0.00040532,0.023200001
,,,0.00040533,0.024000001
,,,0.00040534,0.024000001
,,,0.00040535,0.023200001
,,,0.00040536,0.024000001
,,,0.00040537,0.026400002
,,,0.00040538,0.024800001
,,,0.00040539,0.024000001
,,,0.0004054,0.024000001
,,,0.00040541,0.024000001
,,,0.00040542,0.025600002
,,,0.00040543,0.025600002
,,,0.00040544,0.023200001
,,,0.00040545,0.023200001
,,,0.00040546,0.024800001
,,,0.00040547,0.023200001
,,,0.00040548,0.024000001
,,,0.00040549,0.024000001
,,,0.0004055,0.024000001
,,,0.00040551,0.024800001
,,,0.00040552,0.024000001
,,,0.00040553,0.024800001
,,,0.00040554,0.024800001
,,,0.00040555,0.024000001
,,,0.00040556,0.023200001
,,,0.00040557,0.023200001
,,,0.00040558,0.024000001
,,,0.00040559,0.024000001
,,,0.0004056,0.024000001
,,,0.00040561,0.024000001
,,,0.00040562,0.024800001
,,,0.00040563,0.024000001
,,,0.00040564,0.022400001
,,,0.00040565,0.024000001
,,,0.00040566,0.024000001
,,,0.00040567,0.024000001
,,,0.00040568,0.024800001
,,,0.00040569,0.024000001
,,,0.0004057,0.024800001
,,,0.00040571,0.023200001
,,,0.00040572,0.024800001
,,,0.00040573,0.024000001
,,,0.00040574,0.024800001
,,,0.00040575,0.024800001
,,,0.00040576,0.024800001
,,,0.00040577,0.024800001
,,,0.00040578,0.024000001
,,,0.00040579,0.024000001
,,,0.0004058,0.025600002
,,,0.00040581,0.024000001
,,,0.00040582,0.024000001
,,,0.00040583,0.025600002
,,,0.00040584,0.024000001
,,,0.00040585,0.024000001
,,,0.00040586,0.024000001
,,,0.00040587,0.024000001
,,,0.00040588,0.024000001
,,,0.00040589,0.024000001
,,,0.0004059,0.024000001
,,,0.00040591,0.024000001
,,,0.00040592,0.024000001
,,,0.00040593,0.021600001
,,,0.00040594,0.024000001
,,,0.00040595,0.024000001
,,,0.00040596,0.026400002
,,,0.00040597,0.023200001
,,,0.00040598,0.024000001
,,,0.00040599,0.024000001
,,,0.000406,0.024000001
,,,0.00040601,0.023200001
,,,0.00040602,0.024000001
,,,0.00040603,0.023200001
,,,0.00040604,0.024800001
,,,0.00040605,0.023200001
,,,0.00040606,0.024800001
,,,0.00040607,0.024000001
,,,0.00040608,0.024000001
,,,0.00040609,0.024000001
,,,0.0004061,0.024800001
,,,0.00040611,0.024000001
,,,0.00040612,0.024000001
,,,0.00040613,0.024800001
,,,0.00040614,0.024000001
,,,0.00040615,0.024000001
,,,0.00040616,0.024000001
,,,0.00040617,0.024000001
,,,0.00040618,0.025600002
,,,0.00040619,0.025600002
,,,0.0004062,0.026400002
,,,0.00040621,0.023200001
,,,0.00040622,0.022400001
,,,0.00040623,0.025600002
,,,0.00040624,0.024800001
,,,0.00040625,0.022400001
,,,0.00040626,0.024000001
,,,0.00040627,0.025600002
,,,0.00040628,0.024000001
,,,0.00040629,0.024800001
,,,0.0004063,0.024000001
,,,0.00040631,0.024000001
,,,0.00040632,0.024800001
,,,0.00040633,0.024000001
,,,0.00040634,0.024000001
,,,0.00040635,0.023200001
,,,0.00040636,0.024000001
,,,0.00040637,0.024000001
,,,0.00040638,0.025600002
,,,0.00040639,0.024000001
,,,0.0004064,0.024800001
,,,0.00040641,0.022400001
,,,0.00040642,0.022400001
,,,0.00040643,0.024000001
,,,0.00040644,0.023200001
,,,0.00040645,0.024000001
,,,0.00040646,0.024000001
,,,0.00040647,0.024000001
,,,0.00040648,0.024000001
,,,0.00040649,0.024000001
,,,0.0004065,0.023200001
,,,0.00040651,0.024000001
,,,0.00040652,0.024000001
,,,0.00040653,0.024000001
,,,0.00040654,0.024800001
,,,0.00040655,0.024000001
,,,0.00040656,0.024000001
,,,0.00040657,0.025600002
,,,0.00040658,0.024000001
,,,0.00040659,0.024800001
,,,0.0004066,0.023200001
,,,0.00040661,0.024000001
,,,0.00040662,0.025600002
,,,0.00040663,0.024800001
,,,0.00040664,0.025600002
,,,0.00040665,0.024000001
,,,0.00040666,0.024000001
,,,0.00040667,0.024000001
,,,0.00040668,0.024000001
,,,0.00040669,0.024800001
,,,0.0004067,0.023200001
,,,0.00040671,0.025600002
,,,0.00040672,0.024000001
,,,0.00040673,0.024800001
,,,0.00040674,0.024000001
,,,0.00040675,0.024800001
,,,0.00040676,0.025600002
,,,0.00040677,0.024000001
,,,0.00040678,0.024800001
,,,0.00040679,0.024800001
,,,0.0004068,0.024000001
,,,0.00040681,0.024800001
,,,0.00040682,0.024000001
,,,0.00040683,0.023200001
,,,0.00040684,0.024000001
,,,0.00040685,0.024000001
,,,0.00040686,0.024000001
,,,0.00040687,0.024800001
,,,0.00040688,0.024800001
,,,0.00040689,0.024000001
,,,0.0004069,0.024000001
,,,0.00040691,0.024000001
,,,0.00040692,0.025600002
,,,0.00040693,0.024000001
,,,0.00040694,0.024000001
,,,0.00040695,0.024000001
,,,0.00040696,0.024800001
,,,0.00040697,0.024000001
,,,0.00040698,0.023200001
,,,0.00040699,0.024000001
,,,0.000407,0.024800001
,,,0.00040701,0.024000001
,,,0.00040702,0.024800001
,,,0.00040703,0.024000001
,,,0.00040704,0.024800001
,,,0.00040705,0.024000001
,,,0.00040706,0.024000001
,,,0.00040707,0.023200001
,,,0.00040708,0.024000001
,,,0.00040709,0.024000001
,,,0.0004071,0.023200001
,,,0.00040711,0.023200001
,,,0.00040712,0.024000001
,,,0.00040713,0.024000001
,,,0.00040714,0.026400002
,,,0.00040715,0.024000001
,,,0.00040716,0.024800001
,,,0.00040717,0.024800001
,,,0.00040718,0.024000001
,,,0.00040719,0.024000001
,,,0.0004072,0.025600002
,,,0.00040721,0.024800001
,,,0.00040722,0.024000001
,,,0.00040723,0.024000001
,,,0.00040724,0.024000001
,,,0.00040725,0.024000001
,,,0.00040726,0.024000001
,,,0.00040727,0.022400001
,,,0.00040728,0.024000001
,,,0.00040729,0.024800001
,,,0.0004073,0.024800001
,,,0.00040731,0.024000001
,,,0.00040732,0.024000001
,,,0.00040733,0.024000001
,,,0.00040734,0.023200001
,,,0.00040735,0.024800001
,,,0.00040736,0.024000001
,,,0.00040737,0.024000001
,,,0.00040738,0.024000001
,,,0.00040739,0.022400001
,,,0.0004074,0.021600001
,,,0.00040741,0.024800001
,,,0.00040742,0.024800001
,,,0.00040743,0.024000001
,,,0.00040744,0.024800001
,,,0.00040745,0.024000001
,,,0.00040746,0.023200001
,,,0.00040747,0.024000001
,,,0.00040748,0.024800001
,,,0.00040749,0.024000001
,,,0.0004075,0.025600002
,,,0.00040751,0.024000001
,,,0.00040752,0.024000001
,,,0.00040753,0.023200001
,,,0.00040754,0.024000001
,,,0.00040755,0.025600002
,,,0.00040756,0.026400002
,,,0.00040757,0.024800001
,,,0.00040758,0.024800001
,,,0.00040759,0.024000001
,,,0.0004076,0.024000001
,,,0.00040761,0.024000001
,,,0.00040762,0.023200001
,,,0.00040763,0.024800001
,,,0.00040764,0.024000001
,,,0.00040765,0.025600002
,,,0.00040766,0.022400001
,,,0.00040767,0.024000001
,,,0.00040768,0.024800001
,,,0.00040769,0.024000001
,,,0.0004077,0.024800001
,,,0.00040771,0.024800001
,,,0.00040772,0.024000001
,,,0.00040773,0.025600002
,,,0.00040774,0.024000001
,,,0.00040775,0.024000001
,,,0.00040776,0.023200001
,,,0.00040777,0.023200001
,,,0.00040778,0.024000001
,,,0.00040779,0.024000001
,,,0.0004078,0.024000001
,,,0.00040781,0.023200001
,,,0.00040782,0.023200001
,,,0.00040783,0.024000001
,,,0.00040784,0.024000001
,,,0.00040785,0.024800001
,,,0.00040786,0.024000001
,,,0.00040787,0.025600002
,,,0.00040788,0.024800001
,,,0.00040789,0.025600002
,,,0.0004079,0.024800001
,,,0.00040791,0.024000001
,,,0.00040792,0.024000001
,,,0.00040793,0.024800001
,,,0.00040794,0.024000001
,,,0.00040795,0.024000001
,,,0.00040796,0.024000001
,,,0.00040797,0.024800001
,,,0.00040798,0.025600002
,,,0.00040799,0.024000001
,,,0.000408,0.024000001
,,,0.00040801,0.024800001
,,,0.00040802,0.025600002
,,,0.00040803,0.024000001
,,,0.00040804,0.024800001
,,,0.00040805,0.023200001
,,,0.00040806,0.024800001
,,,0.00040807,0.024800001
,,,0.00040808,0.024000001
,,,0.00040809,0.024000001
,,,0.0004081,0.024000001
,,,0.00040811,0.024000001
,,,0.00040812,0.024800001
,,,0.00040813,0.024800001
,,,0.00040814,0.024000001
,,,0.00040815,0.024000001
,,,0.00040816,0.023200001
,,,0.00040817,0.024000001
,,,0.00040818,0.023200001
,,,0.00040819,0.024800001
,,,0.0004082,0.025600002
,,,0.00040821,0.023200001
,,,0.00040822,0.024800001
,,,0.00040823,0.024000001
,,,0.00040824,0.024000001
,,,0.00040825,0.024800001
,,,0.00040826,0.024800001
,,,0.00040827,0.024000001
,,,0.00040828,0.024800001
,,,0.00040829,0.023200001
,,,0.0004083,0.023200001
,,,0.00040831,0.024000001
,,,0.00040832,0.024800001
,,,0.00040833,0.025600002
,,,0.00040834,0.024000001
,,,0.00040835,0.024000001
,,,0.00040836,0.024000001
,,,0.00040837,0.023200001
,,,0.00040838,0.024000001
,,,0.00040839,0.024000001
,,,0.0004084,0.024000001
,,,0.00040841,0.023200001
,,,0.00040842,0.024000001
,,,0.00040843,0.024000001
,,,0.00040844,0.024000001
,,,0.00040845,0.024000001
,,,0.00040846,0.024800001
,,,0.00040847,0.023200001
,,,0.00040848,0.023200001
,,,0.00040849,0.024000001
,,,0.0004085,0.024800001
,,,0.00040851,0.024000001
,,,0.00040852,0.024800001
,,,0.00040853,0.023200001
,,,0.00040854,0.023200001
,,,0.00040855,0.024000001
,,,0.00040856,0.024000001
,,,0.00040857,0.024000001
,,,0.00040858,0.023200001
,,,0.00040859,0.024000001
,,,0.0004086,0.025600002
,,,0.00040861,0.024800001
,,,0.00040862,0.023200001
,,,0.00040863,0.024800001
,,,0.00040864,0.024000001
,,,0.00040865,0.024000001
,,,0.00040866,0.024800001
,,,0.00040867,0.024000001
,,,0.00040868,0.026400002
,,,0.00040869,0.023200001
,,,0.0004087,0.024000001
,,,0.00040871,0.024000001
,,,0.00040872,0.025600002
,,,0.00040873,0.024800001
,,,0.00040874,0.024800001
,,,0.00040875,0.024000001
,,,0.00040876,0.024000001
,,,0.00040877,0.024000001
,,,0.00040878,0.024000001
,,,0.00040879,0.023200001
,,,0.0004088,0.023200001
,,,0.00040881,0.024000001
,,,0.00040882,0.024000001
,,,0.00040883,0.024800001
,,,0.00040884,0.024000001
,,,0.00040885,0.024800001
,,,0.00040886,0.023200001
,,,0.00040887,0.024800001
,,,0.00040888,0.024000001
,,,0.00040889,0.024800001
,,,0.0004089,0.024000001
,,,0.00040891,0.024000001
,,,0.00040892,0.024000001
,,,0.00040893,0.024800001
,,,0.00040894,0.024000001
,,,0.00040895,0.025600002
,,,0.00040896,0.023200001
,,,0.00040897,0.021600001
,,,0.00040898,0.024800001
,,,0.00040899,0.024000001
,,,0.000409,0.025600002
,,,0.00040901,0.024000001
,,,0.00040902,0.024000001
,,,0.00040903,0.024000001
,,,0.00040904,0.024000001
,,,0.00040905,0.023200001
,,,0.00040906,0.024000001
,,,0.00040907,0.024000001
,,,0.00040908,0.024000001
,,,0.00040909,0.024000001
,,,0.0004091,0.024000001
,,,0.00040911,0.026400002
,,,0.00040912,0.024000001
,,,0.00040913,0.024000001
,,,0.00040914,0.024000001
,,,0.00040915,0.024800001
,,,0.00040916,0.024000001
,,,0.00040917,0.024000001
,,,0.00040918,0.024000001
,,,0.00040919,0.022400001
,,,0.0004092,0.022400001
,,,0.00040921,0.023200001
,,,0.00040922,0.024000001
,,,0.00040923,0.024000001
,,,0.00040924,0.024000001
,,,0.00040925,0.024000001
,,,0.00040926,0.024000001
,,,0.00040927,0.024800001
,,,0.00040928,0.024800001
,,,0.00040929,0.024000001
,,,0.0004093,0.024000001
,,,0.00040931,0.022400001
,,,0.00040932,0.024000001
,,,0.00040933,0.025600002
,,,0.00040934,0.024000001
,,,0.00040935,0.024000001
,,,0.00040936,0.023200001
,,,0.00040937,0.024000001
,,,0.00040938,0.024800001
,,,0.00040939,0.023200001
,,,0.0004094,0.024800001
,,,0.00040941,0.024800001
,,,0.00040942,0.024000001
,,,0.00040943,0.024800001
,,,0.00040944,0.024800001
,,,0.00040945,0.024800001
,,,0.00040946,0.024800001
,,,0.00040947,0.022400001
,,,0.00040948,0.024800001
,,,0.00040949,0.023200001
,,,0.0004095,0.024000001
,,,0.00040951,0.023200001
,,,0.00040952,0.022400001
,,,0.00040953,0.024000001
,,,0.00040954,0.024000001
,,,0.00040955,0.023200001
,,,0.00040956,0.024000001
,,,0.00040957,0.024000001
,,,0.00040958,0.024000001
,,,0.00040959,0.024000001
,,,0.0004096,0.024800001
,,,0.00040961,0.024000001
,,,0.00040962,0.022400001
,,,0.00040963,0.024000001
,,,0.00040964,0.024000001
,,,0.00040965,0.024000001
,,,0.00040966,0.025600002
,,,0.00040967,0.024800001
,,,0.00040968,0.024800001
,,,0.00040969,0.023200001
,,,0.0004097,0.024000001
,,,0.00040971,0.023200001
,,,0.00040972,0.023200001
,,,0.00040973,0.024000001
,,,0.00040974,0.023200001
,,,0.00040975,0.024000001
,,,0.00040976,0.023200001
,,,0.00040977,0.024800001
,,,0.00040978,0.024800001
,,,0.00040979,0.024000001
,,,0.0004098,0.024000001
,,,0.00040981,0.025600002
,,,0.00040982,0.023200001
,,,0.00040983,0.024000001
,,,0.00040984,0.026400002
,,,0.00040985,0.024000001
,,,0.00040986,0.024000001
,,,0.00040987,0.024000001
,,,0.00040988,0.024000001
,,,0.00040989,0.023200001
,,,0.0004099,0.024800001
,,,0.00040991,0.024800001
,,,0.00040992,0.024800001
,,,0.00040993,0.025600002
,,,0.00040994,0.024000001
,,,0.00040995,0.022400001
,,,0.00040996,0.022400001
,,,0.00040997,0.024000001
,,,0.00040998,0.023200001
,,,0.00040999,0.024800001
,,,0.00041,0.024000001
,,,0.00041001,0.024000001
,,,0.00041002,0.024000001
,,,0.00041003,0.024000001
,,,0.00041004,0.024000001
,,,0.00041005,0.022400001
,,,0.00041006,0.024000001
,,,0.00041007,0.024800001
,,,0.00041008,0.024000001
,,,0.00041009,0.024000001
,,,0.0004101,0.024800001
,,,0.00041011,0.024000001
,,,0.00041012,0.024800001
,,,0.00041013,0.024000001
,,,0.00041014,0.024000001
,,,0.00041015,0.024800001
,,,0.00041016,0.024000001
,,,0.00041017,0.025600002
,,,0.00041018,0.024000001
,,,0.00041019,0.024000001
,,,0.0004102,0.024800001
,,,0.00041021,0.024000001
,,,0.00041022,0.024800001
,,,0.00041023,0.024800001
,,,0.00041024,0.023200001
,,,0.00041025,0.023200001
,,,0.00041026,0.024800001
,,,0.00041027,0.025600002
,,,0.00041028,0.024800001
,,,0.00041029,0.024800001
,,,0.0004103,0.025600002
,,,0.00041031,0.024000001
,,,0.00041032,0.026400002
,,,0.00041033,0.023200001
,,,0.00041034,0.024000001
,,,0.00041035,0.024800001
,,,0.00041036,0.024800001
,,,0.00041037,0.023200001
,,,0.00041038,0.022400001
,,,0.00041039,0.024000001
,,,0.0004104,0.024000001
,,,0.00041041,0.024800001
,,,0.00041042,0.024000001
,,,0.00041043,0.025600002
,,,0.00041044,0.024000001
,,,0.00041045,0.026400002
,,,0.00041046,0.024800001
,,,0.00041047,0.025600002
,,,0.00041048,0.024000001
,,,0.00041049,0.024000001
,,,0.0004105,0.024000001
,,,0.00041051,0.024800001
,,,0.00041052,0.024000001
,,,0.00041053,0.024000001
,,,0.00041054,0.023200001
,,,0.00041055,0.024800001
,,,0.00041056,0.025600002
,,,0.00041057,0.023200001
,,,0.00041058,0.024800001
,,,0.00041059,0.023200001
,,,0.0004106,0.022400001
,,,0.00041061,0.024000001
,,,0.00041062,0.025600002
,,,0.00041063,0.024000001
,,,0.00041064,0.024000001
,,,0.00041065,0.024000001
,,,0.00041066,0.024000001
,,,0.00041067,0.024000001
,,,0.00041068,0.024000001
,,,0.00041069,0.023200001
,,,0.0004107,0.024800001
,,,0.00041071,0.024800001
,,,0.00041072,0.023200001
,,,0.00041073,0.024000001
,,,0.00041074,0.023200001
,,,0.00041075,0.024800001
,,,0.00041076,0.024800001
,,,0.00041077,0.024800001
,,,0.00041078,0.024800001
,,,0.00041079,0.025600002
,,,0.0004108,0.024000001
,,,0.00041081,0.024000001
,,,0.00041082,0.024000001
,,,0.00041083,0.023200001
,,,0.00041084,0.025600002
,,,0.00041085,0.021600001
,,,0.00041086,0.027200002
,,,0.00041087,0.023200001
,,,0.00041088,0.025600002
,,,0.00041089,0.024000001
,,,0.0004109,0.023200001
,,,0.00041091,0.024000001
,,,0.00041092,0.024000001
,,,0.00041093,0.025600002
,,,0.00041094,0.024000001
,,,0.00041095,0.024800001
,,,0.00041096,0.024000001
,,,0.00041097,0.024000001
,,,0.00041098,0.024000001
,,,0.00041099,0.025600002
,,,0.000411,0.024000001
,,,0.00041101,0.024000001
,,,0.00041102,0.024800001
,,,0.00041103,0.023200001
,,,0.00041104,0.024800001
,,,0.00041105,0.023200001
,,,0.00041106,0.025600002
,,,0.00041107,0.024000001
,,,0.00041108,0.024000001
,,,0.00041109,0.024800001
,,,0.0004111,0.024000001
,,,0.00041111,0.024000001
,,,0.00041112,0.024000001
,,,0.00041113,0.025600002
,,,0.00041114,0.024000001
,,,0.00041115,0.024000001
,,,0.00041116,0.024000001
,,,0.00041117,0.023200001
,,,0.00041118,0.024800001
,,,0.00041119,0.024800001
,,,0.0004112,0.024000001
,,,0.00041121,0.024000001
,,,0.00041122,0.024800001
,,,0.00041123,0.024800001
,,,0.00041124,0.024800001
,,,0.00041125,0.024000001
,,,0.00041126,0.023200001
,,,0.00041127,0.022400001
,,,0.00041128,0.024000001
,,,0.00041129,0.023200001
,,,0.0004113,0.024000001
,,,0.00041131,0.024800001
,,,0.00041132,0.023200001
,,,0.00041133,0.024800001
,,,0.00041134,0.024000001
,,,0.00041135,0.024000001
,,,0.00041136,0.023200001
,,,0.00041137,0.023200001
,,,0.00041138,0.024000001
,,,0.00041139,0.024800001
,,,0.0004114,0.024000001
,,,0.00041141,0.024000001
,,,0.00041142,0.024000001
,,,0.00041143,0.024800001
,,,0.00041144,0.024000001
,,,0.00041145,0.023200001
,,,0.00041146,0.023200001
,,,0.00041147,0.024000001
,,,0.00041148,0.024800001
,,,0.00041149,0.026400002
,,,0.0004115,0.024000001
,,,0.00041151,0.024000001
,,,0.00041152,0.025600002
,,,0.00041153,0.024000001
,,,0.00041154,0.024000001
,,,0.00041155,0.024000001
,,,0.00041156,0.023200001
,,,0.00041157,0.024800001
,,,0.00041158,0.025600002
,,,0.00041159,0.024800001
,,,0.0004116,0.024000001
,,,0.00041161,0.024000001
,,,0.00041162,0.025600002
,,,0.00041163,0.023200001
,,,0.00041164,0.023200001
,,,0.00041165,0.024800001
,,,0.00041166,0.024000001
,,,0.00041167,0.024800001
,,,0.00041168,0.025600002
,,,0.00041169,0.024800001
,,,0.0004117,0.023200001
,,,0.00041171,0.024800001
,,,0.00041172,0.022400001
,,,0.00041173,0.024800001
,,,0.00041174,0.024000001
,,,0.00041175,0.024000001
,,,0.00041176,0.024000001
,,,0.00041177,0.022400001
,,,0.00041178,0.023200001
,,,0.00041179,0.024800001
,,,0.0004118,0.025600002
,,,0.00041181,0.023200001
,,,0.00041182,0.025600002
,,,0.00041183,0.021600001
,,,0.00041184,0.023200001
,,,0.00041185,0.024800001
,,,0.00041186,0.024000001
,,,0.00041187,0.024800001
,,,0.00041188,0.024800001
,,,0.00041189,0.024800001
,,,0.0004119,0.024000001
,,,0.00041191,0.024000001
,,,0.00041192,0.023200001
,,,0.00041193,0.024000001
,,,0.00041194,0.022400001
,,,0.00041195,0.024800001
,,,0.00041196,0.024800001
,,,0.00041197,0.024000001
,,,0.00041198,0.024000001
,,,0.00041199,0.023200001
,,,0.000412,0.024000001
,,,0.00041201,0.023200001
,,,0.00041202,0.024000001
,,,0.00041203,0.024000001
,,,0.00041204,0.024000001
,,,0.00041205,0.023200001
,,,0.00041206,0.024800001
,,,0.00041207,0.023200001
,,,0.00041208,0.023200001
,,,0.00041209,0.024800001
,,,0.0004121,0.024800001
,,,0.00041211,0.024800001
,,,0.00041212,0.023200001
,,,0.00041213,0.024800001
,,,0.00041214,0.025600002
,,,0.00041215,0.023200001
,,,0.00041216,0.027200002
,,,0.00041217,0.023200001
,,,0.00041218,0.024000001
,,,0.00041219,0.024000001
,,,0.0004122,0.023200001
,,,0.00041221,0.024000001
,,,0.00041222,0.024800001
,,,0.00041223,0.024800001
,,,0.00041224,0.024000001
,,,0.00041225,0.023200001
,,,0.00041226,0.024000001
,,,0.00041227,0.023200001
,,,0.00041228,0.024800001
,,,0.00041229,0.024000001
,,,0.0004123,0.025600002
,,,0.00041231,0.024800001
,,,0.00041232,0.024000001
,,,0.00041233,0.025600002
,,,0.00041234,0.023200001
,,,0.00041235,0.024000001
,,,0.00041236,0.024000001
,,,0.00041237,0.024000001
,,,0.00041238,0.024000001
,,,0.00041239,0.024800001
,,,0.0004124,0.024800001
,,,0.00041241,0.024800001
,,,0.00041242,0.024000001
,,,0.00041243,0.024000001
,,,0.00041244,0.024000001
,,,0.00041245,0.023200001
,,,0.00041246,0.024000001
,,,0.00041247,0.023200001
,,,0.00041248,0.025600002
,,,0.00041249,0.023200001
,,,0.0004125,0.024800001
,,,0.00041251,0.024000001
,,,0.00041252,0.024000001
,,,0.00041253,0.024000001
,,,0.00041254,0.024800001
,,,0.00041255,0.023200001
,,,0.00041256,0.025600002
,,,0.00041257,0.024000001
,,,0.00041258,0.024000001
,,,0.00041259,0.023200001
,,,0.0004126,0.024000001
,,,0.00041261,0.022400001
,,,0.00041262,0.024000001
,,,0.00041263,0.024000001
,,,0.00041264,0.024000001
,,,0.00041265,0.023200001
,,,0.00041266,0.024800001
,,,0.00041267,0.022400001
,,,0.00041268,0.024000001
,,,0.00041269,0.025600002
,,,0.0004127,0.024800001
,,,0.00041271,0.024800001
,,,0.00041272,0.025600002
,,,0.00041273,0.024000001
,,,0.00041274,0.024000001
,,,0.00041275,0.023200001
,,,0.00041276,0.024000001
,,,0.00041277,0.022400001
,,,0.00041278,0.024800001
,,,0.00041279,0.024000001
,,,0.0004128,0.024000001
,,,0.00041281,0.024800001
,,,0.00041282,0.023200001
,,,0.00041283,0.022400001
,,,0.00041284,0.023200001
,,,0.00041285,0.023200001
,,,0.00041286,0.024000001
,,,0.00041287,0.023200001
,,,0.00041288,0.024000001
,,,0.00041289,0.024000001
,,,0.0004129,0.024000001
,,,0.00041291,0.024000001
,,,0.00041292,0.024800001
,,,0.00041293,0.024000001
,,,0.00041294,0.023200001
,,,0.00041295,0.024800001
,,,0.00041296,0.024000001
,,,0.00041297,0.024800001
,,,0.00041298,0.024800001
,,,0.00041299,0.024800001
,,,0.000413,0.023200001
,,,0.00041301,0.024000001
,,,0.00041302,0.024000001
,,,0.00041303,0.024800001
,,,0.00041304,0.021600001
,,,0.00041305,0.025600002
,,,0.00041306,0.024000001
,,,0.00041307,0.023200001
,,,0.00041308,0.024000001
,,,0.00041309,0.024000001
,,,0.0004131,0.024800001
,,,0.00041311,0.024000001
,,,0.00041312,0.024000001
,,,0.00041313,0.024000001
,,,0.00041314,0.023200001
,,,0.00041315,0.024000001
,,,0.00041316,0.024000001
,,,0.00041317,0.024000001
,,,0.00041318,0.023200001
,,,0.00041319,0.024800001
,,,0.0004132,0.024800001
,,,0.00041321,0.024000001
,,,0.00041322,0.025600002
,,,0.00041323,0.024000001
,,,0.00041324,0.024000001
,,,0.00041325,0.024000001
,,,0.00041326,0.024800001
,,,0.00041327,0.025600002
,,,0.00041328,0.025600002
,,,0.00041329,0.024000001
,,,0.0004133,0.025600002
,,,0.00041331,0.024800001
,,,0.00041332,0.024000001
,,,0.00041333,0.024800001
,,,0.00041334,0.023200001
,,,0.00041335,0.024000001
,,,0.00041336,0.022400001
,,,0.00041337,0.024000001
,,,0.00041338,0.023200001
,,,0.00041339,0.024000001
,,,0.0004134,0.025600002
,,,0.00041341,0.024000001
,,,0.00041342,0.024000001
,,,0.00041343,0.023200001
,,,0.00041344,0.023200001
,,,0.00041345,0.024000001
,,,0.00041346,0.024800001
,,,0.00041347,0.023200001
,,,0.00041348,0.023200001
,,,0.00041349,0.024000001
,,,0.0004135,0.027200002
,,,0.00041351,0.025600002
,,,0.00041352,0.024000001
,,,0.00041353,0.022400001
,,,0.00041354,0.024000001
,,,0.00041355,0.024000001
,,,0.00041356,0.024800001
,,,0.00041357,0.025600002
,,,0.00041358,0.024800001
,,,0.00041359,0.023200001
,,,0.0004136,0.024000001
,,,0.00041361,0.024000001
,,,0.00041362,0.022400001
,,,0.00041363,0.024000001
,,,0.00041364,0.024800001
,,,0.00041365,0.024800001
,,,0.00041366,0.024000001
,,,0.00041367,0.024000001
,,,0.00041368,0.023200001
,,,0.00041369,0.024000001
,,,0.0004137,0.024000001
,,,0.00041371,0.024000001
,,,0.00041372,0.023200001
,,,0.00041373,0.025600002
,,,0.00041374,0.024800001
,,,0.00041375,0.024000001
,,,0.00041376,0.024000001
,,,0.00041377,0.023200001
,,,0.00041378,0.025600002
,,,0.00041379,0.023200001
,,,0.0004138,0.024000001
,,,0.00041381,0.024000001
,,,0.00041382,0.022400001
,,,0.00041383,0.024800001
,,,0.00041384,0.026400002
,,,0.00041385,0.024800001
,,,0.00041386,0.024000001
,,,0.00041387,0.024000001
,,,0.00041388,0.024000001
,,,0.00041389,0.024800001
,,,0.0004139,0.024000001
,,,0.00041391,0.024000001
,,,0.00041392,0.024000001
,,,0.00041393,0.024000001
,,,0.00041394,0.022400001
,,,0.00041395,0.024800001
,,,0.00041396,0.021600001
,,,0.00041397,0.024000001
,,,0.00041398,0.024000001
,,,0.00041399,0.024000001
,,,0.000414,0.024000001
,,,0.00041401,0.023200001
,,,0.00041402,0.024000001
,,,0.00041403,0.024800001
,,,0.00041404,0.024000001
,,,0.00041405,0.024000001
,,,0.00041406,0.023200001
,,,0.00041407,0.022400001
,,,0.00041408,0.024800001
,,,0.00041409,0.024800001
,,,0.0004141,0.024000001
,,,0.00041411,0.024000001
,,,0.00041412,0.024800001
,,,0.00041413,0.024000001
,,,0.00041414,0.023200001
,,,0.00041415,0.024800001
,,,0.00041416,0.024000001
,,,0.00041417,0.024000001
,,,0.00041418,0.024000001
,,,0.00041419,0.024000001
,,,0.0004142,0.023200001
,,,0.00041421,0.024800001
,,,0.00041422,0.023200001
,,,0.00041423,0.023200001
,,,0.00041424,0.024000001
,,,0.00041425,0.024800001
,,,0.00041426,0.023200001
,,,0.00041427,0.024000001
,,,0.00041428,0.024800001
,,,0.00041429,0.022400001
,,,0.0004143,0.024800001
,,,0.00041431,0.023200001
,,,0.00041432,0.022400001
,,,0.00041433,0.024000001
,,,0.00041434,0.024800001
,,,0.00041435,0.024000001
,,,0.00041436,0.024000001
,,,0.00041437,0.025600002
,,,0.00041438,0.024800001
,,,0.00041439,0.026400002
,,,0.0004144,0.024000001
,,,0.00041441,0.023200001
,,,0.00041442,0.024000001
,,,0.00041443,0.025600002
,,,0.00041444,0.024000001
,,,0.00041445,0.024000001
,,,0.00041446,0.024800001
,,,0.00041447,0.024000001
,,,0.00041448,0.024800001
,,,0.00041449,0.024800001
,,,0.0004145,0.024000001
,,,0.00041451,0.024000001
,,,0.00041452,0.024000001
,,,0.00041453,0.022400001
,,,0.00041454,0.025600002
,,,0.00041455,0.024000001
,,,0.00041456,0.024000001
,,,0.00041457,0.023200001
,,,0.00041458,0.024000001
,,,0.00041459,0.024000001
,,,0.0004146,0.023200001
,,,0.00041461,0.024000001
,,,0.00041462,0.023200001
,,,0.00041463,0.025600002
,,,0.00041464,0.024000001
,,,0.00041465,0.023200001
,,,0.00041466,0.024000001
,,,0.00041467,0.023200001
,,,0.00041468,0.023200001
,,,0.00041469,0.022400001
,,,0.0004147,0.024000001
,,,0.00041471,0.025600002
,,,0.00041472,0.024000001
,,,0.00041473,0.024800001
,,,0.00041474,0.024000001
,,,0.00041475,0.024000001
,,,0.00041476,0.024000001
,,,0.00041477,0.024800001
,,,0.00041478,0.024000001
,,,0.00041479,0.024000001
,,,0.0004148,0.024000001
,,,0.00041481,0.024800001
,,,0.00041482,0.023200001
,,,0.00041483,0.024000001
,,,0.00041484,0.024800001
,,,0.00041485,0.024800001
,,,0.00041486,0.024000001
,,,0.00041487,0.022400001
,,,0.00041488,0.024800001
,,,0.00041489,0.024000001
,,,0.0004149,0.024000001
,,,0.00041491,0.024800001
,,,0.00041492,0.023200001
,,,0.00041493,0.022400001
,,,0.00041494,0.024800001
,,,0.00041495,0.025600002
,,,0.00041496,0.025600002
,,,0.00041497,0.024000001
,,,0.00041498,0.024000001
,,,0.00041499,0.024000001
,,,0.000415,0.024000001
,,,0.00041501,0.023200001
,,,0.00041502,0.024000001
,,,0.00041503,0.024000001
,,,0.00041504,0.024000001
,,,0.00041505,0.024000001
,,,0.00041506,0.024800001
,,,0.00041507,0.025600002
,,,0.00041508,0.025600002
,,,0.00041509,0.024800001
,,,0.0004151,0.024000001
,,,0.00041511,0.025600002
,,,0.00041512,0.024000001
,,,0.00041513,0.023200001
,,,0.00041514,0.024800001
,,,0.00041515,0.023200001
,,,0.00041516,0.024000001
,,,0.00041517,0.024000001
,,,0.00041518,0.024800001
,,,0.00041519,0.028000002
,,,0.0004152,0.024000001
,,,0.00041521,0.024800001
,,,0.00041522,0.022400001
,,,0.00041523,0.024000001
,,,0.00041524,0.024000001
,,,0.00041525,0.024800001
,,,0.00041526,0.024000001
,,,0.00041527,0.024000001
,,,0.00041528,0.025600002
,,,0.00041529,0.024800001
,,,0.0004153,0.024000001
,,,0.00041531,0.024000001
,,,0.00041532,0.025600002
,,,0.00041533,0.024000001
,,,0.00041534,0.024000001
,,,0.00041535,0.024000001
,,,0.00041536,0.024800001
,,,0.00041537,0.024000001
,,,0.00041538,0.024800001
,,,0.00041539,0.024800001
,,,0.0004154,0.024000001
,,,0.00041541,0.024800001
,,,0.00041542,0.024800001
,,,0.00041543,0.023200001
,,,0.00041544,0.024800001
,,,0.00041545,0.024800001
,,,0.00041546,0.021600001
,,,0.00041547,0.024000001
,,,0.00041548,0.024000001
,,,0.00041549,0.025600002
,,,0.0004155,0.024000001
,,,0.00041551,0.024000001
,,,0.00041552,0.025600002
,,,0.00041553,0.024000001
,,,0.00041554,0.023200001
,,,0.00041555,0.024800001
,,,0.00041556,0.024800001
,,,0.00041557,0.024000001
,,,0.00041558,0.025600002
,,,0.00041559,0.024800001
,,,0.0004156,0.024000001
,,,0.00041561,0.024800001
,,,0.00041562,0.022400001
,,,0.00041563,0.023200001
,,,0.00041564,0.024000001
,,,0.00041565,0.023200001
,,,0.00041566,0.023200001
,,,0.00041567,0.024000001
,,,0.00041568,0.024000001
,,,0.00041569,0.024800001
,,,0.0004157,0.024800001
,,,0.00041571,0.024800001
,,,0.00041572,0.024000001
,,,0.00041573,0.022400001
,,,0.00041574,0.023200001
,,,0.00041575,0.024000001
,,,0.00041576,0.023200001
,,,0.00041577,0.024800001
,,,0.00041578,0.024000001
,,,0.00041579,0.024800001
,,,0.0004158,0.023200001
,,,0.00041581,0.024800001
,,,0.00041582,0.024000001
,,,0.00041583,0.024000001
,,,0.00041584,0.024000001
,,,0.00041585,0.024800001
,,,0.00041586,0.024000001
,,,0.00041587,0.024800001
,,,0.00041588,0.024800001
,,,0.00041589,0.024000001
,,,0.0004159,0.024800001
,,,0.00041591,0.024000001
,,,0.00041592,0.024800001
,,,0.00041593,0.024000001
,,,0.00041594,0.024000001
,,,0.00041595,0.024000001
,,,0.00041596,0.024000001
,,,0.00041597,0.025600002
,,,0.00041598,0.023200001
,,,0.00041599,0.025600002
,,,0.000416,0.023200001
,,,0.00041601,0.023200001
,,,0.00041602,0.024800001
,,,0.00041603,0.024800001
,,,0.00041604,0.024000001
,,,0.00041605,0.024000001
,,,0.00041606,0.024800001
,,,0.00041607,0.025600002
,,,0.00041608,0.024000001
,,,0.00041609,0.024800001
,,,0.0004161,0.023200001
,,,0.00041611,0.024800001
,,,0.00041612,0.024000001
,,,0.00041613,0.024800001
,,,0.00041614,0.024000001
,,,0.00041615,0.024000001
,,,0.00041616,0.024800001
,,,0.00041617,0.024800001
,,,0.00041618,0.022400001
,,,0.00041619,0.025600002
,,,0.0004162,0.025600002
,,,0.00041621,0.023200001
,,,0.00041622,0.024000001
,,,0.00041623,0.024000001
,,,0.00041624,0.023200001
,,,0.00041625,0.024800001
,,,0.00041626,0.024000001
,,,0.00041627,0.024000001
,,,0.00041628,0.024000001
,,,0.00041629,0.024000001
,,,0.0004163,0.024000001
,,,0.00041631,0.024000001
,,,0.00041632,0.024000001
,,,0.00041633,0.024000001
,,,0.00041634,0.024000001
,,,0.00041635,0.024800001
,,,0.00041636,0.024000001
,,,0.00041637,0.024000001
,,,0.00041638,0.025600002
,,,0.00041639,0.024000001
,,,0.0004164,0.024800001
,,,0.00041641,0.024000001
,,,0.00041642,0.025600002
,,,0.00041643,0.024000001
,,,0.00041644,0.024800001
,,,0.00041645,0.023200001
,,,0.00041646,0.023200001
,,,0.00041647,0.024000001
,,,0.00041648,0.024800001
,,,0.00041649,0.024800001
,,,0.0004165,0.024800001
,,,0.00041651,0.024800001
,,,0.00041652,0.024000001
,,,0.00041653,0.024800001
,,,0.00041654,0.024000001
,,,0.00041655,0.022400001
,,,0.00041656,0.024000001
,,,0.00041657,0.024000001
,,,0.00041658,0.024800001
,,,0.00041659,0.023200001
,,,0.0004166,0.025600002
,,,0.00041661,0.023200001
,,,0.00041662,0.023200001
,,,0.00041663,0.024000001
,,,0.00041664,0.024000001
,,,0.00041665,0.024000001
,,,0.00041666,0.024800001
,,,0.00041667,0.024000001
,,,0.00041668,0.022400001
,,,0.00041669,0.023200001
,,,0.0004167,0.024000001
,,,0.00041671,0.023200001
,,,0.00041672,0.024000001
,,,0.00041673,0.024000001
,,,0.00041674,0.024800001
,,,0.00041675,0.024800001
,,,0.00041676,0.025600002
,,,0.00041677,0.024800001
,,,0.00041678,0.024000001
,,,0.00041679,0.024800001
,,,0.0004168,0.024000001
,,,0.00041681,0.024000001
,,,0.00041682,0.025600002
,,,0.00041683,0.023200001
,,,0.00041684,0.024000001
,,,0.00041685,0.023200001
,,,0.00041686,0.023200001
,,,0.00041687,0.024000001
,,,0.00041688,0.024000001
,,,0.00041689,0.024800001
,,,0.0004169,0.023200001
,,,0.00041691,0.024000001
,,,0.00041692,0.024800001
,,,0.00041693,0.024000001
,,,0.00041694,0.024000001
,,,0.00041695,0.024800001
,,,0.00041696,0.023200001
,,,0.00041697,0.024800001
,,,0.00041698,0.024800001
,,,0.00041699,0.024000001
,,,0.000417,0.024800001
,,,0.00041701,0.024000001
,,,0.00041702,0.024800001
,,,0.00041703,0.024000001
,,,0.00041704,0.024000001
,,,0.00041705,0.024000001
,,,0.00041706,0.024000001
,,,0.00041707,0.024000001
,,,0.00041708,0.025600002
,,,0.00041709,0.024000001
,,,0.0004171,0.024000001
,,,0.00041711,0.024000001
,,,0.00041712,0.024800001
,,,0.00041713,0.024000001
,,,0.00041714,0.024800001
,,,0.00041715,0.025600002
,,,0.00041716,0.024800001
,,,0.00041717,0.024800001
,,,0.00041718,0.024000001
,,,0.00041719,0.024000001
,,,0.0004172,0.024000001
,,,0.00041721,0.024800001
,,,0.00041722,0.025600002
,,,0.00041723,0.023200001
,,,0.00041724,0.025600002
,,,0.00041725,0.024800001
,,,0.00041726,0.024000001
,,,0.00041727,0.025600002
,,,0.00041728,0.024000001
,,,0.00041729,0.024000001
,,,0.0004173,0.024800001
,,,0.00041731,0.024800001
,,,0.00041732,0.024800001
,,,0.00041733,0.024000001
,,,0.00041734,0.023200001
,,,0.00041735,0.022400001
,,,0.00041736,0.024000001
,,,0.00041737,0.023200001
,,,0.00041738,0.024000001
,,,0.00041739,0.025600002
,,,0.0004174,0.024000001
,,,0.00041741,0.024000001
,,,0.00041742,0.024800001
,,,0.00041743,0.025600002
,,,0.00041744,0.024800001
,,,0.00041745,0.024800001
,,,0.00041746,0.024000001
,,,0.00041747,0.024000001
,,,0.00041748,0.024800001
,,,0.00041749,0.024000001
,,,0.0004175,0.024000001
,,,0.00041751,0.024000001
,,,0.00041752,0.024000001
,,,0.00041753,0.022400001
,,,0.00041754,0.024000001
,,,0.00041755,0.025600002
,,,0.00041756,0.025600002
,,,0.00041757,0.024000001
,,,0.00041758,0.023200001
,,,0.00041759,0.024000001
,,,0.0004176,0.024000001
,,,0.00041761,0.024000001
,,,0.00041762,0.023200001
,,,0.00041763,0.023200001
,,,0.00041764,0.025600002
,,,0.00041765,0.024800001
,,,0.00041766,0.024000001
,,,0.00041767,0.024800001
,,,0.00041768,0.025600002
,,,0.00041769,0.024800001
,,,0.0004177,0.024800001
,,,0.00041771,0.024000001
,,,0.00041772,0.023200001
,,,0.00041773,0.023200001
,,,0.00041774,0.025600002
,,,0.00041775,0.024800001
,,,0.00041776,0.024000001
,,,0.00041777,0.023200001
,,,0.00041778,0.023200001
,,,0.00041779,0.024000001
,,,0.0004178,0.025600002
,,,0.00041781,0.024000001
,,,0.00041782,0.024000001
,,,0.00041783,0.025600002
,,,0.00041784,0.022400001
,,,0.00041785,0.024000001
,,,0.00041786,0.024800001
,,,0.00041787,0.024800001
,,,0.00041788,0.024800001
,,,0.00041789,0.023200001
,,,0.0004179,0.022400001
,,,0.00041791,0.024000001
,,,0.00041792,0.024000001
,,,0.00041793,0.024800001
,,,0.00041794,0.024000001
,,,0.00041795,0.024000001
,,,0.00041796,0.024000001
,,,0.00041797,0.023200001
,,,0.00041798,0.025600002
,,,0.00041799,0.024000001
,,,0.000418,0.024800001
,,,0.00041801,0.024000001
,,,0.00041802,0.022400001
,,,0.00041803,0.024000001
,,,0.00041804,0.023200001
,,,0.00041805,0.024000001
,,,0.00041806,0.025600002
,,,0.00041807,0.025600002
,,,0.00041808,0.026400002
,,,0.00041809,0.023200001
,,,0.0004181,0.022400001
,,,0.00041811,0.023200001
,,,0.00041812,0.024000001
,,,0.00041813,0.025600002
,,,0.00041814,0.024000001
,,,0.00041815,0.024800001
,,,0.00041816,0.024800001
,,,0.00041817,0.024000001
,,,0.00041818,0.024000001
,,,0.00041819,0.026400002
,,,0.0004182,0.024000001
,,,0.00041821,0.023200001
,,,0.00041822,0.024000001
,,,0.00041823,0.024000001
,,,0.00041824,0.024000001
,,,0.00041825,0.025600002
,,,0.00041826,0.024000001
,,,0.00041827,0.024000001
,,,0.00041828,0.021600001
,,,0.00041829,0.023200001
,,,0.0004183,0.023200001
,,,0.00041831,0.024000001
,,,0.00041832,0.024000001
,,,0.00041833,0.024000001
,,,0.00041834,0.024800001
,,,0.00041835,0.024000001
,,,0.00041836,0.024800001
,,,0.00041837,0.024000001
,,,0.00041838,0.024800001
,,,0.00041839,0.024000001
,,,0.0004184,0.024000001
,,,0.00041841,0.021600001
,,,0.00041842,0.025600002
,,,0.00041843,0.024000001
,,,0.00041844,0.024000001
,,,0.00041845,0.023200001
,,,0.00041846,0.024800001
,,,0.00041847,0.024000001
,,,0.00041848,0.025600002
,,,0.00041849,0.021600001
,,,0.0004185,0.024000001
,,,0.00041851,0.024000001
,,,0.00041852,0.022400001
,,,0.00041853,0.024800001
,,,0.00041854,0.024800001
,,,0.00041855,0.024800001
,,,0.00041856,0.025600002
,,,0.00041857,0.023200001
,,,0.00041858,0.024800001
,,,0.00041859,0.024000001
,,,0.0004186,0.025600002
,,,0.00041861,0.023200001
,,,0.00041862,0.024000001
,,,0.00041863,0.025600002
,,,0.00041864,0.025600002
,,,0.00041865,0.025600002
,,,0.00041866,0.023200001
,,,0.00041867,0.024800001
,,,0.00041868,0.024000001
,,,0.00041869,0.024000001
,,,0.0004187,0.024000001
,,,0.00041871,0.023200001
,,,0.00041872,0.024000001
,,,0.00041873,0.023200001
,,,0.00041874,0.024800001
,,,0.00041875,0.024000001
,,,0.00041876,0.024800001
,,,0.00041877,0.024000001
,,,0.00041878,0.024000001
,,,0.00041879,0.024000001
,,,0.0004188,0.024800001
,,,0.00041881,0.024000001
,,,0.00041882,0.024000001
,,,0.00041883,0.026400002
,,,0.00041884,0.024000001
,,,0.00041885,0.025600002
,,,0.00041886,0.024000001
,,,0.00041887,0.023200001
,,,0.00041888,0.024000001
,,,0.00041889,0.024800001
,,,0.0004189,0.024000001
,,,0.00041891,0.024000001
,,,0.00041892,0.026400002
,,,0.00041893,0.024000001
,,,0.00041894,0.024000001
,,,0.00041895,0.024000001
,,,0.00041896,0.024800001
,,,0.00041897,0.024000001
,,,0.00041898,0.023200001
,,,0.00041899,0.024800001
,,,0.000419,0.024800001
,,,0.00041901,0.024000001
,,,0.00041902,0.024800001
,,,0.00041903,0.024000001
,,,0.00041904,0.024800001
,,,0.00041905,0.024000001
,,,0.00041906,0.024800001
,,,0.00041907,0.024000001
,,,0.00041908,0.024000001
,,,0.00041909,0.024000001
,,,0.0004191,0.022400001
,,,0.00041911,0.023200001
,,,0.00041912,0.024000001
,,,0.00041913,0.023200001
,,,0.00041914,0.024000001
,,,0.00041915,0.024800001
,,,0.00041916,0.023200001
,,,0.00041917,0.024800001
,,,0.00041918,0.024000001
,,,0.00041919,0.024000001
,,,0.0004192,0.024800001
,,,0.00041921,0.024000001
,,,0.00041922,0.023200001
,,,0.00041923,0.025600002
,,,0.00041924,0.024000001
,,,0.00041925,0.022400001
,,,0.00041926,0.026400002
,,,0.00041927,0.023200001
,,,0.00041928,0.024000001
,,,0.00041929,0.024000001
,,,0.0004193,0.024000001
,,,0.00041931,0.024800001
,,,0.00041932,0.024000001
,,,0.00041933,0.024800001
,,,0.00041934,0.024800001
,,,0.00041935,0.024800001
,,,0.00041936,0.024800001
,,,0.00041937,0.024800001
,,,0.00041938,0.024000001
,,,0.00041939,0.022400001
,,,0.0004194,0.025600002
,,,0.00041941,0.026400002
,,,0.00041942,0.024800001
,,,0.00041943,0.023200001
,,,0.00041944,0.024800001
,,,0.00041945,0.024000001
,,,0.00041946,0.024000001
,,,0.00041947,0.024000001
,,,0.00041948,0.024800001
,,,0.00041949,0.025600002
,,,0.0004195,0.024000001
,,,0.00041951,0.024000001
,,,0.00041952,0.024800001
,,,0.00041953,0.025600002
,,,0.00041954,0.023200001
,,,0.00041955,0.024000001
,,,0.00041956,0.023200001
,,,0.00041957,0.024000001
,,,0.00041958,0.024000001
,,,0.00041959,0.024000001
,,,0.0004196,0.024000001
,,,0.00041961,0.024000001
,,,0.00041962,0.024000001
,,,0.00041963,0.024800001
,,,0.00041964,0.024000001
,,,0.00041965,0.024000001
,,,0.00041966,0.024000001
,,,0.00041967,0.025600002
,,,0.00041968,0.024800001
,,,0.00041969,0.023200001
,,,0.0004197,0.026400002
,,,0.00041971,0.026400002
,,,0.00041972,0.023200001
,,,0.00041973,0.024000001
,,,0.00041974,0.025600002
,,,0.00041975,0.024000001
,,,0.00041976,0.023200001
,,,0.00041977,0.024000001
,,,0.00041978,0.024000001
,,,0.00041979,0.024000001
,,,0.0004198,0.024000001
,,,0.00041981,0.024000001
,,,0.00041982,0.023200001
,,,0.00041983,0.023200001
,,,0.00041984,0.023200001
,,,0.00041985,0.024000001
,,,0.00041986,0.025600002
,,,0.00041987,0.024000001
,,,0.00041988,0.024000001
,,,0.00041989,0.025600002
,,,0.0004199,0.024000001
,,,0.00041991,0.026400002
,,,0.00041992,0.022400001
,,,0.00041993,0.022400001
,,,0.00041994,0.024800001
,,,0.00041995,0.024000001
,,,0.00041996,0.023200001
,,,0.00041997,0.024000001
,,,0.00041998,0.024000001
,,,0.00041999,0.022400001
,,,0.00042,0.024000001
,,,0.00042001,0.024000001
,,,0.00042002,0.025600002
,,,0.00042003,0.024000001
,,,0.00042004,0.024800001
,,,0.00042005,0.024800001
,,,0.00042006,0.024800001
,,,0.00042007,0.024000001
,,,0.00042008,0.024000001
,,,0.00042009,0.024800001
,,,0.0004201,0.024000001
,,,0.00042011,0.024800001
,,,0.00042012,0.024800001
,,,0.00042013,0.024800001
,,,0.00042014,0.025600002
,,,0.00042015,0.025600002
,,,0.00042016,0.024800001
,,,0.00042017,0.024800001
,,,0.00042018,0.024800001
,,,0.00042019,0.024000001
,,,0.0004202,0.024800001
,,,0.00042021,0.024000001
,,,0.00042022,0.024800001
,,,0.00042023,0.024800001
,,,0.00042024,0.024000001
,,,0.00042025,0.023200001
,,,0.00042026,0.025600002
,,,0.00042027,0.025600002
,,,0.00042028,0.023200001
,,,0.00042029,0.024000001
,,,0.0004203,0.024000001
,,,0.00042031,0.024000001
,,,0.00042032,0.023200001
,,,0.00042033,0.024800001
,,,0.00042034,0.024000001
,,,0.00042035,0.024000001
,,,0.00042036,0.024800001
,,,0.00042037,0.024800001
,,,0.00042038,0.025600002
,,,0.00042039,0.024000001
,,,0.0004204,0.025600002
,,,0.00042041,0.024000001
,,,0.00042042,0.024000001
,,,0.00042043,0.025600002
,,,0.00042044,0.024000001
,,,0.00042045,0.025600002
,,,0.00042046,0.025600002
,,,0.00042047,0.024000001
,,,0.00042048,0.024000001
,,,0.00042049,0.024800001
,,,0.0004205,0.025600002
,,,0.00042051,0.024000001
,,,0.00042052,0.024800001
,,,0.00042053,0.023200001
,,,0.00042054,0.024000001
,,,0.00042055,0.024000001
,,,0.00042056,0.024800001
,,,0.00042057,0.024000001
,,,0.00042058,0.024000001
,,,0.00042059,0.024000001
,,,0.0004206,0.023200001
,,,0.00042061,0.022400001
,,,0.00042062,0.024800001
,,,0.00042063,0.023200001
,,,0.00042064,0.024000001
,,,0.00042065,0.024800001
,,,0.00042066,0.024000001
,,,0.00042067,0.024800001
,,,0.00042068,0.024000001
,,,0.00042069,0.024000001
,,,0.0004207,0.024800001
,,,0.00042071,0.024800001
,,,0.00042072,0.025600002
,,,0.00042073,0.023200001
,,,0.00042074,0.024000001
,,,0.00042075,0.024000001
,,,0.00042076,0.024000001
,,,0.00042077,0.023200001
,,,0.00042078,0.024000001
,,,0.00042079,0.024800001
,,,0.0004208,0.024800001
,,,0.00042081,0.023200001
,,,0.00042082,0.024800001
,,,0.00042083,0.023200001
,,,0.00042084,0.024800001
,,,0.00042085,0.024000001
,,,0.00042086,0.024800001
,,,0.00042087,0.024800001
,,,0.00042088,0.024000001
,,,0.00042089,0.023200001
,,,0.0004209,0.025600002
,,,0.00042091,0.024000001
,,,0.00042092,0.024800001
,,,0.00042093,0.024000001
,,,0.00042094,0.023200001
,,,0.00042095,0.024800001
,,,0.00042096,0.024800001
,,,0.00042097,0.023200001
,,,0.00042098,0.026400002
,,,0.00042099,0.024000001
,,,0.000421,0.024000001
,,,0.00042101,0.024000001
,,,0.00042102,0.023200001
,,,0.00042103,0.024800001
,,,0.00042104,0.024800001
,,,0.00042105,0.024000001
,,,0.00042106,0.024000001
,,,0.00042107,0.022400001
,,,0.00042108,0.023200001
,,,0.00042109,0.025600002
,,,0.0004211,0.024000001
,,,0.00042111,0.026400002
,,,0.00042112,0.024000001
,,,0.00042113,0.024000001
,,,0.00042114,0.024800001
,,,0.00042115,0.024000001
,,,0.00042116,0.024000001
,,,0.00042117,0.025600002
,,,0.00042118,0.024800001
,,,0.00042119,0.023200001
,,,0.0004212,0.024800001
,,,0.00042121,0.024000001
,,,0.00042122,0.025600002
,,,0.00042123,0.024000001
,,,0.00042124,0.024800001
,,,0.00042125,0.024800001
,,,0.00042126,0.024000001
,,,0.00042127,0.024000001
,,,0.00042128,0.025600002
,,,0.00042129,0.022400001
,,,0.0004213,0.024000001
,,,0.00042131,0.024000001
,,,0.00042132,0.025600002
,,,0.00042133,0.022400001
,,,0.00042134,0.024800001
,,,0.00042135,0.022400001
,,,0.00042136,0.023200001
,,,0.00042137,0.024000001
,,,0.00042138,0.024000001
,,,0.00042139,0.025600002
,,,0.0004214,0.024000001
,,,0.00042141,0.024800001
,,,0.00042142,0.023200001
,,,0.00042143,0.024000001
,,,0.00042144,0.023200001
,,,0.00042145,0.024800001
,,,0.00042146,0.024800001
,,,0.00042147,0.024000001
,,,0.00042148,0.024000001
,,,0.00042149,0.024000001
,,,0.0004215,0.024000001
,,,0.00042151,0.024800001
,,,0.00042152,0.024000001
,,,0.00042153,0.024800001
,,,0.00042154,0.023200001
,,,0.00042155,0.022400001
,,,0.00042156,0.024000001
,,,0.00042157,0.024800001
,,,0.00042158,0.024000001
,,,0.00042159,0.024000001
,,,0.0004216,0.024800001
,,,0.00042161,0.023200001
,,,0.00042162,0.024800001
,,,0.00042163,0.024800001
,,,0.00042164,0.024000001
,,,0.00042165,0.024800001
,,,0.00042166,0.024000001
,,,0.00042167,0.024800001
,,,0.00042168,0.024800001
,,,0.00042169,0.024000001
,,,0.0004217,0.025600002
,,,0.00042171,0.023200001
,,,0.00042172,0.024000001
,,,0.00042173,0.023200001
,,,0.00042174,0.024000001
,,,0.00042175,0.024800001
,,,0.00042176,0.024000001
,,,0.00042177,0.024000001
,,,0.00042178,0.024000001
,,,0.00042179,0.024800001
,,,0.0004218,0.024800001
,,,0.00042181,0.024000001
,,,0.00042182,0.024000001
,,,0.00042183,0.023200001
,,,0.00042184,0.025600002
,,,0.00042185,0.024000001
,,,0.00042186,0.024000001
,,,0.00042187,0.023200001
,,,0.00042188,0.024800001
,,,0.00042189,0.025600002
,,,0.0004219,0.024000001
,,,0.00042191,0.024000001
,,,0.00042192,0.024000001
,,,0.00042193,0.024000001
,,,0.00042194,0.024800001
,,,0.00042195,0.023200001
,,,0.00042196,0.024000001
,,,0.00042197,0.024800001
,,,0.00042198,0.024000001
,,,0.00042199,0.024000001
,,,0.000422,0.023200001
,,,0.00042201,0.024800001
,,,0.00042202,0.023200001
,,,0.00042203,0.025600002
,,,0.00042204,0.024000001
,,,0.00042205,0.024000001
,,,0.00042206,0.025600002
,,,0.00042207,0.024800001
,,,0.00042208,0.024000001
,,,0.00042209,0.024000001
,,,0.0004221,0.024000001
,,,0.00042211,0.024800001
,,,0.00042212,0.023200001
,,,0.00042213,0.024000001
,,,0.00042214,0.024000001
,,,0.00042215,0.024800001
,,,0.00042216,0.024000001
,,,0.00042217,0.023200001
,,,0.00042218,0.024800001
,,,0.00042219,0.023200001
,,,0.0004222,0.025600002
,,,0.00042221,0.024800001
,,,0.00042222,0.024000001
,,,0.00042223,0.024800001
,,,0.00042224,0.024000001
,,,0.00042225,0.024000001
,,,0.00042226,0.024800001
,,,0.00042227,0.024800001
,,,0.00042228,0.024000001
,,,0.00042229,0.025600002
,,,0.0004223,0.023200001
,,,0.00042231,0.024800001
,,,0.00042232,0.022400001
,,,0.00042233,0.024000001
,,,0.00042234,0.024000001
,,,0.00042235,0.025600002
,,,0.00042236,0.024000001
,,,0.00042237,0.023200001
,,,0.00042238,0.024000001
,,,0.00042239,0.024800001
,,,0.0004224,0.024800001
,,,0.00042241,0.024800001
,,,0.00042242,0.024000001
,,,0.00042243,0.024800001
,,,0.00042244,0.024000001
,,,0.00042245,0.024800001
,,,0.00042246,0.023200001
,,,0.00042247,0.024000001
,,,0.00042248,0.024000001
,,,0.00042249,0.025600002
,,,0.0004225,0.024000001
,,,0.00042251,0.024000001
,,,0.00042252,0.024000001
,,,0.00042253,0.024000001
,,,0.00042254,0.023200001
,,,0.00042255,0.024000001
,,,0.00042256,0.024800001
,,,0.00042257,0.024000001
,,,0.00042258,0.023200001
,,,0.00042259,0.023200001
,,,0.0004226,0.024000001
,,,0.00042261,0.024800001
,,,0.00042262,0.024000001
,,,0.00042263,0.023200001
,,,0.00042264,0.024000001
,,,0.00042265,0.024000001
,,,0.00042266,0.024800001
,,,0.00042267,0.024800001
,,,0.00042268,0.024000001
,,,0.00042269,0.023200001
,,,0.0004227,0.024000001
,,,0.00042271,0.025600002
,,,0.00042272,0.024000001
,,,0.00042273,0.024000001
,,,0.00042274,0.025600002
,,,0.00042275,0.023200001
,,,0.00042276,0.022400001
,,,0.00042277,0.027200002
,,,0.00042278,0.022400001
,,,0.00042279,0.024800001
,,,0.0004228,0.023200001
,,,0.00042281,0.024000001
,,,0.00042282,0.023200001
,,,0.00042283,0.024000001
,,,0.00042284,0.023200001
,,,0.00042285,0.024800001
,,,0.00042286,0.024000001
,,,0.00042287,0.024800001
,,,0.00042288,0.024000001
,,,0.00042289,0.024000001
,,,0.0004229,0.022400001
,,,0.00042291,0.024800001
,,,0.00042292,0.025600002
,,,0.00042293,0.024000001
,,,0.00042294,0.024000001
,,,0.00042295,0.024800001
,,,0.00042296,0.022400001
,,,0.00042297,0.024000001
,,,0.00042298,0.024000001
,,,0.00042299,0.024000001
,,,0.000423,0.023200001
,,,0.00042301,0.024000001
,,,0.00042302,0.024000001
,,,0.00042303,0.022400001
,,,0.00042304,0.024800001
,,,0.00042305,0.024800001
,,,0.00042306,0.024000001
,,,0.00042307,0.025600002
,,,0.00042308,0.023200001
,,,0.00042309,0.024800001
,,,0.0004231,0.024800001
,,,0.00042311,0.022400001
,,,0.00042312,0.024000001
,,,0.00042313,0.025600002
,,,0.00042314,0.023200001
,,,0.00042315,0.024000001
,,,0.00042316,0.024800001
,,,0.00042317,0.023200001
,,,0.00042318,0.024000001
,,,0.00042319,0.025600002
,,,0.0004232,0.024000001
,,,0.00042321,0.025600002
,,,0.00042322,0.024000001
,,,0.00042323,0.023200001
,,,0.00042324,0.024000001
,,,0.00042325,0.023200001
,,,0.00042326,0.023200001
,,,0.00042327,0.024000001
,,,0.00042328,0.024000001
,,,0.00042329,0.022400001
,,,0.0004233,0.023200001
,,,0.00042331,0.024000001
,,,0.00042332,0.023200001
,,,0.00042333,0.023200001
,,,0.00042334,0.024800001
,,,0.00042335,0.025600002
,,,0.00042336,0.024800001
,,,0.00042337,0.024000001
,,,0.00042338,0.025600002
,,,0.00042339,0.024000001
,,,0.0004234,0.024000001
,,,0.00042341,0.024800001
,,,0.00042342,0.023200001
,,,0.00042343,0.024000001
,,,0.00042344,0.024000001
,,,0.00042345,0.025600002
,,,0.00042346,0.024000001
,,,0.00042347,0.024800001
,,,0.00042348,0.024800001
,,,0.00042349,0.023200001
,,,0.0004235,0.025600002
,,,0.00042351,0.024000001
,,,0.00042352,0.024000001
,,,0.00042353,0.024000001
,,,0.00042354,0.024800001
,,,0.00042355,0.024000001
,,,0.00042356,0.024800001
,,,0.00042357,0.024800001
,,,0.00042358,0.024000001
,,,0.00042359,0.023200001
,,,0.0004236,0.024000001
,,,0.00042361,0.024000001
,,,0.00042362,0.024800001
,,,0.00042363,0.024800001
,,,0.00042364,0.027200002
,,,0.00042365,0.024000001
,,,0.00042366,0.022400001
,,,0.00042367,0.022400001
,,,0.00042368,0.024800001
,,,0.00042369,0.024000001
,,,0.0004237,0.024000001
,,,0.00042371,0.026400002
,,,0.00042372,0.024800001
,,,0.00042373,0.024000001
,,,0.00042374,0.024000001
,,,0.00042375,0.024800001
,,,0.00042376,0.024800001
,,,0.00042377,0.024000001
,,,0.00042378,0.024800001
,,,0.00042379,0.023200001
,,,0.0004238,0.024000001
,,,0.00042381,0.025600002
,,,0.00042382,0.024800001
,,,0.00042383,0.022400001
,,,0.00042384,0.024000001
,,,0.00042385,0.024000001
,,,0.00042386,0.024800001
,,,0.00042387,0.024000001
,,,0.00042388,0.024800001
,,,0.00042389,0.024000001
,,,0.0004239,0.025600002
,,,0.00042391,0.023200001
,,,0.00042392,0.024800001
,,,0.00042393,0.024000001
,,,0.00042394,0.024000001
,,,0.00042395,0.024000001
,,,0.00042396,0.024000001
,,,0.00042397,0.024000001
,,,0.00042398,0.025600002
,,,0.00042399,0.024800001
,,,0.000424,0.023200001
,,,0.00042401,0.024800001
,,,0.00042402,0.022400001
,,,0.00042403,0.024000001
,,,0.00042404,0.024000001
,,,0.00042405,0.024000001
,,,0.00042406,0.023200001
,,,0.00042407,0.024800001
,,,0.00042408,0.024000001
,,,0.00042409,0.024000001
,,,0.0004241,0.024000001
,,,0.00042411,0.023200001
,,,0.00042412,0.023200001
,,,0.00042413,0.024000001
,,,0.00042414,0.025600002
,,,0.00042415,0.025600002
,,,0.00042416,0.024800001
,,,0.00042417,0.024000001
,,,0.00042418,0.025600002
,,,0.00042419,0.024800001
,,,0.0004242,0.024800001
,,,0.00042421,0.024000001
,,,0.00042422,0.025600002
,,,0.00042423,0.024800001
,,,0.00042424,0.024800001
,,,0.00042425,0.024000001
,,,0.00042426,0.024000001
,,,0.00042427,0.025600002
,,,0.00042428,0.024800001
,,,0.00042429,0.024000001
,,,0.0004243,0.024800001
,,,0.00042431,0.025600002
,,,0.00042432,0.024800001
,,,0.00042433,0.024800001
,,,0.00042434,0.025600002
,,,0.00042435,0.024000001
,,,0.00042436,0.024000001
,,,0.00042437,0.024000001
,,,0.00042438,0.024000001
,,,0.00042439,0.024000001
,,,0.0004244,0.024000001
,,,0.00042441,0.024000001
,,,0.00042442,0.024000001
,,,0.00042443,0.024000001
,,,0.00042444,0.024000001
,,,0.00042445,0.024800001
,,,0.00042446,0.024000001
,,,0.00042447,0.024800001
,,,0.00042448,0.024000001
,,,0.00042449,0.024000001
,,,0.0004245,0.024000001
,,,0.00042451,0.024800001
,,,0.00042452,0.024000001
,,,0.00042453,0.026400002
,,,0.00042454,0.024800001
,,,0.00042455,0.023200001
,,,0.00042456,0.024800001
,,,0.00042457,0.024000001
,,,0.00042458,0.024000001
,,,0.00042459,0.023200001
,,,0.0004246,0.024800001
,,,0.00042461,0.023200001
,,,0.00042462,0.023200001
,,,0.00042463,0.024000001
,,,0.00042464,0.025600002
,,,0.00042465,0.023200001
,,,0.00042466,0.023200001
,,,0.00042467,0.024800001
,,,0.00042468,0.024000001
,,,0.00042469,0.023200001
,,,0.0004247,0.024800001
,,,0.00042471,0.024000001
,,,0.00042472,0.024000001
,,,0.00042473,0.024800001
,,,0.00042474,0.024000001
,,,0.00042475,0.024800001
,,,0.00042476,0.024000001
,,,0.00042477,0.024000001
,,,0.00042478,0.024800001
,,,0.00042479,0.024000001
,,,0.0004248,0.024800001
,,,0.00042481,0.022400001
,,,0.00042482,0.026400002
,,,0.00042483,0.024000001
,,,0.00042484,0.024000001
,,,0.00042485,0.024000001
,,,0.00042486,0.024800001
,,,0.00042487,0.024000001
,,,0.00042488,0.023200001
,,,0.00042489,0.024800001
,,,0.0004249,0.024000001
,,,0.00042491,0.024800001
,,,0.00042492,0.023200001
,,,0.00042493,0.024800001
,,,0.00042494,0.024800001
,,,0.00042495,0.024000001
,,,0.00042496,0.025600002
,,,0.00042497,0.024000001
,,,0.00042498,0.024800001
,,,0.00042499,0.024000001
,,,0.000425,0.024000001
,,,0.00042501,0.024000001
,,,0.00042502,0.024800001
,,,0.00042503,0.023200001
,,,0.00042504,0.025600002
,,,0.00042505,0.025600002
,,,0.00042506,0.024000001
,,,0.00042507,0.024000001
,,,0.00042508,0.024000001
,,,0.00042509,0.024800001
,,,0.0004251,0.024000001
,,,0.00042511,0.023200001
,,,0.00042512,0.024000001
,,,0.00042513,0.023200001
,,,0.00042514,0.023200001
,,,0.00042515,0.024800001
,,,0.00042516,0.024000001
,,,0.00042517,0.022400001
,,,0.00042518,0.024800001
,,,0.00042519,0.024000001
,,,0.0004252,0.024800001
,,,0.00042521,0.024800001
,,,0.00042522,0.024800001
,,,0.00042523,0.022400001
,,,0.00042524,0.024000001
,,,0.00042525,0.024000001
,,,0.00042526,0.023200001
,,,0.00042527,0.024000001
,,,0.00042528,0.024000001
,,,0.00042529,0.023200001
,,,0.0004253,0.024800001
,,,0.00042531,0.024000001
,,,0.00042532,0.025600002
,,,0.00042533,0.024800001
,,,0.00042534,0.024800001
,,,0.00042535,0.025600002
,,,0.00042536,0.023200001
,,,0.00042537,0.026400002
,,,0.00042538,0.024000001
,,,0.00042539,0.025600002
,,,0.0004254,0.024000001
,,,0.00042541,0.024000001
,,,0.00042542,0.023200001
,,,0.00042543,0.024800001
,,,0.00042544,0.027200002
,,,0.00042545,0.024800001
,,,0.00042546,0.024000001
,,,0.00042547,0.024800001
,,,0.00042548,0.024800001
,,,0.00042549,0.024800001
,,,0.0004255,0.025600002
,,,0.00042551,0.024000001
,,,0.00042552,0.024000001
,,,0.00042553,0.024000001
,,,0.00042554,0.023200001
,,,0.00042555,0.024000001
,,,0.00042556,0.024800001
,,,0.00042557,0.024000001
,,,0.00042558,0.022400001
,,,0.00042559,0.024800001
,,,0.0004256,0.024000001
,,,0.00042561,0.024800001
,,,0.00042562,0.024800001
,,,0.00042563,0.024000001
,,,0.00042564,0.024800001
,,,0.00042565,0.024800001
,,,0.00042566,0.024800001
,,,0.00042567,0.024000001
,,,0.00042568,0.023200001
,,,0.00042569,0.024000001
,,,0.0004257,0.024800001
,,,0.00042571,0.024800001
,,,0.00042572,0.023200001
,,,0.00042573,0.024000001
,,,0.00042574,0.026400002
,,,0.00042575,0.025600002
,,,0.00042576,0.024000001
,,,0.00042577,0.024800001
,,,0.00042578,0.024000001
,,,0.00042579,0.023200001
,,,0.0004258,0.024000001
,,,0.00042581,0.024800001
,,,0.00042582,0.022400001
,,,0.00042583,0.024000001
,,,0.00042584,0.025600002
,,,0.00042585,0.024000001
,,,0.00042586,0.024800001
,,,0.00042587,0.024000001
,,,0.00042588,0.023200001
,,,0.00042589,0.024000001
,,,0.0004259,0.024000001
,,,0.00042591,0.024000001
,,,0.00042592,0.025600002
,,,0.00042593,0.024000001
,,,0.00042594,0.024000001
,,,0.00042595,0.025600002
,,,0.00042596,0.024000001
,,,0.00042597,0.026400002
,,,0.00042598,0.024000001
,,,0.00042599,0.023200001
,,,0.000426,0.025600002
,,,0.00042601,0.024000001
,,,0.00042602,0.024000001
,,,0.00042603,0.024800001
,,,0.00042604,0.023200001
,,,0.00042605,0.024000001
,,,0.00042606,0.024000001
,,,0.00042607,0.024000001
,,,0.00042608,0.024000001
,,,0.00042609,0.024000001
,,,0.0004261,0.024000001
,,,0.00042611,0.022400001
,,,0.00042612,0.024000001
,,,0.00042613,0.024800001
,,,0.00042614,0.024000001
,,,0.00042615,0.025600002
,,,0.00042616,0.024800001
,,,0.00042617,0.024000001
,,,0.00042618,0.024000001
,,,0.00042619,0.024800001
,,,0.0004262,0.024800001
,,,0.00042621,0.024000001
,,,0.00042622,0.025600002
,,,0.00042623,0.024800001
,,,0.00042624,0.024800001
,,,0.00042625,0.024000001
,,,0.00042626,0.023200001
,,,0.00042627,0.024000001
,,,0.00042628,0.025600002
,,,0.00042629,0.026400002
,,,0.0004263,0.024000001
,,,0.00042631,0.023200001
,,,0.00042632,0.024000001
,,,0.00042633,0.024000001
,,,0.00042634,0.024800001
,,,0.00042635,0.024000001
,,,0.00042636,0.023200001
,,,0.00042637,0.023200001
,,,0.00042638,0.024000001
,,,0.00042639,0.024800001
,,,0.0004264,0.025600002
,,,0.00042641,0.024000001
,,,0.00042642,0.023200001
,,,0.00042643,0.024000001
,,,0.00042644,0.024000001
,,,0.00042645,0.024800001
,,,0.00042646,0.024800001
,,,0.00042647,0.024000001
,,,0.00042648,0.023200001
,,,0.00042649,0.024000001
,,,0.0004265,0.023200001
,,,0.00042651,0.024000001
,,,0.00042652,0.024800001
,,,0.00042653,0.024000001
,,,0.00042654,0.023200001
,,,0.00042655,0.025600002
,,,0.00042656,0.024800001
,,,0.00042657,0.024800001
,,,0.00042658,0.024800001
,,,0.00042659,0.024800001
,,,0.0004266,0.024000001
,,,0.00042661,0.024800001
,,,0.00042662,0.024000001
,,,0.00042663,0.023200001
,,,0.00042664,0.023200001
,,,0.00042665,0.024800001
,,,0.00042666,0.024000001
,,,0.00042667,0.024000001
,,,0.00042668,0.024000001
,,,0.00042669,0.024800001
,,,0.0004267,0.024000001
,,,0.00042671,0.025600002
,,,0.00042672,0.024000001
,,,0.00042673,0.023200001
,,,0.00042674,0.023200001
,,,0.00042675,0.023200001
,,,0.00042676,0.024000001
,,,0.00042677,0.024000001
,,,0.00042678,0.024000001
,,,0.00042679,0.024000001
,,,0.0004268,0.024000001
,,,0.00042681,0.024800001
,,,0.00042682,0.024000001
,,,0.00042683,0.024000001
,,,0.00042684,0.023200001
,,,0.00042685,0.024000001
,,,0.00042686,0.022400001
,,,0.00042687,0.023200001
,,,0.00042688,0.024000001
,,,0.00042689,0.024000001
,,,0.0004269,0.024000001
,,,0.00042691,0.024800001
,,,0.00042692,0.024000001
,,,0.00042693,0.025600002
,,,0.00042694,0.027200002
,,,0.00042695,0.025600002
,,,0.00042696,0.024000001
,,,0.00042697,0.024000001
,,,0.00042698,0.024000001
,,,0.00042699,0.024000001
,,,0.000427,0.024800001
,,,0.00042701,0.024800001
,,,0.00042702,0.024000001
,,,0.00042703,0.025600002
,,,0.00042704,0.024800001
,,,0.00042705,0.024000001
,,,0.00042706,0.024000001
,,,0.00042707,0.023200001
,,,0.00042708,0.024000001
,,,0.00042709,0.024000001
,,,0.0004271,0.024800001
,,,0.00042711,0.024000001
,,,0.00042712,0.024800001
,,,0.00042713,0.024000001
,,,0.00042714,0.024000001
,,,0.00042715,0.024000001
,,,0.00042716,0.024000001
,,,0.00042717,0.023200001
,,,0.00042718,0.024000001
,,,0.00042719,0.024000001
,,,0.0004272,0.024000001
,,,0.00042721,0.023200001
,,,0.00042722,0.023200001
,,,0.00042723,0.024000001
,,,0.00042724,0.024000001
,,,0.00042725,0.023200001
,,,0.00042726,0.024000001
,,,0.00042727,0.025600002
,,,0.00042728,0.024800001
,,,0.00042729,0.024000001
,,,0.0004273,0.022400001
,,,0.00042731,0.023200001
,,,0.00042732,0.024800001
,,,0.00042733,0.023200001
,,,0.00042734,0.024000001
,,,0.00042735,0.024800001
,,,0.00042736,0.025600002
,,,0.00042737,0.023200001
,,,0.00042738,0.025600002
,,,0.00042739,0.024800001
,,,0.0004274,0.024800001
,,,0.00042741,0.024000001
,,,0.00042742,0.024000001
,,,0.00042743,0.023200001
,,,0.00042744,0.023200001
,,,0.00042745,0.024800001
,,,0.00042746,0.024000001
,,,0.00042747,0.023200001
,,,0.00042748,0.022400001
,,,0.00042749,0.024000001
,,,0.0004275,0.024000001
,,,0.00042751,0.024000001
,,,0.00042752,0.023200001
,,,0.00042753,0.024000001
,,,0.00042754,0.023200001
,,,0.00042755,0.024000001
,,,0.00042756,0.024800001
,,,0.00042757,0.024000001
,,,0.00042758,0.024800001
,,,0.00042759,0.024800001
,,,0.0004276,0.024000001
,,,0.00042761,0.024000001
,,,0.00042762,0.025600002
,,,0.00042763,0.024800001
,,,0.00042764,0.024800001
,,,0.00042765,0.024000001
,,,0.00042766,0.024000001
,,,0.00042767,0.024800001
,,,0.00042768,0.027200002
,,,0.00042769,0.024000001
,,,0.0004277,0.024000001
,,,0.00042771,0.024000001
,,,0.00042772,0.023200001
,,,0.00042773,0.025600002
,,,0.00042774,0.025600002
,,,0.00042775,0.023200001
,,,0.00042776,0.024000001
,,,0.00042777,0.024800001
,,,0.00042778,0.023200001
,,,0.00042779,0.023200001
,,,0.0004278,0.024000001
,,,0.00042781,0.024800001
,,,0.00042782,0.024000001
,,,0.00042783,0.024000001
,,,0.00042784,0.024000001
,,,0.00042785,0.025600002
,,,0.00042786,0.024000001
,,,0.00042787,0.024800001
,,,0.00042788,0.024000001
,,,0.00042789,0.024800001
,,,0.0004279,0.024000001
,,,0.00042791,0.024800001
,,,0.00042792,0.022400001
,,,0.00042793,0.024000001
,,,0.00042794,0.026400002
,,,0.00042795,0.023200001
,,,0.00042796,0.024000001
,,,0.00042797,0.024000001
,,,0.00042798,0.025600002
,,,0.00042799,0.024000001
,,,0.000428,0.024000001
,,,0.00042801,0.025600002
,,,0.00042802,0.024000001
,,,0.00042803,0.024000001
,,,0.00042804,0.024000001
,,,0.00042805,0.024000001
,,,0.00042806,0.024800001
,,,0.00042807,0.022400001
,,,0.00042808,0.024000001
,,,0.00042809,0.024000001
,,,0.0004281,0.024000001
,,,0.00042811,0.024000001
,,,0.00042812,0.024000001
,,,0.00042813,0.024000001
,,,0.00042814,0.023200001
,,,0.00042815,0.024000001
,,,0.00042816,0.024800001
,,,0.00042817,0.024000001
,,,0.00042818,0.024800001
,,,0.00042819,0.024000001
,,,0.0004282,0.024000001
,,,0.00042821,0.023200001
,,,0.00042822,0.024800001
,,,0.00042823,0.024000001
,,,0.00042824,0.022400001
,,,0.00042825,0.024000001
,,,0.00042826,0.025600002
,,,0.00042827,0.026400002
,,,0.00042828,0.025600002
,,,0.00042829,0.024000001
,,,0.0004283,0.024800001
,,,0.00042831,0.024800001
,,,0.00042832,0.024800001
,,,0.00042833,0.024000001
,,,0.00042834,0.024800001
,,,0.00042835,0.024000001
,,,0.00042836,0.025600002
,,,0.00042837,0.023200001
,,,0.00042838,0.023200001
,,,0.00042839,0.024800001
,,,0.0004284,0.024000001
,,,0.00042841,0.025600002
,,,0.00042842,0.024800001
,,,0.00042843,0.024000001
,,,0.00042844,0.024000001
,,,0.00042845,0.024800001
,,,0.00042846,0.023200001
,,,0.00042847,0.024800001
,,,0.00042848,0.026400002
,,,0.00042849,0.024800001
,,,0.0004285,0.024000001
,,,0.00042851,0.024000001
,,,0.00042852,0.022400001
,,,0.00042853,0.024000001
,,,0.00042854,0.024000001
,,,0.00042855,0.024800001
,,,0.00042856,0.023200001
,,,0.00042857,0.026400002
,,,0.00042858,0.024800001
,,,0.00042859,0.024000001
,,,0.0004286,0.024000001
,,,0.00042861,0.024000001
,,,0.00042862,0.024000001
,,,0.00042863,0.024800001
,,,0.00042864,0.025600002
,,,0.00042865,0.025600002
,,,0.00042866,0.024800001
,,,0.00042867,0.022400001
,,,0.00042868,0.024000001
,,,0.00042869,0.024000001
,,,0.0004287,0.024000001
,,,0.00042871,0.024000001
,,,0.00042872,0.024800001
,,,0.00042873,0.024000001
,,,0.00042874,0.024800001
,,,0.00042875,0.024000001
,,,0.00042876,0.024000001
,,,0.00042877,0.023200001
,,,0.00042878,0.024000001
,,,0.00042879,0.024800001
,,,0.0004288,0.024800001
,,,0.00042881,0.024000001
,,,0.00042882,0.024800001
,,,0.00042883,0.024000001
,,,0.00042884,0.024800001
,,,0.00042885,0.023200001
,,,0.00042886,0.025600002
,,,0.00042887,0.025600002
,,,0.00042888,0.025600002
,,,0.00042889,0.024000001
,,,0.0004289,0.024800001
,,,0.00042891,0.024800001
,,,0.00042892,0.024000001
,,,0.00042893,0.024000001
,,,0.00042894,0.024000001
,,,0.00042895,0.024000001
,,,0.00042896,0.022400001
,,,0.00042897,0.023200001
,,,0.00042898,0.024000001
,,,0.00042899,0.024000001
,,,0.000429,0.024800001
,,,0.00042901,0.024000001
,,,0.00042902,0.024000001
,,,0.00042903,0.024000001
,,,0.00042904,0.024000001
,,,0.00042905,0.023200001
,,,0.00042906,0.024800001
,,,0.00042907,0.023200001
,,,0.00042908,0.024800001
,,,0.00042909,0.024000001
,,,0.0004291,0.023200001
,,,0.00042911,0.024000001
,,,0.00042912,0.024000001
,,,0.00042913,0.024800001
,,,0.00042914,0.024000001
,,,0.00042915,0.024800001
,,,0.00042916,0.024000001
,,,0.00042917,0.022400001
,,,0.00042918,0.024800001
,,,0.00042919,0.024800001
,,,0.0004292,0.024000001
,,,0.00042921,0.024800001
,,,0.00042922,0.023200001
,,,0.00042923,0.024000001
,,,0.00042924,0.024800001
,,,0.00042925,0.023200001
,,,0.00042926,0.025600002
,,,0.00042927,0.025600002
,,,0.00042928,0.023200001
,,,0.00042929,0.023200001
,,,0.0004293,0.024000001
,,,0.00042931,0.024000001
,,,0.00042932,0.024000001
,,,0.00042933,0.024800001
,,,0.00042934,0.024000001
,,,0.00042935,0.024000001
,,,0.00042936,0.027200002
,,,0.00042937,0.024800001
,,,0.00042938,0.024000001
,,,0.00042939,0.024000001
,,,0.0004294,0.024800001
,,,0.00042941,0.024000001
,,,0.00042942,0.025600002
,,,0.00042943,0.024800001
,,,0.00042944,0.024800001
,,,0.00042945,0.025600002
,,,0.00042946,0.024000001
,,,0.00042947,0.023200001
,,,0.00042948,0.024000001
,,,0.00042949,0.024000001
,,,0.0004295,0.024800001
,,,0.00042951,0.023200001
,,,0.00042952,0.024000001
,,,0.00042953,0.024000001
,,,0.00042954,0.024800001
,,,0.00042955,0.023200001
,,,0.00042956,0.024000001
,,,0.00042957,0.024000001
,,,0.00042958,0.025600002
,,,0.00042959,0.025600002
,,,0.0004296,0.024000001
,,,0.00042961,0.024000001
,,,0.00042962,0.023200001
,,,0.00042963,0.024000001
,,,0.00042964,0.024000001
,,,0.00042965,0.023200001
,,,0.00042966,0.024000001
,,,0.00042967,0.024800001
,,,0.00042968,0.024000001
,,,0.00042969,0.025600002
,,,0.0004297,0.024800001
,,,0.00042971,0.025600002
,,,0.00042972,0.025600002
,,,0.00042973,0.025600002
,,,0.00042974,0.023200001
,,,0.00042975,0.023200001
,,,0.00042976,0.024000001
,,,0.00042977,0.024000001
,,,0.00042978,0.024000001
,,,0.00042979,0.023200001
,,,0.0004298,0.024000001
,,,0.00042981,0.023200001
,,,0.00042982,0.025600002
,,,0.00042983,0.023200001
,,,0.00042984,0.024000001
,,,0.00042985,0.024000001
,,,0.00042986,0.027200002
,,,0.00042987,0.024800001
,,,0.00042988,0.024000001
,,,0.00042989,0.024800001
,,,0.0004299,0.024000001
,,,0.00042991,0.024000001
,,,0.00042992,0.024000001
,,,0.00042993,0.024000001
,,,0.00042994,0.024800001
,,,0.00042995,0.023200001
,,,0.00042996,0.024000001
,,,0.00042997,0.025600002
,,,0.00042998,0.024000001
,,,0.00042999,0.024800001
,,,0.00043,0.024000001
,,,0.00043001,0.024800001
,,,0.00043002,0.022400001
,,,0.00043003,0.024000001
,,,0.00043004,0.024800001
,,,0.00043005,0.024800001
,,,0.00043006,0.025600002
,,,0.00043007,0.023200001
,,,0.00043008,0.024800001
,,,0.00043009,0.024000001
,,,0.0004301,0.024000001
,,,0.00043011,0.024000001
,,,0.00043012,0.024000001
,,,0.00043013,0.024000001
,,,0.00043014,0.024800001
,,,0.00043015,0.022400001
,,,0.00043016,0.025600002
,,,0.00043017,0.024800001
,,,0.00043018,0.024800001
,,,0.00043019,0.022400001
,,,0.0004302,0.024000001
,,,0.00043021,0.024000001
,,,0.00043022,0.024000001
,,,0.00043023,0.024000001
,,,0.00043024,0.024800001
,,,0.00043025,0.024000001
,,,0.00043026,0.024800001
,,,0.00043027,0.024000001
,,,0.00043028,0.024000001
,,,0.00043029,0.024000001
,,,0.0004303,0.024800001
,,,0.00043031,0.024000001
,,,0.00043032,0.024800001
,,,0.00043033,0.024000001
,,,0.00043034,0.022400001
,,,0.00043035,0.022400001
,,,0.00043036,0.025600002
,,,0.00043037,0.025600002
,,,0.00043038,0.023200001
,,,0.00043039,0.024000001
,,,0.0004304,0.024000001
,,,0.00043041,0.024000001
,,,0.00043042,0.022400001
,,,0.00043043,0.024000001
,,,0.00043044,0.023200001
,,,0.00043045,0.022400001
,,,0.00043046,0.023200001
,,,0.00043047,0.024800001
,,,0.00043048,0.025600002
,,,0.00043049,0.024000001
,,,0.0004305,0.024800001
,,,0.00043051,0.023200001
,,,0.00043052,0.023200001
,,,0.00043053,0.024000001
,,,0.00043054,0.024000001
,,,0.00043055,0.024000001
,,,0.00043056,0.024000001
,,,0.00043057,0.025600002
,,,0.00043058,0.022400001
,,,0.00043059,0.024000001
,,,0.0004306,0.024000001
,,,0.00043061,0.024800001
,,,0.00043062,0.024800001
,,,0.00043063,0.024000001
,,,0.00043064,0.022400001
,,,0.00043065,0.024800001
,,,0.00043066,0.024000001
,,,0.00043067,0.023200001
,,,0.00043068,0.024000001
,,,0.00043069,0.024000001
,,,0.0004307,0.024800001
,,,0.00043071,0.024000001
,,,0.00043072,0.024800001
,,,0.00043073,0.024000001
,,,0.00043074,0.023200001
,,,0.00043075,0.024800001
,,,0.00043076,0.024000001
,,,0.00043077,0.024800001
,,,0.00043078,0.024000001
,,,0.00043079,0.023200001
,,,0.0004308,0.023200001
,,,0.00043081,0.024000001
,,,0.00043082,0.024800001
,,,0.00043083,0.023200001
,,,0.00043084,0.024000001
,,,0.00043085,0.024000001
,,,0.00043086,0.024000001
,,,0.00043087,0.024800001
,,,0.00043088,0.024000001
,,,0.00043089,0.022400001
,,,0.0004309,0.023200001
,,,0.00043091,0.024000001
,,,0.00043092,0.023200001
,,,0.00043093,0.024000001
,,,0.00043094,0.024000001
,,,0.00043095,0.024800001
,,,0.00043096,0.024800001
,,,0.00043097,0.023200001
,,,0.00043098,0.024800001
,,,0.00043099,0.024000001
,,,0.000431,0.025600002
,,,0.00043101,0.024000001
,,,0.00043102,0.024000001
,,,0.00043103,0.024000001
,,,0.00043104,0.022400001
,,,0.00043105,0.024000001
,,,0.00043106,0.024800001
,,,0.00043107,0.024800001
,,,0.00043108,0.025600002
,,,0.00043109,0.024800001
,,,0.0004311,0.025600002
,,,0.00043111,0.023200001
,,,0.00043112,0.024000001
,,,0.00043113,0.024800001
,,,0.00043114,0.023200001
,,,0.00043115,0.024000001
,,,0.00043116,0.024800001
,,,0.00043117,0.024800001
,,,0.00043118,0.024000001
,,,0.00043119,0.024000001
,,,0.0004312,0.024000001
,,,0.00043121,0.023200001
,,,0.00043122,0.025600002
,,,0.00043123,0.024800001
,,,0.00043124,0.024000001
,,,0.00043125,0.026400002
,,,0.00043126,0.024000001
,,,0.00043127,0.024000001
,,,0.00043128,0.024000001
,,,0.00043129,0.024800001
,,,0.0004313,0.022400001
,,,0.00043131,0.024000001
,,,0.00043132,0.024800001
,,,0.00043133,0.024000001
,,,0.00043134,0.024000001
,,,0.00043135,0.024800001
,,,0.00043136,0.024000001
,,,0.00043137,0.024000001
,,,0.00043138,0.025600002
,,,0.00043139,0.024000001
,,,0.0004314,0.024000001
,,,0.00043141,0.024800001
,,,0.00043142,0.024000001
,,,0.00043143,0.024000001
,,,0.00043144,0.024800001
,,,0.00043145,0.024000001
,,,0.00043146,0.024000001
,,,0.00043147,0.024800001
,,,0.00043148,0.024000001
,,,0.00043149,0.025600002
,,,0.0004315,0.023200001
,,,0.00043151,0.024000001
,,,0.00043152,0.024000001
,,,0.00043153,0.024000001
,,,0.00043154,0.024800001
,,,0.00043155,0.024000001
,,,0.00043156,0.024000001
,,,0.00043157,0.024800001
,,,0.00043158,0.024000001
,,,0.00043159,0.024800001
,,,0.0004316,0.024800001
,,,0.00043161,0.023200001
,,,0.00043162,0.024800001
,,,0.00043163,0.024000001
,,,0.00043164,0.023200001
,,,0.00043165,0.023200001
,,,0.00043166,0.024800001
,,,0.00043167,0.023200001
,,,0.00043168,0.024800001
,,,0.00043169,0.024000001
,,,0.0004317,0.024000001
,,,0.00043171,0.024800001
,,,0.00043172,0.025600002
,,,0.00043173,0.024000001
,,,0.00043174,0.024000001
,,,0.00043175,0.024800001
,,,0.00043176,0.024000001
,,,0.00043177,0.023200001
,,,0.00043178,0.024000001
,,,0.00043179,0.024000001
,,,0.0004318,0.024800001
,,,0.00043181,0.024000001
,,,0.00043182,0.024000001
,,,0.00043183,0.024000001
,,,0.00043184,0.024000001
,,,0.00043185,0.023200001
,,,0.00043186,0.024000001
,,,0.00043187,0.024000001
,,,0.00043188,0.024000001
,,,0.00043189,0.025600002
,,,0.0004319,0.024000001
,,,0.00043191,0.024800001
,,,0.00043192,0.025600002
,,,0.00043193,0.021600001
,,,0.00043194,0.025600002
,,,0.00043195,0.022400001
,,,0.00043196,0.023200001
,,,0.00043197,0.025600002
,,,0.00043198,0.026400002
,,,0.00043199,0.024000001
,,,0.000432,0.024000001
,,,0.00043201,0.024800001
,,,0.00043202,0.024000001
,,,0.00043203,0.024000001
,,,0.00043204,0.024000001
,,,0.00043205,0.024000001
,,,0.00043206,0.025600002
,,,0.00043207,0.024800001
,,,0.00043208,0.023200001
,,,0.00043209,0.024000001
,,,0.0004321,0.022400001
,,,0.00043211,0.024000001
,,,0.00043212,0.025600002
,,,0.00043213,0.024000001
,,,0.00043214,0.022400001
,,,0.00043215,0.022400001
,,,0.00043216,0.024800001
,,,0.00043217,0.024000001
,,,0.00043218,0.024800001
,,,0.00043219,0.025600002
,,,0.0004322,0.024800001
,,,0.00043221,0.024800001
,,,0.00043222,0.024000001
,,,0.00043223,0.024000001
,,,0.00043224,0.024000001
,,,0.00043225,0.023200001
,,,0.00043226,0.023200001
,,,0.00043227,0.024800001
,,,0.00043228,0.024000001
,,,0.00043229,0.024000001
,,,0.0004323,0.024000001
,,,0.00043231,0.024800001
,,,0.00043232,0.023200001
,,,0.00043233,0.024800001
,,,0.00043234,0.023200001
,,,0.00043235,0.024000001
,,,0.00043236,0.024000001
,,,0.00043237,0.024000001
,,,0.00043238,0.024800001
,,,0.00043239,0.025600002
,,,0.0004324,0.024800001
,,,0.00043241,0.023200001
,,,0.00043242,0.024800001
,,,0.00043243,0.024800001
,,,0.00043244,0.024000001
,,,0.00043245,0.024000001
,,,0.00043246,0.024000001
,,,0.00043247,0.024000001
,,,0.00043248,0.024800001
,,,0.00043249,0.024000001
,,,0.0004325,0.025600002
,,,0.00043251,0.026400002
,,,0.00043252,0.024000001
,,,0.00043253,0.024000001
,,,0.00043254,0.023200001
,,,0.00043255,0.024000001
,,,0.00043256,0.024800001
,,,0.00043257,0.023200001
,,,0.00043258,0.024000001
,,,0.00043259,0.023200001
,,,0.0004326,0.023200001
,,,0.00043261,0.024000001
,,,0.00043262,0.024800001
,,,0.00043263,0.024000001
,,,0.00043264,0.023200001
,,,0.00043265,0.024000001
,,,0.00043266,0.024800001
,,,0.00043267,0.024800001
,,,0.00043268,0.023200001
,,,0.00043269,0.024000001
,,,0.0004327,0.024000001
,,,0.00043271,0.024000001
,,,0.00043272,0.024000001
,,,0.00043273,0.024800001
,,,0.00043274,0.024000001
,,,0.00043275,0.024000001
,,,0.00043276,0.024000001
,,,0.00043277,0.023200001
,,,0.00043278,0.024000001
,,,0.00043279,0.024000001
,,,0.0004328,0.023200001
,,,0.00043281,0.024000001
,,,0.00043282,0.023200001
,,,0.00043283,0.024000001
,,,0.00043284,0.024800001
,,,0.00043285,0.024000001
,,,0.00043286,0.024000001
,,,0.00043287,0.024800001
,,,0.00043288,0.025600002
,,,0.00043289,0.025600002
,,,0.0004329,0.024000001
,,,0.00043291,0.025600002
,,,0.00043292,0.024000001
,,,0.00043293,0.023200001
,,,0.00043294,0.024000001
,,,0.00043295,0.024000001
,,,0.00043296,0.023200001
,,,0.00043297,0.024000001
,,,0.00043298,0.024000001
,,,0.00043299,0.024000001
,,,0.000433,0.024000001
,,,0.00043301,0.024000001
,,,0.00043302,0.024000001
,,,0.00043303,0.024000001
,,,0.00043304,0.023200001
,,,0.00043305,0.023200001
,,,0.00043306,0.024800001
,,,0.00043307,0.023200001
,,,0.00043308,0.024800001
,,,0.00043309,0.024000001
,,,0.0004331,0.024000001
,,,0.00043311,0.024000001
,,,0.00043312,0.024000001
,,,0.00043313,0.024800001
,,,0.00043314,0.026400002
,,,0.00043315,0.023200001
,,,0.00043316,0.025600002
,,,0.00043317,0.024000001
,,,0.00043318,0.023200001
,,,0.00043319,0.024000001
,,,0.0004332,0.025600002
,,,0.00043321,0.023200001
,,,0.00043322,0.024000001
,,,0.00043323,0.024000001
,,,0.00043324,0.025600002
,,,0.00043325,0.024000001
,,,0.00043326,0.024800001
,,,0.00043327,0.024800001
,,,0.00043328,0.025600002
,,,0.00043329,0.023200001
,,,0.0004333,0.024800001
,,,0.00043331,0.024000001
,,,0.00043332,0.025600002
,,,0.00043333,0.025600002
,,,0.00043334,0.023200001
,,,0.00043335,0.024800001
,,,0.00043336,0.024800001
,,,0.00043337,0.024800001
,,,0.00043338,0.024000001
,,,0.00043339,0.024800001
,,,0.0004334,0.024000001
,,,0.00043341,0.024000001
,,,0.00043342,0.022400001
,,,0.00043343,0.024800001
,,,0.00043344,0.024000001
,,,0.00043345,0.024000001
,,,0.00043346,0.024000001
,,,0.00043347,0.024000001
,,,0.00043348,0.024000001
,,,0.00043349,0.024000001
,,,0.0004335,0.024000001
,,,0.00043351,0.024000001
,,,0.00043352,0.024800001
,,,0.00043353,0.024000001
,,,0.00043354,0.024000001
,,,0.00043355,0.024000001
,,,0.00043356,0.023200001
,,,0.00043357,0.024000001
,,,0.00043358,0.024000001
,,,0.00043359,0.023200001
,,,0.0004336,0.024000001
,,,0.00043361,0.026400002
,,,0.00043362,0.024000001
,,,0.00043363,0.023200001
,,,0.00043364,0.024000001
,,,0.00043365,0.024800001
,,,0.00043366,0.024000001
,,,0.00043367,0.024000001
,,,0.00043368,0.024800001
,,,0.00043369,0.024000001
,,,0.0004337,0.025600002
,,,0.00043371,0.022400001
,,,0.00043372,0.024000001
,,,0.00043373,0.023200001
,,,0.00043374,0.024800001
,,,0.00043375,0.024000001
,,,0.00043376,0.024000001
,,,0.00043377,0.024000001
,,,0.00043378,0.025600002
,,,0.00043379,0.024000001
,,,0.0004338,0.024000001
,,,0.00043381,0.022400001
,,,0.00043382,0.024000001
,,,0.00043383,0.024000001
,,,0.00043384,0.025600002
,,,0.00043385,0.024000001
,,,0.00043386,0.024800001
,,,0.00043387,0.024800001
,,,0.00043388,0.022400001
,,,0.00043389,0.024800001
,,,0.0004339,0.024000001
,,,0.00043391,0.023200001
,,,0.00043392,0.024800001
,,,0.00043393,0.024000001
,,,0.00043394,0.024000001
,,,0.00043395,0.024000001
,,,0.00043396,0.024000001
,,,0.00043397,0.024000001
,,,0.00043398,0.023200001
,,,0.00043399,0.024000001
,,,0.000434,0.024800001
,,,0.00043401,0.022400001
,,,0.00043402,0.024000001
,,,0.00043403,0.026400002
,,,0.00043404,0.023200001
,,,0.00043405,0.024800001
,,,0.00043406,0.024800001
,,,0.00043407,0.023200001
,,,0.00043408,0.026400002
,,,0.00043409,0.022400001
,,,0.0004341,0.024000001
,,,0.00043411,0.025600002
,,,0.00043412,0.024800001
,,,0.00043413,0.024800001
,,,0.00043414,0.024800001
,,,0.00043415,0.024800001
,,,0.00043416,0.025600002
,,,0.00043417,0.024000001
,,,0.00043418,0.024000001
,,,0.00043419,0.024000001
,,,0.0004342,0.024000001
,,,0.00043421,0.023200001
,,,0.00043422,0.024000001
,,,0.00043423,0.025600002
,,,0.00043424,0.024000001
,,,0.00043425,0.023200001
,,,0.00043426,0.025600002
,,,0.00043427,0.024800001
,,,0.00043428,0.024000001
,,,0.00043429,0.024000001
,,,0.0004343,0.023200001
,,,0.00043431,0.024800001
,,,0.00043432,0.024800001
,,,0.00043433,0.024000001
,,,0.00043434,0.024800001
,,,0.00043435,0.024000001
,,,0.00043436,0.025600002
,,,0.00043437,0.024800001
,,,0.00043438,0.024800001
,,,0.00043439,0.026400002
,,,0.0004344,0.022400001
,,,0.00043441,0.024000001
,,,0.00043442,0.024800001
,,,0.00043443,0.024000001
,,,0.00043444,0.024000001
,,,0.00043445,0.024000001
,,,0.00043446,0.024800001
,,,0.00043447,0.024000001
,,,0.00043448,0.020800001
,,,0.00043449,0.024000001
,,,0.0004345,0.023200001
,,,0.00043451,0.024000001
,,,0.00043452,0.024000001
,,,0.00043453,0.024000001
,,,0.00043454,0.024000001
,,,0.00043455,0.024800001
,,,0.00043456,0.024800001
,,,0.00043457,0.024000001
,,,0.00043458,0.024000001
,,,0.00043459,0.024000001
,,,0.0004346,0.023200001
,,,0.00043461,0.024000001
,,,0.00043462,0.024000001
,,,0.00043463,0.024000001
,,,0.00043464,0.024000001
,,,0.00043465,0.024000001
,,,0.00043466,0.024800001
,,,0.00043467,0.024000001
,,,0.00043468,0.023200001
,,,0.00043469,0.024000001
,,,0.0004347,0.024000001
,,,0.00043471,0.024800001
,,,0.00043472,0.024000001
,,,0.00043473,0.024000001
,,,0.00043474,0.024800001
,,,0.00043475,0.024000001
,,,0.00043476,0.024800001
,,,0.00043477,0.022400001
,,,0.00043478,0.024800001
,,,0.00043479,0.024000001
,,,0.0004348,0.024000001
,,,0.00043481,0.023200001
,,,0.00043482,0.023200001
,,,0.00043483,0.023200001
,,,0.00043484,0.024800001
,,,0.00043485,0.024000001
,,,0.00043486,0.024000001
,,,0.00043487,0.024000001
,,,0.00043488,0.024800001
,,,0.00043489,0.024000001
,,,0.0004349,0.025600002
,,,0.00043491,0.024000001
,,,0.00043492,0.024800001
,,,0.00043493,0.023200001
,,,0.00043494,0.024000001
,,,0.00043495,0.024800001
,,,0.00043496,0.022400001
,,,0.00043497,0.024000001
,,,0.00043498,0.024800001
,,,0.00043499,0.023200001
,,,0.000435,0.023200001
,,,0.00043501,0.024000001
,,,0.00043502,0.025600002
,,,0.00043503,0.023200001
,,,0.00043504,0.023200001
,,,0.00043505,0.024000001
,,,0.00043506,0.024800001
,,,0.00043507,0.023200001
,,,0.00043508,0.024800001
,,,0.00043509,0.024000001
,,,0.0004351,0.023200001
,,,0.00043511,0.023200001
,,,0.00043512,0.024000001
,,,0.00043513,0.024000001
,,,0.00043514,0.024000001
,,,0.00043515,0.024800001
,,,0.00043516,0.023200001
,,,0.00043517,0.024800001
,,,0.00043518,0.024800001
,,,0.00043519,0.024800001
,,,0.0004352,0.024000001
,,,0.00043521,0.024800001
,,,0.00043522,0.024000001
,,,0.00043523,0.023200001
,,,0.00043524,0.022400001
,,,0.00043525,0.024800001
,,,0.00043526,0.024800001
,,,0.00043527,0.023200001
,,,0.00043528,0.024000001
,,,0.00043529,0.024000001
,,,0.0004353,0.023200001
,,,0.00043531,0.024000001
,,,0.00043532,0.025600002
,,,0.00043533,0.024000001
,,,0.00043534,0.024000001
,,,0.00043535,0.024800001
,,,0.00043536,0.024000001
,,,0.00043537,0.024800001
,,,0.00043538,0.024000001
,,,0.00043539,0.023200001
,,,0.0004354,0.023200001
,,,0.00043541,0.024000001
,,,0.00043542,0.024000001
,,,0.00043543,0.024000001
,,,0.00043544,0.025600002
,,,0.00043545,0.024000001
,,,0.00043546,0.024000001
,,,0.00043547,0.024000001
,,,0.00043548,0.024800001
,,,0.00043549,0.024000001
,,,0.0004355,0.024000001
,,,0.00043551,0.024000001
,,,0.00043552,0.024800001
,,,0.00043553,0.023200001
,,,0.00043554,0.024000001
,,,0.00043555,0.024800001
,,,0.00043556,0.023200001
,,,0.00043557,0.023200001
,,,0.00043558,0.024000001
,,,0.00043559,0.024800001
,,,0.0004356,0.024800001
,,,0.00043561,0.024000001
,,,0.00043562,0.024800001
,,,0.00043563,0.024000001
,,,0.00043564,0.024000001
,,,0.00043565,0.023200001
,,,0.00043566,0.023200001
,,,0.00043567,0.024800001
,,,0.00043568,0.024000001
,,,0.00043569,0.024000001
,,,0.0004357,0.024800001
,,,0.00043571,0.024000001
,,,0.00043572,0.024000001
,,,0.00043573,0.024000001
,,,0.00043574,0.024800001
,,,0.00043575,0.024000001
,,,0.00043576,0.023200001
,,,0.00043577,0.024000001
,,,0.00043578,0.024000001
,,,0.00043579,0.024000001
,,,0.0004358,0.024000001
,,,0.00043581,0.024000001
,,,0.00043582,0.023200001
,,,0.00043583,0.024800001
,,,0.00043584,0.024800001
,,,0.00043585,0.025600002
,,,0.00043586,0.023200001
,,,0.00043587,0.025600002
,,,0.00043588,0.022400001
,,,0.00043589,0.024800001
,,,0.0004359,0.024000001
,,,0.00043591,0.024000001
,,,0.00043592,0.023200001
,,,0.00043593,0.024000001
,,,0.00043594,0.024000001
,,,0.00043595,0.024800001
,,,0.00043596,0.024000001
,,,0.00043597,0.024000001
,,,0.00043598,0.025600002
,,,0.00043599,0.024000001
,,,0.000436,0.024000001
,,,0.00043601,0.023200001
,,,0.00043602,0.024000001
,,,0.00043603,0.023200001
,,,0.00043604,0.024000001
,,,0.00043605,0.024000001
,,,0.00043606,0.023200001
,,,0.00043607,0.024000001
,,,0.00043608,0.023200001
,,,0.00043609,0.023200001
,,,0.0004361,0.025600002
,,,0.00043611,0.026400002
,,,0.00043612,0.024800001
,,,0.00043613,0.024000001
,,,0.00043614,0.024000001
,,,0.00043615,0.024000001
,,,0.00043616,0.024800001
,,,0.00043617,0.025600002
,,,0.00043618,0.024000001
,,,0.00043619,0.023200001
,,,0.0004362,0.024000001
,,,0.00043621,0.024000001
,,,0.00043622,0.024000001
,,,0.00043623,0.024800001
,,,0.00043624,0.025600002
,,,0.00043625,0.024000001
,,,0.00043626,0.024000001
,,,0.00043627,0.024000001
,,,0.00043628,0.025600002
,,,0.00043629,0.024000001
,,,0.0004363,0.024000001
,,,0.00043631,0.024800001
,,,0.00043632,0.023200001
,,,0.00043633,0.021600001
,,,0.00043634,0.025600002
,,,0.00043635,0.024000001
,,,0.00043636,0.024000001
,,,0.00043637,0.024800001
,,,0.00043638,0.024000001
,,,0.00043639,0.024000001
,,,0.0004364,0.024000001
,,,0.00043641,0.024000001
,,,0.00043642,0.024000001
,,,0.00043643,0.024000001
,,,0.00043644,0.024000001
,,,0.00043645,0.024000001
,,,0.00043646,0.023200001
,,,0.00043647,0.024000001
,,,0.00043648,0.024800001
,,,0.00043649,0.024800001
,,,0.0004365,0.025600002
,,,0.00043651,0.024800001
,,,0.00043652,0.024000001
,,,0.00043653,0.024000001
,,,0.00043654,0.024000001
,,,0.00043655,0.023200001
,,,0.00043656,0.023200001
,,,0.00043657,0.025600002
,,,0.00043658,0.024000001
,,,0.00043659,0.024000001
,,,0.0004366,0.025600002
,,,0.00043661,0.024800001
,,,0.00043662,0.024800001
,,,0.00043663,0.024000001
,,,0.00043664,0.023200001
,,,0.00043665,0.024000001
,,,0.00043666,0.024800001
,,,0.00043667,0.024000001
,,,0.00043668,0.024000001
,,,0.00043669,0.025600002
,,,0.0004367,0.024000001
,,,0.00043671,0.024800001
,,,0.00043672,0.024800001
,,,0.00043673,0.023200001
,,,0.00043674,0.024000001
,,,0.00043675,0.024000001
,,,0.00043676,0.024800001
,,,0.00043677,0.024000001
,,,0.00043678,0.025600002
,,,0.00043679,0.023200001
,,,0.0004368,0.023200001
,,,0.00043681,0.026400002
,,,0.00043682,0.024000001
,,,0.00043683,0.024000001
,,,0.00043684,0.023200001
,,,0.00043685,0.024000001
,,,0.00043686,0.024800001
,,,0.00043687,0.025600002
,,,0.00043688,0.022400001
,,,0.00043689,0.023200001
,,,0.0004369,0.024000001
,,,0.00043691,0.022400001
,,,0.00043692,0.024800001
,,,0.00043693,0.022400001
,,,0.00043694,0.022400001
,,,0.00043695,0.025600002
,,,0.00043696,0.024800001
,,,0.00043697,0.024000001
,,,0.00043698,0.024000001
,,,0.00043699,0.025600002
,,,0.000437,0.027200002
,,,0.00043701,0.024800001
,,,0.00043702,0.024000001
,,,0.00043703,0.024000001
,,,0.00043704,0.025600002
,,,0.00043705,0.024000001
,,,0.00043706,0.024000001
,,,0.00043707,0.024000001
,,,0.00043708,0.026400002
,,,0.00043709,0.024800001
,,,0.0004371,0.024000001
,,,0.00043711,0.024000001
,,,0.00043712,0.022400001
,,,0.00043713,0.023200001
,,,0.00043714,0.022400001
,,,0.00043715,0.022400001
,,,0.00043716,0.024000001
,,,0.00043717,0.022400001
,,,0.00043718,0.024000001
,,,0.00043719,0.024800001
,,,0.0004372,0.024800001
,,,0.00043721,0.023200001
,,,0.00043722,0.025600002
,,,0.00043723,0.025600002
,,,0.00043724,0.023200001
,,,0.00043725,0.024800001
,,,0.00043726,0.023200001
,,,0.00043727,0.024800001
,,,0.00043728,0.025600002
,,,0.00043729,0.023200001
,,,0.0004373,0.024800001
,,,0.00043731,0.024000001
,,,0.00043732,0.024000001
,,,0.00043733,0.024000001
,,,0.00043734,0.024000001
,,,0.00043735,0.025600002
,,,0.00043736,0.024800001
,,,0.00043737,0.024000001
,,,0.00043738,0.024000001
,,,0.00043739,0.024000001
,,,0.0004374,0.024000001
,,,0.00043741,0.025600002
,,,0.00043742,0.022400001
,,,0.00043743,0.024000001
,,,0.00043744,0.025600002
,,,0.00043745,0.023200001
,,,0.00043746,0.024000001
,,,0.00043747,0.024000001
,,,0.00043748,0.024000001
,,,0.00043749,0.023200001
,,,0.0004375,0.024800001
,,,0.00043751,0.024000001
,,,0.00043752,0.024000001
,,,0.00043753,0.024800001
,,,0.00043754,0.024800001
,,,0.00043755,0.024000001
,,,0.00043756,0.024000001
,,,0.00043757,0.023200001
,,,0.00043758,0.024800001
,,,0.00043759,0.024000001
,,,0.0004376,0.024000001
,,,0.00043761,0.022400001
,,,0.00043762,0.024800001
,,,0.00043763,0.023200001
,,,0.00043764,0.023200001
,,,0.00043765,0.024000001
,,,0.00043766,0.025600002
,,,0.00043767,0.024800001
,,,0.00043768,0.023200001
,,,0.00043769,0.025600002
,,,0.0004377,0.023200001
,,,0.00043771,0.024800001
,,,0.00043772,0.024000001
,,,0.00043773,0.024800001
,,,0.00043774,0.024800001
,,,0.00043775,0.024000001
,,,0.00043776,0.024800001
,,,0.00043777,0.021600001
,,,0.00043778,0.024000001
,,,0.00043779,0.025600002
,,,0.0004378,0.022400001
,,,0.00043781,0.024000001
,,,0.00043782,0.023200001
,,,0.00043783,0.024800001
,,,0.00043784,0.024000001
,,,0.00043785,0.024000001
,,,0.00043786,0.023200001
,,,0.00043787,0.024000001
,,,0.00043788,0.022400001
,,,0.00043789,0.025600002
,,,0.0004379,0.025600002
,,,0.00043791,0.024000001
,,,0.00043792,0.024000001
,,,0.00043793,0.024000001
,,,0.00043794,0.024000001
,,,0.00043795,0.024000001
,,,0.00043796,0.024800001
,,,0.00043797,0.024800001
,,,0.00043798,0.024800001
,,,0.00043799,0.024000001
,,,0.000438,0.024000001
,,,0.00043801,0.023200001
,,,0.00043802,0.024000001
,,,0.00043803,0.024800001
,,,0.00043804,0.024800001
,,,0.00043805,0.024000001
,,,0.00043806,0.024000001
,,,0.00043807,0.024000001
,,,0.00043808,0.025600002
,,,0.00043809,0.024000001
,,,0.0004381,0.023200001
,,,0.00043811,0.024800001
,,,0.00043812,0.025600002
,,,0.00043813,0.024000001
,,,0.00043814,0.024000001
,,,0.00043815,0.024000001
,,,0.00043816,0.024800001
,,,0.00043817,0.024800001
,,,0.00043818,0.024800001
,,,0.00043819,0.024000001
,,,0.0004382,0.024800001
,,,0.00043821,0.024800001
,,,0.00043822,0.026400002
,,,0.00043823,0.023200001
,,,0.00043824,0.024000001
,,,0.00043825,0.024000001
,,,0.00043826,0.024000001
,,,0.00043827,0.024800001
,,,0.00043828,0.024000001
,,,0.00043829,0.025600002
,,,0.0004383,0.024000001
,,,0.00043831,0.023200001
,,,0.00043832,0.024000001
,,,0.00043833,0.024000001
,,,0.00043834,0.021600001
,,,0.00043835,0.024000001
,,,0.00043836,0.024000001
,,,0.00043837,0.024800001
,,,0.00043838,0.023200001
,,,0.00043839,0.024000001
,,,0.0004384,0.024000001
,,,0.00043841,0.024800001
,,,0.00043842,0.024000001
,,,0.00043843,0.024000001
,,,0.00043844,0.025600002
,,,0.00043845,0.024000001
,,,0.00043846,0.024000001
,,,0.00043847,0.025600002
,,,0.00043848,0.024000001
,,,0.00043849,0.024000001
,,,0.0004385,0.023200001
,,,0.00043851,0.024000001
,,,0.00043852,0.022400001
,,,0.00043853,0.024000001
,,,0.00043854,0.024000001
,,,0.00043855,0.024000001
,,,0.00043856,0.023200001
,,,0.00043857,0.024000001
,,,0.00043858,0.024000001
,,,0.00043859,0.024000001
,,,0.0004386,0.024000001
,,,0.00043861,0.024800001
,,,0.00043862,0.024000001
,,,0.00043863,0.023200001
,,,0.00043864,0.024000001
,,,0.00043865,0.024000001
,,,0.00043866,0.022400001
,,,0.00043867,0.024000001
,,,0.00043868,0.024000001
,,,0.00043869,0.024000001
,,,0.0004387,0.023200001
,,,0.00043871,0.024000001
,,,0.00043872,0.024800001
,,,0.00043873,0.024800001
,,,0.00043874,0.023200001
,,,0.00043875,0.023200001
,,,0.00043876,0.024000001
,,,0.00043877,0.024000001
,,,0.00043878,0.023200001
,,,0.00043879,0.024000001
,,,0.0004388,0.024000001
,,,0.00043881,0.024800001
,,,0.00043882,0.025600002
,,,0.00043883,0.024000001
,,,0.00043884,0.025600002
,,,0.00043885,0.023200001
,,,0.00043886,0.025600002
,,,0.00043887,0.024000001
,,,0.00043888,0.024000001
,,,0.00043889,0.024000001
,,,0.0004389,0.024000001
,,,0.00043891,0.024000001
,,,0.00043892,0.024000001
,,,0.00043893,0.024800001
,,,0.00043894,0.024000001
,,,0.00043895,0.024800001
,,,0.00043896,0.024000001
,,,0.00043897,0.024000001
,,,0.00043898,0.026400002
,,,0.00043899,0.025600002
,,,0.000439,0.024000001
,,,0.00043901,0.025600002
,,,0.00043902,0.024000001
,,,0.00043903,0.024000001
,,,0.00043904,0.024000001
,,,0.00043905,0.023200001
,,,0.00043906,0.024000001
,,,0.00043907,0.024000001
,,,0.00043908,0.025600002
,,,0.00043909,0.024800001
,,,0.0004391,0.025600002
,,,0.00043911,0.024000001
,,,0.00043912,0.025600002
,,,0.00043913,0.024000001
,,,0.00043914,0.024800001
,,,0.00043915,0.023200001
,,,0.00043916,0.024800001
,,,0.00043917,0.024000001
,,,0.00043918,0.022400001
,,,0.00043919,0.024800001
,,,0.0004392,0.025600002
,,,0.00043921,0.024800001
,,,0.00043922,0.025600002
,,,0.00043923,0.024000001
,,,0.00043924,0.022400001
,,,0.00043925,0.023200001
,,,0.00043926,0.024800001
,,,0.00043927,0.026400002
,,,0.00043928,0.024000001
,,,0.00043929,0.023200001
,,,0.0004393,0.025600002
,,,0.00043931,0.024000001
,,,0.00043932,0.023200001
,,,0.00043933,0.024000001
,,,0.00043934,0.024000001
,,,0.00043935,0.024800001
,,,0.00043936,0.023200001
,,,0.00043937,0.024800001
,,,0.00043938,0.024800001
,,,0.00043939,0.024800001
,,,0.0004394,0.024800001
,,,0.00043941,0.024000001
,,,0.00043942,0.024000001
,,,0.00043943,0.022400001
,,,0.00043944,0.024000001
,,,0.00043945,0.023200001
,,,0.00043946,0.024800001
,,,0.00043947,0.023200001
,,,0.00043948,0.024800001
,,,0.00043949,0.024000001
,,,0.0004395,0.022400001
,,,0.00043951,0.024000001
,,,0.00043952,0.023200001
,,,0.00043953,0.023200001
,,,0.00043954,0.024800001
,,,0.00043955,0.024800001
,,,0.00043956,0.022400001
,,,0.00043957,0.024000001
,,,0.00043958,0.024800001
,,,0.00043959,0.024800001
,,,0.0004396,0.024000001
,,,0.00043961,0.024800001
,,,0.00043962,0.023200001
,,,0.00043963,0.024000001
,,,0.00043964,0.024800001
,,,0.00043965,0.023200001
,,,0.00043966,0.024800001
,,,0.00043967,0.025600002
,,,0.00043968,0.027200002
,,,0.00043969,0.024000001
,,,0.0004397,0.024000001
,,,0.00043971,0.024800001
,,,0.00043972,0.024000001
,,,0.00043973,0.024000001
,,,0.00043974,0.024000001
,,,0.00043975,0.024000001
,,,0.00043976,0.024800001
,,,0.00043977,0.025600002
,,,0.00043978,0.024000001
,,,0.00043979,0.024000001
,,,0.0004398,0.024800001
,,,0.00043981,0.023200001
,,,0.00043982,0.024000001
,,,0.00043983,0.021600001
,,,0.00043984,0.024000001
,,,0.00043985,0.024800001
,,,0.00043986,0.024000001
,,,0.00043987,0.022400001
,,,0.00043988,0.025600002
,,,0.00043989,0.024000001
,,,0.0004399,0.023200001
,,,0.00043991,0.024000001
,,,0.00043992,0.024000001
,,,0.00043993,0.023200001
,,,0.00043994,0.024000001
,,,0.00043995,0.024000001
,,,0.00043996,0.024000001
,,,0.00043997,0.023200001
,,,0.00043998,0.024000001
,,,0.00043999,0.025600002
,,,0.00044,0.023200001
,,,0.00044001,0.021600001
,,,0.00044002,0.024000001
,,,0.00044003,0.022400001
,,,0.00044004,0.025600002
,,,0.00044005,0.024000001
,,,0.00044006,0.023200001
,,,0.00044007,0.025600002
,,,0.00044008,0.024800001
,,,0.00044009,0.023200001
,,,0.0004401,0.024000001
,,,0.00044011,0.024000001
,,,0.00044012,0.024000001
,,,0.00044013,0.024000001
,,,0.00044014,0.024800001
,,,0.00044015,0.022400001
,,,0.00044016,0.024000001
,,,0.00044017,0.023200001
,,,0.00044018,0.024000001
,,,0.00044019,0.024000001
,,,0.0004402,0.024800001
,,,0.00044021,0.025600002
,,,0.00044022,0.024800001
,,,0.00044023,0.026400002
,,,0.00044024,0.025600002
,,,0.00044025,0.026400002
,,,0.00044026,0.025600002
,,,0.00044027,0.023200001
,,,0.00044028,0.024800001
,,,0.00044029,0.024000001
,,,0.0004403,0.023200001
,,,0.00044031,0.024800001
,,,0.00044032,0.024000001
,,,0.00044033,0.024000001
,,,0.00044034,0.024800001
,,,0.00044035,0.024000001
,,,0.00044036,0.024000001
,,,0.00044037,0.025600002
,,,0.00044038,0.024000001
,,,0.00044039,0.023200001
,,,0.0004404,0.024800001
,,,0.00044041,0.024000001
,,,0.00044042,0.025600002
,,,0.00044043,0.023200001
,,,0.00044044,0.024000001
,,,0.00044045,0.023200001
,,,0.00044046,0.024800001
,,,0.00044047,0.022400001
,,,0.00044048,0.025600002
,,,0.00044049,0.025600002
,,,0.0004405,0.024000001
,,,0.00044051,0.024000001
,,,0.00044052,0.025600002
,,,0.00044053,0.024000001
,,,0.00044054,0.024800001
,,,0.00044055,0.024800001
,,,0.00044056,0.024800001
,,,0.00044057,0.023200001
,,,0.00044058,0.021600001
,,,0.00044059,0.024000001
,,,0.0004406,0.024800001
,,,0.00044061,0.024000001
,,,0.00044062,0.024000001
,,,0.00044063,0.024000001
,,,0.00044064,0.024800001
,,,0.00044065,0.024800001
,,,0.00044066,0.023200001
,,,0.00044067,0.025600002
,,,0.00044068,0.024000001
,,,0.00044069,0.024000001
,,,0.0004407,0.024000001
,,,0.00044071,0.024000001
,,,0.00044072,0.023200001
,,,0.00044073,0.023200001
,,,0.00044074,0.023200001
,,,0.00044075,0.024800001
,,,0.00044076,0.024000001
,,,0.00044077,0.024000001
,,,0.00044078,0.022400001
,,,0.00044079,0.024000001
,,,0.0004408,0.023200001
,,,0.00044081,0.024000001
,,,0.00044082,0.024000001
,,,0.00044083,0.023200001
,,,0.00044084,0.024000001
,,,0.00044085,0.024000001
,,,0.00044086,0.024000001
,,,0.00044087,0.024000001
,,,0.00044088,0.024800001
,,,0.00044089,0.022400001
,,,0.0004409,0.024000001
,,,0.00044091,0.023200001
,,,0.00044092,0.024800001
,,,0.00044093,0.024800001
,,,0.00044094,0.024000001
,,,0.00044095,0.024000001
,,,0.00044096,0.024000001
,,,0.00044097,0.022400001
,,,0.00044098,0.022400001
,,,0.00044099,0.024000001
,,,0.000441,0.024000001
,,,0.00044101,0.024000001
,,,0.00044102,0.024000001
,,,0.00044103,0.024000001
,,,0.00044104,0.023200001
,,,0.00044105,0.024000001
,,,0.00044106,0.022400001
,,,0.00044107,0.023200001
,,,0.00044108,0.023200001
,,,0.00044109,0.024800001
,,,0.0004411,0.024800001
,,,0.00044111,0.023200001
,,,0.00044112,0.024000001
,,,0.00044113,0.023200001
,,,0.00044114,0.024000001
,,,0.00044115,0.023200001
,,,0.00044116,0.023200001
,,,0.00044117,0.024000001
,,,0.00044118,0.024000001
,,,0.00044119,0.025600002
,,,0.0004412,0.024000001
,,,0.00044121,0.023200001
,,,0.00044122,0.024000001
,,,0.00044123,0.024800001
,,,0.00044124,0.024000001
,,,0.00044125,0.024800001
,,,0.00044126,0.025600002
,,,0.00044127,0.025600002
,,,0.00044128,0.024800001
,,,0.00044129,0.022400001
,,,0.0004413,0.024000001
,,,0.00044131,0.024000001
,,,0.00044132,0.024000001
,,,0.00044133,0.024800001
,,,0.00044134,0.023200001
,,,0.00044135,0.024800001
,,,0.00044136,0.024800001
,,,0.00044137,0.024800001
,,,0.00044138,0.024000001
,,,0.00044139,0.023200001
,,,0.0004414,0.025600002
,,,0.00044141,0.024000001
,,,0.00044142,0.024000001
,,,0.00044143,0.024000001
,,,0.00044144,0.024000001
,,,0.00044145,0.024800001
,,,0.00044146,0.024000001
,,,0.00044147,0.024000001
,,,0.00044148,0.025600002
,,,0.00044149,0.025600002
,,,0.0004415,0.024000001
,,,0.00044151,0.023200001
,,,0.00044152,0.024000001
,,,0.00044153,0.025600002
,,,0.00044154,0.023200001
,,,0.00044155,0.024800001
,,,0.00044156,0.025600002
,,,0.00044157,0.024800001
,,,0.00044158,0.024000001
,,,0.00044159,0.024000001
,,,0.0004416,0.024000001
,,,0.00044161,0.024800001
,,,0.00044162,0.024000001
,,,0.00044163,0.024000001
,,,0.00044164,0.023200001
,,,0.00044165,0.024000001
,,,0.00044166,0.024000001
,,,0.00044167,0.022400001
,,,0.00044168,0.025600002
,,,0.00044169,0.024000001
,,,0.0004417,0.024800001
,,,0.00044171,0.024000001
,,,0.00044172,0.024000001
,,,0.00044173,0.024800001
,,,0.00044174,0.024800001
,,,0.00044175,0.023200001
,,,0.00044176,0.024800001
,,,0.00044177,0.025600002
,,,0.00044178,0.023200001
,,,0.00044179,0.025600002
,,,0.0004418,0.023200001
,,,0.00044181,0.025600002
,,,0.00044182,0.024800001
,,,0.00044183,0.022400001
,,,0.00044184,0.023200001
,,,0.00044185,0.023200001
,,,0.00044186,0.023200001
,,,0.00044187,0.024800001
,,,0.00044188,0.023200001
,,,0.00044189,0.024000001
,,,0.0004419,0.025600002
,,,0.00044191,0.023200001
,,,0.00044192,0.023200001
,,,0.00044193,0.024000001
,,,0.00044194,0.024000001
,,,0.00044195,0.024000001
,,,0.00044196,0.025600002
,,,0.00044197,0.024000001
,,,0.00044198,0.023200001
,,,0.00044199,0.023200001
,,,0.000442,0.024000001
,,,0.00044201,0.024000001
,,,0.00044202,0.024800001
,,,0.00044203,0.024800001
,,,0.00044204,0.024000001
,,,0.00044205,0.024000001
,,,0.00044206,0.024000001
,,,0.00044207,0.024000001
,,,0.00044208,0.024000001
,,,0.00044209,0.024000001
,,,0.0004421,0.023200001
,,,0.00044211,0.025600002
,,,0.00044212,0.024800001
,,,0.00044213,0.024000001
,,,0.00044214,0.024000001
,,,0.00044215,0.024000001
,,,0.00044216,0.025600002
,,,0.00044217,0.024000001
,,,0.00044218,0.024000001
,,,0.00044219,0.022400001
,,,0.0004422,0.024800001
,,,0.00044221,0.022400001
,,,0.00044222,0.024800001
,,,0.00044223,0.023200001
,,,0.00044224,0.025600002
,,,0.00044225,0.023200001
,,,0.00044226,0.023200001
,,,0.00044227,0.024000001
,,,0.00044228,0.023200001
,,,0.00044229,0.024000001
,,,0.0004423,0.026400002
,,,0.00044231,0.024000001
,,,0.00044232,0.025600002
,,,0.00044233,0.025600002
,,,0.00044234,0.024000001
,,,0.00044235,0.024800001
,,,0.00044236,0.024000001
,,,0.00044237,0.024000001
,,,0.00044238,0.024000001
,,,0.00044239,0.024000001
,,,0.0004424,0.024000001
,,,0.00044241,0.023200001
,,,0.00044242,0.024000001
,,,0.00044243,0.021600001
,,,0.00044244,0.024000001
,,,0.00044245,0.024000001
,,,0.00044246,0.024000001
,,,0.00044247,0.024000001
,,,0.00044248,0.024800001
,,,0.00044249,0.024000001
,,,0.0004425,0.024000001
,,,0.00044251,0.024000001
,,,0.00044252,0.024000001
,,,0.00044253,0.024000001
,,,0.00044254,0.025600002
,,,0.00044255,0.024000001
,,,0.00044256,0.024800001
,,,0.00044257,0.023200001
,,,0.00044258,0.025600002
,,,0.00044259,0.024800001
,,,0.0004426,0.024000001
,,,0.00044261,0.024800001
,,,0.00044262,0.025600002
,,,0.00044263,0.024800001
,,,0.00044264,0.024000001
,,,0.00044265,0.023200001
,,,0.00044266,0.024800001
,,,0.00044267,0.024000001
,,,0.00044268,0.025600002
,,,0.00044269,0.024000001
,,,0.0004427,0.024000001
,,,0.00044271,0.024000001
,,,0.00044272,0.024000001
,,,0.00044273,0.024000001
,,,0.00044274,0.024000001
,,,0.00044275,0.024000001
,,,0.00044276,0.024000001
,,,0.00044277,0.024800001
,,,0.00044278,0.025600002
,,,0.00044279,0.024000001
,,,0.0004428,0.024000001
,,,0.00044281,0.024000001
,,,0.00044282,0.023200001
,,,0.00044283,0.025600002
,,,0.00044284,0.024800001
,,,0.00044285,0.022400001
,,,0.00044286,0.023200001
,,,0.00044287,0.024800001
,,,0.00044288,0.023200001
,,,0.00044289,0.023200001
,,,0.0004429,0.025600002
,,,0.00044291,0.024000001
,,,0.00044292,0.024000001
,,,0.00044293,0.025600002
,,,0.00044294,0.024000001
,,,0.00044295,0.024000001
,,,0.00044296,0.024800001
,,,0.00044297,0.023200001
,,,0.00044298,0.024800001
,,,0.00044299,0.024000001
,,,0.000443,0.025600002
,,,0.00044301,0.024000001
,,,0.00044302,0.025600002
,,,0.00044303,0.024000001
,,,0.00044304,0.025600002
,,,0.00044305,0.023200001
,,,0.00044306,0.024000001
,,,0.00044307,0.024000001
,,,0.00044308,0.024000001
,,,0.00044309,0.026400002
,,,0.0004431,0.023200001
,,,0.00044311,0.024000001
,,,0.00044312,0.024800001
,,,0.00044313,0.023200001
,,,0.00044314,0.024000001
,,,0.00044315,0.022400001
,,,0.00044316,0.024800001
,,,0.00044317,0.024800001
,,,0.00044318,0.024000001
,,,0.00044319,0.024000001
,,,0.0004432,0.024000001
,,,0.00044321,0.024000001
,,,0.00044322,0.024000001
,,,0.00044323,0.022400001
,,,0.00044324,0.024000001
,,,0.00044325,0.024800001
,,,0.00044326,0.024000001
,,,0.00044327,0.024000001
,,,0.00044328,0.024800001
,,,0.00044329,0.024800001
,,,0.0004433,0.024800001
,,,0.00044331,0.024000001
,,,0.00044332,0.023200001
,,,0.00044333,0.024000001
,,,0.00044334,0.024000001
,,,0.00044335,0.024800001
,,,0.00044336,0.024800001
,,,0.00044337,0.024800001
,,,0.00044338,0.024800001
,,,0.00044339,0.024000001
,,,0.0004434,0.024800001
,,,0.00044341,0.024000001
,,,0.00044342,0.024000001
,,,0.00044343,0.024000001
,,,0.00044344,0.024000001
,,,0.00044345,0.023200001
,,,0.00044346,0.023200001
,,,0.00044347,0.023200001
,,,0.00044348,0.023200001
,,,0.00044349,0.024800001
,,,0.0004435,0.026400002
,,,0.00044351,0.024800001
,,,0.00044352,0.024000001
,,,0.00044353,0.024000001
,,,0.00044354,0.024800001
,,,0.00044355,0.024800001
,,,0.00044356,0.025600002
,,,0.00044357,0.023200001
,,,0.00044358,0.023200001
,,,0.00044359,0.024000001
,,,0.0004436,0.024800001
,,,0.00044361,0.024000001
,,,0.00044362,0.024000001
,,,0.00044363,0.023200001
,,,0.00044364,0.026400002
,,,0.00044365,0.024800001
,,,0.00044366,0.024000001
,,,0.00044367,0.024000001
,,,0.00044368,0.024800001
,,,0.00044369,0.024800001
,,,0.0004437,0.022400001
,,,0.00044371,0.024800001
,,,0.00044372,0.025600002
,,,0.00044373,0.023200001
,,,0.00044374,0.024000001
,,,0.00044375,0.024800001
,,,0.00044376,0.023200001
,,,0.00044377,0.023200001
,,,0.00044378,0.025600002
,,,0.00044379,0.023200001
,,,0.0004438,0.023200001
,,,0.00044381,0.024000001
,,,0.00044382,0.024000001
,,,0.00044383,0.024000001
,,,0.00044384,0.024000001
,,,0.00044385,0.023200001
,,,0.00044386,0.025600002
,,,0.00044387,0.025600002
,,,0.00044388,0.024800001
,,,0.00044389,0.024800001
,,,0.0004439,0.024000001
,,,0.00044391,0.024000001
,,,0.00044392,0.023200001
,,,0.00044393,0.024800001
,,,0.00044394,0.025600002
,,,0.00044395,0.024800001
,,,0.00044396,0.023200001
,,,0.00044397,0.024800001
,,,0.00044398,0.024000001
,,,0.00044399,0.024000001
,,,0.000444,0.022400001
,,,0.00044401,0.024800001
,,,0.00044402,0.024800001
,,,0.00044403,0.023200001
,,,0.00044404,0.024000001
,,,0.00044405,0.024000001
,,,0.00044406,0.024000001
,,,0.00044407,0.024000001
,,,0.00044408,0.026400002
,,,0.00044409,0.022400001
,,,0.0004441,0.024800001
,,,0.00044411,0.024800001
,,,0.00044412,0.024800001
,,,0.00044413,0.024000001
,,,0.00044414,0.024000001
,,,0.00044415,0.020800001
,,,0.00044416,0.023200001
,,,0.00044417,0.024000001
,,,0.00044418,0.024800001
,,,0.00044419,0.024000001
,,,0.0004442,0.024000001
,,,0.00044421,0.023200001
,,,0.00044422,0.024000001
,,,0.00044423,0.023200001
,,,0.00044424,0.024000001
,,,0.00044425,0.024800001
,,,0.00044426,0.024000001
,,,0.00044427,0.023200001
,,,0.00044428,0.024800001
,,,0.00044429,0.021600001
,,,0.0004443,0.024000001
,,,0.00044431,0.024000001
,,,0.00044432,0.024000001
,,,0.00044433,0.023200001
,,,0.00044434,0.024000001
,,,0.00044435,0.024800001
,,,0.00044436,0.025600002
,,,0.00044437,0.024000001
,,,0.00044438,0.024000001
,,,0.00044439,0.024000001
,,,0.0004444,0.023200001
,,,0.00044441,0.023200001
,,,0.00044442,0.024800001
,,,0.00044443,0.026400002
,,,0.00044444,0.025600002
,,,0.00044445,0.024800001
,,,0.00044446,0.024000001
,,,0.00044447,0.024800001
,,,0.00044448,0.024000001
,,,0.00044449,0.022400001
,,,0.0004445,0.024000001
,,,0.00044451,0.024800001
,,,0.00044452,0.024000001
,,,0.00044453,0.024800001
,,,0.00044454,0.024000001
,,,0.00044455,0.024800001
,,,0.00044456,0.024000001
,,,0.00044457,0.023200001
,,,0.00044458,0.025600002
,,,0.00044459,0.024800001
,,,0.0004446,0.024000001
,,,0.00044461,0.024800001
,,,0.00044462,0.024800001
,,,0.00044463,0.024800001
,,,0.00044464,0.023200001
,,,0.00044465,0.023200001
,,,0.00044466,0.024800001
,,,0.00044467,0.024000001
,,,0.00044468,0.024000001
,,,0.00044469,0.024800001
,,,0.0004447,0.024000001
,,,0.00044471,0.024000001
,,,0.00044472,0.023200001
,,,0.00044473,0.024000001
,,,0.00044474,0.024000001
,,,0.00044475,0.024000001
,,,0.00044476,0.024000001
,,,0.00044477,0.023200001
,,,0.00044478,0.024000001
,,,0.00044479,0.024000001
,,,0.0004448,0.024000001
,,,0.00044481,0.024000001
,,,0.00044482,0.024000001
,,,0.00044483,0.024000001
,,,0.00044484,0.025600002
,,,0.00044485,0.025600002
,,,0.00044486,0.023200001
,,,0.00044487,0.024000001
,,,0.00044488,0.022400001
,,,0.00044489,0.023200001
,,,0.0004449,0.028000002
,,,0.00044491,0.024000001
,,,0.00044492,0.025600002
,,,0.00044493,0.026400002
,,,0.00044494,0.024000001
,,,0.00044495,0.024000001
,,,0.00044496,0.025600002
,,,0.00044497,0.023200001
,,,0.00044498,0.024800001
,,,0.00044499,0.023200001
,,,0.000445,0.023200001
,,,0.00044501,0.024000001
,,,0.00044502,0.024800001
,,,0.00044503,0.026400002
,,,0.00044504,0.024000001
,,,0.00044505,0.024000001
,,,0.00044506,0.024000001
,,,0.00044507,0.024800001
,,,0.00044508,0.024800001
,,,0.00044509,0.024800001
,,,0.0004451,0.025600002
,,,0.00044511,0.024000001
,,,0.00044512,0.024800001
,,,0.00044513,0.024000001
,,,0.00044514,0.024800001
,,,0.00044515,0.024800001
,,,0.00044516,0.024000001
,,,0.00044517,0.024800001
,,,0.00044518,0.024000001
,,,0.00044519,0.026400002
,,,0.0004452,0.024000001
,,,0.00044521,0.022400001
,,,0.00044522,0.023200001
,,,0.00044523,0.024800001
,,,0.00044524,0.024000001
,,,0.00044525,0.024000001
,,,0.00044526,0.024800001
,,,0.00044527,0.023200001
,,,0.00044528,0.024800001
,,,0.00044529,0.024800001
,,,0.0004453,0.024000001
,,,0.00044531,0.023200001
,,,0.00044532,0.023200001
,,,0.00044533,0.024000001
,,,0.00044534,0.025600002
,,,0.00044535,0.025600002
,,,0.00044536,0.024000001
,,,0.00044537,0.025600002
,,,0.00044538,0.024800001
,,,0.00044539,0.024800001
,,,0.0004454,0.024000001
,,,0.00044541,0.024000001
,,,0.00044542,0.024000001
,,,0.00044543,0.024800001
,,,0.00044544,0.024000001
,,,0.00044545,0.024000001
,,,0.00044546,0.023200001
,,,0.00044547,0.023200001
,,,0.00044548,0.024800001
,,,0.00044549,0.024000001
,,,0.0004455,0.024800001
,,,0.00044551,0.024800001
,,,0.00044552,0.024800001
,,,0.00044553,0.024800001
,,,0.00044554,0.023200001
,,,0.00044555,0.024000001
,,,0.00044556,0.023200001
,,,0.00044557,0.023200001
,,,0.00044558,0.021600001
,,,0.00044559,0.024800001
,,,0.0004456,0.024000001
,,,0.00044561,0.023200001
,,,0.00044562,0.024000001
,,,0.00044563,0.024000001
,,,0.00044564,0.024800001
,,,0.00044565,0.024000001
,,,0.00044566,0.024000001
,,,0.00044567,0.023200001
,,,0.00044568,0.024000001
,,,0.00044569,0.023200001
,,,0.0004457,0.024000001
,,,0.00044571,0.023200001
,,,0.00044572,0.025600002
,,,0.00044573,0.024800001
,,,0.00044574,0.024800001
,,,0.00044575,0.024000001
,,,0.00044576,0.024000001
,,,0.00044577,0.024800001
,,,0.00044578,0.024800001
,,,0.00044579,0.024000001
,,,0.0004458,0.024800001
,,,0.00044581,0.023200001
,,,0.00044582,0.025600002
,,,0.00044583,0.024800001
,,,0.00044584,0.022400001
,,,0.00044585,0.025600002
,,,0.00044586,0.024000001
,,,0.00044587,0.024000001
,,,0.00044588,0.024000001
,,,0.00044589,0.024800001
,,,0.0004459,0.024800001
,,,0.00044591,0.024000001
,,,0.00044592,0.024000001
,,,0.00044593,0.023200001
,,,0.00044594,0.024000001
,,,0.00044595,0.024000001
,,,0.00044596,0.024000001
,,,0.00044597,0.022400001
,,,0.00044598,0.024000001
,,,0.00044599,0.024000001
,,,0.000446,0.024000001
,,,0.00044601,0.024000001
,,,0.00044602,0.024000001
,,,0.00044603,0.024000001
,,,0.00044604,0.024800001
,,,0.00044605,0.024000001
,,,0.00044606,0.024000001
,,,0.00044607,0.024800001
,,,0.00044608,0.024000001
,,,0.00044609,0.024000001
,,,0.0004461,0.024000001
,,,0.00044611,0.026400002
,,,0.00044612,0.024000001
,,,0.00044613,0.024800001
,,,0.00044614,0.023200001
,,,0.00044615,0.024000001
,,,0.00044616,0.024000001
,,,0.00044617,0.025600002
,,,0.00044618,0.024000001
,,,0.00044619,0.023200001
,,,0.0004462,0.024000001
,,,0.00044621,0.024000001
,,,0.00044622,0.024000001
,,,0.00044623,0.023200001
,,,0.00044624,0.022400001
,,,0.00044625,0.024000001
,,,0.00044626,0.025600002
,,,0.00044627,0.024000001
,,,0.00044628,0.024000001
,,,0.00044629,0.024800001
,,,0.0004463,0.024000001
,,,0.00044631,0.024000001
,,,0.00044632,0.024000001
,,,0.00044633,0.024800001
,,,0.00044634,0.024000001
,,,0.00044635,0.024000001
,,,0.00044636,0.024000001
,,,0.00044637,0.024000001
,,,0.00044638,0.024000001
,,,0.00044639,0.023200001
,,,0.0004464,0.024000001
,,,0.00044641,0.023200001
,,,0.00044642,0.024000001
,,,0.00044643,0.024000001
,,,0.00044644,0.023200001
,,,0.00044645,0.023200001
,,,0.00044646,0.024800001
,,,0.00044647,0.024000001
,,,0.00044648,0.024000001
,,,0.00044649,0.024800001
,,,0.0004465,0.024000001
,,,0.00044651,0.024800001
,,,0.00044652,0.024000001
,,,0.00044653,0.024000001
,,,0.00044654,0.024000001
,,,0.00044655,0.023200001
,,,0.00044656,0.025600002
,,,0.00044657,0.024000001
,,,0.00044658,0.024000001
,,,0.00044659,0.024000001
,,,0.0004466,0.024000001
,,,0.00044661,0.024000001
,,,0.00044662,0.024800001
,,,0.00044663,0.024000001
,,,0.00044664,0.024000001
,,,0.00044665,0.023200001
,,,0.00044666,0.023200001
,,,0.00044667,0.024800001
,,,0.00044668,0.024000001
,,,0.00044669,0.022400001
,,,0.0004467,0.024000001
,,,0.00044671,0.024800001
,,,0.00044672,0.024000001
,,,0.00044673,0.025600002
,,,0.00044674,0.024000001
,,,0.00044675,0.023200001
,,,0.00044676,0.024000001
,,,0.00044677,0.022400001
,,,0.00044678,0.025600002
,,,0.00044679,0.024000001
,,,0.0004468,0.025600002
,,,0.00044681,0.024800001
,,,0.00044682,0.023200001
,,,0.00044683,0.024000001
,,,0.00044684,0.024000001
,,,0.00044685,0.024000001
,,,0.00044686,0.024800001
,,,0.00044687,0.024000001
,,,0.00044688,0.024000001
,,,0.00044689,0.023200001
,,,0.0004469,0.024800001
,,,0.00044691,0.024000001
,,,0.00044692,0.024000001
,,,0.00044693,0.024000001
,,,0.00044694,0.024000001
,,,0.00044695,0.023200001
,,,0.00044696,0.024000001
,,,0.00044697,0.024000001
,,,0.00044698,0.024800001
,,,0.00044699,0.024000001
,,,0.000447,0.025600002
,,,0.00044701,0.024000001
,,,0.00044702,0.023200001
,,,0.00044703,0.024000001
,,,0.00044704,0.025600002
,,,0.00044705,0.023200001
,,,0.00044706,0.024000001
,,,0.00044707,0.023200001
,,,0.00044708,0.024800001
,,,0.00044709,0.023200001
,,,0.0004471,0.023200001
,,,0.00044711,0.024800001
,,,0.00044712,0.024000001
,,,0.00044713,0.024800001
,,,0.00044714,0.024000001
,,,0.00044715,0.024000001
,,,0.00044716,0.024000001
,,,0.00044717,0.023200001
,,,0.00044718,0.024000001
,,,0.00044719,0.024800001
,,,0.0004472,0.024000001
,,,0.00044721,0.024000001
,,,0.00044722,0.024000001
,,,0.00044723,0.024000001
,,,0.00044724,0.024000001
,,,0.00044725,0.025600002
,,,0.00044726,0.023200001
,,,0.00044727,0.025600002
,,,0.00044728,0.024000001
,,,0.00044729,0.026400002
,,,0.0004473,0.023200001
,,,0.00044731,0.024000001
,,,0.00044732,0.024000001
,,,0.00044733,0.024000001
,,,0.00044734,0.024000001
,,,0.00044735,0.023200001
,,,0.00044736,0.024800001
,,,0.00044737,0.024000001
,,,0.00044738,0.024800001
,,,0.00044739,0.024000001
,,,0.0004474,0.022400001
,,,0.00044741,0.023200001
,,,0.00044742,0.024000001
,,,0.00044743,0.024000001
,,,0.00044744,0.025600002
,,,0.00044745,0.024000001
,,,0.00044746,0.024000001
,,,0.00044747,0.024000001
,,,0.00044748,0.021600001
,,,0.00044749,0.024000001
,,,0.0004475,0.024000001
,,,0.00044751,0.024800001
,,,0.00044752,0.024000001
,,,0.00044753,0.026400002
,,,0.00044754,0.024800001
,,,0.00044755,0.024000001
,,,0.00044756,0.024000001
,,,0.00044757,0.024000001
,,,0.00044758,0.024800001
,,,0.00044759,0.024000001
,,,0.0004476,0.023200001
,,,0.00044761,0.022400001
,,,0.00044762,0.024000001
,,,0.00044763,0.023200001
,,,0.00044764,0.024000001
,,,0.00044765,0.025600002
,,,0.00044766,0.024800001
,,,0.00044767,0.023200001
,,,0.00044768,0.024000001
,,,0.00044769,0.023200001
,,,0.0004477,0.024000001
,,,0.00044771,0.024000001
,,,0.00044772,0.024000001
,,,0.00044773,0.024000001
,,,0.00044774,0.022400001
,,,0.00044775,0.025600002
,,,0.00044776,0.024000001
,,,0.00044777,0.024000001
,,,0.00044778,0.024000001
,,,0.00044779,0.025600002
,,,0.0004478,0.023200001
,,,0.00044781,0.024000001
,,,0.00044782,0.024800001
,,,0.00044783,0.022400001
,,,0.00044784,0.024000001
,,,0.00044785,0.024800001
,,,0.00044786,0.023200001
,,,0.00044787,0.024800001
,,,0.00044788,0.024800001
,,,0.00044789,0.025600002
,,,0.0004479,0.026400002
,,,0.00044791,0.024800001
,,,0.00044792,0.024000001
,,,0.00044793,0.024000001
,,,0.00044794,0.024000001
,,,0.00044795,0.024000001
,,,0.00044796,0.024000001
,,,0.00044797,0.024000001
,,,0.00044798,0.024000001
,,,0.00044799,0.024800001
,,,0.000448,0.024000001
,,,0.00044801,0.024000001
,,,0.00044802,0.025600002
,,,0.00044803,0.024000001
,,,0.00044804,0.021600001
,,,0.00044805,0.024000001
,,,0.00044806,0.024800001
,,,0.00044807,0.024000001
,,,0.00044808,0.024800001
,,,0.00044809,0.025600002
,,,0.0004481,0.024800001
,,,0.00044811,0.024000001
,,,0.00044812,0.022400001
,,,0.00044813,0.024000001
,,,0.00044814,0.024000001
,,,0.00044815,0.024000001
,,,0.00044816,0.024000001
,,,0.00044817,0.024800001
,,,0.00044818,0.024000001
,,,0.00044819,0.024000001
,,,0.0004482,0.022400001
,,,0.00044821,0.023200001
,,,0.00044822,0.023200001
,,,0.00044823,0.024000001
,,,0.00044824,0.023200001
,,,0.00044825,0.024000001
,,,0.00044826,0.022400001
,,,0.00044827,0.024000001
,,,0.00044828,0.023200001
,,,0.00044829,0.024000001
,,,0.0004483,0.023200001
,,,0.00044831,0.023200001
,,,0.00044832,0.024000001
,,,0.00044833,0.023200001
,,,0.00044834,0.024000001
,,,0.00044835,0.024000001
,,,0.00044836,0.024800001
,,,0.00044837,0.024000001
,,,0.00044838,0.025600002
,,,0.00044839,0.024800001
,,,0.0004484,0.025600002
,,,0.00044841,0.025600002
,,,0.00044842,0.024000001
,,,0.00044843,0.024000001
,,,0.00044844,0.024000001
,,,0.00044845,0.024000001
,,,0.00044846,0.024000001
,,,0.00044847,0.024800001
,,,0.00044848,0.024000001
,,,0.00044849,0.024800001
,,,0.0004485,0.024000001
,,,0.00044851,0.023200001
,,,0.00044852,0.024800001
,,,0.00044853,0.024000001
,,,0.00044854,0.024800001
,,,0.00044855,0.025600002
,,,0.00044856,0.024000001
,,,0.00044857,0.024800001
,,,0.00044858,0.024000001
,,,0.00044859,0.022400001
,,,0.0004486,0.023200001
,,,0.00044861,0.024800001
,,,0.00044862,0.025600002
,,,0.00044863,0.024000001
,,,0.00044864,0.024000001
,,,0.00044865,0.024000001
,,,0.00044866,0.024000001
,,,0.00044867,0.024000001
,,,0.00044868,0.025600002
,,,0.00044869,0.025600002
,,,0.0004487,0.024000001
,,,0.00044871,0.024000001
,,,0.00044872,0.024800001
,,,0.00044873,0.023200001
,,,0.00044874,0.024800001
,,,0.00044875,0.023200001
,,,0.00044876,0.024000001
,,,0.00044877,0.021600001
,,,0.00044878,0.022400001
,,,0.00044879,0.025600002
,,,0.0004488,0.024000001
,,,0.00044881,0.024800001
,,,0.00044882,0.024800001
,,,0.00044883,0.024800001
,,,0.00044884,0.025600002
,,,0.00044885,0.024000001
,,,0.00044886,0.025600002
,,,0.00044887,0.024800001
,,,0.00044888,0.024800001
,,,0.00044889,0.024800001
,,,0.0004489,0.024800001
,,,0.00044891,0.023200001
,,,0.00044892,0.024800001
,,,0.00044893,0.024000001
,,,0.00044894,0.024800001
,,,0.00044895,0.024000001
,,,0.00044896,0.022400001
,,,0.00044897,0.024000001
,,,0.00044898,0.024000001
,,,0.00044899,0.024000001
,,,0.000449,0.025600002
,,,0.00044901,0.023200001
,,,0.00044902,0.024000001
,,,0.00044903,0.024000001
,,,0.00044904,0.024000001
,,,0.00044905,0.024000001
,,,0.00044906,0.024000001
,,,0.00044907,0.024000001
,,,0.00044908,0.024000001
,,,0.00044909,0.024000001
,,,0.0004491,0.024000001
,,,0.00044911,0.024000001
,,,0.00044912,0.024800001
,,,0.00044913,0.024800001
,,,0.00044914,0.025600002
,,,0.00044915,0.024000001
,,,0.00044916,0.023200001
,,,0.00044917,0.024000001
,,,0.00044918,0.024000001
,,,0.00044919,0.024800001
,,,0.0004492,0.024800001
,,,0.00044921,0.023200001
,,,0.00044922,0.024000001
,,,0.00044923,0.024000001
,,,0.00044924,0.024000001
,,,0.00044925,0.024000001
,,,0.00044926,0.023200001
,,,0.00044927,0.024000001
,,,0.00044928,0.024000001
,,,0.00044929,0.023200001
,,,0.0004493,0.025600002
,,,0.00044931,0.024000001
,,,0.00044932,0.024800001
,,,0.00044933,0.024800001
,,,0.00044934,0.024800001
,,,0.00044935,0.025600002
,,,0.00044936,0.026400002
,,,0.00044937,0.024000001
,,,0.00044938,0.024800001
,,,0.00044939,0.024800001
,,,0.0004494,0.024000001
,,,0.00044941,0.024800001
,,,0.00044942,0.024000001
,,,0.00044943,0.024000001
,,,0.00044944,0.024000001
,,,0.00044945,0.026400002
,,,0.00044946,0.024000001
,,,0.00044947,0.024000001
,,,0.00044948,0.024000001
,,,0.00044949,0.024000001
,,,0.0004495,0.024000001
,,,0.00044951,0.024000001
,,,0.00044952,0.024000001
,,,0.00044953,0.024800001
,,,0.00044954,0.024000001
,,,0.00044955,0.024800001
,,,0.00044956,0.024000001
,,,0.00044957,0.024000001
,,,0.00044958,0.026400002
,,,0.00044959,0.024000001
,,,0.0004496,0.023200001
,,,0.00044961,0.023200001
,,,0.00044962,0.024800001
,,,0.00044963,0.024000001
,,,0.00044964,0.022400001
,,,0.00044965,0.023200001
,,,0.00044966,0.023200001
,,,0.00044967,0.025600002
,,,0.00044968,0.024800001
,,,0.00044969,0.024000001
,,,0.0004497,0.024000001
,,,0.00044971,0.024800001
,,,0.00044972,0.024800001
,,,0.00044973,0.024000001
,,,0.00044974,0.024000001
,,,0.00044975,0.024000001
,,,0.00044976,0.023200001
,,,0.00044977,0.025600002
,,,0.00044978,0.024000001
,,,0.00044979,0.023200001
,,,0.0004498,0.022400001
,,,0.00044981,0.024000001
,,,0.00044982,0.024000001
,,,0.00044983,0.024800001
,,,0.00044984,0.023200001
,,,0.00044985,0.024000001
,,,0.00044986,0.022400001
,,,0.00044987,0.024800001
,,,0.00044988,0.024800001
,,,0.00044989,0.023200001
,,,0.0004499,0.024000001
,,,0.00044991,0.024000001
,,,0.00044992,0.024000001
,,,0.00044993,0.023200001
,,,0.00044994,0.024000001
,,,0.00044995,0.024800001
,,,0.00044996,0.024000001
,,,0.00044997,0.024000001
,,,0.00044998,0.024000001
,,,0.00044999,0.024800001
,,,0.00045,0.024000001
,,,0.00045001,0.024800001
,,,0.00045002,0.024000001
,,,0.00045003,0.024800001
,,,0.00045004,0.024800001
,,,0.00045005,0.024000001
,,,0.00045006,0.024000001
,,,0.00045007,0.024000001
,,,0.00045008,0.024000001
,,,0.00045009,0.024000001
,,,0.0004501,0.022400001
,,,0.00045011,0.024000001
,,,0.00045012,0.024800001
,,,0.00045013,0.025600002
,,,0.00045014,0.024000001
,,,0.00045015,0.024000001
,,,0.00045016,0.022400001
,,,0.00045017,0.024000001
,,,0.00045018,0.024000001
,,,0.00045019,0.024000001
,,,0.0004502,0.024800001
,,,0.00045021,0.023200001
,,,0.00045022,0.024800001
,,,0.00045023,0.023200001
,,,0.00045024,0.024800001
,,,0.00045025,0.023200001
,,,0.00045026,0.024000001
,,,0.00045027,0.024000001
,,,0.00045028,0.024000001
,,,0.00045029,0.023200001
,,,0.0004503,0.024000001
,,,0.00045031,0.024000001
,,,0.00045032,0.023200001
,,,0.00045033,0.024800001
,,,0.00045034,0.024000001
,,,0.00045035,0.025600002
,,,0.00045036,0.024800001
,,,0.00045037,0.024800001
,,,0.00045038,0.024800001
,,,0.00045039,0.023200001
,,,0.0004504,0.025600002
,,,0.00045041,0.024000001
,,,0.00045042,0.024800001
,,,0.00045043,0.024000001
,,,0.00045044,0.023200001
,,,0.00045045,0.024000001
,,,0.00045046,0.025600002
,,,0.00045047,0.024000001
,,,0.00045048,0.024800001
,,,0.00045049,0.022400001
,,,0.0004505,0.024800001
,,,0.00045051,0.024000001
,,,0.00045052,0.024000001
,,,0.00045053,0.024000001
,,,0.00045054,0.024800001
,,,0.00045055,0.023200001
,,,0.00045056,0.023200001
,,,0.00045057,0.024000001
,,,0.00045058,0.024800001
,,,0.00045059,0.024800001
,,,0.0004506,0.025600002
,,,0.00045061,0.024800001
,,,0.00045062,0.025600002
,,,0.00045063,0.024000001
,,,0.00045064,0.024000001
,,,0.00045065,0.023200001
,,,0.00045066,0.020800001
,,,0.00045067,0.024000001
,,,0.00045068,0.024000001
,,,0.00045069,0.024000001
,,,0.0004507,0.024000001
,,,0.00045071,0.024800001
,,,0.00045072,0.024000001
,,,0.00045073,0.024000001
,,,0.00045074,0.024800001
,,,0.00045075,0.023200001
,,,0.00045076,0.024000001
,,,0.00045077,0.024800001
,,,0.00045078,0.024000001
,,,0.00045079,0.024000001
,,,0.0004508,0.023200001
,,,0.00045081,0.022400001
,,,0.00045082,0.022400001
,,,0.00045083,0.025600002
,,,0.00045084,0.025600002
,,,0.00045085,0.024000001
,,,0.00045086,0.024000001
,,,0.00045087,0.024000001
,,,0.00045088,0.025600002
,,,0.00045089,0.024000001
,,,0.0004509,0.024000001
,,,0.00045091,0.024000001
,,,0.00045092,0.025600002
,,,0.00045093,0.025600002
,,,0.00045094,0.024800001
,,,0.00045095,0.024800001
,,,0.00045096,0.024000001
,,,0.00045097,0.024800001
,,,0.00045098,0.023200001
,,,0.00045099,0.024800001
,,,0.000451,0.024800001
,,,0.00045101,0.024000001
,,,0.00045102,0.024000001
,,,0.00045103,0.024800001
,,,0.00045104,0.024000001
,,,0.00045105,0.024000001
,,,0.00045106,0.024000001
,,,0.00045107,0.024800001
,,,0.00045108,0.024000001
,,,0.00045109,0.024800001
,,,0.0004511,0.023200001
,,,0.00045111,0.024800001
,,,0.00045112,0.023200001
,,,0.00045113,0.024000001
,,,0.00045114,0.023200001
,,,0.00045115,0.025600002
,,,0.00045116,0.023200001
,,,0.00045117,0.022400001
,,,0.00045118,0.023200001
,,,0.00045119,0.023200001
,,,0.0004512,0.025600002
,,,0.00045121,0.024000001
,,,0.00045122,0.024000001
,,,0.00045123,0.024000001
,,,0.00045124,0.024800001
,,,0.00045125,0.024800001
,,,0.00045126,0.024000001
,,,0.00045127,0.024000001
,,,0.00045128,0.025600002
,,,0.00045129,0.023200001
,,,0.0004513,0.024000001
,,,0.00045131,0.022400001
,,,0.00045132,0.024800001
,,,0.00045133,0.024000001
,,,0.00045134,0.024000001
,,,0.00045135,0.023200001
,,,0.00045136,0.023200001
,,,0.00045137,0.024000001
,,,0.00045138,0.024800001
,,,0.00045139,0.024000001
,,,0.0004514,0.024800001
,,,0.00045141,0.024000001
,,,0.00045142,0.024800001
,,,0.00045143,0.024000001
,,,0.00045144,0.025600002
,,,0.00045145,0.023200001
,,,0.00045146,0.025600002
,,,0.00045147,0.024800001
,,,0.00045148,0.025600002
,,,0.00045149,0.023200001
,,,0.0004515,0.024000001
,,,0.00045151,0.024000001
,,,0.00045152,0.024000001
,,,0.00045153,0.025600002
,,,0.00045154,0.023200001
,,,0.00045155,0.024000001
,,,0.00045156,0.025600002
,,,0.00045157,0.024800001
,,,0.00045158,0.023200001
,,,0.00045159,0.024800001
,,,0.0004516,0.025600002
,,,0.00045161,0.024800001
,,,0.00045162,0.024000001
,,,0.00045163,0.024000001
,,,0.00045164,0.024800001
,,,0.00045165,0.024000001
,,,0.00045166,0.024000001
,,,0.00045167,0.024800001
,,,0.00045168,0.024000001
,,,0.00045169,0.028000002
,,,0.0004517,0.023200001
,,,0.00045171,0.024000001
,,,0.00045172,0.024800001
,,,0.00045173,0.024000001
,,,0.00045174,0.023200001
,,,0.00045175,0.022400001
,,,0.00045176,0.024800001
,,,0.00045177,0.024000001
,,,0.00045178,0.024800001
,,,0.00045179,0.024800001
,,,0.0004518,0.023200001
,,,0.00045181,0.025600002
,,,0.00045182,0.024000001
,,,0.00045183,0.024000001
,,,0.00045184,0.024000001
,,,0.00045185,0.024000001
,,,0.00045186,0.024800001
,,,0.00045187,0.024800001
,,,0.00045188,0.024000001
,,,0.00045189,0.022400001
,,,0.0004519,0.025600002
,,,0.00045191,0.023200001
,,,0.00045192,0.024000001
,,,0.00045193,0.026400002
,,,0.00045194,0.024800001
,,,0.00045195,0.024800001
,,,0.00045196,0.024800001
,,,0.00045197,0.022400001
,,,0.00045198,0.024800001
,,,0.00045199,0.025600002
,,,0.000452,0.025600002
,,,0.00045201,0.025600002
,,,0.00045202,0.024000001
,,,0.00045203,0.024000001
,,,0.00045204,0.024800001
,,,0.00045205,0.024000001
,,,0.00045206,0.024000001
,,,0.00045207,0.024800001
,,,0.00045208,0.024800001
,,,0.00045209,0.024800001
,,,0.0004521,0.024800001
,,,0.00045211,0.025600002
,,,0.00045212,0.025600002
,,,0.00045213,0.025600002
,,,0.00045214,0.024000001
,,,0.00045215,0.023200001
,,,0.00045216,0.024000001
,,,0.00045217,0.024800001
,,,0.00045218,0.026400002
,,,0.00045219,0.024000001
,,,0.0004522,0.024800001
,,,0.00045221,0.023200001
,,,0.00045222,0.024800001
,,,0.00045223,0.025600002
,,,0.00045224,0.023200001
,,,0.00045225,0.025600002
,,,0.00045226,0.024800001
,,,0.00045227,0.024800001
,,,0.00045228,0.025600002
,,,0.00045229,0.024000001
,,,0.0004523,0.024000001
,,,0.00045231,0.024000001
,,,0.00045232,0.024000001
,,,0.00045233,0.023200001
,,,0.00045234,0.025600002
,,,0.00045235,0.025600002
,,,0.00045236,0.023200001
,,,0.00045237,0.024000001
,,,0.00045238,0.024000001
,,,0.00045239,0.024000001
,,,0.0004524,0.024800001
,,,0.00045241,0.024800001
,,,0.00045242,0.024000001
,,,0.00045243,0.024000001
,,,0.00045244,0.024000001
,,,0.00045245,0.023200001
,,,0.00045246,0.022400001
,,,0.00045247,0.024000001
,,,0.00045248,0.024800001
,,,0.00045249,0.024000001
,,,0.0004525,0.024000001
,,,0.00045251,0.024000001
,,,0.00045252,0.025600002
,,,0.00045253,0.023200001
,,,0.00045254,0.024800001
,,,0.00045255,0.024000001
,,,0.00045256,0.024800001
,,,0.00045257,0.024800001
,,,0.00045258,0.024800001
,,,0.00045259,0.024800001
,,,0.0004526,0.024000001
,,,0.00045261,0.024800001
,,,0.00045262,0.021600001
,,,0.00045263,0.024000001
,,,0.00045264,0.024800001
,,,0.00045265,0.024000001
,,,0.00045266,0.024000001
,,,0.00045267,0.023200001
,,,0.00045268,0.023200001
,,,0.00045269,0.022400001
,,,0.0004527,0.024000001
,,,0.00045271,0.024800001
,,,0.00045272,0.024000001
,,,0.00045273,0.023200001
,,,0.00045274,0.024000001
,,,0.00045275,0.024000001
,,,0.00045276,0.024000001
,,,0.00045277,0.024800001
,,,0.00045278,0.025600002
,,,0.00045279,0.024000001
,,,0.0004528,0.024800001
,,,0.00045281,0.024000001
,,,0.00045282,0.024800001
,,,0.00045283,0.024000001
,,,0.00045284,0.024000001
,,,0.00045285,0.024000001
,,,0.00045286,0.023200001
,,,0.00045287,0.022400001
,,,0.00045288,0.022400001
,,,0.00045289,0.024800001
,,,0.0004529,0.024800001
,,,0.00045291,0.024800001
,,,0.00045292,0.026400002
,,,0.00045293,0.025600002
,,,0.00045294,0.024000001
,,,0.00045295,0.024000001
,,,0.00045296,0.022400001
,,,0.00045297,0.024000001
,,,0.00045298,0.023200001
,,,0.00045299,0.024800001
,,,0.000453,0.024800001
,,,0.00045301,0.024800001
,,,0.00045302,0.024000001
,,,0.00045303,0.024800001
,,,0.00045304,0.023200001
,,,0.00045305,0.024000001
,,,0.00045306,0.024000001
,,,0.00045307,0.023200001
,,,0.00045308,0.024000001
,,,0.00045309,0.024000001
,,,0.0004531,0.024800001
,,,0.00045311,0.023200001
,,,0.00045312,0.024800001
,,,0.00045313,0.024000001
,,,0.00045314,0.024000001
,,,0.00045315,0.024800001
,,,0.00045316,0.024000001
,,,0.00045317,0.024800001
,,,0.00045318,0.024000001
,,,0.00045319,0.023200001
,,,0.0004532,0.024000001
,,,0.00045321,0.024000001
,,,0.00045322,0.023200001
,,,0.00045323,0.022400001
,,,0.00045324,0.023200001
,,,0.00045325,0.024800001
,,,0.00045326,0.024000001
,,,0.00045327,0.024800001
,,,0.00045328,0.024000001
,,,0.00045329,0.024000001
,,,0.0004533,0.024000001
,,,0.00045331,0.024000001
,,,0.00045332,0.022400001
,,,0.00045333,0.024800001
,,,0.00045334,0.024000001
,,,0.00045335,0.024800001
,,,0.00045336,0.023200001
,,,0.00045337,0.025600002
,,,0.00045338,0.022400001
,,,0.00045339,0.023200001
,,,0.0004534,0.023200001
,,,0.00045341,0.024000001
,,,0.00045342,0.024000001
,,,0.00045343,0.024000001
,,,0.00045344,0.024000001
,,,0.00045345,0.024800001
,,,0.00045346,0.024000001
,,,0.00045347,0.024000001
,,,0.00045348,0.023200001
,,,0.00045349,0.024000001
,,,0.0004535,0.024800001
,,,0.00045351,0.022400001
,,,0.00045352,0.024000001
,,,0.00045353,0.024000001
,,,0.00045354,0.023200001
,,,0.00045355,0.024800001
,,,0.00045356,0.024000001
,,,0.00045357,0.024800001
,,,0.00045358,0.024000001
,,,0.00045359,0.025600002
,,,0.0004536,0.024000001
,,,0.00045361,0.024800001
,,,0.00045362,0.024000001
,,,0.00045363,0.026400002
,,,0.00045364,0.025600002
,,,0.00045365,0.024000001
,,,0.00045366,0.024800001
,,,0.00045367,0.024800001
,,,0.00045368,0.024000001
,,,0.00045369,0.024000001
,,,0.0004537,0.024000001
,,,0.00045371,0.023200001
,,,0.00045372,0.023200001
,,,0.00045373,0.024000001
,,,0.00045374,0.023200001
,,,0.00045375,0.024000001
,,,0.00045376,0.024800001
,,,0.00045377,0.024800001
,,,0.00045378,0.024000001
,,,0.00045379,0.024000001
,,,0.0004538,0.024000001
,,,0.00045381,0.024000001
,,,0.00045382,0.024800001
,,,0.00045383,0.024000001
,,,0.00045384,0.024000001
,,,0.00045385,0.024800001
,,,0.00045386,0.024800001
,,,0.00045387,0.024000001
,,,0.00045388,0.026400002
,,,0.00045389,0.024800001
,,,0.0004539,0.024000001
,,,0.00045391,0.022400001
,,,0.00045392,0.024800001
,,,0.00045393,0.025600002
,,,0.00045394,0.022400001
,,,0.00045395,0.024000001
,,,0.00045396,0.024000001
,,,0.00045397,0.025600002
,,,0.00045398,0.023200001
,,,0.00045399,0.023200001
,,,0.000454,0.024000001
,,,0.00045401,0.024000001
,,,0.00045402,0.024000001
,,,0.00045403,0.024000001
,,,0.00045404,0.024000001
,,,0.00045405,0.025600002
,,,0.00045406,0.023200001
,,,0.00045407,0.024000001
,,,0.00045408,0.024000001
,,,0.00045409,0.024000001
,,,0.0004541,0.024000001
,,,0.00045411,0.024000001
,,,0.00045412,0.024800001
,,,0.00045413,0.024800001
,,,0.00045414,0.024000001
,,,0.00045415,0.026400002
,,,0.00045416,0.024000001
,,,0.00045417,0.024800001
,,,0.00045418,0.024800001
,,,0.00045419,0.024000001
,,,0.0004542,0.024000001
,,,0.00045421,0.024000001
,,,0.00045422,0.024800001
,,,0.00045423,0.025600002
,,,0.00045424,0.024000001
,,,0.00045425,0.024000001
,,,0.00045426,0.023200001
,,,0.00045427,0.024000001
,,,0.00045428,0.024000001
,,,0.00045429,0.024800001
,,,0.0004543,0.024000001
,,,0.00045431,0.024000001
,,,0.00045432,0.024800001
,,,0.00045433,0.024000001
,,,0.00045434,0.024800001
,,,0.00045435,0.023200001
,,,0.00045436,0.025600002
,,,0.00045437,0.024000001
,,,0.00045438,0.024000001
,,,0.00045439,0.024000001
,,,0.0004544,0.024000001
,,,0.00045441,0.024000001
,,,0.00045442,0.024000001
,,,0.00045443,0.024000001
,,,0.00045444,0.024000001
,,,0.00045445,0.024000001
,,,0.00045446,0.024000001
,,,0.00045447,0.024800001
,,,0.00045448,0.024800001
,,,0.00045449,0.024800001
,,,0.0004545,0.024800001
,,,0.00045451,0.024000001
,,,0.00045452,0.024000001
,,,0.00045453,0.024800001
,,,0.00045454,0.024000001
,,,0.00045455,0.024000001
,,,0.00045456,0.024000001
,,,0.00045457,0.023200001
,,,0.00045458,0.025600002
,,,0.00045459,0.024000001
,,,0.0004546,0.024000001
,,,0.00045461,0.024000001
,,,0.00045462,0.023200001
,,,0.00045463,0.024000001
,,,0.00045464,0.023200001
,,,0.00045465,0.025600002
,,,0.00045466,0.024000001
,,,0.00045467,0.024800001
,,,0.00045468,0.024800001
,,,0.00045469,0.023200001
,,,0.0004547,0.024000001
,,,0.00045471,0.024000001
,,,0.00045472,0.024800001
,,,0.00045473,0.024800001
,,,0.00045474,0.024800001
,,,0.00045475,0.024000001
,,,0.00045476,0.024800001
,,,0.00045477,0.024000001
,,,0.00045478,0.023200001
,,,0.00045479,0.024000001
,,,0.0004548,0.024800001
,,,0.00045481,0.024800001
,,,0.00045482,0.024800001
,,,0.00045483,0.024000001
,,,0.00045484,0.023200001
,,,0.00045485,0.024000001
,,,0.00045486,0.024800001
,,,0.00045487,0.024800001
,,,0.00045488,0.022400001
,,,0.00045489,0.023200001
,,,0.0004549,0.024000001
,,,0.00045491,0.024800001
,,,0.00045492,0.024000001
,,,0.00045493,0.024800001
,,,0.00045494,0.024000001
,,,0.00045495,0.024000001
,,,0.00045496,0.025600002
,,,0.00045497,0.024000001
,,,0.00045498,0.024800001
,,,0.00045499,0.024000001
,,,0.000455,0.024000001
,,,0.00045501,0.024000001
,,,0.00045502,0.024000001
,,,0.00045503,0.023200001
,,,0.00045504,0.024000001
,,,0.00045505,0.024800001
,,,0.00045506,0.024800001
,,,0.00045507,0.025600002
,,,0.00045508,0.025600002
,,,0.00045509,0.024000001
,,,0.0004551,0.023200001
,,,0.00045511,0.024800001
,,,0.00045512,0.024000001
,,,0.00045513,0.024800001
,,,0.00045514,0.024000001
,,,0.00045515,0.024000001
,,,0.00045516,0.022400001
,,,0.00045517,0.024000001
,,,0.00045518,0.024800001
,,,0.00045519,0.024000001
,,,0.0004552,0.026400002
,,,0.00045521,0.024000001
,,,0.00045522,0.024000001
,,,0.00045523,0.024000001
,,,0.00045524,0.024800001
,,,0.00045525,0.026400002
,,,0.00045526,0.024000001
,,,0.00045527,0.023200001
,,,0.00045528,0.024000001
,,,0.00045529,0.024000001
,,,0.0004553,0.024000001
,,,0.00045531,0.024000001
,,,0.00045532,0.024000001
,,,0.00045533,0.023200001
,,,0.00045534,0.024000001
,,,0.00045535,0.024000001
,,,0.00045536,0.024000001
,,,0.00045537,0.023200001
,,,0.00045538,0.024800001
,,,0.00045539,0.022400001
,,,0.0004554,0.025600002
,,,0.00045541,0.022400001
,,,0.00045542,0.024000001
,,,0.00045543,0.025600002
,,,0.00045544,0.024000001
,,,0.00045545,0.024000001
,,,0.00045546,0.024800001
,,,0.00045547,0.023200001
,,,0.00045548,0.024800001
,,,0.00045549,0.024000001
,,,0.0004555,0.026400002
,,,0.00045551,0.025600002
,,,0.00045552,0.024000001
,,,0.00045553,0.024800001
,,,0.00045554,0.025600002
,,,0.00045555,0.024800001
,,,0.00045556,0.024000001
,,,0.00045557,0.023200001
,,,0.00045558,0.025600002
,,,0.00045559,0.024800001
,,,0.0004556,0.024000001
,,,0.00045561,0.024800001
,,,0.00045562,0.024000001
,,,0.00045563,0.024000001
,,,0.00045564,0.024800001
,,,0.00045565,0.024800001
,,,0.00045566,0.024800001
,,,0.00045567,0.025600002
,,,0.00045568,0.022400001
,,,0.00045569,0.024000001
,,,0.0004557,0.024000001
,,,0.00045571,0.023200001
,,,0.00045572,0.024000001
,,,0.00045573,0.024000001
,,,0.00045574,0.025600002
,,,0.00045575,0.023200001
,,,0.00045576,0.023200001
,,,0.00045577,0.024000001
,,,0.00045578,0.024800001
,,,0.00045579,0.023200001
,,,0.0004558,0.024000001
,,,0.00045581,0.024000001
,,,0.00045582,0.023200001
,,,0.00045583,0.024000001
,,,0.00045584,0.024000001
,,,0.00045585,0.025600002
,,,0.00045586,0.026400002
,,,0.00045587,0.024000001
,,,0.00045588,0.024000001
,,,0.00045589,0.025600002
,,,0.0004559,0.023200001
,,,0.00045591,0.023200001
,,,0.00045592,0.024800001
,,,0.00045593,0.025600002
,,,0.00045594,0.024000001
,,,0.00045595,0.023200001
,,,0.00045596,0.024000001
,,,0.00045597,0.023200001
,,,0.00045598,0.022400001
,,,0.00045599,0.023200001
,,,0.000456,0.024800001
,,,0.00045601,0.024000001
,,,0.00045602,0.023200001
,,,0.00045603,0.024000001
,,,0.00045604,0.024000001
,,,0.00045605,0.023200001
,,,0.00045606,0.024800001
,,,0.00045607,0.024000001
,,,0.00045608,0.024800001
,,,0.00045609,0.024000001
,,,0.0004561,0.024000001
,,,0.00045611,0.024000001
,,,0.00045612,0.023200001
,,,0.00045613,0.024000001
,,,0.00045614,0.024800001
,,,0.00045615,0.024000001
,,,0.00045616,0.024000001
,,,0.00045617,0.024000001
,,,0.00045618,0.022400001
,,,0.00045619,0.024000001
,,,0.0004562,0.024800001
,,,0.00045621,0.023200001
,,,0.00045622,0.023200001
,,,0.00045623,0.024800001
,,,0.00045624,0.024800001
,,,0.00045625,0.024800001
,,,0.00045626,0.024000001
,,,0.00045627,0.024000001
,,,0.00045628,0.024800001
,,,0.00045629,0.024000001
,,,0.0004563,0.023200001
,,,0.00045631,0.023200001
,,,0.00045632,0.024000001
,,,0.00045633,0.023200001
,,,0.00045634,0.024000001
,,,0.00045635,0.024000001
,,,0.00045636,0.024000001
,,,0.00045637,0.023200001
,,,0.00045638,0.024800001
,,,0.00045639,0.023200001
,,,0.0004564,0.024800001
,,,0.00045641,0.023200001
,,,0.00045642,0.024800001
,,,0.00045643,0.022400001
,,,0.00045644,0.025600002
,,,0.00045645,0.024000001
,,,0.00045646,0.024000001
,,,0.00045647,0.025600002
,,,0.00045648,0.024800001
,,,0.00045649,0.024000001
,,,0.0004565,0.025600002
,,,0.00045651,0.024000001
,,,0.00045652,0.023200001
,,,0.00045653,0.024000001
,,,0.00045654,0.024000001
,,,0.00045655,0.023200001
,,,0.00045656,0.024800001
,,,0.00045657,0.024000001
,,,0.00045658,0.024000001
,,,0.00045659,0.024000001
,,,0.0004566,0.024000001
,,,0.00045661,0.024800001
,,,0.00045662,0.024000001
,,,0.00045663,0.024800001
,,,0.00045664,0.024000001
,,,0.00045665,0.024800001
,,,0.00045666,0.024800001
,,,0.00045667,0.024800001
,,,0.00045668,0.024000001
,,,0.00045669,0.024800001
,,,0.0004567,0.024000001
,,,0.00045671,0.024000001
,,,0.00045672,0.024000001
,,,0.00045673,0.024000001
,,,0.00045674,0.024800001
,,,0.00045675,0.024000001
,,,0.00045676,0.026400002
,,,0.00045677,0.023200001
,,,0.00045678,0.024800001
,,,0.00045679,0.024000001
,,,0.0004568,0.024800001
,,,0.00045681,0.023200001
,,,0.00045682,0.024000001
,,,0.00045683,0.024000001
,,,0.00045684,0.023200001
,,,0.00045685,0.024000001
,,,0.00045686,0.024800001
,,,0.00045687,0.022400001
,,,0.00045688,0.026400002
,,,0.00045689,0.025600002
,,,0.0004569,0.024000001
,,,0.00045691,0.024800001
,,,0.00045692,0.025600002
,,,0.00045693,0.024000001
,,,0.00045694,0.024000001
,,,0.00045695,0.024000001
,,,0.00045696,0.025600002
,,,0.00045697,0.024000001
,,,0.00045698,0.024800001
,,,0.00045699,0.023200001
,,,0.000457,0.024800001
,,,0.00045701,0.024000001
,,,0.00045702,0.022400001
,,,0.00045703,0.023200001
,,,0.00045704,0.022400001
,,,0.00045705,0.024000001
,,,0.00045706,0.024000001
,,,0.00045707,0.023200001
,,,0.00045708,0.024800001
,,,0.00045709,0.025600002
,,,0.0004571,0.024000001
,,,0.00045711,0.024000001
,,,0.00045712,0.023200001
,,,0.00045713,0.024000001
,,,0.00045714,0.023200001
,,,0.00045715,0.024800001
,,,0.00045716,0.024800001
,,,0.00045717,0.023200001
,,,0.00045718,0.025600002
,,,0.00045719,0.024800001
,,,0.0004572,0.024800001
,,,0.00045721,0.023200001
,,,0.00045722,0.024000001
,,,0.00045723,0.024000001
,,,0.00045724,0.024000001
,,,0.00045725,0.024000001
,,,0.00045726,0.024000001
,,,0.00045727,0.024800001
,,,0.00045728,0.024000001
,,,0.00045729,0.023200001
,,,0.0004573,0.023200001
,,,0.00045731,0.022400001
,,,0.00045732,0.024000001
,,,0.00045733,0.024000001
,,,0.00045734,0.024800001
,,,0.00045735,0.023200001
,,,0.00045736,0.024000001
,,,0.00045737,0.024800001
,,,0.00045738,0.024800001
,,,0.00045739,0.024800001
,,,0.0004574,0.025600002
,,,0.00045741,0.024000001
,,,0.00045742,0.025600002
,,,0.00045743,0.023200001
,,,0.00045744,0.024000001
,,,0.00045745,0.024000001
,,,0.00045746,0.024800001
,,,0.00045747,0.024000001
,,,0.00045748,0.023200001
,,,0.00045749,0.024000001
,,,0.0004575,0.024000001
,,,0.00045751,0.024000001
,,,0.00045752,0.024800001
,,,0.00045753,0.024000001
,,,0.00045754,0.024800001
,,,0.00045755,0.024000001
,,,0.00045756,0.024000001
,,,0.00045757,0.024800001
,,,0.00045758,0.024800001
,,,0.00045759,0.024800001
,,,0.0004576,0.022400001
,,,0.00045761,0.024800001
,,,0.00045762,0.024000001
,,,0.00045763,0.024000001
,,,0.00045764,0.023200001
,,,0.00045765,0.024000001
,,,0.00045766,0.024800001
,,,0.00045767,0.025600002
,,,0.00045768,0.024800001
,,,0.00045769,0.023200001
,,,0.0004577,0.027200002
,,,0.00045771,0.024800001
,,,0.00045772,0.024000001
,,,0.00045773,0.023200001
,,,0.00045774,0.024800001
,,,0.00045775,0.024000001
,,,0.00045776,0.024000001
,,,0.00045777,0.023200001
,,,0.00045778,0.024800001
,,,0.00045779,0.025600002
,,,0.0004578,0.023200001
,,,0.00045781,0.024800001
,,,0.00045782,0.024000001
,,,0.00045783,0.025600002
,,,0.00045784,0.027200002
,,,0.00045785,0.024000001
,,,0.00045786,0.023200001
,,,0.00045787,0.026400002
,,,0.00045788,0.025600002
,,,0.00045789,0.025600002
,,,0.0004579,0.023200001
,,,0.00045791,0.024000001
,,,0.00045792,0.024000001
,,,0.00045793,0.024000001
,,,0.00045794,0.024000001
,,,0.00045795,0.024800001
,,,0.00045796,0.024800001
,,,0.00045797,0.024800001
,,,0.00045798,0.026400002
,,,0.00045799,0.023200001
,,,0.000458,0.025600002
,,,0.00045801,0.025600002
,,,0.00045802,0.025600002
,,,0.00045803,0.024000001
,,,0.00045804,0.023200001
,,,0.00045805,0.024800001
,,,0.00045806,0.023200001
,,,0.00045807,0.023200001
,,,0.00045808,0.024000001
,,,0.00045809,0.024000001
,,,0.0004581,0.024000001
,,,0.00045811,0.024800001
,,,0.00045812,0.025600002
,,,0.00045813,0.024800001
,,,0.00045814,0.025600002
,,,0.00045815,0.024000001
,,,0.00045816,0.024800001
,,,0.00045817,0.024800001
,,,0.00045818,0.024800001
,,,0.00045819,0.024000001
,,,0.0004582,0.024000001
,,,0.00045821,0.024000001
,,,0.00045822,0.024800001
,,,0.00045823,0.024000001
,,,0.00045824,0.027200002
,,,0.00045825,0.023200001
,,,0.00045826,0.024000001
,,,0.00045827,0.022400001
,,,0.00045828,0.023200001
,,,0.00045829,0.023200001
,,,0.0004583,0.024800001
,,,0.00045831,0.025600002
,,,0.00045832,0.024800001
,,,0.00045833,0.024000001
,,,0.00045834,0.024000001
,,,0.00045835,0.024000001
,,,0.00045836,0.024800001
,,,0.00045837,0.025600002
,,,0.00045838,0.024000001
,,,0.00045839,0.024800001
,,,0.0004584,0.024000001
,,,0.00045841,0.024000001
,,,0.00045842,0.024000001
,,,0.00045843,0.025600002
,,,0.00045844,0.024000001
,,,0.00045845,0.024800001
,,,0.00045846,0.024800001
,,,0.00045847,0.024800001
,,,0.00045848,0.022400001
,,,0.00045849,0.022400001
,,,0.0004585,0.024800001
,,,0.00045851,0.023200001
,,,0.00045852,0.025600002
,,,0.00045853,0.024800001
,,,0.00045854,0.024000001
,,,0.00045855,0.024000001
,,,0.00045856,0.024000001
,,,0.00045857,0.024000001
,,,0.00045858,0.024000001
,,,0.00045859,0.024800001
,,,0.0004586,0.025600002
,,,0.00045861,0.023200001
,,,0.00045862,0.024000001
,,,0.00045863,0.023200001
,,,0.00045864,0.024000001
,,,0.00045865,0.024000001
,,,0.00045866,0.024800001
,,,0.00045867,0.023200001
,,,0.00045868,0.024800001
,,,0.00045869,0.022400001
,,,0.0004587,0.024000001
,,,0.00045871,0.024000001
,,,0.00045872,0.024000001
,,,0.00045873,0.024000001
,,,0.00045874,0.023200001
,,,0.00045875,0.024000001
,,,0.00045876,0.024800001
,,,0.00045877,0.024000001
,,,0.00045878,0.024800001
,,,0.00045879,0.023200001
,,,0.0004588,0.025600002
,,,0.00045881,0.023200001
,,,0.00045882,0.024000001
,,,0.00045883,0.025600002
,,,0.00045884,0.023200001
,,,0.00045885,0.023200001
,,,0.00045886,0.024800001
,,,0.00045887,0.024800001
,,,0.00045888,0.025600002
,,,0.00045889,0.026400002
,,,0.0004589,0.025600002
,,,0.00045891,0.025600002
,,,0.00045892,0.025600002
,,,0.00045893,0.025600002
,,,0.00045894,0.024800001
,,,0.00045895,0.024000001
,,,0.00045896,0.023200001
,,,0.00045897,0.025600002
,,,0.00045898,0.022400001
,,,0.00045899,0.022400001
,,,0.000459,0.023200001
,,,0.00045901,0.024000001
,,,0.00045902,0.022400001
,,,0.00045903,0.024000001
,,,0.00045904,0.024000001
,,,0.00045905,0.024800001
,,,0.00045906,0.025600002
,,,0.00045907,0.022400001
,,,0.00045908,0.024000001
,,,0.00045909,0.024000001
,,,0.0004591,0.023200001
,,,0.00045911,0.023200001
,,,0.00045912,0.023200001
,,,0.00045913,0.024000001
,,,0.00045914,0.024000001
,,,0.00045915,0.024000001
,,,0.00045916,0.024000001
,,,0.00045917,0.022400001
,,,0.00045918,0.026400002
,,,0.00045919,0.024000001
,,,0.0004592,0.024800001
,,,0.00045921,0.026400002
,,,0.00045922,0.024000001
,,,0.00045923,0.024000001
,,,0.00045924,0.023200001
,,,0.00045925,0.025600002
,,,0.00045926,0.023200001
,,,0.00045927,0.024000001
,,,0.00045928,0.024800001
,,,0.00045929,0.023200001
,,,0.0004593,0.024000001
,,,0.00045931,0.024800001
,,,0.00045932,0.024000001
,,,0.00045933,0.024000001
,,,0.00045934,0.024800001
,,,0.00045935,0.023200001
,,,0.00045936,0.024000001
,,,0.00045937,0.024000001
,,,0.00045938,0.024000001
,,,0.00045939,0.025600002
,,,0.0004594,0.024000001
,,,0.00045941,0.024000001
,,,0.00045942,0.024800001
,,,0.00045943,0.024000001
,,,0.00045944,0.024800001
,,,0.00045945,0.024000001
,,,0.00045946,0.024000001
,,,0.00045947,0.024000001
,,,0.00045948,0.024000001
,,,0.00045949,0.024000001
,,,0.0004595,0.023200001
,,,0.00045951,0.024000001
,,,0.00045952,0.025600002
,,,0.00045953,0.024000001
,,,0.00045954,0.024000001
,,,0.00045955,0.024000001
,,,0.00045956,0.024000001
,,,0.00045957,0.023200001
,,,0.00045958,0.023200001
,,,0.00045959,0.024000001
,,,0.0004596,0.024800001
,,,0.00045961,0.024000001
,,,0.00045962,0.023200001
,,,0.00045963,0.024800001
,,,0.00045964,0.024000001
,,,0.00045965,0.023200001
,,,0.00045966,0.024000001
,,,0.00045967,0.024000001
,,,0.00045968,0.024800001
,,,0.00045969,0.024800001
,,,0.0004597,0.025600002
,,,0.00045971,0.024000001
,,,0.00045972,0.022400001
,,,0.00045973,0.024000001
,,,0.00045974,0.023200001
,,,0.00045975,0.022400001
,,,0.00045976,0.023200001
,,,0.00045977,0.025600002
,,,0.00045978,0.025600002
,,,0.00045979,0.024000001
,,,0.0004598,0.024000001
,,,0.00045981,0.022400001
,,,0.00045982,0.023200001
,,,0.00045983,0.028000002
,,,0.00045984,0.024000001
,,,0.00045985,0.024000001
,,,0.00045986,0.024000001
,,,0.00045987,0.024800001
,,,0.00045988,0.024000001
,,,0.00045989,0.024800001
,,,0.0004599,0.024000001
,,,0.00045991,0.024800001
,,,0.00045992,0.024000001
,,,0.00045993,0.024000001
,,,0.00045994,0.024800001
,,,0.00045995,0.024000001
,,,0.00045996,0.025600002
,,,0.00045997,0.024000001
,,,0.00045998,0.024000001
,,,0.00045999,0.024000001
,,,0.00046,0.025600002
,,,0.00046001,0.024800001
,,,0.00046002,0.024000001
,,,0.00046003,0.020000001
,,,0.00046004,0.024800001
,,,0.00046005,0.024800001
,,,0.00046006,0.025600002
,,,0.00046007,0.024000001
,,,0.00046008,0.024000001
,,,0.00046009,0.024800001
,,,0.0004601,0.024000001
,,,0.00046011,0.024000001
,,,0.00046012,0.023200001
,,,0.00046013,0.024000001
,,,0.00046014,0.023200001
,,,0.00046015,0.024800001
,,,0.00046016,0.025600002
,,,0.00046017,0.022400001
,,,0.00046018,0.026400002
,,,0.00046019,0.024800001
,,,0.0004602,0.024000001
,,,0.00046021,0.025600002
,,,0.00046022,0.024000001
,,,0.00046023,0.024000001
,,,0.00046024,0.024800001
,,,0.00046025,0.023200001
,,,0.00046026,0.024000001
,,,0.00046027,0.024000001
,,,0.00046028,0.024000001
,,,0.00046029,0.024000001
,,,0.0004603,0.024800001
,,,0.00046031,0.024000001
,,,0.00046032,0.024800001
,,,0.00046033,0.024000001
,,,0.00046034,0.023200001
,,,0.00046035,0.022400001
,,,0.00046036,0.024000001
,,,0.00046037,0.023200001
,,,0.00046038,0.024800001
,,,0.00046039,0.024000001
,,,0.0004604,0.024000001
,,,0.00046041,0.023200001
,,,0.00046042,0.024800001
,,,0.00046043,0.023200001
,,,0.00046044,0.024800001
,,,0.00046045,0.024000001
,,,0.00046046,0.024800001
,,,0.00046047,0.024800001
,,,0.00046048,0.025600002
,,,0.00046049,0.024800001
,,,0.0004605,0.023200001
,,,0.00046051,0.024000001
,,,0.00046052,0.024000001
,,,0.00046053,0.024800001
,,,0.00046054,0.024000001
,,,0.00046055,0.024800001
,,,0.00046056,0.023200001
,,,0.00046057,0.024000001
,,,0.00046058,0.023200001
,,,0.00046059,0.023200001
,,,0.0004606,0.024000001
,,,0.00046061,0.024000001
,,,0.00046062,0.024000001
,,,0.00046063,0.023200001
,,,0.00046064,0.025600002
,,,0.00046065,0.022400001
,,,0.00046066,0.027200002
,,,0.00046067,0.025600002
,,,0.00046068,0.027200002
,,,0.00046069,0.023200001
,,,0.0004607,0.024800001
,,,0.00046071,0.024000001
,,,0.00046072,0.025600002
,,,0.00046073,0.024000001
,,,0.00046074,0.024000001
,,,0.00046075,0.024800001
,,,0.00046076,0.024000001
,,,0.00046077,0.023200001
,,,0.00046078,0.024800001
,,,0.00046079,0.023200001
,,,0.0004608,0.025600002
,,,0.00046081,0.023200001
,,,0.00046082,0.024000001
,,,0.00046083,0.024000001
,,,0.00046084,0.024000001
,,,0.00046085,0.025600002
,,,0.00046086,0.024800001
,,,0.00046087,0.024000001
,,,0.00046088,0.024000001
,,,0.00046089,0.024000001
,,,0.0004609,0.025600002
,,,0.00046091,0.025600002
,,,0.00046092,0.024000001
,,,0.00046093,0.024000001
,,,0.00046094,0.024000001
,,,0.00046095,0.024000001
,,,0.00046096,0.023200001
,,,0.00046097,0.024000001
,,,0.00046098,0.023200001
,,,0.00046099,0.023200001
,,,0.000461,0.024000001
,,,0.00046101,0.024000001
,,,0.00046102,0.024000001
,,,0.00046103,0.024000001
,,,0.00046104,0.024000001
,,,0.00046105,0.023200001
,,,0.00046106,0.024000001
,,,0.00046107,0.023200001
,,,0.00046108,0.024000001
,,,0.00046109,0.024000001
,,,0.0004611,0.024000001
,,,0.00046111,0.023200001
,,,0.00046112,0.024000001
,,,0.00046113,0.025600002
,,,0.00046114,0.024000001
,,,0.00046115,0.024000001
,,,0.00046116,0.024800001
,,,0.00046117,0.024000001
,,,0.00046118,0.025600002
,,,0.00046119,0.024000001
,,,0.0004612,0.024000001
,,,0.00046121,0.024800001
,,,0.00046122,0.024000001
,,,0.00046123,0.025600002
,,,0.00046124,0.024000001
,,,0.00046125,0.024000001
,,,0.00046126,0.025600002
,,,0.00046127,0.024000001
,,,0.00046128,0.023200001
,,,0.00046129,0.024000001
,,,0.0004613,0.025600002
,,,0.00046131,0.025600002
,,,0.00046132,0.023200001
,,,0.00046133,0.023200001
,,,0.00046134,0.023200001
,,,0.00046135,0.025600002
,,,0.00046136,0.023200001
,,,0.00046137,0.024000001
,,,0.00046138,0.024800001
,,,0.00046139,0.024000001
,,,0.0004614,0.024800001
,,,0.00046141,0.024800001
,,,0.00046142,0.026400002
,,,0.00046143,0.024000001
,,,0.00046144,0.024000001
,,,0.00046145,0.025600002
,,,0.00046146,0.024000001
,,,0.00046147,0.024000001
,,,0.00046148,0.024000001
,,,0.00046149,0.023200001
,,,0.0004615,0.024800001
,,,0.00046151,0.023200001
,,,0.00046152,0.026400002
,,,0.00046153,0.025600002
,,,0.00046154,0.024000001
,,,0.00046155,0.024000001
,,,0.00046156,0.026400002
,,,0.00046157,0.024000001
,,,0.00046158,0.024800001
,,,0.00046159,0.022400001
,,,0.0004616,0.024800001
,,,0.00046161,0.023200001
,,,0.00046162,0.024000001
,,,0.00046163,0.023200001
,,,0.00046164,0.024800001
,,,0.00046165,0.024800001
,,,0.00046166,0.024000001
,,,0.00046167,0.023200001
,,,0.00046168,0.024800001
,,,0.00046169,0.024000001
,,,0.0004617,0.024800001
,,,0.00046171,0.023200001
,,,0.00046172,0.025600002
,,,0.00046173,0.024000001
,,,0.00046174,0.023200001
,,,0.00046175,0.024000001
,,,0.00046176,0.024000001
,,,0.00046177,0.024800001
,,,0.00046178,0.024000001
,,,0.00046179,0.022400001
,,,0.0004618,0.024000001
,,,0.00046181,0.024000001
,,,0.00046182,0.023200001
,,,0.00046183,0.024000001
,,,0.00046184,0.024000001
,,,0.00046185,0.024000001
,,,0.00046186,0.025600002
,,,0.00046187,0.024000001
,,,0.00046188,0.024000001
,,,0.00046189,0.024800001
,,,0.0004619,0.025600002
,,,0.00046191,0.024800001
,,,0.00046192,0.024000001
,,,0.00046193,0.025600002
,,,0.00046194,0.023200001
,,,0.00046195,0.024000001
,,,0.00046196,0.024800001
,,,0.00046197,0.024000001
,,,0.00046198,0.024000001
,,,0.00046199,0.023200001
,,,0.000462,0.024800001
,,,0.00046201,0.024800001
,,,0.00046202,0.024800001
,,,0.00046203,0.024000001
,,,0.00046204,0.025600002
,,,0.00046205,0.024000001
,,,0.00046206,0.024000001
,,,0.00046207,0.024800001
,,,0.00046208,0.025600002
,,,0.00046209,0.024000001
,,,0.0004621,0.024800001
,,,0.00046211,0.024800001
,,,0.00046212,0.024000001
,,,0.00046213,0.024000001
,,,0.00046214,0.024800001
,,,0.00046215,0.024000001
,,,0.00046216,0.024800001
,,,0.00046217,0.024000001
,,,0.00046218,0.024000001
,,,0.00046219,0.024000001
,,,0.0004622,0.024000001
,,,0.00046221,0.023200001
,,,0.00046222,0.024000001
,,,0.00046223,0.023200001
,,,0.00046224,0.024000001
,,,0.00046225,0.024000001
,,,0.00046226,0.025600002
,,,0.00046227,0.025600002
,,,0.00046228,0.026400002
,,,0.00046229,0.025600002
,,,0.0004623,0.024800001
,,,0.00046231,0.024800001
,,,0.00046232,0.022400001
,,,0.00046233,0.024000001
,,,0.00046234,0.025600002
,,,0.00046235,0.024000001
,,,0.00046236,0.024800001
,,,0.00046237,0.025600002
,,,0.00046238,0.024800001
,,,0.00046239,0.024800001
,,,0.0004624,0.024000001
,,,0.00046241,0.024000001
,,,0.00046242,0.023200001
,,,0.00046243,0.024000001
,,,0.00046244,0.024000001
,,,0.00046245,0.024800001
,,,0.00046246,0.024000001
,,,0.00046247,0.024000001
,,,0.00046248,0.023200001
,,,0.00046249,0.021600001
,,,0.0004625,0.024000001
,,,0.00046251,0.024000001
,,,0.00046252,0.024000001
,,,0.00046253,0.024800001
,,,0.00046254,0.024800001
,,,0.00046255,0.024000001
,,,0.00046256,0.024000001
,,,0.00046257,0.024800001
,,,0.00046258,0.024800001
,,,0.00046259,0.025600002
,,,0.0004626,0.025600002
,,,0.00046261,0.024800001
,,,0.00046262,0.024000001
,,,0.00046263,0.023200001
,,,0.00046264,0.024000001
,,,0.00046265,0.024800001
,,,0.00046266,0.024000001
,,,0.00046267,0.024000001
,,,0.00046268,0.024000001
,,,0.00046269,0.024800001
,,,0.0004627,0.024800001
,,,0.00046271,0.024000001
,,,0.00046272,0.024000001
,,,0.00046273,0.024000001
,,,0.00046274,0.024000001
,,,0.00046275,0.026400002
,,,0.00046276,0.024000001
,,,0.00046277,0.024000001
,,,0.00046278,0.023200001
,,,0.00046279,0.024000001
,,,0.0004628,0.023200001
,,,0.00046281,0.026400002
,,,0.00046282,0.024000001
,,,0.00046283,0.024000001
,,,0.00046284,0.024000001
,,,0.00046285,0.024000001
,,,0.00046286,0.024000001
,,,0.00046287,0.025600002
,,,0.00046288,0.024800001
,,,0.00046289,0.022400001
,,,0.0004629,0.024000001
,,,0.00046291,0.024000001
,,,0.00046292,0.024000001
,,,0.00046293,0.023200001
,,,0.00046294,0.024000001
,,,0.00046295,0.023200001
,,,0.00046296,0.024800001
,,,0.00046297,0.024000001
,,,0.00046298,0.024800001
,,,0.00046299,0.022400001
,,,0.000463,0.024000001
,,,0.00046301,0.024800001
,,,0.00046302,0.024800001
,,,0.00046303,0.024000001
,,,0.00046304,0.024000001
,,,0.00046305,0.025600002
,,,0.00046306,0.023200001
,,,0.00046307,0.022400001
,,,0.00046308,0.024800001
,,,0.00046309,0.024800001
,,,0.0004631,0.024800001
,,,0.00046311,0.023200001
,,,0.00046312,0.024800001
,,,0.00046313,0.022400001
,,,0.00046314,0.022400001
,,,0.00046315,0.023200001
,,,0.00046316,0.023200001
,,,0.00046317,0.024000001
,,,0.00046318,0.024000001
,,,0.00046319,0.025600002
,,,0.0004632,0.022400001
,,,0.00046321,0.023200001
,,,0.00046322,0.023200001
,,,0.00046323,0.024000001
,,,0.00046324,0.023200001
,,,0.00046325,0.024800001
,,,0.00046326,0.024800001
,,,0.00046327,0.024000001
,,,0.00046328,0.023200001
,,,0.00046329,0.024000001
,,,0.0004633,0.024000001
,,,0.00046331,0.024800001
,,,0.00046332,0.025600002
,,,0.00046333,0.024000001
,,,0.00046334,0.024000001
,,,0.00046335,0.023200001
,,,0.00046336,0.024000001
,,,0.00046337,0.024000001
,,,0.00046338,0.024000001
,,,0.00046339,0.024800001
,,,0.0004634,0.024000001
,,,0.00046341,0.024000001
,,,0.00046342,0.025600002
,,,0.00046343,0.024800001
,,,0.00046344,0.025600002
,,,0.00046345,0.023200001
,,,0.00046346,0.024800001
,,,0.00046347,0.025600002
,,,0.00046348,0.025600002
,,,0.00046349,0.024000001
,,,0.0004635,0.024800001
,,,0.00046351,0.024800001
,,,0.00046352,0.024000001
,,,0.00046353,0.024000001
,,,0.00046354,0.025600002
,,,0.00046355,0.023200001
,,,0.00046356,0.024000001
,,,0.00046357,0.024000001
,,,0.00046358,0.024000001
,,,0.00046359,0.024000001
,,,0.0004636,0.024800001
,,,0.00046361,0.024000001
,,,0.00046362,0.024000001
,,,0.00046363,0.024000001
,,,0.00046364,0.025600002
,,,0.00046365,0.024000001
,,,0.00046366,0.024800001
,,,0.00046367,0.024800001
,,,0.00046368,0.024800001
,,,0.00046369,0.024000001
,,,0.0004637,0.024000001
,,,0.00046371,0.024000001
,,,0.00046372,0.024000001
,,,0.00046373,0.025600002
,,,0.00046374,0.024800001
,,,0.00046375,0.024000001
,,,0.00046376,0.022400001
,,,0.00046377,0.024000001
,,,0.00046378,0.024800001
,,,0.00046379,0.024000001
,,,0.0004638,0.024000001
,,,0.00046381,0.024000001
,,,0.00046382,0.023200001
,,,0.00046383,0.024800001
,,,0.00046384,0.024000001
,,,0.00046385,0.024000001
,,,0.00046386,0.025600002
,,,0.00046387,0.023200001
,,,0.00046388,0.025600002
,,,0.00046389,0.023200001
,,,0.0004639,0.024800001
,,,0.00046391,0.024000001
,,,0.00046392,0.024000001
,,,0.00046393,0.023200001
,,,0.00046394,0.024800001
,,,0.00046395,0.024800001
,,,0.00046396,0.024000001
,,,0.00046397,0.023200001
,,,0.00046398,0.024800001
,,,0.00046399,0.024000001
,,,0.000464,0.024000001
,,,0.00046401,0.024000001
,,,0.00046402,0.024000001
,,,0.00046403,0.023200001
,,,0.00046404,0.024800001
,,,0.00046405,0.024000001
,,,0.00046406,0.024800001
,,,0.00046407,0.024000001
,,,0.00046408,0.024000001
,,,0.00046409,0.024800001
,,,0.0004641,0.024000001
,,,0.00046411,0.023200001
,,,0.00046412,0.024000001
,,,0.00046413,0.025600002
,,,0.00046414,0.024800001
,,,0.00046415,0.026400002
,,,0.00046416,0.025600002
,,,0.00046417,0.024800001
,,,0.00046418,0.024000001
,,,0.00046419,0.024000001
,,,0.0004642,0.021600001
,,,0.00046421,0.023200001
,,,0.00046422,0.024000001
,,,0.00046423,0.024800001
,,,0.00046424,0.024000001
,,,0.00046425,0.024000001
,,,0.00046426,0.025600002
,,,0.00046427,0.023200001
,,,0.00046428,0.026400002
,,,0.00046429,0.024000001
,,,0.0004643,0.024800001
,,,0.00046431,0.023200001
,,,0.00046432,0.024000001
,,,0.00046433,0.024800001
,,,0.00046434,0.024000001
,,,0.00046435,0.025600002
,,,0.00046436,0.024000001
,,,0.00046437,0.023200001
,,,0.00046438,0.024800001
,,,0.00046439,0.024000001
,,,0.0004644,0.024000001
,,,0.00046441,0.024000001
,,,0.00046442,0.024000001
,,,0.00046443,0.023200001
,,,0.00046444,0.025600002
,,,0.00046445,0.024000001
,,,0.00046446,0.024800001
,,,0.00046447,0.024000001
,,,0.00046448,0.024800001
,,,0.00046449,0.024800001
,,,0.0004645,0.024000001
,,,0.00046451,0.024800001
,,,0.00046452,0.023200001
,,,0.00046453,0.024000001
,,,0.00046454,0.024000001
,,,0.00046455,0.023200001
,,,0.00046456,0.024000001
,,,0.00046457,0.025600002
,,,0.00046458,0.024000001
,,,0.00046459,0.024000001
,,,0.0004646,0.024800001
,,,0.00046461,0.024800001
,,,0.00046462,0.024000001
,,,0.00046463,0.024000001
,,,0.00046464,0.024000001
,,,0.00046465,0.024000001
,,,0.00046466,0.024800001
,,,0.00046467,0.024800001
,,,0.00046468,0.024000001
,,,0.00046469,0.024000001
,,,0.0004647,0.022400001
,,,0.00046471,0.024000001
,,,0.00046472,0.024800001
,,,0.00046473,0.024000001
,,,0.00046474,0.024000001
,,,0.00046475,0.023200001
,,,0.00046476,0.024000001
,,,0.00046477,0.024800001
,,,0.00046478,0.024800001
,,,0.00046479,0.024800001
,,,0.0004648,0.024000001
,,,0.00046481,0.023200001
,,,0.00046482,0.024800001
,,,0.00046483,0.024000001
,,,0.00046484,0.024000001
,,,0.00046485,0.024000001
,,,0.00046486,0.024000001
,,,0.00046487,0.023200001
,,,0.00046488,0.024000001
,,,0.00046489,0.024000001
,,,0.0004649,0.023200001
,,,0.00046491,0.025600002
,,,0.00046492,0.024800001
,,,0.00046493,0.024800001
,,,0.00046494,0.024000001
,,,0.00046495,0.024000001
,,,0.00046496,0.025600002
,,,0.00046497,0.024800001
,,,0.00046498,0.024800001
,,,0.00046499,0.024800001
,,,0.000465,0.025600002
,,,0.00046501,0.025600002
,,,0.00046502,0.024800001
,,,0.00046503,0.023200001
,,,0.00046504,0.025600002
,,,0.00046505,0.024000001
,,,0.00046506,0.023200001
,,,0.00046507,0.025600002
,,,0.00046508,0.024000001
,,,0.00046509,0.023200001
,,,0.0004651,0.022400001
,,,0.00046511,0.024000001
,,,0.00046512,0.024000001
,,,0.00046513,0.024000001
,,,0.00046514,0.024800001
,,,0.00046515,0.024000001
,,,0.00046516,0.024000001
,,,0.00046517,0.024800001
,,,0.00046518,0.025600002
,,,0.00046519,0.023200001
,,,0.0004652,0.023200001
,,,0.00046521,0.023200001
,,,0.00046522,0.023200001
,,,0.00046523,0.024000001
,,,0.00046524,0.022400001
,,,0.00046525,0.024000001
,,,0.00046526,0.024000001
,,,0.00046527,0.024800001
,,,0.00046528,0.024000001
,,,0.00046529,0.024000001
,,,0.0004653,0.024800001
,,,0.00046531,0.026400002
,,,0.00046532,0.024800001
,,,0.00046533,0.024000001
,,,0.00046534,0.023200001
,,,0.00046535,0.023200001
,,,0.00046536,0.024000001
,,,0.00046537,0.024800001
,,,0.00046538,0.024800001
,,,0.00046539,0.024000001
,,,0.0004654,0.025600002
,,,0.00046541,0.024800001
,,,0.00046542,0.023200001
,,,0.00046543,0.024800001
,,,0.00046544,0.022400001
,,,0.00046545,0.024000001
,,,0.00046546,0.024000001
,,,0.00046547,0.024000001
,,,0.00046548,0.024800001
,,,0.00046549,0.025600002
,,,0.0004655,0.023200001
,,,0.00046551,0.024000001
,,,0.00046552,0.024000001
,,,0.00046553,0.025600002
,,,0.00046554,0.025600002
,,,0.00046555,0.024800001
,,,0.00046556,0.024000001
,,,0.00046557,0.024000001
,,,0.00046558,0.021600001
,,,0.00046559,0.024800001
,,,0.0004656,0.024000001
,,,0.00046561,0.024800001
,,,0.00046562,0.023200001
,,,0.00046563,0.024000001
,,,0.00046564,0.024000001
,,,0.00046565,0.023200001
,,,0.00046566,0.024000001
,,,0.00046567,0.025600002
,,,0.00046568,0.024000001
,,,0.00046569,0.024800001
,,,0.0004657,0.024000001
,,,0.00046571,0.024000001
,,,0.00046572,0.024000001
,,,0.00046573,0.024000001
,,,0.00046574,0.024000001
,,,0.00046575,0.024000001
,,,0.00046576,0.024000001
,,,0.00046577,0.025600002
,,,0.00046578,0.024000001
,,,0.00046579,0.024800001
,,,0.0004658,0.024000001
,,,0.00046581,0.024800001
,,,0.00046582,0.024000001
,,,0.00046583,0.024000001
,,,0.00046584,0.024800001
,,,0.00046585,0.024800001
,,,0.00046586,0.023200001
,,,0.00046587,0.023200001
,,,0.00046588,0.024000001
,,,0.00046589,0.023200001
,,,0.0004659,0.024800001
,,,0.00046591,0.024000001
,,,0.00046592,0.024800001
,,,0.00046593,0.023200001
,,,0.00046594,0.024000001
,,,0.00046595,0.024000001
,,,0.00046596,0.024000001
,,,0.00046597,0.024800001
,,,0.00046598,0.024800001
,,,0.00046599,0.023200001
,,,0.000466,0.025600002
,,,0.00046601,0.024800001
,,,0.00046602,0.024000001
,,,0.00046603,0.024000001
,,,0.00046604,0.024000001
,,,0.00046605,0.024000001
,,,0.00046606,0.025600002
,,,0.00046607,0.024800001
,,,0.00046608,0.024000001
,,,0.00046609,0.025600002
,,,0.0004661,0.025600002
,,,0.00046611,0.023200001
,,,0.00046612,0.024000001
,,,0.00046613,0.023200001
,,,0.00046614,0.023200001
,,,0.00046615,0.025600002
,,,0.00046616,0.025600002
,,,0.00046617,0.024000001
,,,0.00046618,0.024000001
,,,0.00046619,0.024000001
,,,0.0004662,0.024000001
,,,0.00046621,0.024000001
,,,0.00046622,0.024000001
,,,0.00046623,0.024000001
,,,0.00046624,0.024000001
,,,0.00046625,0.024000001
,,,0.00046626,0.024000001
,,,0.00046627,0.026400002
,,,0.00046628,0.025600002
,,,0.00046629,0.024800001
,,,0.0004663,0.024000001
,,,0.00046631,0.024800001
,,,0.00046632,0.024000001
,,,0.00046633,0.025600002
,,,0.00046634,0.024000001
,,,0.00046635,0.024800001
,,,0.00046636,0.024000001
,,,0.00046637,0.024800001
,,,0.00046638,0.024000001
,,,0.00046639,0.025600002
,,,0.0004664,0.024000001
,,,0.00046641,0.024000001
,,,0.00046642,0.024800001
,,,0.00046643,0.024800001
,,,0.00046644,0.024800001
,,,0.00046645,0.022400001
,,,0.00046646,0.025600002
,,,0.00046647,0.024000001
,,,0.00046648,0.025600002
,,,0.00046649,0.024000001
,,,0.0004665,0.023200001
,,,0.00046651,0.026400002
,,,0.00046652,0.024000001
,,,0.00046653,0.024000001
,,,0.00046654,0.024800001
,,,0.00046655,0.023200001
,,,0.00046656,0.025600002
,,,0.00046657,0.023200001
,,,0.00046658,0.024000001
,,,0.00046659,0.023200001
,,,0.0004666,0.024800001
,,,0.00046661,0.024000001
,,,0.00046662,0.024000001
,,,0.00046663,0.026400002
,,,0.00046664,0.023200001
,,,0.00046665,0.026400002
,,,0.00046666,0.024800001
,,,0.00046667,0.025600002
,,,0.00046668,0.023200001
,,,0.00046669,0.024000001
,,,0.0004667,0.024000001
,,,0.00046671,0.024000001
,,,0.00046672,0.024000001
,,,0.00046673,0.025600002
,,,0.00046674,0.024000001
,,,0.00046675,0.024000001
,,,0.00046676,0.023200001
,,,0.00046677,0.024000001
,,,0.00046678,0.024800001
,,,0.00046679,0.024000001
,,,0.0004668,0.024000001
,,,0.00046681,0.024000001
,,,0.00046682,0.024000001
,,,0.00046683,0.024000001
,,,0.00046684,0.023200001
,,,0.00046685,0.024000001
,,,0.00046686,0.024800001
,,,0.00046687,0.024800001
,,,0.00046688,0.025600002
,,,0.00046689,0.021600001
,,,0.0004669,0.023200001
,,,0.00046691,0.023200001
,,,0.00046692,0.025600002
,,,0.00046693,0.024800001
,,,0.00046694,0.024000001
,,,0.00046695,0.024000001
,,,0.00046696,0.024800001
,,,0.00046697,0.025600002
,,,0.00046698,0.023200001
,,,0.00046699,0.024800001
,,,0.000467,0.024000001
,,,0.00046701,0.023200001
,,,0.00046702,0.024800001
,,,0.00046703,0.024800001
,,,0.00046704,0.025600002
,,,0.00046705,0.024000001
,,,0.00046706,0.024000001
,,,0.00046707,0.023200001
,,,0.00046708,0.024000001
,,,0.00046709,0.025600002
,,,0.0004671,0.024000001
,,,0.00046711,0.024000001
,,,0.00046712,0.024800001
,,,0.00046713,0.024000001
,,,0.00046714,0.024000001
,,,0.00046715,0.024000001
,,,0.00046716,0.024800001
,,,0.00046717,0.022400001
,,,0.00046718,0.024800001
,,,0.00046719,0.027200002
,,,0.0004672,0.024000001
,,,0.00046721,0.024800001
,,,0.00046722,0.024000001
,,,0.00046723,0.024000001
,,,0.00046724,0.023200001
,,,0.00046725,0.024800001
,,,0.00046726,0.024000001
,,,0.00046727,0.023200001
,,,0.00046728,0.024000001
,,,0.00046729,0.023200001
,,,0.0004673,0.024800001
,,,0.00046731,0.025600002
,,,0.00046732,0.023200001
,,,0.00046733,0.024000001
,,,0.00046734,0.023200001
,,,0.00046735,0.024000001
,,,0.00046736,0.024000001
,,,0.00046737,0.025600002
,,,0.00046738,0.025600002
,,,0.00046739,0.024000001
,,,0.0004674,0.024000001
,,,0.00046741,0.024000001
,,,0.00046742,0.024800001
,,,0.00046743,0.024800001
,,,0.00046744,0.025600002
,,,0.00046745,0.024800001
,,,0.00046746,0.024000001
,,,0.00046747,0.024000001
,,,0.00046748,0.024000001
,,,0.00046749,0.024000001
,,,0.0004675,0.024800001
,,,0.00046751,0.022400001
,,,0.00046752,0.024800001
,,,0.00046753,0.024000001
,,,0.00046754,0.024000001
,,,0.00046755,0.022400001
,,,0.00046756,0.024000001
,,,0.00046757,0.024000001
,,,0.00046758,0.025600002
,,,0.00046759,0.024800001
,,,0.0004676,0.024000001
,,,0.00046761,0.024800001
,,,0.00046762,0.023200001
,,,0.00046763,0.024800001
,,,0.00046764,0.025600002
,,,0.00046765,0.023200001
,,,0.00046766,0.025600002
,,,0.00046767,0.024000001
,,,0.00046768,0.024800001
,,,0.00046769,0.023200001
,,,0.0004677,0.024000001
,,,0.00046771,0.024800001
,,,0.00046772,0.024000001
,,,0.00046773,0.023200001
,,,0.00046774,0.024000001
,,,0.00046775,0.024000001
,,,0.00046776,0.024000001
,,,0.00046777,0.024000001
,,,0.00046778,0.024000001
,,,0.00046779,0.025600002
,,,0.0004678,0.024000001
,,,0.00046781,0.024000001
,,,0.00046782,0.024000001
,,,0.00046783,0.024000001
,,,0.00046784,0.024000001
,,,0.00046785,0.024000001
,,,0.00046786,0.023200001
,,,0.00046787,0.024000001
,,,0.00046788,0.024800001
,,,0.00046789,0.024800001
,,,0.0004679,0.025600002
,,,0.00046791,0.022400001
,,,0.00046792,0.024000001
,,,0.00046793,0.024000001
,,,0.00046794,0.024000001
,,,0.00046795,0.024800001
,,,0.00046796,0.023200001
,,,0.00046797,0.024000001
,,,0.00046798,0.024800001
,,,0.00046799,0.025600002
,,,0.000468,0.024800001
,,,0.00046801,0.024000001
,,,0.00046802,0.024000001
,,,0.00046803,0.024000001
,,,0.00046804,0.024800001
,,,0.00046805,0.024000001
,,,0.00046806,0.025600002
,,,0.00046807,0.024000001
,,,0.00046808,0.023200001
,,,0.00046809,0.024800001
,,,0.0004681,0.024000001
,,,0.00046811,0.024000001
,,,0.00046812,0.024800001
,,,0.00046813,0.024000001
,,,0.00046814,0.024800001
,,,0.00046815,0.024800001
,,,0.00046816,0.024800001
,,,0.00046817,0.024000001
,,,0.00046818,0.024000001
,,,0.00046819,0.025600002
,,,0.0004682,0.024000001
,,,0.00046821,0.025600002
,,,0.00046822,0.024000001
,,,0.00046823,0.024800001
,,,0.00046824,0.023200001
,,,0.00046825,0.024000001
,,,0.00046826,0.023200001
,,,0.00046827,0.024000001
,,,0.00046828,0.024800001
,,,0.00046829,0.024000001
,,,0.0004683,0.024000001
,,,0.00046831,0.024000001
,,,0.00046832,0.023200001
,,,0.00046833,0.024800001
,,,0.00046834,0.023200001
,,,0.00046835,0.024000001
,,,0.00046836,0.024000001
,,,0.00046837,0.023200001
,,,0.00046838,0.024800001
,,,0.00046839,0.025600002
,,,0.0004684,0.025600002
,,,0.00046841,0.024000001
,,,0.00046842,0.024000001
,,,0.00046843,0.024000001
,,,0.00046844,0.024000001
,,,0.00046845,0.023200001
,,,0.00046846,0.024800001
,,,0.00046847,0.024000001
,,,0.00046848,0.024800001
,,,0.00046849,0.024800001
,,,0.0004685,0.024800001
,,,0.00046851,0.024800001
,,,0.00046852,0.024800001
,,,0.00046853,0.024000001
,,,0.00046854,0.024800001
,,,0.00046855,0.024800001
,,,0.00046856,0.024000001
,,,0.00046857,0.024000001
,,,0.00046858,0.024800001
,,,0.00046859,0.024800001
,,,0.0004686,0.024000001
,,,0.00046861,0.025600002
,,,0.00046862,0.024000001
,,,0.00046863,0.024000001
,,,0.00046864,0.024000001
,,,0.00046865,0.024000001
,,,0.00046866,0.023200001
,,,0.00046867,0.024000001
,,,0.00046868,0.024800001
,,,0.00046869,0.024000001
,,,0.0004687,0.024000001
,,,0.00046871,0.024000001
,,,0.00046872,0.024000001
,,,0.00046873,0.023200001
,,,0.00046874,0.025600002
,,,0.00046875,0.025600002
,,,0.00046876,0.024000001
,,,0.00046877,0.023200001
,,,0.00046878,0.024800001
,,,0.00046879,0.024000001
,,,0.0004688,0.024000001
,,,0.00046881,0.024000001
,,,0.00046882,0.023200001
,,,0.00046883,0.024000001
,,,0.00046884,0.023200001
,,,0.00046885,0.024800001
,,,0.00046886,0.025600002
,,,0.00046887,0.024800001
,,,0.00046888,0.025600002
,,,0.00046889,0.024800001
,,,0.0004689,0.024000001
,,,0.00046891,0.022400001
,,,0.00046892,0.025600002
,,,0.00046893,0.023200001
,,,0.00046894,0.024000001
,,,0.00046895,0.024000001
,,,0.00046896,0.024000001
,,,0.00046897,0.024800001
,,,0.00046898,0.024800001
,,,0.00046899,0.025600002
,,,0.000469,0.024000001
,,,0.00046901,0.024800001
,,,0.00046902,0.024000001
,,,0.00046903,0.024000001
,,,0.00046904,0.024000001
,,,0.00046905,0.024000001
,,,0.00046906,0.024000001
,,,0.00046907,0.024800001
,,,0.00046908,0.023200001
,,,0.00046909,0.023200001
,,,0.0004691,0.024000001
,,,0.00046911,0.022400001
,,,0.00046912,0.025600002
,,,0.00046913,0.024000001
,,,0.00046914,0.024000001
,,,0.00046915,0.024000001
,,,0.00046916,0.024000001
,,,0.00046917,0.024800001
,,,0.00046918,0.022400001
,,,0.00046919,0.022400001
,,,0.0004692,0.024000001
,,,0.00046921,0.023200001
,,,0.00046922,0.022400001
,,,0.00046923,0.023200001
,,,0.00046924,0.023200001
,,,0.00046925,0.024000001
,,,0.00046926,0.024800001
,,,0.00046927,0.024000001
,,,0.00046928,0.024800001
,,,0.00046929,0.024000001
,,,0.0004693,0.024000001
,,,0.00046931,0.024000001
,,,0.00046932,0.026400002
,,,0.00046933,0.024000001
,,,0.00046934,0.024000001
,,,0.00046935,0.024800001
,,,0.00046936,0.024000001
,,,0.00046937,0.024000001
,,,0.00046938,0.024000001
,,,0.00046939,0.024800001
,,,0.0004694,0.024800001
,,,0.00046941,0.024000001
,,,0.00046942,0.024000001
,,,0.00046943,0.024000001
,,,0.00046944,0.024800001
,,,0.00046945,0.024000001
,,,0.00046946,0.023200001
,,,0.00046947,0.024800001
,,,0.00046948,0.024000001
,,,0.00046949,0.023200001
,,,0.0004695,0.024000001
,,,0.00046951,0.023200001
,,,0.00046952,0.024000001
,,,0.00046953,0.025600002
,,,0.00046954,0.023200001
,,,0.00046955,0.024000001
,,,0.00046956,0.024000001
,,,0.00046957,0.024000001
,,,0.00046958,0.024000001
,,,0.00046959,0.022400001
,,,0.0004696,0.024800001
,,,0.00046961,0.024800001
,,,0.00046962,0.024000001
,,,0.00046963,0.024800001
,,,0.00046964,0.024000001
,,,0.00046965,0.023200001
,,,0.00046966,0.024000001
,,,0.00046967,0.024000001
,,,0.00046968,0.025600002
,,,0.00046969,0.023200001
,,,0.0004697,0.024000001
,,,0.00046971,0.024800001
,,,0.00046972,0.024800001
,,,0.00046973,0.022400001
,,,0.00046974,0.024000001
,,,0.00046975,0.024000001
,,,0.00046976,0.024000001
,,,0.00046977,0.025600002
,,,0.00046978,0.024800001
,,,0.00046979,0.023200001
,,,0.0004698,0.024800001
,,,0.00046981,0.023200001
,,,0.00046982,0.024000001
,,,0.00046983,0.023200001
,,,0.00046984,0.024000001
,,,0.00046985,0.022400001
,,,0.00046986,0.025600002
,,,0.00046987,0.024000001
,,,0.00046988,0.024000001
,,,0.00046989,0.023200001
,,,0.0004699,0.024800001
,,,0.00046991,0.024000001
,,,0.00046992,0.024000001
,,,0.00046993,0.025600002
,,,0.00046994,0.024000001
,,,0.00046995,0.024000001
,,,0.00046996,0.025600002
,,,0.00046997,0.024000001
,,,0.00046998,0.024000001
,,,0.00046999,0.024000001
,,,0.00047,0.024000001
,,,0.00047001,0.024000001
,,,0.00047002,0.024000001
,,,0.00047003,0.024000001
,,,0.00047004,0.024000001
,,,0.00047005,0.024000001
,,,0.00047006,0.023200001
,,,0.00047007,0.024800001
,,,0.00047008,0.025600002
,,,0.00047009,0.023200001
,,,0.0004701,0.024000001
,,,0.00047011,0.025600002
,,,0.00047012,0.024800001
,,,0.00047013,0.024000001
,,,0.00047014,0.025600002
,,,0.00047015,0.026400002
,,,0.00047016,0.025600002
,,,0.00047017,0.024000001
,,,0.00047018,0.024000001
,,,0.00047019,0.024800001
,,,0.0004702,0.024800001
,,,0.00047021,0.023200001
,,,0.00047022,0.024000001
,,,0.00047023,0.026400002
,,,0.00047024,0.025600002
,,,0.00047025,0.024800001
,,,0.00047026,0.025600002
,,,0.00047027,0.024000001
,,,0.00047028,0.024000001
,,,0.00047029,0.024000001
,,,0.0004703,0.025600002
,,,0.00047031,0.024800001
,,,0.00047032,0.024800001
,,,0.00047033,0.023200001
,,,0.00047034,0.024000001
,,,0.00047035,0.023200001
,,,0.00047036,0.023200001
,,,0.00047037,0.023200001
,,,0.00047038,0.024000001
,,,0.00047039,0.024000001
,,,0.0004704,0.025600002
,,,0.00047041,0.024000001
,,,0.00047042,0.024800001
,,,0.00047043,0.024000001
,,,0.00047044,0.024000001
,,,0.00047045,0.024800001
,,,0.00047046,0.022400001
,,,0.00047047,0.024000001
,,,0.00047048,0.024000001
,,,0.00047049,0.024800001
,,,0.0004705,0.025600002
,,,0.00047051,0.024800001
,,,0.00047052,0.024000001
,,,0.00047053,0.025600002
,,,0.00047054,0.024000001
,,,0.00047055,0.024000001
,,,0.00047056,0.022400001
,,,0.00047057,0.024000001
,,,0.00047058,0.024000001
,,,0.00047059,0.024000001
,,,0.0004706,0.024000001
,,,0.00047061,0.024000001
,,,0.00047062,0.024800001
,,,0.00047063,0.024000001
,,,0.00047064,0.024000001
,,,0.00047065,0.024800001
,,,0.00047066,0.023200001
,,,0.00047067,0.024000001
,,,0.00047068,0.024000001
,,,0.00047069,0.023200001
,,,0.0004707,0.022400001
,,,0.00047071,0.023200001
,,,0.00047072,0.024000001
,,,0.00047073,0.024000001
,,,0.00047074,0.024000001
,,,0.00047075,0.024000001
,,,0.00047076,0.024000001
,,,0.00047077,0.024800001
,,,0.00047078,0.024000001
,,,0.00047079,0.023200001
,,,0.0004708,0.024000001
,,,0.00047081,0.023200001
,,,0.00047082,0.024800001
,,,0.00047083,0.023200001
,,,0.00047084,0.025600002
,,,0.00047085,0.024000001
,,,0.00047086,0.024800001
,,,0.00047087,0.024000001
,,,0.00047088,0.023200001
,,,0.00047089,0.024000001
,,,0.0004709,0.024000001
,,,0.00047091,0.022400001
,,,0.00047092,0.023200001
,,,0.00047093,0.023200001
,,,0.00047094,0.024000001
,,,0.00047095,0.024800001
,,,0.00047096,0.023200001
,,,0.00047097,0.024000001
,,,0.00047098,0.024000001
,,,0.00047099,0.024000001
,,,0.000471,0.024000001
,,,0.00047101,0.024000001
,,,0.00047102,0.024000001
,,,0.00047103,0.022400001
,,,0.00047104,0.024000001
,,,0.00047105,0.023200001
,,,0.00047106,0.024000001
,,,0.00047107,0.024800001
,,,0.00047108,0.024800001
,,,0.00047109,0.024000001
,,,0.0004711,0.024000001
,,,0.00047111,0.024000001
,,,0.00047112,0.025600002
,,,0.00047113,0.024800001
,,,0.00047114,0.024000001
,,,0.00047115,0.022400001
,,,0.00047116,0.025600002
,,,0.00047117,0.024800001
,,,0.00047118,0.024800001
,,,0.00047119,0.024800001
,,,0.0004712,0.023200001
,,,0.00047121,0.024000001
,,,0.00047122,0.025600002
,,,0.00047123,0.024000001
,,,0.00047124,0.025600002
,,,0.00047125,0.024000001
,,,0.00047126,0.024000001
,,,0.00047127,0.023200001
,,,0.00047128,0.024800001
,,,0.00047129,0.024800001
,,,0.0004713,0.023200001
,,,0.00047131,0.024000001
,,,0.00047132,0.025600002
,,,0.00047133,0.024800001
,,,0.00047134,0.024000001
,,,0.00047135,0.023200001
,,,0.00047136,0.024800001
,,,0.00047137,0.023200001
,,,0.00047138,0.024000001
,,,0.00047139,0.024800001
,,,0.0004714,0.025600002
,,,0.00047141,0.022400001
,,,0.00047142,0.021600001
,,,0.00047143,0.024000001
,,,0.00047144,0.024000001
,,,0.00047145,0.024000001
,,,0.00047146,0.024000001
,,,0.00047147,0.023200001
,,,0.00047148,0.024000001
,,,0.00047149,0.024000001
,,,0.0004715,0.024800001
,,,0.00047151,0.024000001
,,,0.00047152,0.024800001
,,,0.00047153,0.024000001
,,,0.00047154,0.023200001
,,,0.00047155,0.024000001
,,,0.00047156,0.025600002
,,,0.00047157,0.024800001
,,,0.00047158,0.025600002
,,,0.00047159,0.024000001
,,,0.0004716,0.024000001
,,,0.00047161,0.024000001
,,,0.00047162,0.024800001
,,,0.00047163,0.024000001
,,,0.00047164,0.024000001
,,,0.00047165,0.024000001
,,,0.00047166,0.024000001
,,,0.00047167,0.024000001
,,,0.00047168,0.024000001
,,,0.00047169,0.023200001
,,,0.0004717,0.024800001
,,,0.00047171,0.024000001
,,,0.00047172,0.024000001
,,,0.00047173,0.024000001
,,,0.00047174,0.024000001
,,,0.00047175,0.022400001
,,,0.00047176,0.024800001
,,,0.00047177,0.024800001
,,,0.00047178,0.024000001
,,,0.00047179,0.024000001
,,,0.0004718,0.023200001
,,,0.00047181,0.023200001
,,,0.00047182,0.026400002
,,,0.00047183,0.022400001
,,,0.00047184,0.024000001
,,,0.00047185,0.023200001
,,,0.00047186,0.024800001
,,,0.00047187,0.024000001
,,,0.00047188,0.024000001
,,,0.00047189,0.024000001
,,,0.0004719,0.023200001
,,,0.00047191,0.025600002
,,,0.00047192,0.024000001
,,,0.00047193,0.024000001
,,,0.00047194,0.023200001
,,,0.00047195,0.023200001
,,,0.00047196,0.022400001
,,,0.00047197,0.024800001
,,,0.00047198,0.024000001
,,,0.00047199,0.025600002
,,,0.000472,0.023200001
,,,0.00047201,0.024000001
,,,0.00047202,0.024000001
,,,0.00047203,0.024000001
,,,0.00047204,0.022400001
,,,0.00047205,0.023200001
,,,0.00047206,0.024800001
,,,0.00047207,0.023200001
,,,0.00047208,0.023200001
,,,0.00047209,0.024800001
,,,0.0004721,0.023200001
,,,0.00047211,0.024800001
,,,0.00047212,0.024000001
,,,0.00047213,0.024000001
,,,0.00047214,0.024000001
,,,0.00047215,0.024000001
,,,0.00047216,0.026400002
,,,0.00047217,0.023200001
,,,0.00047218,0.024800001
,,,0.00047219,0.024000001
,,,0.0004722,0.025600002
,,,0.00047221,0.025600002
,,,0.00047222,0.025600002
,,,0.00047223,0.024000001
,,,0.00047224,0.024800001
,,,0.00047225,0.024800001
,,,0.00047226,0.024800001
,,,0.00047227,0.024000001
,,,0.00047228,0.024800001
,,,0.00047229,0.023200001
,,,0.0004723,0.022400001
,,,0.00047231,0.024000001
,,,0.00047232,0.024000001
,,,0.00047233,0.025600002
,,,0.00047234,0.024800001
,,,0.00047235,0.024800001
,,,0.00047236,0.024000001
,,,0.00047237,0.024000001
,,,0.00047238,0.024000001
,,,0.00047239,0.023200001
,,,0.0004724,0.024000001
,,,0.00047241,0.024800001
,,,0.00047242,0.024000001
,,,0.00047243,0.024000001
,,,0.00047244,0.024800001
,,,0.00047245,0.024000001
,,,0.00047246,0.025600002
,,,0.00047247,0.024000001
,,,0.00047248,0.024000001
,,,0.00047249,0.023200001
,,,0.0004725,0.024000001
,,,0.00047251,0.022400001
,,,0.00047252,0.024000001
,,,0.00047253,0.024000001
,,,0.00047254,0.024000001
,,,0.00047255,0.024000001
,,,0.00047256,0.025600002
,,,0.00047257,0.023200001
,,,0.00047258,0.024000001
,,,0.00047259,0.024000001
,,,0.0004726,0.025600002
,,,0.00047261,0.024000001
,,,0.00047262,0.024800001
,,,0.00047263,0.024000001
,,,0.00047264,0.023200001
,,,0.00047265,0.024000001
,,,0.00047266,0.025600002
,,,0.00047267,0.024000001
,,,0.00047268,0.024000001
,,,0.00047269,0.024800001
,,,0.0004727,0.024000001
,,,0.00047271,0.025600002
,,,0.00047272,0.024800001
,,,0.00047273,0.025600002
,,,0.00047274,0.024000001
,,,0.00047275,0.024000001
,,,0.00047276,0.024000001
,,,0.00047277,0.024000001
,,,0.00047278,0.023200001
,,,0.00047279,0.024800001
,,,0.0004728,0.024800001
,,,0.00047281,0.021600001
,,,0.00047282,0.024800001
,,,0.00047283,0.024800001
,,,0.00047284,0.024800001
,,,0.00047285,0.025600002
,,,0.00047286,0.024800001
,,,0.00047287,0.024800001
,,,0.00047288,0.023200001
,,,0.00047289,0.023200001
,,,0.0004729,0.024000001
,,,0.00047291,0.024800001
,,,0.00047292,0.025600002
,,,0.00047293,0.024000001
,,,0.00047294,0.025600002
,,,0.00047295,0.023200001
,,,0.00047296,0.024000001
,,,0.00047297,0.024000001
,,,0.00047298,0.023200001
,,,0.00047299,0.024000001
,,,0.000473,0.022400001
,,,0.00047301,0.024800001
,,,0.00047302,0.024000001
,,,0.00047303,0.024000001
,,,0.00047304,0.024000001
,,,0.00047305,0.024800001
,,,0.00047306,0.024800001
,,,0.00047307,0.024000001
,,,0.00047308,0.023200001
,,,0.00047309,0.024000001
,,,0.0004731,0.024800001
,,,0.00047311,0.024000001
,,,0.00047312,0.024000001
,,,0.00047313,0.024800001
,,,0.00047314,0.024800001
,,,0.00047315,0.024000001
,,,0.00047316,0.024800001
,,,0.00047317,0.024000001
,,,0.00047318,0.024000001
,,,0.00047319,0.025600002
,,,0.0004732,0.024000001
,,,0.00047321,0.024000001
,,,0.00047322,0.024000001
,,,0.00047323,0.025600002
,,,0.00047324,0.024800001
,,,0.00047325,0.024000001
,,,0.00047326,0.023200001
,,,0.00047327,0.024800001
,,,0.00047328,0.023200001
,,,0.00047329,0.023200001
,,,0.0004733,0.024000001
,,,0.00047331,0.024800001
,,,0.00047332,0.023200001
,,,0.00047333,0.024800001
,,,0.00047334,0.023200001
,,,0.00047335,0.022400001
,,,0.00047336,0.023200001
,,,0.00047337,0.023200001
,,,0.00047338,0.024000001
,,,0.00047339,0.025600002
,,,0.0004734,0.024800001
,,,0.00047341,0.024000001
,,,0.00047342,0.024800001
,,,0.00047343,0.023200001
,,,0.00047344,0.024000001
,,,0.00047345,0.022400001
,,,0.00047346,0.024000001
,,,0.00047347,0.024800001
,,,0.00047348,0.024000001
,,,0.00047349,0.024000001
,,,0.0004735,0.024000001
,,,0.00047351,0.024000001
,,,0.00047352,0.025600002
,,,0.00047353,0.025600002
,,,0.00047354,0.023200001
,,,0.00047355,0.024000001
,,,0.00047356,0.024000001
,,,0.00047357,0.024000001
,,,0.00047358,0.025600002
,,,0.00047359,0.022400001
,,,0.0004736,0.024800001
,,,0.00047361,0.024000001
,,,0.00047362,0.026400002
,,,0.00047363,0.025600002
,,,0.00047364,0.023200001
,,,0.00047365,0.023200001
,,,0.00047366,0.025600002
,,,0.00047367,0.024000001
,,,0.00047368,0.025600002
,,,0.00047369,0.024000001
,,,0.0004737,0.024800001
,,,0.00047371,0.024800001
,,,0.00047372,0.022400001
,,,0.00047373,0.024000001
,,,0.00047374,0.026400002
,,,0.00047375,0.024800001
,,,0.00047376,0.024000001
,,,0.00047377,0.022400001
,,,0.00047378,0.024800001
,,,0.00047379,0.024800001
,,,0.0004738,0.024000001
,,,0.00047381,0.023200001
,,,0.00047382,0.025600002
,,,0.00047383,0.025600002
,,,0.00047384,0.022400001
,,,0.00047385,0.024000001
,,,0.00047386,0.024000001
,,,0.00047387,0.023200001
,,,0.00047388,0.024000001
,,,0.00047389,0.024000001
,,,0.0004739,0.024000001
,,,0.00047391,0.024800001
,,,0.00047392,0.024800001
,,,0.00047393,0.023200001
,,,0.00047394,0.024000001
,,,0.00047395,0.023200001
,,,0.00047396,0.024000001
,,,0.00047397,0.024000001
,,,0.00047398,0.024800001
,,,0.00047399,0.026400002
,,,0.000474,0.023200001
,,,0.00047401,0.024800001
,,,0.00047402,0.024000001
,,,0.00047403,0.022400001
,,,0.00047404,0.024000001
,,,0.00047405,0.023200001
,,,0.00047406,0.024000001
,,,0.00047407,0.024000001
,,,0.00047408,0.024800001
,,,0.00047409,0.024800001
,,,0.0004741,0.024000001
,,,0.00047411,0.025600002
,,,0.00047412,0.025600002
,,,0.00047413,0.024800001
,,,0.00047414,0.025600002
,,,0.00047415,0.024000001
,,,0.00047416,0.024000001
,,,0.00047417,0.024000001
,,,0.00047418,0.021600001
,,,0.00047419,0.024000001
,,,0.0004742,0.025600002
,,,0.00047421,0.024800001
,,,0.00047422,0.024000001
,,,0.00047423,0.023200001
,,,0.00047424,0.024000001
,,,0.00047425,0.024800001
,,,0.00047426,0.024800001
,,,0.00047427,0.024000001
,,,0.00047428,0.024000001
,,,0.00047429,0.024000001
,,,0.0004743,0.024000001
,,,0.00047431,0.024000001
,,,0.00047432,0.024000001
,,,0.00047433,0.024000001
,,,0.00047434,0.025600002
,,,0.00047435,0.024000001
,,,0.00047436,0.024000001
,,,0.00047437,0.024000001
,,,0.00047438,0.024000001
,,,0.00047439,0.024000001
,,,0.0004744,0.025600002
,,,0.00047441,0.024000001
,,,0.00047442,0.023200001
,,,0.00047443,0.024000001
,,,0.00047444,0.023200001
,,,0.00047445,0.024000001
,,,0.00047446,0.025600002
,,,0.00047447,0.024000001
,,,0.00047448,0.024800001
,,,0.00047449,0.024000001
,,,0.0004745,0.024000001
,,,0.00047451,0.024000001
,,,0.00047452,0.024000001
,,,0.00047453,0.024800001
,,,0.00047454,0.023200001
,,,0.00047455,0.024000001
,,,0.00047456,0.025600002
,,,0.00047457,0.023200001
,,,0.00047458,0.024800001
,,,0.00047459,0.024800001
,,,0.0004746,0.024000001
,,,0.00047461,0.024000001
,,,0.00047462,0.024000001
,,,0.00047463,0.023200001
,,,0.00047464,0.024000001
,,,0.00047465,0.025600002
,,,0.00047466,0.024000001
,,,0.00047467,0.022400001
,,,0.00047468,0.024000001
,,,0.00047469,0.024000001
,,,0.0004747,0.022400001
,,,0.00047471,0.024000001
,,,0.00047472,0.024000001
,,,0.00047473,0.024000001
,,,0.00047474,0.024000001
,,,0.00047475,0.023200001
,,,0.00047476,0.024800001
,,,0.00047477,0.024000001
,,,0.00047478,0.023200001
,,,0.00047479,0.023200001
,,,0.0004748,0.024800001
,,,0.00047481,0.023200001
,,,0.00047482,0.024000001
,,,0.00047483,0.021600001
,,,0.00047484,0.024800001
,,,0.00047485,0.024000001
,,,0.00047486,0.024000001
,,,0.00047487,0.024800001
,,,0.00047488,0.024000001
,,,0.00047489,0.024000001
,,,0.0004749,0.024800001
,,,0.00047491,0.024000001
,,,0.00047492,0.023200001
,,,0.00047493,0.024000001
,,,0.00047494,0.023200001
,,,0.00047495,0.024800001
,,,0.00047496,0.024000001
,,,0.00047497,0.023200001
,,,0.00047498,0.024000001
,,,0.00047499,0.023200001
,,,0.000475,0.024000001
,,,0.00047501,0.024800001
,,,0.00047502,0.023200001
,,,0.00047503,0.024800001
,,,0.00047504,0.024000001
,,,0.00047505,0.024800001
,,,0.00047506,0.024000001
,,,0.00047507,0.024000001
,,,0.00047508,0.026400002
,,,0.00047509,0.026400002
,,,0.0004751,0.024800001
,,,0.00047511,0.024800001
,,,0.00047512,0.024000001
,,,0.00047513,0.024000001
,,,0.00047514,0.024800001
,,,0.00047515,0.024000001
,,,0.00047516,0.024000001
,,,0.00047517,0.024000001
,,,0.00047518,0.025600002
,,,0.00047519,0.024000001
,,,0.0004752,0.024000001
,,,0.00047521,0.024800001
,,,0.00047522,0.024800001
,,,0.00047523,0.024000001
,,,0.00047524,0.024800001
,,,0.00047525,0.024000001
,,,0.00047526,0.024800001
,,,0.00047527,0.024000001
,,,0.00047528,0.024000001
,,,0.00047529,0.024000001
,,,0.0004753,0.024800001
,,,0.00047531,0.024800001
,,,0.00047532,0.024800001
,,,0.00047533,0.023200001
,,,0.00047534,0.024000001
,,,0.00047535,0.024000001
,,,0.00047536,0.024800001
,,,0.00047537,0.024000001
,,,0.00047538,0.024800001
,,,0.00047539,0.024000001
,,,0.0004754,0.023200001
,,,0.00047541,0.023200001
,,,0.00047542,0.024000001
,,,0.00047543,0.024800001
,,,0.00047544,0.021600001
,,,0.00047545,0.023200001
,,,0.00047546,0.024800001
,,,0.00047547,0.024000001
,,,0.00047548,0.024000001
,,,0.00047549,0.024800001
,,,0.0004755,0.024000001
,,,0.00047551,0.024000001
,,,0.00047552,0.024000001
,,,0.00047553,0.022400001
,,,0.00047554,0.024000001
,,,0.00047555,0.024800001
,,,0.00047556,0.025600002
,,,0.00047557,0.025600002
,,,0.00047558,0.023200001
,,,0.00047559,0.022400001
,,,0.0004756,0.023200001
,,,0.00047561,0.024800001
,,,0.00047562,0.024000001
,,,0.00047563,0.024000001
,,,0.00047564,0.024800001
,,,0.00047565,0.025600002
,,,0.00047566,0.024000001
,,,0.00047567,0.024000001
,,,0.00047568,0.024800001
,,,0.00047569,0.024800001
,,,0.0004757,0.024000001
,,,0.00047571,0.025600002
,,,0.00047572,0.025600002
,,,0.00047573,0.024800001
,,,0.00047574,0.024000001
,,,0.00047575,0.024800001
,,,0.00047576,0.024000001
,,,0.00047577,0.024800001
,,,0.00047578,0.024000001
,,,0.00047579,0.024000001
,,,0.0004758,0.021600001
,,,0.00047581,0.024000001
,,,0.00047582,0.024000001
,,,0.00047583,0.026400002
,,,0.00047584,0.024800001
,,,0.00047585,0.023200001
,,,0.00047586,0.024000001
,,,0.00047587,0.024000001
,,,0.00047588,0.024000001
,,,0.00047589,0.024000001
,,,0.0004759,0.024000001
,,,0.00047591,0.024000001
,,,0.00047592,0.023200001
,,,0.00047593,0.024800001
,,,0.00047594,0.024000001
,,,0.00047595,0.024800001
,,,0.00047596,0.025600002
,,,0.00047597,0.024000001
,,,0.00047598,0.024800001
,,,0.00047599,0.023200001
,,,0.000476,0.025600002
,,,0.00047601,0.024800001
,,,0.00047602,0.024000001
,,,0.00047603,0.025600002
,,,0.00047604,0.024000001
,,,0.00047605,0.024800001
,,,0.00047606,0.024000001
,,,0.00047607,0.024000001
,,,0.00047608,0.024000001
,,,0.00047609,0.024000001
,,,0.0004761,0.024000001
,,,0.00047611,0.024800001
,,,0.00047612,0.024000001
,,,0.00047613,0.024000001
,,,0.00047614,0.024000001
,,,0.00047615,0.024000001
,,,0.00047616,0.023200001
,,,0.00047617,0.024000001
,,,0.00047618,0.024000001
,,,0.00047619,0.023200001
,,,0.0004762,0.022400001
,,,0.00047621,0.024800001
,,,0.00047622,0.024000001
,,,0.00047623,0.024800001
,,,0.00047624,0.024800001
,,,0.00047625,0.025600002
,,,0.00047626,0.024800001
,,,0.00047627,0.024800001
,,,0.00047628,0.024000001
,,,0.00047629,0.024000001
,,,0.0004763,0.025600002
,,,0.00047631,0.024800001
,,,0.00047632,0.024000001
,,,0.00047633,0.024000001
,,,0.00047634,0.025600002
,,,0.00047635,0.024000001
,,,0.00047636,0.025600002
,,,0.00047637,0.024000001
,,,0.00047638,0.024800001
,,,0.00047639,0.024000001
,,,0.0004764,0.025600002
,,,0.00047641,0.022400001
,,,0.00047642,0.024000001
,,,0.00047643,0.024000001
,,,0.00047644,0.024000001
,,,0.00047645,0.022400001
,,,0.00047646,0.024000001
,,,0.00047647,0.025600002
,,,0.00047648,0.024800001
,,,0.00047649,0.024000001
,,,0.0004765,0.023200001
,,,0.00047651,0.024000001
,,,0.00047652,0.024800001
,,,0.00047653,0.023200001
,,,0.00047654,0.024800001
,,,0.00047655,0.024800001
,,,0.00047656,0.022400001
,,,0.00047657,0.024000001
,,,0.00047658,0.024000001
,,,0.00047659,0.023200001
,,,0.0004766,0.024000001
,,,0.00047661,0.024000001
,,,0.00047662,0.024000001
,,,0.00047663,0.024000001
,,,0.00047664,0.023200001
,,,0.00047665,0.023200001
,,,0.00047666,0.024800001
,,,0.00047667,0.023200001
,,,0.00047668,0.025600002
,,,0.00047669,0.024000001
,,,0.0004767,0.024000001
,,,0.00047671,0.024000001
,,,0.00047672,0.024000001
,,,0.00047673,0.024000001
,,,0.00047674,0.024000001
,,,0.00047675,0.024800001
,,,0.00047676,0.025600002
,,,0.00047677,0.023200001
,,,0.00047678,0.025600002
,,,0.00047679,0.024800001
,,,0.0004768,0.024800001
,,,0.00047681,0.024000001
,,,0.00047682,0.024800001
,,,0.00047683,0.024000001
,,,0.00047684,0.025600002
,,,0.00047685,0.023200001
,,,0.00047686,0.024800001
,,,0.00047687,0.024000001
,,,0.00047688,0.024000001
,,,0.00047689,0.024800001
,,,0.0004769,0.024000001
,,,0.00047691,0.024000001
,,,0.00047692,0.024000001
,,,0.00047693,0.024800001
,,,0.00047694,0.024800001
,,,0.00047695,0.024000001
,,,0.00047696,0.024800001
,,,0.00047697,0.024000001
,,,0.00047698,0.024000001
,,,0.00047699,0.024000001
,,,0.000477,0.024800001
,,,0.00047701,0.024800001
,,,0.00047702,0.024000001
,,,0.00047703,0.022400001
,,,0.00047704,0.024000001
,,,0.00047705,0.024800001
,,,0.00047706,0.023200001
,,,0.00047707,0.022400001
,,,0.00047708,0.024000001
,,,0.00047709,0.024000001
,,,0.0004771,0.024800001
,,,0.00047711,0.024800001
,,,0.00047712,0.025600002
,,,0.00047713,0.026400002
,,,0.00047714,0.024000001
,,,0.00047715,0.024800001
,,,0.00047716,0.021600001
,,,0.00047717,0.024000001
,,,0.00047718,0.024800001
,,,0.00047719,0.024000001
,,,0.0004772,0.022400001
,,,0.00047721,0.024000001
,,,0.00047722,0.022400001
,,,0.00047723,0.025600002
,,,0.00047724,0.024000001
,,,0.00047725,0.024800001
,,,0.00047726,0.024800001
,,,0.00047727,0.023200001
,,,0.00047728,0.024000001
,,,0.00047729,0.024000001
,,,0.0004773,0.023200001
,,,0.00047731,0.024000001
,,,0.00047732,0.026400002
,,,0.00047733,0.024000001
,,,0.00047734,0.024000001
,,,0.00047735,0.022400001
,,,0.00047736,0.025600002
,,,0.00047737,0.024000001
,,,0.00047738,0.024000001
,,,0.00047739,0.024000001
,,,0.0004774,0.024000001
,,,0.00047741,0.024000001
,,,0.00047742,0.024000001
,,,0.00047743,0.024000001
,,,0.00047744,0.022400001
,,,0.00047745,0.023200001
,,,0.00047746,0.024800001
,,,0.00047747,0.024000001
,,,0.00047748,0.024800001
,,,0.00047749,0.023200001
,,,0.0004775,0.024800001
,,,0.00047751,0.024000001
,,,0.00047752,0.024000001
,,,0.00047753,0.024000001
,,,0.00047754,0.024000001
,,,0.00047755,0.024000001
,,,0.00047756,0.024800001
,,,0.00047757,0.024000001
,,,0.00047758,0.024000001
,,,0.00047759,0.025600002
,,,0.0004776,0.023200001
,,,0.00047761,0.024800001
,,,0.00047762,0.024800001
,,,0.00047763,0.024800001
,,,0.00047764,0.024000001
,,,0.00047765,0.024000001
,,,0.00047766,0.024000001
,,,0.00047767,0.023200001
,,,0.00047768,0.024000001
,,,0.00047769,0.024800001
,,,0.0004777,0.024000001
,,,0.00047771,0.023200001
,,,0.00047772,0.024000001
,,,0.00047773,0.024800001
,,,0.00047774,0.024800001
,,,0.00047775,0.023200001
,,,0.00047776,0.026400002
,,,0.00047777,0.023200001
,,,0.00047778,0.024000001
,,,0.00047779,0.024800001
,,,0.0004778,0.024000001
,,,0.00047781,0.024000001
,,,0.00047782,0.024800001
,,,0.00047783,0.024800001
,,,0.00047784,0.025600002
,,,0.00047785,0.024000001
,,,0.00047786,0.024800001
,,,0.00047787,0.023200001
,,,0.00047788,0.025600002
,,,0.00047789,0.024000001
,,,0.0004779,0.024000001
,,,0.00047791,0.023200001
,,,0.00047792,0.024800001
,,,0.00047793,0.024000001
,,,0.00047794,0.024000001
,,,0.00047795,0.024800001
,,,0.00047796,0.024000001
,,,0.00047797,0.025600002
,,,0.00047798,0.024000001
,,,0.00047799,0.024000001
,,,0.000478,0.024800001
,,,0.00047801,0.024800001
,,,0.00047802,0.024800001
,,,0.00047803,0.023200001
,,,0.00047804,0.024800001
,,,0.00047805,0.024000001
,,,0.00047806,0.024000001
,,,0.00047807,0.024000001
,,,0.00047808,0.024800001
,,,0.00047809,0.024000001
,,,0.0004781,0.023200001
,,,0.00047811,0.024000001
,,,0.00047812,0.024800001
,,,0.00047813,0.024000001
,,,0.00047814,0.024800001
,,,0.00047815,0.023200001
,,,0.00047816,0.024800001
,,,0.00047817,0.024000001
,,,0.00047818,0.024800001
,,,0.00047819,0.022400001
,,,0.0004782,0.024000001
,,,0.00047821,0.023200001
,,,0.00047822,0.024000001
,,,0.00047823,0.024000001
,,,0.00047824,0.023200001
,,,0.00047825,0.024000001
,,,0.00047826,0.025600002
,,,0.00047827,0.024800001
,,,0.00047828,0.024000001
,,,0.00047829,0.024000001
,,,0.0004783,0.024800001
,,,0.00047831,0.026400002
,,,0.00047832,0.024800001
,,,0.00047833,0.024800001
,,,0.00047834,0.025600002
,,,0.00047835,0.024000001
,,,0.00047836,0.026400002
,,,0.00047837,0.024000001
,,,0.00047838,0.024000001
,,,0.00047839,0.024800001
,,,0.0004784,0.024000001
,,,0.00047841,0.023200001
,,,0.00047842,0.024000001
,,,0.00047843,0.023200001
,,,0.00047844,0.024000001
,,,0.00047845,0.025600002
,,,0.00047846,0.025600002
,,,0.00047847,0.023200001
,,,0.00047848,0.024800001
,,,0.00047849,0.023200001
,,,0.0004785,0.024000001
,,,0.00047851,0.024800001
,,,0.00047852,0.023200001
,,,0.00047853,0.024000001
,,,0.00047854,0.024000001
,,,0.00047855,0.024000001
,,,0.00047856,0.024000001
,,,0.00047857,0.023200001
,,,0.00047858,0.024800001
,,,0.00047859,0.024000001
,,,0.0004786,0.023200001
,,,0.00047861,0.024000001
,,,0.00047862,0.024000001
,,,0.00047863,0.026400002
,,,0.00047864,0.024000001
,,,0.00047865,0.023200001
,,,0.00047866,0.023200001
,,,0.00047867,0.024800001
,,,0.00047868,0.024800001
,,,0.00047869,0.024000001
,,,0.0004787,0.024800001
,,,0.00047871,0.024000001
,,,0.00047872,0.022400001
,,,0.00047873,0.024000001
,,,0.00047874,0.025600002
,,,0.00047875,0.024000001
,,,0.00047876,0.024000001
,,,0.00047877,0.024000001
,,,0.00047878,0.024800001
,,,0.00047879,0.024000001
,,,0.0004788,0.023200001
,,,0.00047881,0.024000001
,,,0.00047882,0.024000001
,,,0.00047883,0.023200001
,,,0.00047884,0.024800001
,,,0.00047885,0.022400001
,,,0.00047886,0.024000001
,,,0.00047887,0.024000001
,,,0.00047888,0.024000001
,,,0.00047889,0.024000001
,,,0.0004789,0.024800001
,,,0.00047891,0.024000001
,,,0.00047892,0.024000001
,,,0.00047893,0.024800001
,,,0.00047894,0.024000001
,,,0.00047895,0.024800001
,,,0.00047896,0.023200001
,,,0.00047897,0.024800001
,,,0.00047898,0.023200001
,,,0.00047899,0.022400001
,,,0.000479,0.025600002
,,,0.00047901,0.024800001
,,,0.00047902,0.024000001
,,,0.00047903,0.024000001
,,,0.00047904,0.024000001
,,,0.00047905,0.024000001
,,,0.00047906,0.024000001
,,,0.00047907,0.024000001
,,,0.00047908,0.023200001
,,,0.00047909,0.024800001
,,,0.0004791,0.023200001
,,,0.00047911,0.024000001
,,,0.00047912,0.023200001
,,,0.00047913,0.024000001
,,,0.00047914,0.024000001
,,,0.00047915,0.021600001
,,,0.00047916,0.024000001
,,,0.00047917,0.026400002
,,,0.00047918,0.024000001
,,,0.00047919,0.024000001
,,,0.0004792,0.024000001
,,,0.00047921,0.023200001
,,,0.00047922,0.024800001
,,,0.00047923,0.023200001
,,,0.00047924,0.024000001
,,,0.00047925,0.023200001
,,,0.00047926,0.023200001
,,,0.00047927,0.024000001
,,,0.00047928,0.024000001
,,,0.00047929,0.024000001
,,,0.0004793,0.026400002
,,,0.00047931,0.023200001
,,,0.00047932,0.024800001
,,,0.00047933,0.026400002
,,,0.00047934,0.023200001
,,,0.00047935,0.025600002
,,,0.00047936,0.024000001
,,,0.00047937,0.023200001
,,,0.00047938,0.024000001
,,,0.00047939,0.022400001
,,,0.0004794,0.024000001
,,,0.00047941,0.024800001
,,,0.00047942,0.024800001
,,,0.00047943,0.024000001
,,,0.00047944,0.024000001
,,,0.00047945,0.026400002
,,,0.00047946,0.025600002
,,,0.00047947,0.024000001
,,,0.00047948,0.024800001
,,,0.00047949,0.024800001
,,,0.0004795,0.023200001
,,,0.00047951,0.024000001
,,,0.00047952,0.024000001
,,,0.00047953,0.024000001
,,,0.00047954,0.024800001
,,,0.00047955,0.024000001
,,,0.00047956,0.024000001
,,,0.00047957,0.024800001
,,,0.00047958,0.024000001
,,,0.00047959,0.022400001
,,,0.0004796,0.025600002
,,,0.00047961,0.024000001
,,,0.00047962,0.024000001
,,,0.00047963,0.024000001
,,,0.00047964,0.024000001
,,,0.00047965,0.024000001
,,,0.00047966,0.024000001
,,,0.00047967,0.024000001
,,,0.00047968,0.024800001
,,,0.00047969,0.024800001
,,,0.0004797,0.025600002
,,,0.00047971,0.024000001
,,,0.00047972,0.023200001
,,,0.00047973,0.024000001
,,,0.00047974,0.024000001
,,,0.00047975,0.023200001
,,,0.00047976,0.024800001
,,,0.00047977,0.021600001
,,,0.00047978,0.024800001
,,,0.00047979,0.024000001
,,,0.0004798,0.022400001
,,,0.00047981,0.023200001
,,,0.00047982,0.023200001
,,,0.00047983,0.024800001
,,,0.00047984,0.024000001
,,,0.00047985,0.024800001
,,,0.00047986,0.024000001
,,,0.00047987,0.023200001
,,,0.00047988,0.024000001
,,,0.00047989,0.026400002
,,,0.0004799,0.024800001
,,,0.00047991,0.023200001
,,,0.00047992,0.024800001
,,,0.00047993,0.024000001
,,,0.00047994,0.024000001
,,,0.00047995,0.025600002
,,,0.00047996,0.024800001
,,,0.00047997,0.024000001
,,,0.00047998,0.024800001
,,,0.00047999,0.024000001
,,,0.00048,0.024000001
,,,0.00048001,0.024800001
,,,0.00048002,0.024800001
,,,0.00048003,0.025600002
,,,0.00048004,0.025600002
,,,0.00048005,0.021600001
,,,0.00048006,0.024000001
,,,0.00048007,0.024000001
,,,0.00048008,0.024000001
,,,0.00048009,0.024000001
,,,0.0004801,0.025600002
,,,0.00048011,0.024800001
,,,0.00048012,0.024000001
,,,0.00048013,0.024000001
,,,0.00048014,0.024000001
,,,0.00048015,0.024000001
,,,0.00048016,0.024800001
,,,0.00048017,0.024000001
,,,0.00048018,0.024000001
,,,0.00048019,0.024000001
,,,0.0004802,0.025600002
,,,0.00048021,0.024000001
,,,0.00048022,0.025600002
,,,0.00048023,0.023200001
,,,0.00048024,0.024800001
,,,0.00048025,0.026400002
,,,0.00048026,0.024000001
,,,0.00048027,0.024000001
,,,0.00048028,0.023200001
,,,0.00048029,0.024000001
,,,0.0004803,0.024800001
,,,0.00048031,0.024800001
,,,0.00048032,0.024000001
,,,0.00048033,0.024000001
,,,0.00048034,0.025600002
,,,0.00048035,0.024000001
,,,0.00048036,0.024000001
,,,0.00048037,0.024000001
,,,0.00048038,0.024000001
,,,0.00048039,0.023200001
,,,0.0004804,0.024000001
,,,0.00048041,0.024000001
,,,0.00048042,0.024000001
,,,0.00048043,0.025600002
,,,0.00048044,0.025600002
,,,0.00048045,0.023200001
,,,0.00048046,0.023200001
,,,0.00048047,0.023200001
,,,0.00048048,0.022400001
,,,0.00048049,0.024800001
,,,0.0004805,0.024000001
,,,0.00048051,0.024000001
,,,0.00048052,0.024000001
,,,0.00048053,0.024000001
,,,0.00048054,0.024000001
,,,0.00048055,0.024800001
,,,0.00048056,0.024000001
,,,0.00048057,0.024000001
,,,0.00048058,0.024000001
,,,0.00048059,0.024800001
,,,0.0004806,0.024000001
,,,0.00048061,0.023200001
,,,0.00048062,0.023200001
,,,0.00048063,0.024800001
,,,0.00048064,0.024800001
,,,0.00048065,0.024800001
,,,0.00048066,0.023200001
,,,0.00048067,0.024000001
,,,0.00048068,0.024000001
,,,0.00048069,0.024000001
,,,0.0004807,0.022400001
,,,0.00048071,0.023200001
,,,0.00048072,0.024000001
,,,0.00048073,0.024000001
,,,0.00048074,0.024000001
,,,0.00048075,0.024000001
,,,0.00048076,0.024000001
,,,0.00048077,0.025600002
,,,0.00048078,0.024800001
,,,0.00048079,0.024000001
,,,0.0004808,0.024000001
,,,0.00048081,0.024000001
,,,0.00048082,0.024800001
,,,0.00048083,0.022400001
,,,0.00048084,0.024800001
,,,0.00048085,0.024000001
,,,0.00048086,0.024000001
,,,0.00048087,0.024800001
,,,0.00048088,0.024000001
,,,0.00048089,0.023200001
,,,0.0004809,0.024800001
,,,0.00048091,0.024000001
,,,0.00048092,0.025600002
,,,0.00048093,0.024800001
,,,0.00048094,0.024800001
,,,0.00048095,0.024800001
,,,0.00048096,0.024000001
,,,0.00048097,0.024000001
,,,0.00048098,0.023200001
,,,0.00048099,0.023200001
,,,0.000481,0.024800001
,,,0.00048101,0.024000001
,,,0.00048102,0.024800001
,,,0.00048103,0.024800001
,,,0.00048104,0.023200001
,,,0.00048105,0.023200001
,,,0.00048106,0.025600002
,,,0.00048107,0.022400001
,,,0.00048108,0.024000001
,,,0.00048109,0.024000001
,,,0.0004811,0.024000001
,,,0.00048111,0.024000001
,,,0.00048112,0.022400001
,,,0.00048113,0.023200001
,,,0.00048114,0.025600002
,,,0.00048115,0.024800001
,,,0.00048116,0.024000001
,,,0.00048117,0.024000001
,,,0.00048118,0.024000001
,,,0.00048119,0.025600002
,,,0.0004812,0.023200001
,,,0.00048121,0.024000001
,,,0.00048122,0.022400001
,,,0.00048123,0.024800001
,,,0.00048124,0.023200001
,,,0.00048125,0.024000001
,,,0.00048126,0.024000001
,,,0.00048127,0.023200001
,,,0.00048128,0.023200001
,,,0.00048129,0.024000001
,,,0.0004813,0.024000001
,,,0.00048131,0.024000001
,,,0.00048132,0.024000001
,,,0.00048133,0.024000001
,,,0.00048134,0.024800001
,,,0.00048135,0.024000001
,,,0.00048136,0.024000001
,,,0.00048137,0.024000001
,,,0.00048138,0.024000001
,,,0.00048139,0.024800001
,,,0.0004814,0.024000001
,,,0.00048141,0.024800001
,,,0.00048142,0.024000001
,,,0.00048143,0.024800001
,,,0.00048144,0.022400001
,,,0.00048145,0.024000001
,,,0.00048146,0.024000001
,,,0.00048147,0.024000001
,,,0.00048148,0.024000001
,,,0.00048149,0.023200001
,,,0.0004815,0.024000001
,,,0.00048151,0.024000001
,,,0.00048152,0.023200001
,,,0.00048153,0.024800001
,,,0.00048154,0.023200001
,,,0.00048155,0.023200001
,,,0.00048156,0.024000001
,,,0.00048157,0.024800001
,,,0.00048158,0.024000001
,,,0.00048159,0.024800001
,,,0.0004816,0.023200001
,,,0.00048161,0.025600002
,,,0.00048162,0.024000001
,,,0.00048163,0.024000001
,,,0.00048164,0.026400002
,,,0.00048165,0.024000001
,,,0.00048166,0.024000001
,,,0.00048167,0.024000001
,,,0.00048168,0.025600002
,,,0.00048169,0.024000001
,,,0.0004817,0.022400001
,,,0.00048171,0.023200001
,,,0.00048172,0.024800001
,,,0.00048173,0.022400001
,,,0.00048174,0.024000001
,,,0.00048175,0.024000001
,,,0.00048176,0.024000001
,,,0.00048177,0.024000001
,,,0.00048178,0.024000001
,,,0.00048179,0.023200001
,,,0.0004818,0.025600002
,,,0.00048181,0.024000001
,,,0.00048182,0.024000001
,,,0.00048183,0.024800001
,,,0.00048184,0.024800001
,,,0.00048185,0.023200001
,,,0.00048186,0.024000001
,,,0.00048187,0.024000001
,,,0.00048188,0.024000001
,,,0.00048189,0.023200001
,,,0.0004819,0.025600002
,,,0.00048191,0.024800001
,,,0.00048192,0.024000001
,,,0.00048193,0.024800001
,,,0.00048194,0.025600002
,,,0.00048195,0.024800001
,,,0.00048196,0.024800001
,,,0.00048197,0.024000001
,,,0.00048198,0.024800001
,,,0.00048199,0.023200001
,,,0.000482,0.024000001
,,,0.00048201,0.024800001
,,,0.00048202,0.024800001
,,,0.00048203,0.025600002
,,,0.00048204,0.024000001
,,,0.00048205,0.024000001
,,,0.00048206,0.024000001
,,,0.00048207,0.024000001
,,,0.00048208,0.024800001
,,,0.00048209,0.024000001
,,,0.0004821,0.023200001
,,,0.00048211,0.024800001
,,,0.00048212,0.024000001
,,,0.00048213,0.024000001
,,,0.00048214,0.024000001
,,,0.00048215,0.025600002
,,,0.00048216,0.023200001
,,,0.00048217,0.024000001
,,,0.00048218,0.025600002
,,,0.00048219,0.025600002
,,,0.0004822,0.024000001
,,,0.00048221,0.024800001
,,,0.00048222,0.024800001
,,,0.00048223,0.024000001
,,,0.00048224,0.023200001
,,,0.00048225,0.024000001
,,,0.00048226,0.025600002
,,,0.00048227,0.024000001
,,,0.00048228,0.024000001
,,,0.00048229,0.024000001
,,,0.0004823,0.025600002
,,,0.00048231,0.024000001
,,,0.00048232,0.024800001
,,,0.00048233,0.022400001
,,,0.00048234,0.024800001
,,,0.00048235,0.025600002
,,,0.00048236,0.025600002
,,,0.00048237,0.023200001
,,,0.00048238,0.024800001
,,,0.00048239,0.024000001
,,,0.0004824,0.024000001
,,,0.00048241,0.024000001
,,,0.00048242,0.025600002
,,,0.00048243,0.024800001
,,,0.00048244,0.023200001
,,,0.00048245,0.024000001
,,,0.00048246,0.024000001
,,,0.00048247,0.024000001
,,,0.00048248,0.022400001
,,,0.00048249,0.024000001
,,,0.0004825,0.025600002
,,,0.00048251,0.024800001
,,,0.00048252,0.024000001
,,,0.00048253,0.024000001
,,,0.00048254,0.023200001
,,,0.00048255,0.024000001
,,,0.00048256,0.024800001
,,,0.00048257,0.024800001
,,,0.00048258,0.024000001
,,,0.00048259,0.024800001
,,,0.0004826,0.024800001
,,,0.00048261,0.025600002
,,,0.00048262,0.024000001
,,,0.00048263,0.024000001
,,,0.00048264,0.023200001
,,,0.00048265,0.024000001
,,,0.00048266,0.024800001
,,,0.00048267,0.024000001
,,,0.00048268,0.024000001
,,,0.00048269,0.024800001
,,,0.0004827,0.022400001
,,,0.00048271,0.025600002
,,,0.00048272,0.024000001
,,,0.00048273,0.022400001
,,,0.00048274,0.024800001
,,,0.00048275,0.024800001
,,,0.00048276,0.024000001
,,,0.00048277,0.024000001
,,,0.00048278,0.024000001
,,,0.00048279,0.024800001
,,,0.0004828,0.023200001
,,,0.00048281,0.024800001
,,,0.00048282,0.024800001
,,,0.00048283,0.024000001
,,,0.00048284,0.024000001
,,,0.00048285,0.024800001
,,,0.00048286,0.024000001
,,,0.00048287,0.024000001
,,,0.00048288,0.024000001
,,,0.00048289,0.024000001
,,,0.0004829,0.023200001
,,,0.00048291,0.024800001
,,,0.00048292,0.024800001
,,,0.00048293,0.023200001
,,,0.00048294,0.023200001
,,,0.00048295,0.025600002
,,,0.00048296,0.024000001
,,,0.00048297,0.024800001
,,,0.00048298,0.024000001
,,,0.00048299,0.024800001
,,,0.000483,0.025600002
,,,0.00048301,0.025600002
,,,0.00048302,0.022400001
,,,0.00048303,0.024800001
,,,0.00048304,0.024000001
,,,0.00048305,0.024800001
,,,0.00048306,0.024000001
,,,0.00048307,0.024000001
,,,0.00048308,0.024000001
,,,0.00048309,0.024000001
,,,0.0004831,0.024800001
,,,0.00048311,0.024000001
,,,0.00048312,0.024000001
,,,0.00048313,0.025600002
,,,0.00048314,0.024800001
,,,0.00048315,0.024000001
,,,0.00048316,0.025600002
,,,0.00048317,0.026400002
,,,0.00048318,0.024800001
,,,0.00048319,0.025600002
,,,0.0004832,0.025600002
,,,0.00048321,0.024000001
,,,0.00048322,0.024800001
,,,0.00048323,0.024000001
,,,0.00048324,0.024800001
,,,0.00048325,0.023200001
,,,0.00048326,0.023200001
,,,0.00048327,0.024000001
,,,0.00048328,0.022400001
,,,0.00048329,0.024000001
,,,0.0004833,0.024000001
,,,0.00048331,0.024000001
,,,0.00048332,0.024000001
,,,0.00048333,0.024000001
,,,0.00048334,0.024000001
,,,0.00048335,0.023200001
,,,0.00048336,0.023200001
,,,0.00048337,0.024000001
,,,0.00048338,0.024000001
,,,0.00048339,0.024800001
,,,0.0004834,0.022400001
,,,0.00048341,0.024000001
,,,0.00048342,0.025600002
,,,0.00048343,0.024000001
,,,0.00048344,0.024800001
,,,0.00048345,0.024000001
,,,0.00048346,0.024000001
,,,0.00048347,0.024000001
,,,0.00048348,0.024000001
,,,0.00048349,0.024800001
,,,0.0004835,0.024000001
,,,0.00048351,0.024800001
,,,0.00048352,0.025600002
,,,0.00048353,0.024800001
,,,0.00048354,0.024000001
,,,0.00048355,0.024000001
,,,0.00048356,0.024800001
,,,0.00048357,0.025600002
,,,0.00048358,0.022400001
,,,0.00048359,0.024000001
,,,0.0004836,0.023200001
,,,0.00048361,0.023200001
,,,0.00048362,0.024000001
,,,0.00048363,0.024000001
,,,0.00048364,0.024000001
,,,0.00048365,0.024000001
,,,0.00048366,0.025600002
,,,0.00048367,0.024000001
,,,0.00048368,0.024800001
,,,0.00048369,0.024800001
,,,0.0004837,0.024800001
,,,0.00048371,0.025600002
,,,0.00048372,0.024000001
,,,0.00048373,0.024000001
,,,0.00048374,0.024000001
,,,0.00048375,0.024800001
,,,0.00048376,0.023200001
,,,0.00048377,0.024000001
,,,0.00048378,0.024000001
,,,0.00048379,0.024000001
,,,0.0004838,0.024000001
,,,0.00048381,0.024000001
,,,0.00048382,0.023200001
,,,0.00048383,0.024800001
,,,0.00048384,0.024800001
,,,0.00048385,0.023200001
,,,0.00048386,0.024000001
,,,0.00048387,0.024000001
,,,0.00048388,0.024000001
,,,0.00048389,0.025600002
,,,0.0004839,0.024000001
,,,0.00048391,0.024800001
,,,0.00048392,0.024000001
,,,0.00048393,0.024000001
,,,0.00048394,0.024800001
,,,0.00048395,0.023200001
,,,0.00048396,0.024800001
,,,0.00048397,0.024000001
,,,0.00048398,0.024800001
,,,0.00048399,0.024000001
,,,0.000484,0.023200001
,,,0.00048401,0.023200001
,,,0.00048402,0.024000001
,,,0.00048403,0.024000001
,,,0.00048404,0.025600002
,,,0.00048405,0.023200001
,,,0.00048406,0.025600002
,,,0.00048407,0.023200001
,,,0.00048408,0.025600002
,,,0.00048409,0.024800001
,,,0.0004841,0.024000001
,,,0.00048411,0.024000001
,,,0.00048412,0.024000001
,,,0.00048413,0.024000001
,,,0.00048414,0.024800001
,,,0.00048415,0.024000001
,,,0.00048416,0.024800001
,,,0.00048417,0.024800001
,,,0.00048418,0.024000001
,,,0.00048419,0.025600002
,,,0.0004842,0.023200001
,,,0.00048421,0.024800001
,,,0.00048422,0.024800001
,,,0.00048423,0.024000001
,,,0.00048424,0.023200001
,,,0.00048425,0.024800001
,,,0.00048426,0.023200001
,,,0.00048427,0.023200001
,,,0.00048428,0.022400001
,,,0.00048429,0.024000001
,,,0.0004843,0.025600002
,,,0.00048431,0.024800001
,,,0.00048432,0.023200001
,,,0.00048433,0.022400001
,,,0.00048434,0.026400002
,,,0.00048435,0.024800001
,,,0.00048436,0.024000001
,,,0.00048437,0.023200001
,,,0.00048438,0.025600002
,,,0.00048439,0.024000001
,,,0.0004844,0.024000001
,,,0.00048441,0.024000001
,,,0.00048442,0.025600002
,,,0.00048443,0.024800001
,,,0.00048444,0.024000001
,,,0.00048445,0.024000001
,,,0.00048446,0.024000001
,,,0.00048447,0.024800001
,,,0.00048448,0.024000001
,,,0.00048449,0.023200001
,,,0.0004845,0.023200001
,,,0.00048451,0.024000001
,,,0.00048452,0.023200001
,,,0.00048453,0.024000001
,,,0.00048454,0.025600002
,,,0.00048455,0.024000001
,,,0.00048456,0.025600002
,,,0.00048457,0.024800001
,,,0.00048458,0.024800001
,,,0.00048459,0.022400001
,,,0.0004846,0.024000001
,,,0.00048461,0.024000001
,,,0.00048462,0.022400001
,,,0.00048463,0.025600002
,,,0.00048464,0.024000001
,,,0.00048465,0.024800001
,,,0.00048466,0.023200001
,,,0.00048467,0.024800001
,,,0.00048468,0.024800001
,,,0.00048469,0.024000001
,,,0.0004847,0.024000001
,,,0.00048471,0.024000001
,,,0.00048472,0.023200001
,,,0.00048473,0.024800001
,,,0.00048474,0.024800001
,,,0.00048475,0.024000001
,,,0.00048476,0.024800001
,,,0.00048477,0.024000001
,,,0.00048478,0.024000001
,,,0.00048479,0.024000001
,,,0.0004848,0.023200001
,,,0.00048481,0.023200001
,,,0.00048482,0.024000001
,,,0.00048483,0.024000001
,,,0.00048484,0.024000001
,,,0.00048485,0.024000001
,,,0.00048486,0.024800001
,,,0.00048487,0.024000001
,,,0.00048488,0.027200002
,,,0.00048489,0.024000001
,,,0.0004849,0.025600002
,,,0.00048491,0.024800001
,,,0.00048492,0.024800001
,,,0.00048493,0.024000001
,,,0.00048494,0.024800001
,,,0.00048495,0.024000001
,,,0.00048496,0.024800001
,,,0.00048497,0.024000001
,,,0.00048498,0.024000001
,,,0.00048499,0.024000001
,,,0.000485,0.024000001
,,,0.00048501,0.023200001
,,,0.00048502,0.024000001
,,,0.00048503,0.024000001
,,,0.00048504,0.023200001
,,,0.00048505,0.024000001
,,,0.00048506,0.025600002
,,,0.00048507,0.024000001
,,,0.00048508,0.025600002
,,,0.00048509,0.025600002
,,,0.0004851,0.025600002
,,,0.00048511,0.024000001
,,,0.00048512,0.024800001
,,,0.00048513,0.023200001
,,,0.00048514,0.025600002
,,,0.00048515,0.024800001
,,,0.00048516,0.024000001
,,,0.00048517,0.024800001
,,,0.00048518,0.024000001
,,,0.00048519,0.024000001
,,,0.0004852,0.024800001
,,,0.00048521,0.024000001
,,,0.00048522,0.024000001
,,,0.00048523,0.024000001
,,,0.00048524,0.024000001
,,,0.00048525,0.024000001
,,,0.00048526,0.023200001
,,,0.00048527,0.024000001
,,,0.00048528,0.024000001
,,,0.00048529,0.024000001
,,,0.0004853,0.024000001
,,,0.00048531,0.024000001
,,,0.00048532,0.024800001
,,,0.00048533,0.025600002
,,,0.00048534,0.023200001
,,,0.00048535,0.024000001
,,,0.00048536,0.024000001
,,,0.00048537,0.024000001
,,,0.00048538,0.021600001
,,,0.00048539,0.023200001
,,,0.0004854,0.023200001
,,,0.00048541,0.024000001
,,,0.00048542,0.024800001
,,,0.00048543,0.024000001
,,,0.00048544,0.021600001
,,,0.00048545,0.024000001
,,,0.00048546,0.024800001
,,,0.00048547,0.024000001
,,,0.00048548,0.024000001
,,,0.00048549,0.024800001
,,,0.0004855,0.022400001
,,,0.00048551,0.023200001
,,,0.00048552,0.024800001
,,,0.00048553,0.025600002
,,,0.00048554,0.025600002
,,,0.00048555,0.023200001
,,,0.00048556,0.025600002
,,,0.00048557,0.023200001
,,,0.00048558,0.024000001
,,,0.00048559,0.024800001
,,,0.0004856,0.024000001
,,,0.00048561,0.023200001
,,,0.00048562,0.024800001
,,,0.00048563,0.024000001
,,,0.00048564,0.024800001
,,,0.00048565,0.023200001
,,,0.00048566,0.025600002
,,,0.00048567,0.024800001
,,,0.00048568,0.024000001
,,,0.00048569,0.024000001
,,,0.0004857,0.023200001
,,,0.00048571,0.024000001
,,,0.00048572,0.024800001
,,,0.00048573,0.024000001
,,,0.00048574,0.024000001
,,,0.00048575,0.024000001
,,,0.00048576,0.025600002
,,,0.00048577,0.024000001
,,,0.00048578,0.024000001
,,,0.00048579,0.024000001
,,,0.0004858,0.024000001
,,,0.00048581,0.024000001
,,,0.00048582,0.024800001
,,,0.00048583,0.024000001
,,,0.00048584,0.024000001
,,,0.00048585,0.024000001
,,,0.00048586,0.024000001
,,,0.00048587,0.023200001
,,,0.00048588,0.024000001
,,,0.00048589,0.025600002
,,,0.0004859,0.024800001
,,,0.00048591,0.024000001
,,,0.00048592,0.024000001
,,,0.00048593,0.024000001
,,,0.00048594,0.024800001
,,,0.00048595,0.024000001
,,,0.00048596,0.024000001
,,,0.00048597,0.024000001
,,,0.00048598,0.024000001
,,,0.00048599,0.024800001
,,,0.000486,0.024000001
,,,0.00048601,0.024000001
,,,0.00048602,0.024000001
,,,0.00048603,0.024000001
,,,0.00048604,0.024000001
,,,0.00048605,0.024000001
,,,0.00048606,0.025600002
,,,0.00048607,0.024800001
,,,0.00048608,0.024000001
,,,0.00048609,0.024800001
,,,0.0004861,0.024000001
,,,0.00048611,0.024800001
,,,0.00048612,0.024000001
,,,0.00048613,0.024800001
,,,0.00048614,0.024800001
,,,0.00048615,0.024000001
,,,0.00048616,0.024000001
,,,0.00048617,0.024000001
,,,0.00048618,0.024000001
,,,0.00048619,0.024000001
,,,0.0004862,0.024800001
,,,0.00048621,0.024000001
,,,0.00048622,0.024000001
,,,0.00048623,0.023200001
,,,0.00048624,0.024800001
,,,0.00048625,0.024000001
,,,0.00048626,0.024000001
,,,0.00048627,0.023200001
,,,0.00048628,0.024800001
,,,0.00048629,0.024000001
,,,0.0004863,0.024000001
,,,0.00048631,0.024000001
,,,0.00048632,0.024000001
,,,0.00048633,0.024000001
,,,0.00048634,0.024000001
,,,0.00048635,0.024000001
,,,0.00048636,0.024000001
,,,0.00048637,0.024800001
,,,0.00048638,0.025600002
,,,0.00048639,0.024800001
,,,0.0004864,0.024000001
,,,0.00048641,0.025600002
,,,0.00048642,0.024800001
,,,0.00048643,0.024000001
,,,0.00048644,0.024800001
,,,0.00048645,0.024000001
,,,0.00048646,0.024000001
,,,0.00048647,0.022400001
,,,0.00048648,0.023200001
,,,0.00048649,0.025600002
,,,0.0004865,0.024800001
,,,0.00048651,0.024000001
,,,0.00048652,0.026400002
,,,0.00048653,0.021600001
,,,0.00048654,0.024800001
,,,0.00048655,0.024800001
,,,0.00048656,0.025600002
,,,0.00048657,0.024000001
,,,0.00048658,0.024800001
,,,0.00048659,0.024000001
,,,0.0004866,0.024000001
,,,0.00048661,0.023200001
,,,0.00048662,0.024000001
,,,0.00048663,0.024000001
,,,0.00048664,0.024800001
,,,0.00048665,0.022400001
,,,0.00048666,0.024000001
,,,0.00048667,0.024800001
,,,0.00048668,0.024000001
,,,0.00048669,0.024000001
,,,0.0004867,0.024000001
,,,0.00048671,0.024800001
,,,0.00048672,0.024000001
,,,0.00048673,0.025600002
,,,0.00048674,0.024000001
,,,0.00048675,0.024800001
,,,0.00048676,0.024000001
,,,0.00048677,0.024800001
,,,0.00048678,0.024000001
,,,0.00048679,0.023200001
,,,0.0004868,0.023200001
,,,0.00048681,0.024000001
,,,0.00048682,0.025600002
,,,0.00048683,0.024000001
,,,0.00048684,0.026400002
,,,0.00048685,0.023200001
,,,0.00048686,0.024800001
,,,0.00048687,0.024800001
,,,0.00048688,0.022400001
,,,0.00048689,0.024000001
,,,0.0004869,0.024000001
,,,0.00048691,0.023200001
,,,0.00048692,0.024800001
,,,0.00048693,0.024000001
,,,0.00048694,0.024000001
,,,0.00048695,0.022400001
,,,0.00048696,0.023200001
,,,0.00048697,0.026400002
,,,0.00048698,0.024000001
,,,0.00048699,0.024000001
,,,0.000487,0.023200001
,,,0.00048701,0.024000001
,,,0.00048702,0.024800001
,,,0.00048703,0.024000001
,,,0.00048704,0.024000001
,,,0.00048705,0.024800001
,,,0.00048706,0.025600002
,,,0.00048707,0.024000001
,,,0.00048708,0.025600002
,,,0.00048709,0.025600002
,,,0.0004871,0.024000001
,,,0.00048711,0.024000001
,,,0.00048712,0.024800001
,,,0.00048713,0.024000001
,,,0.00048714,0.024000001
,,,0.00048715,0.024000001
,,,0.00048716,0.024800001
,,,0.00048717,0.024800001
,,,0.00048718,0.024000001
,,,0.00048719,0.024000001
,,,0.0004872,0.024000001
,,,0.00048721,0.024800001
,,,0.00048722,0.024000001
,,,0.00048723,0.024000001
,,,0.00048724,0.024000001
,,,0.00048725,0.023200001
,,,0.00048726,0.023200001
,,,0.00048727,0.024000001
,,,0.00048728,0.024000001
,,,0.00048729,0.024000001
,,,0.0004873,0.026400002
,,,0.00048731,0.024000001
,,,0.00048732,0.024000001
,,,0.00048733,0.023200001
,,,0.00048734,0.024000001
,,,0.00048735,0.022400001
,,,0.00048736,0.024000001
,,,0.00048737,0.023200001
,,,0.00048738,0.024000001
,,,0.00048739,0.024000001
,,,0.0004874,0.024000001
,,,0.00048741,0.024000001
,,,0.00048742,0.024000001
,,,0.00048743,0.021600001
,,,0.00048744,0.024800001
,,,0.00048745,0.024000001
,,,0.00048746,0.024000001
,,,0.00048747,0.024000001
,,,0.00048748,0.025600002
,,,0.00048749,0.025600002
,,,0.0004875,0.025600002
,,,0.00048751,0.025600002
,,,0.00048752,0.023200001
,,,0.00048753,0.023200001
,,,0.00048754,0.025600002
,,,0.00048755,0.022400001
,,,0.00048756,0.024000001
,,,0.00048757,0.024000001
,,,0.00048758,0.024000001
,,,0.00048759,0.023200001
,,,0.0004876,0.024000001
,,,0.00048761,0.024000001
,,,0.00048762,0.024800001
,,,0.00048763,0.023200001
,,,0.00048764,0.024800001
,,,0.00048765,0.025600002
,,,0.00048766,0.023200001
,,,0.00048767,0.024000001
,,,0.00048768,0.024800001
,,,0.00048769,0.024000001
,,,0.0004877,0.024000001
,,,0.00048771,0.024000001
,,,0.00048772,0.024000001
,,,0.00048773,0.024000001
,,,0.00048774,0.022400001
,,,0.00048775,0.023200001
,,,0.00048776,0.023200001
,,,0.00048777,0.023200001
,,,0.00048778,0.025600002
,,,0.00048779,0.024800001
,,,0.0004878,0.025600002
,,,0.00048781,0.023200001
,,,0.00048782,0.024800001
,,,0.00048783,0.023200001
,,,0.00048784,0.024800001
,,,0.00048785,0.023200001
,,,0.00048786,0.024800001
,,,0.00048787,0.024800001
,,,0.00048788,0.024000001
,,,0.00048789,0.024000001
,,,0.0004879,0.024000001
,,,0.00048791,0.026400002
,,,0.00048792,0.025600002
,,,0.00048793,0.024000001
,,,0.00048794,0.024800001
,,,0.00048795,0.025600002
,,,0.00048796,0.024000001
,,,0.00048797,0.024000001
,,,0.00048798,0.024800001
,,,0.00048799,0.022400001
,,,0.000488,0.024800001
,,,0.00048801,0.024000001
,,,0.00048802,0.024800001
,,,0.00048803,0.024000001
,,,0.00048804,0.022400001
,,,0.00048805,0.024000001
,,,0.00048806,0.024800001
,,,0.00048807,0.024800001
,,,0.00048808,0.024000001
,,,0.00048809,0.023200001
,,,0.0004881,0.023200001
,,,0.00048811,0.025600002
,,,0.00048812,0.024000001
,,,0.00048813,0.024000001
,,,0.00048814,0.024000001
,,,0.00048815,0.023200001
,,,0.00048816,0.024000001
,,,0.00048817,0.024800001
,,,0.00048818,0.024000001
,,,0.00048819,0.023200001
,,,0.0004882,0.024000001
,,,0.00048821,0.024000001
,,,0.00048822,0.024800001
,,,0.00048823,0.024000001
,,,0.00048824,0.024000001
,,,0.00048825,0.024800001
,,,0.00048826,0.024800001
,,,0.00048827,0.024000001
,,,0.00048828,0.024000001
,,,0.00048829,0.024800001
,,,0.0004883,0.025600002
,,,0.00048831,0.025600002
,,,0.00048832,0.025600002
,,,0.00048833,0.024800001
,,,0.00048834,0.024000001
,,,0.00048835,0.024000001
,,,0.00048836,0.023200001
,,,0.00048837,0.024800001
,,,0.00048838,0.024000001
,,,0.00048839,0.024800001
,,,0.0004884,0.021600001
,,,0.00048841,0.023200001
,,,0.00048842,0.024000001
,,,0.00048843,0.023200001
,,,0.00048844,0.024800001
,,,0.00048845,0.024000001
,,,0.00048846,0.024000001
,,,0.00048847,0.024000001
,,,0.00048848,0.024000001
,,,0.00048849,0.024000001
,,,0.0004885,0.026400002
,,,0.00048851,0.024000001
,,,0.00048852,0.024000001
,,,0.00048853,0.024000001
,,,0.00048854,0.024000001
,,,0.00048855,0.024000001
,,,0.00048856,0.024000001
,,,0.00048857,0.025600002
,,,0.00048858,0.024000001
,,,0.00048859,0.025600002
,,,0.0004886,0.024800001
,,,0.00048861,0.024000001
,,,0.00048862,0.023200001
,,,0.00048863,0.025600002
,,,0.00048864,0.024000001
,,,0.00048865,0.024000001
,,,0.00048866,0.024800001
,,,0.00048867,0.024000001
,,,0.00048868,0.025600002
,,,0.00048869,0.024000001
,,,0.0004887,0.022400001
,,,0.00048871,0.024000001
,,,0.00048872,0.023200001
,,,0.00048873,0.023200001
,,,0.00048874,0.024800001
,,,0.00048875,0.025600002
,,,0.00048876,0.024000001
,,,0.00048877,0.025600002
,,,0.00048878,0.024000001
,,,0.00048879,0.023200001
,,,0.0004888,0.023200001
,,,0.00048881,0.024000001
,,,0.00048882,0.024000001
,,,0.00048883,0.024000001
,,,0.00048884,0.024000001
,,,0.00048885,0.022400001
,,,0.00048886,0.024000001
,,,0.00048887,0.025600002
,,,0.00048888,0.024000001
,,,0.00048889,0.024800001
,,,0.0004889,0.024000001
,,,0.00048891,0.023200001
,,,0.00048892,0.024000001
,,,0.00048893,0.024000001
,,,0.00048894,0.023200001
,,,0.00048895,0.024000001
,,,0.00048896,0.024800001
,,,0.00048897,0.025600002
,,,0.00048898,0.025600002
,,,0.00048899,0.024000001
,,,0.000489,0.024000001
,,,0.00048901,0.024800001
,,,0.00048902,0.024000001
,,,0.00048903,0.023200001
,,,0.00048904,0.024000001
,,,0.00048905,0.024800001
,,,0.00048906,0.024000001
,,,0.00048907,0.022400001
,,,0.00048908,0.025600002
,,,0.00048909,0.024000001
,,,0.0004891,0.024800001
,,,0.00048911,0.025600002
,,,0.00048912,0.024800001
,,,0.00048913,0.024800001
,,,0.00048914,0.023200001
,,,0.00048915,0.024800001
,,,0.00048916,0.024000001
,,,0.00048917,0.024000001
,,,0.00048918,0.024000001
,,,0.00048919,0.023200001
,,,0.0004892,0.024000001
,,,0.00048921,0.024000001
,,,0.00048922,0.024000001
,,,0.00048923,0.024000001
,,,0.00048924,0.022400001
,,,0.00048925,0.024000001
,,,0.00048926,0.024000001
,,,0.00048927,0.023200001
,,,0.00048928,0.024000001
,,,0.00048929,0.023200001
,,,0.0004893,0.024000001
,,,0.00048931,0.024000001
,,,0.00048932,0.021600001
,,,0.00048933,0.024000001
,,,0.00048934,0.024000001
,,,0.00048935,0.024000001
,,,0.00048936,0.024000001
,,,0.00048937,0.024000001
,,,0.00048938,0.024000001
,,,0.00048939,0.024000001
,,,0.0004894,0.024000001
,,,0.00048941,0.024000001
,,,0.00048942,0.024000001
,,,0.00048943,0.024000001
,,,0.00048944,0.024800001
,,,0.00048945,0.023200001
,,,0.00048946,0.024800001
,,,0.00048947,0.024800001
,,,0.00048948,0.023200001
,,,0.00048949,0.024000001
,,,0.0004895,0.024000001
,,,0.00048951,0.024800001
,,,0.00048952,0.024000001
,,,0.00048953,0.024000001
,,,0.00048954,0.024000001
,,,0.00048955,0.023200001
,,,0.00048956,0.024800001
,,,0.00048957,0.024800001
,,,0.00048958,0.025600002
,,,0.00048959,0.025600002
,,,0.0004896,0.024000001
,,,0.00048961,0.024800001
,,,0.00048962,0.024800001
,,,0.00048963,0.024000001
,,,0.00048964,0.024000001
,,,0.00048965,0.024800001
,,,0.00048966,0.024800001
,,,0.00048967,0.025600002
,,,0.00048968,0.024000001
,,,0.00048969,0.024800001
,,,0.0004897,0.024800001
,,,0.00048971,0.024000001
,,,0.00048972,0.025600002
,,,0.00048973,0.024000001
,,,0.00048974,0.024000001
,,,0.00048975,0.024000001
,,,0.00048976,0.024000001
,,,0.00048977,0.024000001
,,,0.00048978,0.024000001
,,,0.00048979,0.024000001
,,,0.0004898,0.024000001
,,,0.00048981,0.024800001
,,,0.00048982,0.025600002
,,,0.00048983,0.024000001
,,,0.00048984,0.024000001
,,,0.00048985,0.023200001
,,,0.00048986,0.024000001
,,,0.00048987,0.024000001
,,,0.00048988,0.024000001
,,,0.00048989,0.024000001
,,,0.0004899,0.023200001
,,,0.00048991,0.023200001
,,,0.00048992,0.024000001
,,,0.00048993,0.023200001
,,,0.00048994,0.023200001
,,,0.00048995,0.024800001
,,,0.00048996,0.025600002
,,,0.00048997,0.024800001
,,,0.00048998,0.024800001
,,,0.00048999,0.024000001
,,,0.00049,0.023200001
,,,0.00049001,0.022400001
,,,0.00049002,0.024000001
,,,0.00049003,0.025600002
,,,0.00049004,0.024800001
,,,0.00049005,0.024800001
,,,0.00049006,0.023200001
,,,0.00049007,0.024800001
,,,0.00049008,0.024000001
,,,0.00049009,0.023200001
,,,0.0004901,0.024000001
,,,0.00049011,0.026400002
,,,0.00049012,0.024800001
,,,0.00049013,0.024000001
,,,0.00049014,0.024000001
,,,0.00049015,0.024000001
,,,0.00049016,0.023200001
,,,0.00049017,0.024000001
,,,0.00049018,0.024800001
,,,0.00049019,0.024800001
,,,0.0004902,0.024000001
,,,0.00049021,0.021600001
,,,0.00049022,0.024000001
,,,0.00049023,0.024800001
,,,0.00049024,0.024000001
,,,0.00049025,0.023200001
,,,0.00049026,0.024800001
,,,0.00049027,0.024000001
,,,0.00049028,0.024000001
,,,0.00049029,0.025600002
,,,0.0004903,0.024000001
,,,0.00049031,0.022400001
,,,0.00049032,0.023200001
,,,0.00049033,0.024000001
,,,0.00049034,0.023200001
,,,0.00049035,0.024000001
,,,0.00049036,0.025600002
,,,0.00049037,0.023200001
,,,0.00049038,0.024000001
,,,0.00049039,0.024000001
,,,0.0004904,0.023200001
,,,0.00049041,0.024800001
,,,0.00049042,0.022400001
,,,0.00049043,0.024000001
,,,0.00049044,0.025600002
,,,0.00049045,0.024000001
,,,0.00049046,0.023200001
,,,0.00049047,0.024800001
,,,0.00049048,0.024000001
,,,0.00049049,0.024800001
,,,0.0004905,0.025600002
,,,0.00049051,0.024000001
,,,0.00049052,0.024800001
,,,0.00049053,0.024800001
,,,0.00049054,0.024000001
,,,0.00049055,0.023200001
,,,0.00049056,0.024000001
,,,0.00049057,0.024000001
,,,0.00049058,0.024800001
,,,0.00049059,0.024000001
,,,0.0004906,0.023200001
,,,0.00049061,0.024000001
,,,0.00049062,0.022400001
,,,0.00049063,0.025600002
,,,0.00049064,0.023200001
,,,0.00049065,0.025600002
,,,0.00049066,0.024000001
,,,0.00049067,0.024000001
,,,0.00049068,0.024800001
,,,0.00049069,0.023200001
,,,0.0004907,0.022400001
,,,0.00049071,0.025600002
,,,0.00049072,0.025600002
,,,0.00049073,0.024000001
,,,0.00049074,0.024800001
,,,0.00049075,0.025600002
,,,0.00049076,0.024800001
,,,0.00049077,0.024800001
,,,0.00049078,0.024000001
,,,0.00049079,0.024000001
,,,0.0004908,0.023200001
,,,0.00049081,0.024800001
,,,0.00049082,0.025600002
,,,0.00049083,0.025600002
,,,0.00049084,0.024800001
,,,0.00049085,0.024000001
,,,0.00049086,0.024000001
,,,0.00049087,0.026400002
,,,0.00049088,0.024800001
,,,0.00049089,0.024000001
,,,0.0004909,0.024800001
,,,0.00049091,0.023200001
,,,0.00049092,0.024800001
,,,0.00049093,0.024000001
,,,0.00049094,0.024000001
,,,0.00049095,0.024000001
,,,0.00049096,0.024000001
,,,0.00049097,0.024000001
,,,0.00049098,0.024000001
,,,0.00049099,0.024800001
,,,0.000491,0.025600002
,,,0.00049101,0.024800001
,,,0.00049102,0.024000001
,,,0.00049103,0.025600002
,,,0.00049104,0.024800001
,,,0.00049105,0.025600002
,,,0.00049106,0.024000001
,,,0.00049107,0.024000001
,,,0.00049108,0.024800001
,,,0.00049109,0.024000001
,,,0.0004911,0.023200001
,,,0.00049111,0.024800001
,,,0.00049112,0.022400001
,,,0.00049113,0.024000001
,,,0.00049114,0.024800001
,,,0.00049115,0.024000001
,,,0.00049116,0.024000001
,,,0.00049117,0.024800001
,,,0.00049118,0.024800001
,,,0.00049119,0.024000001
,,,0.0004912,0.022400001
,,,0.00049121,0.024000001
,,,0.00049122,0.023200001
,,,0.00049123,0.024800001
,,,0.00049124,0.024000001
,,,0.00049125,0.024000001
,,,0.00049126,0.024800001
,,,0.00049127,0.023200001
,,,0.00049128,0.024800001
,,,0.00049129,0.022400001
,,,0.0004913,0.024800001
,,,0.00049131,0.024000001
,,,0.00049132,0.024800001
,,,0.00049133,0.023200001
,,,0.00049134,0.024000001
,,,0.00049135,0.024000001
,,,0.00049136,0.024800001
,,,0.00049137,0.024000001
,,,0.00049138,0.024000001
,,,0.00049139,0.024000001
,,,0.0004914,0.024000001
,,,0.00049141,0.024000001
,,,0.00049142,0.025600002
,,,0.00049143,0.023200001
,,,0.00049144,0.024800001
,,,0.00049145,0.024800001
,,,0.00049146,0.025600002
,,,0.00049147,0.024000001
,,,0.00049148,0.023200001
,,,0.00049149,0.024800001
,,,0.0004915,0.024800001
,,,0.00049151,0.024000001
,,,0.00049152,0.024000001
,,,0.00049153,0.024000001
,,,0.00049154,0.024000001
,,,0.00049155,0.024000001
,,,0.00049156,0.024000001
,,,0.00049157,0.023200001
,,,0.00049158,0.027200002
,,,0.00049159,0.024000001
,,,0.0004916,0.023200001
,,,0.00049161,0.022400001
,,,0.00049162,0.024000001
,,,0.00049163,0.024000001
,,,0.00049164,0.024000001
,,,0.00049165,0.025600002
,,,0.00049166,0.024000001
,,,0.00049167,0.021600001
,,,0.00049168,0.024800001
,,,0.00049169,0.024000001
,,,0.0004917,0.023200001
,,,0.00049171,0.024800001
,,,0.00049172,0.023200001
,,,0.00049173,0.024000001
,,,0.00049174,0.024000001
,,,0.00049175,0.025600002
,,,0.00049176,0.024800001
,,,0.00049177,0.024000001
,,,0.00049178,0.023200001
,,,0.00049179,0.024800001
,,,0.0004918,0.025600002
,,,0.00049181,0.022400001
,,,0.00049182,0.023200001
,,,0.00049183,0.024800001
,,,0.00049184,0.021600001
,,,0.00049185,0.024000001
,,,0.00049186,0.024000001
,,,0.00049187,0.023200001
,,,0.00049188,0.024000001
,,,0.00049189,0.025600002
,,,0.0004919,0.024800001
,,,0.00049191,0.023200001
,,,0.00049192,0.024800001
,,,0.00049193,0.025600002
,,,0.00049194,0.022400001
,,,0.00049195,0.025600002
,,,0.00049196,0.024800001
,,,0.00049197,0.024000001
,,,0.00049198,0.024000001
,,,0.00049199,0.024000001
,,,0.000492,0.024000001
,,,0.00049201,0.021600001
,,,0.00049202,0.024000001
,,,0.00049203,0.024800001
,,,0.00049204,0.024000001
,,,0.00049205,0.023200001
,,,0.00049206,0.024800001
,,,0.00049207,0.024800001
,,,0.00049208,0.024800001
,,,0.00049209,0.024800001
,,,0.0004921,0.024000001
,,,0.00049211,0.023200001
,,,0.00049212,0.024800001
,,,0.00049213,0.024000001
,,,0.00049214,0.024000001
,,,0.00049215,0.025600002
,,,0.00049216,0.025600002
,,,0.00049217,0.024000001
,,,0.00049218,0.023200001
,,,0.00049219,0.024000001
,,,0.0004922,0.024800001
,,,0.00049221,0.023200001
,,,0.00049222,0.023200001
,,,0.00049223,0.024000001
,,,0.00049224,0.023200001
,,,0.00049225,0.024000001
,,,0.00049226,0.023200001
,,,0.00049227,0.024000001
,,,0.00049228,0.025600002
,,,0.00049229,0.024000001
,,,0.0004923,0.025600002
,,,0.00049231,0.023200001
,,,0.00049232,0.024000001
,,,0.00049233,0.024800001
,,,0.00049234,0.024000001
,,,0.00049235,0.024000001
,,,0.00049236,0.024000001
,,,0.00049237,0.024800001
,,,0.00049238,0.024000001
,,,0.00049239,0.024000001
,,,0.0004924,0.023200001
,,,0.00049241,0.024000001
,,,0.00049242,0.024000001
,,,0.00049243,0.025600002
,,,0.00049244,0.024000001
,,,0.00049245,0.024800001
,,,0.00049246,0.024000001
,,,0.00049247,0.024000001
,,,0.00049248,0.023200001
,,,0.00049249,0.023200001
,,,0.0004925,0.024000001
,,,0.00049251,0.024800001
,,,0.00049252,0.024800001
,,,0.00049253,0.024000001
,,,0.00049254,0.024000001
,,,0.00049255,0.023200001
,,,0.00049256,0.024000001
,,,0.00049257,0.024800001
,,,0.00049258,0.025600002
,,,0.00049259,0.024000001
,,,0.0004926,0.024000001
,,,0.00049261,0.024800001
,,,0.00049262,0.024000001
,,,0.00049263,0.024000001
,,,0.00049264,0.024000001
,,,0.00049265,0.024000001
,,,0.00049266,0.024800001
,,,0.00049267,0.024000001
,,,0.00049268,0.023200001
,,,0.00049269,0.023200001
,,,0.0004927,0.024800001
,,,0.00049271,0.024000001
,,,0.00049272,0.026400002
,,,0.00049273,0.023200001
,,,0.00049274,0.025600002
,,,0.00049275,0.025600002
,,,0.00049276,0.024000001
,,,0.00049277,0.024000001
,,,0.00049278,0.022400001
,,,0.00049279,0.024000001
,,,0.0004928,0.025600002
,,,0.00049281,0.024000001
,,,0.00049282,0.023200001
,,,0.00049283,0.025600002
,,,0.00049284,0.023200001
,,,0.00049285,0.024800001
,,,0.00049286,0.022400001
,,,0.00049287,0.021600001
,,,0.00049288,0.024000001
,,,0.00049289,0.022400001
,,,0.0004929,0.024800001
,,,0.00049291,0.024000001
,,,0.00049292,0.024000001
,,,0.00049293,0.024800001
,,,0.00049294,0.024800001
,,,0.00049295,0.023200001
,,,0.00049296,0.023200001
,,,0.00049297,0.024800001
,,,0.00049298,0.024800001
,,,0.00049299,0.024000001
,,,0.000493,0.024000001
,,,0.00049301,0.024000001
,,,0.00049302,0.022400001
,,,0.00049303,0.026400002
,,,0.00049304,0.024000001
,,,0.00049305,0.024800001
,,,0.00049306,0.024000001
,,,0.00049307,0.024800001
,,,0.00049308,0.023200001
,,,0.00049309,0.024800001
,,,0.0004931,0.024000001
,,,0.00049311,0.024800001
,,,0.00049312,0.025600002
,,,0.00049313,0.024000001
,,,0.00049314,0.025600002
,,,0.00049315,0.023200001
,,,0.00049316,0.024000001
,,,0.00049317,0.023200001
,,,0.00049318,0.024800001
,,,0.00049319,0.024800001
,,,0.0004932,0.024800001
,,,0.00049321,0.024800001
,,,0.00049322,0.024000001
,,,0.00049323,0.024000001
,,,0.00049324,0.024800001
,,,0.00049325,0.024000001
,,,0.00049326,0.023200001
,,,0.00049327,0.024000001
,,,0.00049328,0.024000001
,,,0.00049329,0.024000001
,,,0.0004933,0.023200001
,,,0.00049331,0.024000001
,,,0.00049332,0.024000001
,,,0.00049333,0.025600002
,,,0.00049334,0.024800001
,,,0.00049335,0.023200001
,,,0.00049336,0.024000001
,,,0.00049337,0.024000001
,,,0.00049338,0.024000001
,,,0.00049339,0.024000001
,,,0.0004934,0.024000001
,,,0.00049341,0.024000001
,,,0.00049342,0.024800001
,,,0.00049343,0.024000001
,,,0.00049344,0.024000001
,,,0.00049345,0.024800001
,,,0.00049346,0.024000001
,,,0.00049347,0.024800001
,,,0.00049348,0.024800001
,,,0.00049349,0.024800001
,,,0.0004935,0.024000001
,,,0.00049351,0.025600002
,,,0.00049352,0.023200001
,,,0.00049353,0.023200001
,,,0.00049354,0.024800001
,,,0.00049355,0.024800001
,,,0.00049356,0.024000001
,,,0.00049357,0.023200001
,,,0.00049358,0.025600002
,,,0.00049359,0.024000001
,,,0.0004936,0.026400002
,,,0.00049361,0.024000001
,,,0.00049362,0.024800001
,,,0.00049363,0.024000001
,,,0.00049364,0.024000001
,,,0.00049365,0.024800001
,,,0.00049366,0.024000001
,,,0.00049367,0.024000001
,,,0.00049368,0.024000001
,,,0.00049369,0.023200001
,,,0.0004937,0.024000001
,,,0.00049371,0.022400001
,,,0.00049372,0.023200001
,,,0.00049373,0.024800001
,,,0.00049374,0.024000001
,,,0.00049375,0.024000001
,,,0.00049376,0.024000001
,,,0.00049377,0.024000001
,,,0.00049378,0.024000001
,,,0.00049379,0.022400001
,,,0.0004938,0.024000001
,,,0.00049381,0.023200001
,,,0.00049382,0.024800001
,,,0.00049383,0.024000001
,,,0.00049384,0.025600002
,,,0.00049385,0.024800001
,,,0.00049386,0.024000001
,,,0.00049387,0.024000001
,,,0.00049388,0.024800001
,,,0.00049389,0.024800001
,,,0.0004939,0.024000001
,,,0.00049391,0.023200001
,,,0.00049392,0.023200001
,,,0.00049393,0.024800001
,,,0.00049394,0.024000001
,,,0.00049395,0.024000001
,,,0.00049396,0.024000001
,,,0.00049397,0.024800001
,,,0.00049398,0.024800001
,,,0.00049399,0.024000001
,,,0.000494,0.024800001
,,,0.00049401,0.024800001
,,,0.00049402,0.024800001
,,,0.00049403,0.024000001
,,,0.00049404,0.024000001
,,,0.00049405,0.023200001
,,,0.00049406,0.024800001
,,,0.00049407,0.024000001
,,,0.00049408,0.024000001
,,,0.00049409,0.024000001
,,,0.0004941,0.024000001
,,,0.00049411,0.022400001
,,,0.00049412,0.024000001
,,,0.00049413,0.024000001
,,,0.00049414,0.025600002
,,,0.00049415,0.024800001
,,,0.00049416,0.023200001
,,,0.00049417,0.023200001
,,,0.00049418,0.025600002
,,,0.00049419,0.024800001
,,,0.0004942,0.024000001
,,,0.00049421,0.024000001
,,,0.00049422,0.024000001
,,,0.00049423,0.023200001
,,,0.00049424,0.024000001
,,,0.00049425,0.025600002
,,,0.00049426,0.023200001
,,,0.00049427,0.024000001
,,,0.00049428,0.024000001
,,,0.00049429,0.024000001
,,,0.0004943,0.024000001
,,,0.00049431,0.025600002
,,,0.00049432,0.025600002
,,,0.00049433,0.024000001
,,,0.00049434,0.024000001
,,,0.00049435,0.024000001
,,,0.00049436,0.024000001
,,,0.00049437,0.022400001
,,,0.00049438,0.024000001
,,,0.00049439,0.024800001
,,,0.0004944,0.023200001
,,,0.00049441,0.024000001
,,,0.00049442,0.024800001
,,,0.00049443,0.024800001
,,,0.00049444,0.025600002
,,,0.00049445,0.023200001
,,,0.00049446,0.024000001
,,,0.00049447,0.024000001
,,,0.00049448,0.024000001
,,,0.00049449,0.024800001
,,,0.0004945,0.024000001
,,,0.00049451,0.025600002
,,,0.00049452,0.024000001
,,,0.00049453,0.024800001
,,,0.00049454,0.024800001
,,,0.00049455,0.024800001
,,,0.00049456,0.024800001
,,,0.00049457,0.024000001
,,,0.00049458,0.024000001
,,,0.00049459,0.023200001
,,,0.0004946,0.024000001
,,,0.00049461,0.024000001
,,,0.00049462,0.024000001
,,,0.00049463,0.024000001
,,,0.00049464,0.024000001
,,,0.00049465,0.024000001
,,,0.00049466,0.024800001
,,,0.00049467,0.024000001
,,,0.00049468,0.024800001
,,,0.00049469,0.023200001
,,,0.0004947,0.025600002
,,,0.00049471,0.024800001
,,,0.00049472,0.025600002
,,,0.00049473,0.024000001
,,,0.00049474,0.024000001
,,,0.00049475,0.024800001
,,,0.00049476,0.024000001
,,,0.00049477,0.024000001
,,,0.00049478,0.023200001
,,,0.00049479,0.024800001
,,,0.0004948,0.024000001
,,,0.00049481,0.024000001
,,,0.00049482,0.024000001
,,,0.00049483,0.024000001
,,,0.00049484,0.022400001
,,,0.00049485,0.024000001
,,,0.00049486,0.024000001
,,,0.00049487,0.023200001
,,,0.00049488,0.024000001
,,,0.00049489,0.025600002
,,,0.0004949,0.024000001
,,,0.00049491,0.024000001
,,,0.00049492,0.024000001
,,,0.00049493,0.024000001
,,,0.00049494,0.024000001
,,,0.00049495,0.024800001
,,,0.00049496,0.023200001
,,,0.00049497,0.023200001
,,,0.00049498,0.023200001
,,,0.00049499,0.024000001
,,,0.000495,0.024000001
,,,0.00049501,0.024800001
,,,0.00049502,0.024000001
,,,0.00049503,0.024800001
,,,0.00049504,0.025600002
,,,0.00049505,0.025600002
,,,0.00049506,0.020800001
,,,0.00049507,0.026400002
,,,0.00049508,0.024000001
,,,0.00049509,0.022400001
,,,0.0004951,0.024000001
,,,0.00049511,0.024800001
,,,0.00049512,0.025600002
,,,0.00049513,0.024800001
,,,0.00049514,0.022400001
,,,0.00049515,0.024000001
,,,0.00049516,0.024800001
,,,0.00049517,0.024800001
,,,0.00049518,0.024000001
,,,0.00049519,0.024000001
,,,0.0004952,0.023200001
,,,0.00049521,0.024000001
,,,0.00049522,0.024000001
,,,0.00049523,0.024000001
,,,0.00049524,0.024000001
,,,0.00049525,0.024000001
,,,0.00049526,0.024000001
,,,0.00049527,0.024000001
,,,0.00049528,0.024000001
,,,0.00049529,0.024000001
,,,0.0004953,0.024000001
,,,0.00049531,0.024800001
,,,0.00049532,0.024000001
,,,0.00049533,0.024000001
,,,0.00049534,0.024800001
,,,0.00049535,0.024800001
,,,0.00049536,0.024000001
,,,0.00049537,0.023200001
,,,0.00049538,0.026400002
,,,0.00049539,0.025600002
,,,0.0004954,0.024800001
,,,0.00049541,0.025600002
,,,0.00049542,0.024000001
,,,0.00049543,0.022400001
,,,0.00049544,0.024000001
,,,0.00049545,0.024000001
,,,0.00049546,0.024000001
,,,0.00049547,0.025600002
,,,0.00049548,0.024800001
,,,0.00049549,0.024000001
,,,0.0004955,0.024000001
,,,0.00049551,0.024800001
,,,0.00049552,0.024800001
,,,0.00049553,0.024000001
,,,0.00049554,0.025600002
,,,0.00049555,0.025600002
,,,0.00049556,0.026400002
,,,0.00049557,0.024000001
,,,0.00049558,0.024000001
,,,0.00049559,0.024800001
,,,0.0004956,0.023200001
,,,0.00049561,0.024800001
,,,0.00049562,0.025600002
,,,0.00049563,0.024000001
,,,0.00049564,0.025600002
,,,0.00049565,0.024800001
,,,0.00049566,0.024000001
,,,0.00049567,0.023200001
,,,0.00049568,0.024000001
,,,0.00049569,0.024800001
,,,0.0004957,0.024000001
,,,0.00049571,0.024800001
,,,0.00049572,0.024000001
,,,0.00049573,0.025600002
,,,0.00049574,0.024800001
,,,0.00049575,0.024800001
,,,0.00049576,0.024800001
,,,0.00049577,0.024000001
,,,0.00049578,0.024800001
,,,0.00049579,0.024000001
,,,0.0004958,0.025600002
,,,0.00049581,0.024800001
,,,0.00049582,0.025600002
,,,0.00049583,0.024800001
,,,0.00049584,0.024000001
,,,0.00049585,0.024800001
,,,0.00049586,0.024800001
,,,0.00049587,0.023200001
,,,0.00049588,0.024000001
,,,0.00049589,0.024800001
,,,0.0004959,0.024000001
,,,0.00049591,0.022400001
,,,0.00049592,0.023200001
,,,0.00049593,0.024000001
,,,0.00049594,0.025600002
,,,0.00049595,0.024800001
,,,0.00049596,0.024000001
,,,0.00049597,0.024800001
,,,0.00049598,0.023200001
,,,0.00049599,0.024000001
,,,0.000496,0.024000001
,,,0.00049601,0.024000001
,,,0.00049602,0.022400001
,,,0.00049603,0.024800001
,,,0.00049604,0.024000001
,,,0.00049605,0.023200001
,,,0.00049606,0.024000001
,,,0.00049607,0.024000001
,,,0.00049608,0.024000001
,,,0.00049609,0.025600002
,,,0.0004961,0.024000001
,,,0.00049611,0.026400002
,,,0.00049612,0.024000001
,,,0.00049613,0.023200001
,,,0.00049614,0.024000001
,,,0.00049615,0.024000001
,,,0.00049616,0.024000001
,,,0.00049617,0.024000001
,,,0.00049618,0.024000001
,,,0.00049619,0.022400001
,,,0.0004962,0.025600002
,,,0.00049621,0.024800001
,,,0.00049622,0.024800001
,,,0.00049623,0.024800001
,,,0.00049624,0.024000001
,,,0.00049625,0.024800001
,,,0.00049626,0.024800001
,,,0.00049627,0.023200001
,,,0.00049628,0.024000001
,,,0.00049629,0.024000001
,,,0.0004963,0.024000001
,,,0.00049631,0.023200001
,,,0.00049632,0.024800001
,,,0.00049633,0.025600002
,,,0.00049634,0.026400002
,,,0.00049635,0.024000001
,,,0.00049636,0.024800001
,,,0.00049637,0.024800001
,,,0.00049638,0.024000001
,,,0.00049639,0.024000001
,,,0.0004964,0.024800001
,,,0.00049641,0.024000001
,,,0.00049642,0.024000001
,,,0.00049643,0.025600002
,,,0.00049644,0.024000001
,,,0.00049645,0.024000001
,,,0.00049646,0.024000001
,,,0.00049647,0.024800001
,,,0.00049648,0.024800001
,,,0.00049649,0.024800001
,,,0.0004965,0.024800001
,,,0.00049651,0.024000001
,,,0.00049652,0.023200001
,,,0.00049653,0.024000001
,,,0.00049654,0.024800001
,,,0.00049655,0.024000001
,,,0.00049656,0.024000001
,,,0.00049657,0.024000001
,,,0.00049658,0.024000001
,,,0.00049659,0.023200001
,,,0.0004966,0.024800001
,,,0.00049661,0.024000001
,,,0.00049662,0.025600002
,,,0.00049663,0.024800001
,,,0.00049664,0.024800001
,,,0.00049665,0.024800001
,,,0.00049666,0.025600002
,,,0.00049667,0.024800001
,,,0.00049668,0.024800001
,,,0.00049669,0.024000001
,,,0.0004967,0.024800001
,,,0.00049671,0.024800001
,,,0.00049672,0.024000001
,,,0.00049673,0.023200001
,,,0.00049674,0.023200001
,,,0.00049675,0.021600001
,,,0.00049676,0.024000001
,,,0.00049677,0.024000001
,,,0.00049678,0.024800001
,,,0.00049679,0.024000001
,,,0.0004968,0.026400002
,,,0.00049681,0.024000001
,,,0.00049682,0.024000001
,,,0.00049683,0.024800001
,,,0.00049684,0.024000001
,,,0.00049685,0.024000001
,,,0.00049686,0.026400002
,,,0.00049687,0.024800001
,,,0.00049688,0.024800001
,,,0.00049689,0.023200001
,,,0.0004969,0.024800001
,,,0.00049691,0.024000001
,,,0.00049692,0.024800001
,,,0.00049693,0.022400001
,,,0.00049694,0.023200001
,,,0.00049695,0.024000001
,,,0.00049696,0.024000001
,,,0.00049697,0.024000001
,,,0.00049698,0.022400001
,,,0.00049699,0.023200001
,,,0.000497,0.025600002
,,,0.00049701,0.023200001
,,,0.00049702,0.024800001
,,,0.00049703,0.024000001
,,,0.00049704,0.023200001
,,,0.00049705,0.024000001
,,,0.00049706,0.024000001
,,,0.00049707,0.024000001
,,,0.00049708,0.023200001
,,,0.00049709,0.024800001
,,,0.0004971,0.024800001
,,,0.00049711,0.024800001
,,,0.00049712,0.024000001
,,,0.00049713,0.024800001
,,,0.00049714,0.024800001
,,,0.00049715,0.023200001
,,,0.00049716,0.024000001
,,,0.00049717,0.024000001
,,,0.00049718,0.024800001
,,,0.00049719,0.024000001
,,,0.0004972,0.025600002
,,,0.00049721,0.024800001
,,,0.00049722,0.025600002
,,,0.00049723,0.024000001
,,,0.00049724,0.024000001
,,,0.00049725,0.023200001
,,,0.00049726,0.024800001
,,,0.00049727,0.024000001
,,,0.00049728,0.024800001
,,,0.00049729,0.024000001
,,,0.0004973,0.024000001
,,,0.00049731,0.023200001
,,,0.00049732,0.025600002
,,,0.00049733,0.024000001
,,,0.00049734,0.024800001
,,,0.00049735,0.022400001
,,,0.00049736,0.024000001
,,,0.00049737,0.024000001
,,,0.00049738,0.024800001
,,,0.00049739,0.024000001
,,,0.0004974,0.024800001
,,,0.00049741,0.024800001
,,,0.00049742,0.024800001
,,,0.00049743,0.024000001
,,,0.00049744,0.023200001
,,,0.00049745,0.024800001
,,,0.00049746,0.024000001
,,,0.00049747,0.025600002
,,,0.00049748,0.024800001
,,,0.00049749,0.024800001
,,,0.0004975,0.024000001
,,,0.00049751,0.024800001
,,,0.00049752,0.024000001
,,,0.00049753,0.024000001
,,,0.00049754,0.024800001
,,,0.00049755,0.024000001
,,,0.00049756,0.024000001
,,,0.00049757,0.026400002
,,,0.00049758,0.024000001
,,,0.00049759,0.024000001
,,,0.0004976,0.025600002
,,,0.00049761,0.023200001
,,,0.00049762,0.022400001
,,,0.00049763,0.024800001
,,,0.00049764,0.024000001
,,,0.00049765,0.023200001
,,,0.00049766,0.024000001
,,,0.00049767,0.024000001
,,,0.00049768,0.025600002
,,,0.00049769,0.024000001
,,,0.0004977,0.023200001
,,,0.00049771,0.024000001
,,,0.00049772,0.023200001
,,,0.00049773,0.024000001
,,,0.00049774,0.023200001
,,,0.00049775,0.023200001
,,,0.00049776,0.024000001
,,,0.00049777,0.024000001
,,,0.00049778,0.026400002
,,,0.00049779,0.024000001
,,,0.0004978,0.024800001
,,,0.00049781,0.024000001
,,,0.00049782,0.024800001
,,,0.00049783,0.022400001
,,,0.00049784,0.025600002
,,,0.00049785,0.024800001
,,,0.00049786,0.024000001
,,,0.00049787,0.024000001
,,,0.00049788,0.023200001
,,,0.00049789,0.023200001
,,,0.0004979,0.024000001
,,,0.00049791,0.024000001
,,,0.00049792,0.024000001
,,,0.00049793,0.024800001
,,,0.00049794,0.024000001
,,,0.00049795,0.022400001
,,,0.00049796,0.024000001
,,,0.00049797,0.025600002
,,,0.00049798,0.024800001
,,,0.00049799,0.024000001
,,,0.000498,0.024000001
,,,0.00049801,0.023200001
,,,0.00049802,0.024000001
,,,0.00049803,0.022400001
,,,0.00049804,0.024800001
,,,0.00049805,0.024800001
,,,0.00049806,0.024000001
,,,0.00049807,0.024000001
,,,0.00049808,0.022400001
,,,0.00049809,0.024800001
,,,0.0004981,0.023200001
,,,0.00049811,0.026400002
,,,0.00049812,0.024800001
,,,0.00049813,0.024000001
,,,0.00049814,0.024000001
,,,0.00049815,0.024000001
,,,0.00049816,0.024800001
,,,0.00049817,0.024000001
,,,0.00049818,0.024800001
,,,0.00049819,0.024000001
,,,0.0004982,0.024800001
,,,0.00049821,0.024000001
,,,0.00049822,0.024800001
,,,0.00049823,0.024800001
,,,0.00049824,0.022400001
,,,0.00049825,0.025600002
,,,0.00049826,0.025600002
,,,0.00049827,0.024000001
,,,0.00049828,0.025600002
,,,0.00049829,0.024000001
,,,0.0004983,0.026400002
,,,0.00049831,0.024000001
,,,0.00049832,0.024000001
,,,0.00049833,0.025600002
,,,0.00049834,0.024000001
,,,0.00049835,0.023200001
,,,0.00049836,0.024000001
,,,0.00049837,0.024000001
,,,0.00049838,0.025600002
,,,0.00049839,0.024800001
,,,0.0004984,0.024000001
,,,0.00049841,0.023200001
,,,0.00049842,0.024800001
,,,0.00049843,0.023200001
,,,0.00049844,0.025600002
,,,0.00049845,0.024000001
,,,0.00049846,0.024800001
,,,0.00049847,0.023200001
,,,0.00049848,0.026400002
,,,0.00049849,0.024000001
,,,0.0004985,0.024800001
,,,0.00049851,0.024800001
,,,0.00049852,0.024800001
,,,0.00049853,0.024000001
,,,0.00049854,0.023200001
,,,0.00049855,0.024800001
,,,0.00049856,0.024000001
,,,0.00049857,0.023200001
,,,0.00049858,0.024000001
,,,0.00049859,0.024800001
,,,0.0004986,0.026400002
,,,0.00049861,0.024000001
,,,0.00049862,0.024000001
,,,0.00049863,0.023200001
,,,0.00049864,0.024000001
,,,0.00049865,0.024000001
,,,0.00049866,0.024000001
,,,0.00049867,0.025600002
,,,0.00049868,0.024000001
,,,0.00049869,0.023200001
,,,0.0004987,0.024000001
,,,0.00049871,0.023200001
,,,0.00049872,0.023200001
,,,0.00049873,0.024000001
,,,0.00049874,0.024000001
,,,0.00049875,0.023200001
,,,0.00049876,0.025600002
,,,0.00049877,0.024000001
,,,0.00049878,0.024000001
,,,0.00049879,0.024000001
,,,0.0004988,0.024000001
,,,0.00049881,0.024800001
,,,0.00049882,0.024000001
,,,0.00049883,0.023200001
,,,0.00049884,0.025600002
,,,0.00049885,0.025600002
,,,0.00049886,0.024800001
,,,0.00049887,0.024000001
,,,0.00049888,0.024000001
,,,0.00049889,0.024000001
,,,0.0004989,0.024000001
,,,0.00049891,0.024000001
,,,0.00049892,0.024000001
,,,0.00049893,0.023200001
,,,0.00049894,0.024800001
,,,0.00049895,0.024000001
,,,0.00049896,0.023200001
,,,0.00049897,0.023200001
,,,0.00049898,0.023200001
,,,0.00049899,0.025600002
,,,0.000499,0.024000001
,,,0.00049901,0.024000001
,,,0.00049902,0.024000001
,,,0.00049903,0.024800001
,,,0.00049904,0.024800001
,,,0.00049905,0.023200001
,,,0.00049906,0.024000001
,,,0.00049907,0.024000001
,,,0.00049908,0.024000001
,,,0.00049909,0.024800001
,,,0.0004991,0.025600002
,,,0.00049911,0.023200001
,,,0.00049912,0.024800001
,,,0.00049913,0.023200001
,,,0.00049914,0.026400002
,,,0.00049915,0.026400002
,,,0.00049916,0.025600002
,,,0.00049917,0.024800001
,,,0.00049918,0.025600002
,,,0.00049919,0.024000001
,,,0.0004992,0.023200001
,,,0.00049921,0.024800001
,,,0.00049922,0.023200001
,,,0.00049923,0.024000001
,,,0.00049924,0.024000001
,,,0.00049925,0.024000001
,,,0.00049926,0.024000001
,,,0.00049927,0.024000001
,,,0.00049928,0.024000001
,,,0.00049929,0.024000001
,,,0.0004993,0.024000001
,,,0.00049931,0.023200001
,,,0.00049932,0.023200001
,,,0.00049933,0.023200001
,,,0.00049934,0.024000001
,,,0.00049935,0.024000001
,,,0.00049936,0.024000001
,,,0.00049937,0.025600002
,,,0.00049938,0.024000001
,,,0.00049939,0.025600002
,,,0.0004994,0.024800001
,,,0.00049941,0.024000001
,,,0.00049942,0.024000001
,,,0.00049943,0.024000001
,,,0.00049944,0.024000001
,,,0.00049945,0.024000001
,,,0.00049946,0.024000001
,,,0.00049947,0.024800001
,,,0.00049948,0.024000001
,,,0.00049949,0.024000001
,,,0.0004995,0.024800001
,,,0.00049951,0.025600002
,,,0.00049952,0.025600002
,,,0.00049953,0.023200001
,,,0.00049954,0.024000001
,,,0.00049955,0.021600001
,,,0.00049956,0.024000001
,,,0.00049957,0.024000001
,,,0.00049958,0.024800001
,,,0.00049959,0.024800001
,,,0.0004996,0.024800001
,,,0.00049961,0.024000001
,,,0.00049962,0.024800001
,,,0.00049963,0.023200001
,,,0.00049964,0.024800001
,,,0.00049965,0.025600002
,,,0.00049966,0.024000001
,,,0.00049967,0.024000001
,,,0.00049968,0.024800001
,,,0.00049969,0.024000001
,,,0.0004997,0.024000001
,,,0.00049971,0.024800001
,,,0.00049972,0.024800001
,,,0.00049973,0.024800001
,,,0.00049974,0.024000001
,,,0.00049975,0.024000001
,,,0.00049976,0.024000001
,,,0.00049977,0.024000001
,,,0.00049978,0.024000001
,,,0.00049979,0.025600002
,,,0.0004998,0.024800001
,,,0.00049981,0.024000001
,,,0.00049982,0.024000001
,,,0.00049983,0.024800001
,,,0.00049984,0.023200001
,,,0.00049985,0.024000001
,,,0.00049986,0.022400001
,,,0.00049987,0.023200001
,,,0.00049988,0.024800001
,,,0.00049989,0.023200001
,,,0.0004999,0.024800001
,,,0.00049991,0.024000001
,,,0.00049992,0.024000001
,,,0.00049993,0.024800001
,,,0.00049994,0.025600002
,,,0.00049995,0.024000001
,,,0.00049996,0.025600002
,,,0.00049997,0.024800001
,,,0.00049998,0.027200002
,,,0.00049999,0.024800001
